{"loss": 2.6893086433410645, "class_log_probabilities": [-1.8083664178848267, -3.0356333255767822, -3.239694595336914, -4.8161396980285645], "predictions": [23, 10, 70, 71, 401, 402, 403, 72, 73, 11, 26, 4, 4, 4], "target_tokens": ["[IN:SEND_MESSAGE", "[SL:RECIPIENT", "[IN:GET_CONTACT", "[SL:CONTACT_RELATED", "@ptr7", "@ptr8", "SL:CONTACT_RELATED]", "[SL:TYPE_RELATION", "@ptr5", "@ptr6", "SL:TYPE_RELATION]", "IN:GET_CONTACT]", "SL:RECIPIENT]", "IN:SEND_MESSAGE]"], "predicted_tokens": ["[IN:SEND_MESSAGE", "[SL:RECIPIENT", "[IN:GET_CONTACT", "[SL:TYPE_RELATION", "@ptr6", "@ptr7", "@ptr8", "SL:TYPE_RELATION]", "IN:GET_CONTACT]", "SL:RECIPIENT]", "IN:SEND_MESSAGE]"]}
{"loss": 2.6977415084838867, "class_log_probabilities": [-1.953364610671997, -3.0025293827056885, -3.4911949634552, -6.407022476196289], "predictions": [23, 10, 399, 11, 10, 401, 11, 10, 403, 11, 26, 4, 4, 4, 4, 4, 4, 4], "target_tokens": ["[IN:SEND_MESSAGE", "[SL:RECIPIENT", "@ptr3", "SL:RECIPIENT]", "[SL:RECIPIENT", "@ptr5", "SL:RECIPIENT]", "[SL:RECIPIENT", "@ptr7", "SL:RECIPIENT]", "[SL:CONTENT_EXACT", "@ptr11", "@ptr12", "@ptr13", "SL:CONTENT_EXACT]", "IN:SEND_MESSAGE]"], "predicted_tokens": ["[IN:SEND_MESSAGE", "[SL:RECIPIENT", "@ptr4", "SL:RECIPIENT]", "[SL:RECIPIENT", "@ptr6", "SL:RECIPIENT]", "[SL:RECIPIENT", "@ptr8", "SL:RECIPIENT]", "IN:SEND_MESSAGE]"]}
{"loss": 1.9246938228607178, "class_log_probabilities": [-1.0497475862503052, -3.6143484115600586, -3.810575485229492, -4.0743184089660645], "predictions": [23, 10, 70, 71, 400, 72, 73, 11, 26, 4, 4, 4, 4], "target_tokens": ["[IN:SEND_MESSAGE", "[SL:RECIPIENT", "[IN:GET_CONTACT", "[SL:CONTACT_RELATED", "@ptr5", "@ptr6", "SL:CONTACT_RELATED]", "[SL:TYPE_RELATION", "@ptr4", "SL:TYPE_RELATION]", "IN:GET_CONTACT]", "SL:RECIPIENT]", "IN:SEND_MESSAGE]"], "predicted_tokens": ["[IN:SEND_MESSAGE", "[SL:RECIPIENT", "[IN:GET_CONTACT", "[SL:TYPE_RELATION", "@ptr5", "SL:TYPE_RELATION]", "IN:GET_CONTACT]", "SL:RECIPIENT]", "IN:SEND_MESSAGE]"]}
{"loss": 2.7693898677825928, "class_log_probabilities": [-25.812942504882812, -25.832971572875977, -26.147748947143555, -26.304689407348633], "predictions": [23, 10, 402, 11, 10, 402, 11, 10, 402, 11, 10, 402, 11, 10, 402, 11, 10, 402, 11, 10, 402, 11, 10, 402, 11, 10, 402, 11, 10, 402, 11, 10, 402, 11, 10, 402, 11, 10, 402, 11, 10, 402, 11, 10, 402, 11, 10, 402, 11, 10, 402, 11, 10, 402, 11, 10, 402, 11, 10, 402, 11, 10, 402, 11, 10, 402, 11, 10, 402, 11, 10, 402, 11, 10, 402, 11, 10, 402, 11, 10, 402, 11, 10, 402, 11, 10, 402, 11, 10, 402, 11, 10, 402, 11, 10, 402, 11, 10, 402, 11], "target_tokens": ["[IN:SEND_MESSAGE", "[SL:TYPE_CONTENT", "@ptr2", "SL:TYPE_CONTENT]", "[SL:RECIPIENT", "@ptr6", "SL:RECIPIENT]", "[SL:RECIPIENT", "@ptr8", "SL:RECIPIENT]", "[SL:RECIPIENT", "@ptr10", "SL:RECIPIENT]", "IN:SEND_MESSAGE]"], "predicted_tokens": ["[IN:SEND_MESSAGE", "[SL:RECIPIENT", "@ptr7", "SL:RECIPIENT]", "[SL:RECIPIENT", "@ptr7", "SL:RECIPIENT]", "[SL:RECIPIENT", "@ptr7", "SL:RECIPIENT]", "[SL:RECIPIENT", "@ptr7", "SL:RECIPIENT]", "[SL:RECIPIENT", "@ptr7", "SL:RECIPIENT]", "[SL:RECIPIENT", "@ptr7", "SL:RECIPIENT]", "[SL:RECIPIENT", "@ptr7", "SL:RECIPIENT]", "[SL:RECIPIENT", "@ptr7", "SL:RECIPIENT]", "[SL:RECIPIENT", "@ptr7", "SL:RECIPIENT]", "[SL:RECIPIENT", "@ptr7", "SL:RECIPIENT]", "[SL:RECIPIENT", "@ptr7", "SL:RECIPIENT]", "[SL:RECIPIENT", "@ptr7", "SL:RECIPIENT]", "[SL:RECIPIENT", "@ptr7", "SL:RECIPIENT]", "[SL:RECIPIENT", "@ptr7", "SL:RECIPIENT]", "[SL:RECIPIENT", "@ptr7", "SL:RECIPIENT]", "[SL:RECIPIENT", "@ptr7", "SL:RECIPIENT]", "[SL:RECIPIENT", "@ptr7", "SL:RECIPIENT]", "[SL:RECIPIENT", "@ptr7", "SL:RECIPIENT]", "[SL:RECIPIENT", "@ptr7", "SL:RECIPIENT]", "[SL:RECIPIENT", "@ptr7", "SL:RECIPIENT]", "[SL:RECIPIENT", "@ptr7", "SL:RECIPIENT]", "[SL:RECIPIENT", "@ptr7", "SL:RECIPIENT]", "[SL:RECIPIENT", "@ptr7", "SL:RECIPIENT]", "[SL:RECIPIENT", "@ptr7", "SL:RECIPIENT]", "[SL:RECIPIENT", "@ptr7", "SL:RECIPIENT]", "[SL:RECIPIENT", "@ptr7", "SL:RECIPIENT]", "[SL:RECIPIENT", "@ptr7", "SL:RECIPIENT]", "[SL:RECIPIENT", "@ptr7", "SL:RECIPIENT]", "[SL:RECIPIENT", "@ptr7", "SL:RECIPIENT]", "[SL:RECIPIENT", "@ptr7", "SL:RECIPIENT]", "[SL:RECIPIENT", "@ptr7", "SL:RECIPIENT]", "[SL:RECIPIENT", "@ptr7", "SL:RECIPIENT]", "[SL:RECIPIENT", "@ptr7", "SL:RECIPIENT]"]}
{"loss": 2.4677908420562744, "class_log_probabilities": [-3.497729778289795, -4.003869533538818, -4.121555328369141, -5.55556058883667], "predictions": [23, 10, 401, 11, 10, 401, 11, 10, 404, 11, 26, 4, 4, 4, 4, 4, 4], "target_tokens": ["[IN:SEND_MESSAGE", "[SL:TYPE_CONTENT", "@ptr3", "SL:TYPE_CONTENT]", "[SL:RECIPIENT", "@ptr6", "SL:RECIPIENT]", "[SL:RECIPIENT", "@ptr8", "SL:RECIPIENT]", "[SL:RECIPIENT", "@ptr10", "@ptr11", "SL:RECIPIENT]", "IN:SEND_MESSAGE]"], "predicted_tokens": ["[IN:SEND_MESSAGE", "[SL:RECIPIENT", "@ptr6", "SL:RECIPIENT]", "[SL:RECIPIENT", "@ptr6", "SL:RECIPIENT]", "[SL:RECIPIENT", "@ptr9", "SL:RECIPIENT]", "IN:SEND_MESSAGE]"]}
{"loss": 2.69870662689209, "class_log_probabilities": [-2.2732036113739014, -2.7453455924987793, -3.7647786140441895, -4.232901096343994], "predictions": [23, 10, 401, 402, 11, 10, 404, 406, 11, 26, 4, 4, 4, 4], "target_tokens": ["[IN:SEND_MESSAGE", "[SL:RECIPIENT", "@ptr5", "@ptr6", "SL:RECIPIENT]", "[SL:RECIPIENT", "@ptr8", "@ptr9", "SL:RECIPIENT]", "IN:SEND_MESSAGE]"], "predicted_tokens": ["[IN:SEND_MESSAGE", "[SL:RECIPIENT", "@ptr6", "@ptr7", "SL:RECIPIENT]", "[SL:RECIPIENT", "@ptr9", "@ptr11", "SL:RECIPIENT]", "IN:SEND_MESSAGE]"]}
{"loss": 1.9410253763198853, "class_log_probabilities": [-3.1151986122131348, -4.129930019378662, -4.51707649230957, -5.248653411865234], "predictions": [23, 269, 400, 401, 402, 404, 405, 25, 26, 4, 4], "target_tokens": ["[IN:SEND_MESSAGE", "[SL:GROUP", "@ptr5", "@ptr6", "@ptr7", "@ptr8", "@ptr9", "SL:GROUP]", "IN:SEND_MESSAGE]"], "predicted_tokens": ["[IN:SEND_MESSAGE", "[SL:GROUP", "@ptr5", "@ptr6", "@ptr7", "@ptr9", "@ptr10", "SL:CONTENT_EXACT]", "IN:SEND_MESSAGE]"]}
{"loss": 2.2900381088256836, "class_log_probabilities": [-1.23524010181427, -3.7412495613098145, -3.9488346576690674, -4.099189281463623], "predictions": [23, 10, 398, 399, 400, 401, 402, 11, 26, 4], "target_tokens": ["[IN:SEND_MESSAGE", "[SL:GROUP", "@ptr3", "@ptr4", "@ptr5", "@ptr6", "SL:GROUP]", "IN:SEND_MESSAGE]"], "predicted_tokens": ["[IN:SEND_MESSAGE", "[SL:RECIPIENT", "@ptr3", "@ptr4", "@ptr5", "@ptr6", "@ptr7", "SL:RECIPIENT]", "IN:SEND_MESSAGE]"]}
{"loss": 1.5201935768127441, "class_log_probabilities": [-2.620591640472412, -3.237086296081543, -3.491396427154541, -4.773558616638184], "predictions": [5, 269, 396, 397, 398, 11, 12, 4, 4, 4, 4], "target_tokens": ["[IN:GET_MESSAGE", "[SL:GROUP", "@ptr1", "@ptr2", "@ptr3", "SL:GROUP]", "[SL:RECIPIENT", "@ptr8", "SL:RECIPIENT]", "IN:GET_MESSAGE]"], "predicted_tokens": ["[IN:GET_MESSAGE", "[SL:GROUP", "@ptr1", "@ptr2", "@ptr3", "SL:RECIPIENT]", "IN:GET_MESSAGE]"]}
{"loss": 5.3729095458984375, "class_log_probabilities": [-3.494387149810791, -6.798796653747559, -6.828060626983643, -13.985984802246094], "predictions": [23, 10, 70, 71, 403, 72, 73, 11, 26, 4, 4, 4, 4, 4, 4, 4, 4, 4, 4, 4, 4], "target_tokens": ["[IN:SEND_MESSAGE", "[SL:GROUP", "@ptr7", "@ptr8", "@ptr9", "@ptr10", "@ptr11", "@ptr12", "@ptr13", "SL:GROUP]", "IN:SEND_MESSAGE]"], "predicted_tokens": ["[IN:SEND_MESSAGE", "[SL:RECIPIENT", "[IN:GET_CONTACT", "[SL:TYPE_RELATION", "@ptr8", "SL:TYPE_RELATION]", "IN:GET_CONTACT]", "SL:RECIPIENT]", "IN:SEND_MESSAGE]"]}
{"loss": 1.2640568017959595, "class_log_probabilities": [-1.7883111238479614, -2.7893528938293457, -3.2567951679229736, -3.372257709503174], "predictions": [5, 59, 401, 60, 12, 4], "target_tokens": ["[IN:GET_MESSAGE", "[SL:SENDER", "@ptr5", "SL:SENDER]", "IN:GET_MESSAGE]"], "predicted_tokens": ["[IN:GET_MESSAGE", "[SL:SENDER", "@ptr6", "SL:SENDER]", "IN:GET_MESSAGE]"]}
{"loss": 3.2252233028411865, "class_log_probabilities": [-0.924426794052124, -2.3936405181884766, -6.192294597625732, -6.196955680847168], "predictions": [23, 76, 398, 77, 10, 400, 11, 26, 4, 4], "target_tokens": ["[IN:SEND_MESSAGE", "[SL:CONTACT", "@ptr5", "SL:CONTACT]", "[SL:NAME_APP", "@ptr3", "SL:NAME_APP]", "IN:SEND_MESSAGE]"], "predicted_tokens": ["[IN:SEND_MESSAGE", "[SL:NAME_APP", "@ptr3", "SL:NAME_APP]", "[SL:RECIPIENT", "@ptr5", "SL:RECIPIENT]", "IN:SEND_MESSAGE]"]}
{"loss": 0.9741783142089844, "class_log_probabilities": [-0.449703574180603, -6.564733505249023, -6.642672538757324, -7.101188659667969], "predictions": [23, 76, 397, 77, 26, 4], "target_tokens": ["[IN:SEND_MESSAGE", "[SL:NAME_APP", "@ptr2", "SL:NAME_APP]", "IN:SEND_MESSAGE]"], "predicted_tokens": ["[IN:SEND_MESSAGE", "[SL:NAME_APP", "@ptr2", "SL:NAME_APP]", "IN:SEND_MESSAGE]"]}
{"loss": 1.974630355834961, "class_log_probabilities": [-2.0098681449890137, -2.0342354774475098, -3.4481101036071777, -4.609514236450195], "predictions": [23, 10, 405, 11, 76, 407, 77, 26, 4, 4, 4, 4], "target_tokens": ["[IN:SEND_MESSAGE", "[SL:RECIPIENT", "@ptr8", "SL:RECIPIENT]", "[SL:NAME_APP", "@ptr10", "SL:NAME_APP]", "IN:SEND_MESSAGE]"], "predicted_tokens": ["[IN:SEND_MESSAGE", "[SL:RECIPIENT", "@ptr10", "SL:RECIPIENT]", "[SL:NAME_APP", "@ptr12", "SL:NAME_APP]", "IN:SEND_MESSAGE]"]}
{"loss": 2.1884400844573975, "class_log_probabilities": [-1.7673962116241455, -1.8465616703033447, -4.183145523071289, -4.36879301071167], "predictions": [5, 10, 399, 11, 76, 402, 77, 12, 4], "target_tokens": ["[IN:GET_MESSAGE", "[SL:RECIPIENT", "@ptr3", "SL:RECIPIENT]", "[SL:NAME_APP", "@ptr6", "SL:NAME_APP]", "IN:GET_MESSAGE]"], "predicted_tokens": ["[IN:GET_MESSAGE", "[SL:RECIPIENT", "@ptr4", "SL:RECIPIENT]", "[SL:NAME_APP", "@ptr7", "SL:NAME_APP]", "IN:GET_MESSAGE]"]}
{"loss": 0.9603826403617859, "class_log_probabilities": [-0.41292494535446167, -7.302347183227539, -7.415711402893066, -7.560507297515869], "predictions": [75, 6, 397, 7, 78, 4, 4, 4], "target_tokens": ["[IN:CREATE_CALL", "[SL:CONTACT", "@ptr2", "SL:CONTACT]", "IN:CREATE_CALL]"], "predicted_tokens": ["[IN:CREATE_CALL", "[SL:CONTACT", "@ptr2", "SL:CONTACT]", "IN:CREATE_CALL]"]}
{"loss": 2.1996829509735107, "class_log_probabilities": [-1.1502197980880737, -3.8128252029418945, -5.022891998291016, -5.826162338256836], "predictions": [75, 231, 401, 402, 403, 232, 78, 4, 4], "target_tokens": ["[IN:CREATE_CALL", "[SL:PHONE_NUMBER", "@ptr5", "@ptr6", "@ptr7", "SL:PHONE_NUMBER]", "IN:CREATE_CALL]"], "predicted_tokens": ["[IN:CREATE_CALL", "[SL:PHONE_NUMBER", "@ptr6", "@ptr7", "@ptr8", "SL:PHONE_NUMBER]", "IN:CREATE_CALL]"]}
{"loss": 0.9610435366630554, "class_log_probabilities": [-0.5067662000656128, -4.0546345710754395, -7.289241313934326, -8.228094100952148], "predictions": [75, 6, 397, 398, 7, 78, 4, 4, 4, 4], "target_tokens": ["[IN:CREATE_CALL", "[SL:CONTACT", "@ptr2", "@ptr3", "SL:CONTACT]", "IN:CREATE_CALL]"], "predicted_tokens": ["[IN:CREATE_CALL", "[SL:CONTACT", "@ptr2", "@ptr3", "SL:CONTACT]", "IN:CREATE_CALL]"]}
{"loss": 0.9855193495750427, "class_log_probabilities": [-0.648543119430542, -2.382145643234253, -5.272356033325195, -7.157026767730713], "predictions": [75, 6, 399, 7, 78, 4, 4, 4], "target_tokens": ["[IN:CREATE_CALL", "[SL:CONTACT", "@ptr4", "SL:CONTACT]", "IN:CREATE_CALL]"], "predicted_tokens": ["[IN:CREATE_CALL", "[SL:CONTACT", "@ptr4", "SL:CONTACT]", "IN:CREATE_CALL]"]}
{"loss": 1.0842406749725342, "class_log_probabilities": [-2.4474966526031494, -2.8807857036590576, -4.474501132965088, -4.853724479675293], "predictions": [75, 6, 400, 401, 7, 6, 403, 404, 7, 6, 406, 7, 78, 4, 4, 4, 4, 4, 4], "target_tokens": ["[IN:CREATE_CALL", "[SL:CONTACT", "@ptr5", "@ptr6", "SL:CONTACT]", "[SL:CONTACT", "@ptr8", "@ptr9", "SL:CONTACT]", "[SL:CONTACT", "@ptr11", "@ptr12", "SL:CONTACT]", "IN:CREATE_CALL]"], "predicted_tokens": ["[IN:CREATE_CALL", "[SL:CONTACT", "@ptr5", "@ptr6", "SL:CONTACT]", "[SL:CONTACT", "@ptr8", "@ptr9", "SL:CONTACT]", "[SL:CONTACT", "@ptr11", "SL:CONTACT]", "IN:CREATE_CALL]"]}
{"loss": 3.139148712158203, "class_log_probabilities": [-0.8329675197601318, -3.1214945316314697, -4.654928207397461, -5.975599765777588], "predictions": [75, 6, 401, 402, 403, 404, 405, 7, 78, 4, 4], "target_tokens": ["[IN:CREATE_CALL", "[SL:GROUP", "@ptr5", "@ptr6", "@ptr7", "@ptr8", "SL:GROUP]", "IN:CREATE_CALL]"], "predicted_tokens": ["[IN:CREATE_CALL", "[SL:CONTACT", "@ptr6", "@ptr7", "@ptr8", "@ptr9", "@ptr10", "SL:CONTACT]", "IN:CREATE_CALL]"]}
{"loss": 6.68408727645874, "class_log_probabilities": [-2.0957555770874023, -4.218979835510254, -5.535545349121094, -6.331027507781982], "predictions": [63, 66, 395, 396, 397, 398, 399, 400, 401, 402, 67, 68, 4, 4, 4, 4], "target_tokens": ["[IN:CREATE_CALL", "[SL:GROUP", "@ptr7", "SL:GROUP]", "IN:CREATE_CALL]"], "predicted_tokens": ["[IN:PLAY_MUSIC", "[SL:MUSIC_ARTIST_NAME", "@ptr0", "@ptr1", "@ptr2", "@ptr3", "@ptr4", "@ptr5", "@ptr6", "@ptr7", "SL:MUSIC_ARTIST_NAME]", "IN:PLAY_MUSIC]"]}
{"loss": 1.5709315538406372, "class_log_probabilities": [-2.4949491024017334, -2.9686267375946045, -3.270714521408081, -3.8167648315429688], "predictions": [95, 20, 401, 21, 96, 4], "target_tokens": ["[IN:SET_RSVP_NO", "[SL:ORDINAL", "@ptr5", "@ptr6", "SL:ORDINAL]", "IN:SET_RSVP_NO]"], "predicted_tokens": ["[IN:IGNORE_CALL", "[SL:ORDINAL", "@ptr6", "SL:ORDINAL]", "IN:IGNORE_CALL]"]}
{"loss": 1.873152732849121, "class_log_probabilities": [-1.720958948135376, -4.34055233001709, -5.470951080322266, -5.714575290679932], "predictions": [155, 156, 397, 398, 157, 158, 4], "target_tokens": ["[IN:SET_RSVP_YES", "[SL:TITLE_EVENT", "@ptr2", "@ptr3", "@ptr4", "SL:TITLE_EVENT]", "IN:SET_RSVP_YES]"], "predicted_tokens": ["[IN:SET_RSVP_YES", "[SL:TITLE_EVENT", "@ptr2", "@ptr3", "SL:TITLE_EVENT]", "IN:SET_RSVP_YES]"]}
{"loss": 1.1398979425430298, "class_log_probabilities": [-1.7472681999206543, -1.9129657745361328, -3.247074604034424, -3.262338399887085], "predictions": [327, 10, 400, 11, 328, 4], "target_tokens": ["[IN:CANCEL_MESSAGE", "[SL:RECIPIENT", "@ptr5", "SL:RECIPIENT]", "IN:CANCEL_MESSAGE]"], "predicted_tokens": ["[IN:CANCEL_MESSAGE", "[SL:RECIPIENT", "@ptr5", "SL:RECIPIENT]", "IN:CANCEL_MESSAGE]"]}
{"loss": 1.2411631345748901, "class_log_probabilities": [-1.2807327508926392, -2.6095049381256104, -3.5960845947265625, -4.661369800567627], "predictions": [5, 6, 395, 396, 7, 10, 401, 11, 12, 4], "target_tokens": ["[IN:GET_MESSAGE", "[SL:CONTACT", "@ptr0", "@ptr1", "SL:CONTACT]", "[SL:RECIPIENT", "@ptr5", "SL:RECIPIENT]", "IN:GET_MESSAGE]"], "predicted_tokens": ["[IN:GET_MESSAGE", "[SL:CONTACT", "@ptr0", "@ptr1", "SL:CONTACT]", "[SL:RECIPIENT", "@ptr6", "SL:RECIPIENT]", "IN:GET_MESSAGE]"]}
{"loss": 3.6302173137664795, "class_log_probabilities": [-0.8803377747535706, -3.4622607231140137, -5.269489288330078, -5.593392372131348], "predictions": [89, 90, 399, 91, 16, 400, 401, 17, 92, 4, 4], "target_tokens": ["[IN:CREATE_TIMER", "[SL:METHOD_TIMER", "@ptr1", "@ptr2", "@ptr3", "SL:METHOD_TIMER]", "[SL:DATE_TIME", "@ptr4", "@ptr5", "SL:DATE_TIME]", "IN:CREATE_TIMER]"], "predicted_tokens": ["[IN:CREATE_TIMER", "[SL:METHOD_TIMER", "@ptr4", "SL:METHOD_TIMER]", "[SL:DATE_TIME", "@ptr5", "@ptr6", "SL:DATE_TIME]", "IN:CREATE_TIMER]"]}
{"loss": 4.803205966949463, "class_log_probabilities": [-1.5799510478973389, -2.3997108936309814, -3.293194532394409, -3.459564685821533], "predictions": [89, 90, 399, 91, 16, 401, 402, 403, 17, 92, 4, 4], "target_tokens": ["[IN:CREATE_TIMER", "[SL:METHOD_TIMER", "@ptr1", "@ptr2", "@ptr3", "SL:METHOD_TIMER]", "[SL:DATE_TIME", "@ptr4", "@ptr5", "@ptr6", "@ptr7", "SL:DATE_TIME]", "[SL:AMOUNT", "@ptr10", "@ptr11", "SL:AMOUNT]", "[SL:DATE_TIME", "@ptr12", "@ptr13", "@ptr14", "SL:DATE_TIME]", "IN:CREATE_TIMER]"], "predicted_tokens": ["[IN:CREATE_TIMER", "[SL:METHOD_TIMER", "@ptr4", "SL:METHOD_TIMER]", "[SL:DATE_TIME", "@ptr6", "@ptr7", "@ptr8", "SL:DATE_TIME]", "IN:CREATE_TIMER]"]}
{"loss": 2.052504062652588, "class_log_probabilities": [-1.4343963861465454, -3.14839506149292, -4.497106075286865, -4.923789978027344], "predictions": [75, 6, 70, 71, 398, 72, 6, 401, 7, 73, 7, 78, 4], "target_tokens": ["[IN:CREATE_CALL", "[SL:CONTACT", "[IN:GET_CONTACT", "[SL:TYPE_RELATION", "@ptr3", "SL:TYPE_RELATION]", "[SL:CONTACT_RELATED", "@ptr5", "SL:CONTACT_RELATED]", "IN:GET_CONTACT]", "SL:CONTACT]", "IN:CREATE_CALL]"], "predicted_tokens": ["[IN:CREATE_CALL", "[SL:CONTACT", "[IN:GET_CONTACT", "[SL:TYPE_RELATION", "@ptr3", "SL:TYPE_RELATION]", "[SL:CONTACT", "@ptr6", "SL:CONTACT]", "IN:GET_CONTACT]", "SL:CONTACT]", "IN:CREATE_CALL]"]}
{"loss": 2.5313363075256348, "class_log_probabilities": [-0.943706750869751, -4.200728416442871, -4.811493873596191, -4.834264278411865], "predictions": [75, 6, 70, 71, 397, 72, 73, 7, 76, 400, 77, 78, 4], "target_tokens": ["[IN:CREATE_CALL", "[SL:NAME_APP", "@ptr4", "SL:NAME_APP]", "[SL:CONTACT", "[IN:GET_CONTACT", "[SL:TYPE_RELATION", "@ptr2", "SL:TYPE_RELATION]", "IN:GET_CONTACT]", "SL:CONTACT]", "IN:CREATE_CALL]"], "predicted_tokens": ["[IN:CREATE_CALL", "[SL:CONTACT", "[IN:GET_CONTACT", "[SL:TYPE_RELATION", "@ptr2", "SL:TYPE_RELATION]", "IN:GET_CONTACT]", "SL:CONTACT]", "[SL:NAME_APP", "@ptr5", "SL:NAME_APP]", "IN:CREATE_CALL]"]}
{"loss": 2.739278554916382, "class_log_probabilities": [-0.6077671051025391, -3.173815965652466, -5.122313976287842, -5.916720390319824], "predictions": [75, 6, 397, 398, 7, 76, 404, 77, 78, 4, 4, 4, 4], "target_tokens": ["[IN:CREATE_CALL", "[SL:NAME_APP", "@ptr9", "SL:NAME_APP]", "[SL:CONTACT", "@ptr2", "@ptr3", "SL:CONTACT]", "IN:CREATE_CALL]"], "predicted_tokens": ["[IN:CREATE_CALL", "[SL:CONTACT", "@ptr2", "@ptr3", "SL:CONTACT]", "[SL:NAME_APP", "@ptr9", "SL:NAME_APP]", "IN:CREATE_CALL]"]}
{"loss": 2.3431689739227295, "class_log_probabilities": [-0.5453222990036011, -5.085679054260254, -6.056641578674316, -6.948177814483643], "predictions": [75, 6, 400, 7, 76, 402, 77, 78, 4], "target_tokens": ["[IN:CREATE_CALL", "[SL:CONTACT", "@ptr4", "SL:CONTACT]", "[SL:NAME_APP", "@ptr6", "SL:NAME_APP]", "IN:CREATE_CALL]"], "predicted_tokens": ["[IN:CREATE_CALL", "[SL:CONTACT", "@ptr5", "SL:CONTACT]", "[SL:NAME_APP", "@ptr7", "SL:NAME_APP]", "IN:CREATE_CALL]"]}
{"loss": 0.9601883292198181, "class_log_probabilities": [-0.48188281059265137, -6.321021556854248, -6.773712635040283, -6.790358066558838], "predictions": [75, 6, 399, 400, 7, 78, 4, 4], "target_tokens": ["[IN:CREATE_CALL", "[SL:CONTACT", "@ptr4", "@ptr5", "SL:CONTACT]", "IN:CREATE_CALL]"], "predicted_tokens": ["[IN:CREATE_CALL", "[SL:CONTACT", "@ptr4", "@ptr5", "SL:CONTACT]", "IN:CREATE_CALL]"]}
{"loss": 1.8852620124816895, "class_log_probabilities": [-0.7662062048912048, -6.785113334655762, -6.939742088317871, -7.280190467834473], "predictions": [63, 64, 396, 65, 66, 398, 399, 400, 67, 68, 4], "target_tokens": ["[IN:PLAY_MUSIC", "[SL:MUSIC_ARTIST_NAME", "@ptr3", "@ptr4", "@ptr5", "SL:MUSIC_ARTIST_NAME]", "IN:PLAY_MUSIC]"], "predicted_tokens": ["[IN:PLAY_MUSIC", "[SL:MUSIC_TYPE", "@ptr1", "SL:MUSIC_TYPE]", "[SL:MUSIC_ARTIST_NAME", "@ptr3", "@ptr4", "@ptr5", "SL:MUSIC_ARTIST_NAME]", "IN:PLAY_MUSIC]"]}
{"loss": 2.0711710453033447, "class_log_probabilities": [-0.6604425311088562, -6.306747913360596, -7.157927989959717, -7.630202770233154], "predictions": [63, 64, 396, 65, 66, 398, 399, 67, 68, 4], "target_tokens": ["[IN:PLAY_MUSIC", "[SL:MUSIC_ARTIST_NAME", "@ptr3", "@ptr4", "SL:MUSIC_ARTIST_NAME]", "IN:PLAY_MUSIC]"], "predicted_tokens": ["[IN:PLAY_MUSIC", "[SL:MUSIC_TYPE", "@ptr1", "SL:MUSIC_TYPE]", "[SL:MUSIC_ARTIST_NAME", "@ptr3", "@ptr4", "SL:MUSIC_ARTIST_NAME]", "IN:PLAY_MUSIC]"]}
{"loss": 0.9938450455665588, "class_log_probabilities": [-0.29550737142562866, -6.888076305389404, -6.933675289154053, -7.717912197113037], "predictions": [235, 103, 396, 104, 236, 4, 4, 4, 4], "target_tokens": ["[IN:SET_DEFAULT_PROVIDER_MUSIC", "[SL:MUSIC_PROVIDER_NAME", "@ptr1", "SL:MUSIC_PROVIDER_NAME]", "IN:SET_DEFAULT_PROVIDER_MUSIC]"], "predicted_tokens": ["[IN:SET_DEFAULT_PROVIDER_MUSIC", "[SL:MUSIC_PROVIDER_NAME", "@ptr1", "SL:MUSIC_PROVIDER_NAME]", "IN:SET_DEFAULT_PROVIDER_MUSIC]"]}
{"loss": 1.0743181705474854, "class_log_probabilities": [-1.598819375038147, -2.821953058242798, -3.7238619327545166, -5.8707170486450195], "predictions": [235, 103, 398, 399, 104, 236, 4, 4, 4, 4, 4, 4], "target_tokens": ["[IN:SET_DEFAULT_PROVIDER_MUSIC", "[SL:MUSIC_PROVIDER_NAME", "@ptr3", "@ptr4", "SL:MUSIC_PROVIDER_NAME]", "IN:SET_DEFAULT_PROVIDER_MUSIC]"], "predicted_tokens": ["[IN:SET_DEFAULT_PROVIDER_MUSIC", "[SL:MUSIC_PROVIDER_NAME", "@ptr3", "@ptr4", "SL:MUSIC_PROVIDER_NAME]", "IN:SET_DEFAULT_PROVIDER_MUSIC]"]}
{"loss": 3.1242599487304688, "class_log_probabilities": [-2.497598886489868, -2.925872564315796, -3.558128595352173, -4.079993724822998], "predictions": [63, 103, 397, 398, 399, 400, 401, 402, 403, 104, 68, 4], "target_tokens": ["[IN:SET_DEFAULT_PROVIDER_MUSIC", "[SL:MUSIC_PROVIDER_NAME", "@ptr2", "SL:MUSIC_PROVIDER_NAME]", "IN:SET_DEFAULT_PROVIDER_MUSIC]"], "predicted_tokens": ["[IN:PLAY_MUSIC", "[SL:MUSIC_PROVIDER_NAME", "@ptr2", "@ptr3", "@ptr4", "@ptr5", "@ptr6", "@ptr7", "@ptr8", "SL:MUSIC_PROVIDER_NAME]", "IN:PLAY_MUSIC]"]}
{"loss": 4.167390823364258, "class_log_probabilities": [-3.8974146842956543, -4.232497215270996, -4.30145788192749, -4.44756555557251], "predictions": [89, 90, 400, 401, 402, 91, 92, 4, 4, 4, 4], "target_tokens": ["[IN:UPDATE_TIMER", "[SL:TIMER_NAME", "@ptr4", "@ptr5", "SL:TIMER_NAME]", "[SL:DATE_TIME", "@ptr1", "@ptr2", "@ptr3", "SL:DATE_TIME]", "IN:UPDATE_TIMER]"], "predicted_tokens": ["[IN:CREATE_TIMER", "[SL:METHOD_TIMER", "@ptr5", "@ptr6", "@ptr7", "SL:METHOD_TIMER]", "IN:CREATE_TIMER]"]}
{"loss": 3.192748546600342, "class_log_probabilities": [-1.9015485048294067, -3.5399372577667236, -4.531469821929932, -5.172153949737549], "predictions": [61, 156, 396, 397, 398, 157, 62, 4], "target_tokens": ["[IN:GET_EVENT", "[SL:ATTRIBUTE_EVENT", "@ptr6", "@ptr7", "@ptr8", "@ptr9", "@ptr10", "SL:ATTRIBUTE_EVENT]", "IN:GET_EVENT]"], "predicted_tokens": ["[IN:GET_EVENT", "[SL:TITLE_EVENT", "@ptr1", "@ptr2", "@ptr3", "SL:TITLE_EVENT]", "IN:GET_EVENT]"]}
{"loss": 4.07185173034668, "class_log_probabilities": [-4.845676898956299, -5.015018939971924, -5.138953685760498, -7.855471134185791], "predictions": [197, 6, 406, 7, 198, 4, 4, 4, 4], "target_tokens": ["[IN:SHARE_EVENT", "[SL:ORDINAL", "@ptr3", "SL:ORDINAL]", "[SL:CONTACT", "@ptr6", "SL:CONTACT]", "IN:SHARE_EVENT]"], "predicted_tokens": ["[IN:SHARE_EVENT", "[SL:CONTACT", "@ptr11", "SL:CONTACT]", "IN:SHARE_EVENT]"]}
{"loss": 2.114227533340454, "class_log_probabilities": [-0.631166398525238, -4.100719928741455, -4.32530403137207, -5.458815574645996], "predictions": [61, 62, 4, 4, 4, 4, 4], "target_tokens": ["[IN:GET_EVENT", "[SL:USER_ATTENDEE_EVENT", "@ptr6", "SL:USER_ATTENDEE_EVENT]", "IN:GET_EVENT]"], "predicted_tokens": ["[IN:GET_EVENT", "IN:GET_EVENT]"]}
{"loss": 2.5686795711517334, "class_log_probabilities": [-1.5314226150512695, -3.2425472736358643, -3.527343511581421, -3.9388744831085205], "predictions": [23, 10, 401, 11, 26, 4, 4, 4, 4], "target_tokens": ["[IN:SEND_MESSAGE", "[SL:TYPE_CONTENT", "@ptr3", "SL:TYPE_CONTENT]", "[SL:RECIPIENT", "@ptr5", "SL:RECIPIENT]", "IN:SEND_MESSAGE]"], "predicted_tokens": ["[IN:SEND_MESSAGE", "[SL:RECIPIENT", "@ptr6", "SL:RECIPIENT]", "IN:SEND_MESSAGE]"]}
{"loss": 3.4723784923553467, "class_log_probabilities": [-0.5644864439964294, -3.1847822666168213, -6.31303071975708, -7.125216007232666], "predictions": [81, 6, 398, 7, 82, 4, 4, 4], "target_tokens": ["[IN:UPDATE_CALL", "[SL:CONTACT_REMOVED", "@ptr2", "SL:CONTACT_REMOVED]", "IN:UPDATE_CALL]"], "predicted_tokens": ["[IN:END_CALL", "[SL:CONTACT", "@ptr3", "SL:CONTACT]", "IN:END_CALL]"]}
{"loss": 3.8047990798950195, "class_log_probabilities": [-1.5081323385238647, -2.961315155029297, -3.8081562519073486, -4.946657657623291], "predictions": [89, 90, 398, 91, 16, 399, 400, 401, 17, 92, 4], "target_tokens": ["[IN:CREATE_TIMER", "[SL:DATE_TIME", "@ptr4", "@ptr5", "SL:DATE_TIME]", "[SL:METHOD_TIMER", "@ptr1", "@ptr2", "@ptr3", "SL:METHOD_TIMER]", "IN:CREATE_TIMER]"], "predicted_tokens": ["[IN:CREATE_TIMER", "[SL:METHOD_TIMER", "@ptr3", "SL:METHOD_TIMER]", "[SL:DATE_TIME", "@ptr4", "@ptr5", "@ptr6", "SL:DATE_TIME]", "IN:CREATE_TIMER]"]}
{"loss": 2.71232533454895, "class_log_probabilities": [-1.8917207717895508, -3.373753547668457, -3.7852275371551514, -4.31910514831543], "predictions": [219, 16, 396, 397, 17, 90, 403, 91, 220, 4, 4], "target_tokens": ["[IN:SUBTRACT_TIME_TIMER", "[SL:DATE_TIME", "@ptr1", "@ptr2", "SL:DATE_TIME]", "[SL:METHOD_TIMER", "@ptr5", "@ptr6", "@ptr7", "SL:METHOD_TIMER]", "IN:SUBTRACT_TIME_TIMER]"], "predicted_tokens": ["[IN:SUBTRACT_TIME_TIMER", "[SL:DATE_TIME", "@ptr1", "@ptr2", "SL:DATE_TIME]", "[SL:METHOD_TIMER", "@ptr8", "SL:METHOD_TIMER]", "IN:SUBTRACT_TIME_TIMER]"]}
{"loss": 1.8128079175949097, "class_log_probabilities": [-0.9889330863952637, -2.508718729019165, -5.312310218811035, -5.371250629425049], "predictions": [45, 16, 399, 400, 401, 402, 17, 46, 4, 4, 4, 4], "target_tokens": ["[IN:CREATE_ALARM", "[SL:DATE_TIME", "@ptr4", "@ptr5", "@ptr6", "SL:DATE_TIME]", "IN:CREATE_ALARM]"], "predicted_tokens": ["[IN:CREATE_ALARM", "[SL:DATE_TIME", "@ptr4", "@ptr5", "@ptr6", "@ptr7", "SL:DATE_TIME]", "IN:CREATE_ALARM]"]}
{"loss": 3.9318268299102783, "class_log_probabilities": [-0.647860586643219, -3.901143789291382, -4.4697465896606445, -7.391486644744873], "predictions": [75, 6, 397, 7, 78, 4, 4, 4, 4], "target_tokens": ["[IN:CREATE_CALL", "[SL:ORDINAL", "@ptr3", "@ptr4", "SL:ORDINAL]", "[SL:CONTACT", "@ptr2", "SL:CONTACT]", "IN:CREATE_CALL]"], "predicted_tokens": ["[IN:CREATE_CALL", "[SL:CONTACT", "@ptr2", "SL:CONTACT]", "IN:CREATE_CALL]"]}
{"loss": 3.0903844833374023, "class_log_probabilities": [-0.6445220708847046, -3.9241645336151123, -6.96638298034668, -7.648710250854492], "predictions": [75, 6, 397, 398, 7, 78, 4, 4, 4], "target_tokens": ["[IN:CREATE_CALL", "[SL:CONTACT", "@ptr2", "SL:CONTACT]", "[SL:ORDINAL", "@ptr3", "SL:ORDINAL]", "IN:CREATE_CALL]"], "predicted_tokens": ["[IN:CREATE_CALL", "[SL:CONTACT", "@ptr2", "@ptr3", "SL:CONTACT]", "IN:CREATE_CALL]"]}
{"loss": 1.709755301475525, "class_log_probabilities": [-0.443221777677536, -8.138725280761719, -8.517518043518066, -8.602980613708496], "predictions": [75, 6, 397, 7, 78, 4, 4, 4, 4], "target_tokens": ["[IN:CREATE_CALL", "[SL:CONTACT", "@ptr2", "SL:CONTACT]", "[SL:ORDINAL", "@ptr4", "SL:ORDINAL]", "IN:CREATE_CALL]"], "predicted_tokens": ["[IN:CREATE_CALL", "[SL:CONTACT", "@ptr2", "SL:CONTACT]", "IN:CREATE_CALL]"]}
{"loss": 3.2660117149353027, "class_log_probabilities": [-1.2858494520187378, -1.895245909690857, -3.253873586654663, -4.417365074157715], "predictions": [75, 20, 399, 21, 78, 4], "target_tokens": ["[IN:CREATE_CALL", "[SL:ORDINAL", "@ptr2", "@ptr3", "@ptr4", "SL:ORDINAL]", "IN:CREATE_CALL]"], "predicted_tokens": ["[IN:CREATE_CALL", "[SL:ORDINAL", "@ptr4", "SL:ORDINAL]", "IN:CREATE_CALL]"]}
{"loss": 1.6370117664337158, "class_log_probabilities": [-3.534973382949829, -3.5969486236572266, -4.110867977142334, -4.122709274291992], "predictions": [63, 64, 399, 400, 401, 402, 102, 103, 403, 104, 68, 4], "target_tokens": ["[IN:PLAY_MUSIC", "[SL:MUSIC_TRACK_TITLE", "@ptr4", "@ptr5", "@ptr6", "SL:MUSIC_TRACK_TITLE]", "[SL:MUSIC_PROVIDER_NAME", "@ptr8", "SL:MUSIC_PROVIDER_NAME]", "IN:PLAY_MUSIC]"], "predicted_tokens": ["[IN:PLAY_MUSIC", "[SL:MUSIC_TYPE", "@ptr4", "@ptr5", "@ptr6", "@ptr7", "SL:MUSIC_TRACK_TITLE]", "[SL:MUSIC_PROVIDER_NAME", "@ptr8", "SL:MUSIC_PROVIDER_NAME]", "IN:PLAY_MUSIC]"]}
{"loss": 0.9677675366401672, "class_log_probabilities": [-0.550428569316864, -3.767806053161621, -3.783179521560669, -7.227884769439697], "predictions": [75, 6, 399, 7, 78, 4, 4, 4], "target_tokens": ["[IN:CREATE_CALL", "[SL:CONTACT", "@ptr4", "SL:CONTACT]", "IN:CREATE_CALL]"], "predicted_tokens": ["[IN:CREATE_CALL", "[SL:CONTACT", "@ptr4", "SL:CONTACT]", "IN:CREATE_CALL]"]}
{"loss": 1.119217038154602, "class_log_probabilities": [-1.188896894454956, -1.575921654701233, -4.575364112854004, -5.850719928741455], "predictions": [23, 8, 398, 9, 26, 4], "target_tokens": ["[IN:SEND_MESSAGE", "[SL:TYPE_CONTENT", "@ptr2", "SL:TYPE_CONTENT]", "IN:SEND_MESSAGE]"], "predicted_tokens": ["[IN:SEND_MESSAGE", "[SL:TYPE_CONTENT", "@ptr3", "SL:TYPE_CONTENT]", "IN:SEND_MESSAGE]"]}
{"loss": 1.2458305358886719, "class_log_probabilities": [-0.8611034154891968, -2.4274816513061523, -5.7096381187438965, -6.829139709472656], "predictions": [23, 8, 399, 9, 26, 4], "target_tokens": ["[IN:SEND_MESSAGE", "[SL:TYPE_CONTENT", "@ptr3", "SL:TYPE_CONTENT]", "IN:SEND_MESSAGE]"], "predicted_tokens": ["[IN:SEND_MESSAGE", "[SL:TYPE_CONTENT", "@ptr4", "SL:TYPE_CONTENT]", "IN:SEND_MESSAGE]"]}
{"loss": 1.6539716720581055, "class_log_probabilities": [-0.5198348164558411, -5.0498046875, -6.696322441101074, -6.749667167663574], "predictions": [23, 8, 400, 9, 26, 4], "target_tokens": ["[IN:SEND_MESSAGE", "[SL:TYPE_CONTENT", "@ptr4", "SL:TYPE_CONTENT]", "IN:SEND_MESSAGE]"], "predicted_tokens": ["[IN:SEND_MESSAGE", "[SL:TYPE_CONTENT", "@ptr5", "SL:TYPE_CONTENT]", "IN:SEND_MESSAGE]"]}
{"loss": 3.2759056091308594, "class_log_probabilities": [-0.856500506401062, -3.9183549880981445, -4.631528377532959, -5.095973491668701], "predictions": [23, 10, 401, 402, 11, 26, 4, 4, 4, 4, 4], "target_tokens": ["[IN:SEND_MESSAGE", "[SL:TYPE_CONTENT", "@ptr3", "SL:TYPE_CONTENT]", "[SL:RECIPIENT", "@ptr5", "@ptr6", "SL:RECIPIENT]", "IN:SEND_MESSAGE]"], "predicted_tokens": ["[IN:SEND_MESSAGE", "[SL:RECIPIENT", "@ptr6", "@ptr7", "SL:RECIPIENT]", "IN:SEND_MESSAGE]"]}
{"loss": 2.464142084121704, "class_log_probabilities": [-1.2843337059020996, -3.0537703037261963, -3.2883663177490234, -3.915741205215454], "predictions": [81, 6, 397, 7, 82, 4], "target_tokens": ["[IN:UPDATE_CALL", "[SL:CONTACT_REMOVED", "@ptr1", "SL:CONTACT_REMOVED]", "IN:UPDATE_CALL]"], "predicted_tokens": ["[IN:END_CALL", "[SL:CONTACT", "@ptr2", "SL:CONTACT]", "IN:END_CALL]"]}
{"loss": 0.9727255702018738, "class_log_probabilities": [-0.18376922607421875, -6.664198398590088, -7.706446170806885, -8.753331184387207], "predictions": [245, 246, 4, 4, 4, 4], "target_tokens": ["[IN:UPDATE_METHOD_CALL", "IN:UPDATE_METHOD_CALL]"], "predicted_tokens": ["[IN:UPDATE_METHOD_CALL", "IN:UPDATE_METHOD_CALL]"]}
{"loss": 1.8577831983566284, "class_log_probabilities": [-0.37757596373558044, -3.428161382675171, -6.681001663208008, -6.785737037658691], "predictions": [171, 172, 4], "target_tokens": ["[IN:SET_AVAILABLE", "IN:SET_AVAILABLE]"], "predicted_tokens": ["[IN:GET_AVAILABILITY", "IN:GET_AVAILABILITY]"]}
{"loss": 1.0343811511993408, "class_log_probabilities": [-1.4252524375915527, -2.3853700160980225, -2.9025957584381104, -4.649830341339111], "predictions": [69, 6, 70, 71, 398, 72, 73, 7, 74, 4], "target_tokens": ["[IN:GET_CALL_TIME", "[SL:CONTACT", "[IN:GET_CONTACT", "[SL:TYPE_RELATION", "@ptr3", "SL:TYPE_RELATION]", "IN:GET_CONTACT]", "SL:CONTACT]", "IN:GET_CALL_TIME]"], "predicted_tokens": ["[IN:GET_CALL_TIME", "[SL:CONTACT", "[IN:GET_CONTACT", "[SL:TYPE_RELATION", "@ptr3", "SL:TYPE_RELATION]", "IN:GET_CONTACT]", "SL:CONTACT]", "IN:GET_CALL_TIME]"]}
{"loss": 1.852160096168518, "class_log_probabilities": [-2.138315439224243, -2.277364492416382, -2.8484511375427246, -2.883953809738159], "predictions": [5, 16, 402, 403, 17, 12, 4, 4], "target_tokens": ["[IN:GET_CALL", "[SL:DATE_TIME", "@ptr7", "@ptr8", "SL:DATE_TIME]", "IN:GET_CALL]"], "predicted_tokens": ["[IN:GET_MESSAGE", "[SL:DATE_TIME", "@ptr7", "@ptr8", "SL:DATE_TIME]", "IN:GET_MESSAGE]"]}
{"loss": 0.975784957408905, "class_log_probabilities": [-0.21382945775985718, -5.308696269989014, -6.4702301025390625, -6.520181179046631], "predictions": [185, 186, 4], "target_tokens": ["[IN:GET_CALL", "IN:GET_CALL]"], "predicted_tokens": ["[IN:GET_CALL", "IN:GET_CALL]"]}
{"loss": 1.6404986381530762, "class_log_probabilities": [-0.9316917657852173, -2.3936853408813477, -4.904090404510498, -5.3404974937438965], "predictions": [63, 103, 396, 104, 101, 399, 400, 102, 68, 4], "target_tokens": ["[IN:PLAY_MUSIC", "[SL:MUSIC_PROVIDER_NAME", "@ptr1", "SL:MUSIC_PROVIDER_NAME]", "[SL:MUSIC_ALBUM_TITLE", "@ptr5", "SL:MUSIC_ALBUM_TITLE]", "IN:PLAY_MUSIC]"], "predicted_tokens": ["[IN:PLAY_MUSIC", "[SL:MUSIC_PROVIDER_NAME", "@ptr1", "SL:MUSIC_PROVIDER_NAME]", "[SL:MUSIC_TRACK_TITLE", "@ptr4", "@ptr5", "SL:MUSIC_TRACK_TITLE]", "IN:PLAY_MUSIC]"]}
{"loss": 0.9829914569854736, "class_log_probabilities": [-0.7834204435348511, -4.220335006713867, -5.528742790222168, -5.980620384216309], "predictions": [63, 101, 396, 397, 398, 399, 400, 102, 103, 402, 104, 68, 4, 4, 4, 4], "target_tokens": ["[IN:PLAY_MUSIC", "[SL:MUSIC_TRACK_TITLE", "@ptr1", "@ptr2", "@ptr3", "@ptr4", "@ptr5", "SL:MUSIC_TRACK_TITLE]", "[SL:MUSIC_PROVIDER_NAME", "@ptr7", "SL:MUSIC_PROVIDER_NAME]", "IN:PLAY_MUSIC]"], "predicted_tokens": ["[IN:PLAY_MUSIC", "[SL:MUSIC_TRACK_TITLE", "@ptr1", "@ptr2", "@ptr3", "@ptr4", "@ptr5", "SL:MUSIC_TRACK_TITLE]", "[SL:MUSIC_PROVIDER_NAME", "@ptr7", "SL:MUSIC_PROVIDER_NAME]", "IN:PLAY_MUSIC]"]}
{"loss": 2.0534188747406006, "class_log_probabilities": [-1.8521804809570312, -2.3051958084106445, -5.377824783325195, -5.596396446228027], "predictions": [13, 135, 402, 136, 135, 402, 136, 18, 4], "target_tokens": ["[IN:GET_WEATHER", "[SL:WEATHER_TEMPERATURE_UNIT", "@ptr5", "SL:WEATHER_TEMPERATURE_UNIT]", "IN:GET_WEATHER]"], "predicted_tokens": ["[IN:GET_WEATHER", "[SL:WEATHER_TEMPERATURE_UNIT", "@ptr7", "SL:WEATHER_TEMPERATURE_UNIT]", "[SL:WEATHER_TEMPERATURE_UNIT", "@ptr7", "SL:WEATHER_TEMPERATURE_UNIT]", "IN:GET_WEATHER]"]}
{"loss": 3.3822667598724365, "class_log_probabilities": [-0.8790115118026733, -2.4469075202941895, -3.693005084991455, -4.46598482131958], "predictions": [13, 16, 404, 405, 406, 407, 17, 18, 4], "target_tokens": ["[IN:GET_WEATHER", "[SL:DATE_TIME", "@ptr7", "@ptr8", "@ptr9", "@ptr10", "SL:DATE_TIME]", "IN:GET_WEATHER]"], "predicted_tokens": ["[IN:GET_WEATHER", "[SL:DATE_TIME", "@ptr9", "@ptr10", "@ptr11", "@ptr12", "SL:DATE_TIME]", "IN:GET_WEATHER]"]}
{"loss": 2.977792501449585, "class_log_probabilities": [-1.8426448106765747, -1.9441962242126465, -2.3035271167755127, -4.766290664672852], "predictions": [13, 16, 400, 17, 18, 4, 4], "target_tokens": ["[IN:GET_WEATHER", "[SL:DATE_TIME", "@ptr4", "@ptr5", "SL:DATE_TIME]", "IN:GET_WEATHER]"], "predicted_tokens": ["[IN:GET_WEATHER", "[SL:DATE_TIME", "@ptr5", "SL:DATE_TIME]", "IN:GET_WEATHER]"]}
{"loss": 2.942976713180542, "class_log_probabilities": [-2.437323808670044, -2.8164162635803223, -2.9960520267486572, -3.973820209503174], "predictions": [13, 16, 398, 399, 400, 401, 402, 17, 18, 4], "target_tokens": ["[IN:GET_WEATHER", "[SL:DATE_TIME", "@ptr2", "@ptr3", "@ptr4", "@ptr5", "SL:DATE_TIME]", "IN:GET_WEATHER]"], "predicted_tokens": ["[IN:GET_WEATHER", "[SL:DATE_TIME", "@ptr3", "@ptr4", "@ptr5", "@ptr6", "@ptr7", "SL:DATE_TIME]", "IN:GET_WEATHER]"]}
{"loss": 2.7626912593841553, "class_log_probabilities": [-0.2000223696231842, -8.35822868347168, -8.378043174743652, -8.774144172668457], "predictions": [13, 18, 4, 4, 4], "target_tokens": ["[IN:GET_WEATHER", "[SL:WEATHER_ATTRIBUTE", "@ptr3", "SL:WEATHER_ATTRIBUTE]", "IN:GET_WEATHER]"], "predicted_tokens": ["[IN:GET_WEATHER", "IN:GET_WEATHER]"]}
{"loss": 4.165142059326172, "class_log_probabilities": [-1.256141185760498, -2.8296101093292236, -4.460783004760742, -5.161179542541504], "predictions": [213, 16, 400, 401, 402, 17, 214, 4, 4], "target_tokens": ["[IN:SNOOZE_ALARM", "[SL:DATE_TIME", "@ptr4", "@ptr5", "SL:DATE_TIME]", "IN:SNOOZE_ALARM]"], "predicted_tokens": ["[IN:SILENCE_ALARM", "[SL:DATE_TIME", "@ptr5", "@ptr6", "@ptr7", "SL:DATE_TIME]", "IN:SILENCE_ALARM]"]}
{"loss": 4.872396469116211, "class_log_probabilities": [-2.84015154838562, -4.760684013366699, -5.026045799255371, -5.267567157745361], "predictions": [111, 34, 402, 35, 112, 4, 4, 4, 4, 4, 4], "target_tokens": ["[IN:SNOOZE_ALARM", "[SL:DATE_TIME", "@ptr9", "@ptr10", "@ptr11", "SL:DATE_TIME]", "IN:SNOOZE_ALARM]"], "predicted_tokens": ["[IN:UPDATE_REMINDER_DATE_TIME", "[SL:PERSON_REMINDED", "@ptr7", "SL:PERSON_REMINDED]", "IN:UPDATE_REMINDER_DATE_TIME]"]}
{"loss": 1.5744285583496094, "class_log_probabilities": [-2.6541831493377686, -4.719852447509766, -5.629880428314209, -9.385604858398438], "predictions": [213, 214, 4, 4, 4, 4, 4, 4, 4], "target_tokens": ["[IN:SILENCE_ALARM", "IN:SILENCE_ALARM]"], "predicted_tokens": ["[IN:SILENCE_ALARM", "IN:SILENCE_ALARM]"]}
{"loss": 2.8012003898620605, "class_log_probabilities": [-0.6224749088287354, -5.277057647705078, -5.811514854431152, -6.445405960083008], "predictions": [45, 16, 400, 401, 402, 403, 404, 17, 46, 4, 4, 4, 4], "target_tokens": ["[IN:CREATE_ALARM", "[SL:DATE_TIME", "@ptr4", "@ptr5", "@ptr6", "@ptr7", "SL:DATE_TIME]", "IN:CREATE_ALARM]"], "predicted_tokens": ["[IN:CREATE_ALARM", "[SL:DATE_TIME", "@ptr5", "@ptr6", "@ptr7", "@ptr8", "@ptr9", "SL:DATE_TIME]", "IN:CREATE_ALARM]"]}
{"loss": 1.635481357574463, "class_log_probabilities": [-1.7951302528381348, -2.579634428024292, -2.906167507171631, -3.8004305362701416], "predictions": [49, 16, 400, 401, 402, 403, 404, 405, 17, 50, 4], "target_tokens": ["[IN:CREATE_ALARM", "[SL:DATE_TIME", "@ptr4", "@ptr5", "@ptr6", "@ptr7", "@ptr8", "@ptr9", "@ptr10", "@ptr11", "SL:DATE_TIME]", "IN:CREATE_ALARM]"], "predicted_tokens": ["[IN:CREATE_REMINDER", "[SL:DATE_TIME", "@ptr5", "@ptr6", "@ptr7", "@ptr8", "@ptr9", "@ptr10", "SL:DATE_TIME]", "IN:CREATE_REMINDER]"]}
{"loss": 1.1171318292617798, "class_log_probabilities": [-2.1658475399017334, -2.4153823852539062, -3.101593017578125, -3.266636848449707], "predictions": [49, 16, 400, 401, 402, 403, 404, 405, 17, 50, 4, 4], "target_tokens": ["[IN:CREATE_ALARM", "[SL:DATE_TIME", "@ptr4", "@ptr5", "@ptr6", "@ptr7", "@ptr8", "@ptr9", "@ptr10", "SL:DATE_TIME]", "IN:CREATE_ALARM]"], "predicted_tokens": ["[IN:CREATE_REMINDER", "[SL:DATE_TIME", "@ptr5", "@ptr6", "@ptr7", "@ptr8", "@ptr9", "@ptr10", "SL:DATE_TIME]", "IN:CREATE_REMINDER]"]}
{"loss": 2.7581303119659424, "class_log_probabilities": [-2.398559808731079, -2.814923048019409, -2.9725570678710938, -3.397071599960327], "predictions": [45, 16, 404, 405, 406, 17, 46, 4], "target_tokens": ["[IN:CREATE_ALARM", "[SL:DATE_TIME", "@ptr8", "@ptr9", "@ptr10", "@ptr11", "SL:DATE_TIME]", "[SL:ALARM_NAME", "@ptr5", "@ptr6", "@ptr7", "SL:ALARM_NAME]", "IN:CREATE_ALARM]"], "predicted_tokens": ["[IN:CREATE_ALARM", "[SL:DATE_TIME", "@ptr9", "@ptr10", "@ptr11", "SL:DATE_TIME]", "IN:CREATE_ALARM]"]}
{"loss": 3.3647782802581787, "class_log_probabilities": [-2.559448003768921, -2.897803544998169, -2.921889066696167, -3.46999192237854], "predictions": [45, 46, 4, 4, 4, 4, 4, 4], "target_tokens": ["[IN:CREATE_ALARM", "[SL:ALARM_NAME", "@ptr9", "@ptr10", "@ptr11", "SL:ALARM_NAME]", "IN:CREATE_ALARM]"], "predicted_tokens": ["[IN:CREATE_ALARM", "IN:CREATE_ALARM]"]}
{"loss": 0.968536913394928, "class_log_probabilities": [-0.8765401840209961, -4.684360504150391, -5.457298755645752, -6.397215843200684], "predictions": [45, 16, 400, 401, 402, 403, 404, 405, 17, 46, 4], "target_tokens": ["[IN:CREATE_ALARM", "[SL:DATE_TIME", "@ptr5", "@ptr6", "@ptr7", "@ptr8", "@ptr9", "@ptr10", "SL:DATE_TIME]", "IN:CREATE_ALARM]"], "predicted_tokens": ["[IN:CREATE_ALARM", "[SL:DATE_TIME", "@ptr5", "@ptr6", "@ptr7", "@ptr8", "@ptr9", "@ptr10", "SL:DATE_TIME]", "IN:CREATE_ALARM]"]}
{"loss": 4.40207052230835, "class_log_probabilities": [-2.835347890853882, -2.9348196983337402, -3.356959342956543, -4.44762659072876], "predictions": [47, 34, 403, 35, 199, 395, 200, 48, 4], "target_tokens": ["[IN:GET_ALARM", "[SL:ORDINAL", "@ptr4", "@ptr5", "SL:ORDINAL]", "IN:GET_ALARM]"], "predicted_tokens": ["[IN:GET_REMINDER", "[SL:PERSON_REMINDED", "@ptr8", "SL:PERSON_REMINDED]", "[SL:METHOD_RETRIEVAL_REMINDER", "@ptr0", "SL:METHOD_RETRIEVAL_REMINDER]", "IN:GET_REMINDER]"]}
{"loss": 4.642093658447266, "class_log_probabilities": [-5.3944525718688965, -5.503787517547607, -7.14247989654541, -7.183114051818848], "predictions": [47, 16, 404, 406, 17, 199, 411, 200, 48, 4, 4, 4, 4], "target_tokens": ["[IN:GET_ALARM", "[SL:DATE_TIME", "@ptr7", "@ptr8", "@ptr9", "SL:DATE_TIME]", "IN:GET_ALARM]"], "predicted_tokens": ["[IN:GET_REMINDER", "[SL:DATE_TIME", "@ptr9", "@ptr11", "SL:DATE_TIME]", "[SL:METHOD_RETRIEVAL_REMINDER", "@ptr16", "SL:METHOD_RETRIEVAL_REMINDER]", "IN:GET_REMINDER]"]}
{"loss": 1.776191234588623, "class_log_probabilities": [-1.1369904279708862, -2.2819035053253174, -4.0366058349609375, -4.513894081115723], "predictions": [119, 120, 402, 121, 122, 4], "target_tokens": ["[IN:DELETE_ALARM", "[SL:AMOUNT", "@ptr5", "SL:AMOUNT]", "IN:DELETE_ALARM]"], "predicted_tokens": ["[IN:DELETE_ALARM", "[SL:AMOUNT", "@ptr7", "SL:AMOUNT]", "IN:DELETE_ALARM]"]}
{"loss": 2.7258799076080322, "class_log_probabilities": [-0.4309106469154358, -5.613916397094727, -7.340182781219482, -9.18717098236084], "predictions": [75, 6, 398, 399, 7, 78, 4, 4, 4], "target_tokens": ["[IN:END_CALL", "[SL:CONTACT", "@ptr3", "@ptr4", "SL:CONTACT]", "IN:END_CALL]"], "predicted_tokens": ["[IN:CREATE_CALL", "[SL:CONTACT", "@ptr3", "@ptr4", "SL:CONTACT]", "IN:CREATE_CALL]"]}
{"loss": 2.052907705307007, "class_log_probabilities": [-0.7316328287124634, -2.794539213180542, -5.831821918487549, -6.001997947692871], "predictions": [23, 24, 400, 401, 402, 403, 404, 25, 26, 4], "target_tokens": ["[IN:SEND_MESSAGE", "[SL:CONTENT_EXACT", "@ptr5", "@ptr6", "SL:CONTENT_EXACT]", "IN:SEND_MESSAGE]"], "predicted_tokens": ["[IN:SEND_MESSAGE", "[SL:CONTENT_EXACT", "@ptr5", "@ptr6", "@ptr7", "@ptr8", "@ptr9", "SL:CONTENT_EXACT]", "IN:SEND_MESSAGE]"]}
{"loss": 1.8632241487503052, "class_log_probabilities": [-2.0517520904541016, -2.6337931156158447, -4.97900915145874, -5.069530010223389], "predictions": [75, 6, 70, 6, 397, 7, 71, 399, 72, 73, 7, 78, 4], "target_tokens": ["[IN:CREATE_CALL", "[SL:CONTACT", "[IN:GET_CONTACT", "[SL:CONTACT", "@ptr2", "SL:CONTACT]", "[SL:CONTACT_RELATED", "@ptr4", "@ptr5", "SL:CONTACT_RELATED]", "[SL:TYPE_RELATION", "@ptr3", "SL:TYPE_RELATION]", "IN:GET_CONTACT]", "SL:CONTACT]", "IN:CREATE_CALL]"], "predicted_tokens": ["[IN:CREATE_CALL", "[SL:CONTACT", "[IN:GET_CONTACT", "[SL:CONTACT", "@ptr2", "SL:CONTACT]", "[SL:TYPE_RELATION", "@ptr4", "SL:TYPE_RELATION]", "IN:GET_CONTACT]", "SL:CONTACT]", "IN:CREATE_CALL]"]}
{"loss": 1.81284761428833, "class_log_probabilities": [-0.9588148593902588, -3.0407540798187256, -5.663644790649414, -5.719320774078369], "predictions": [63, 101, 396, 397, 102, 66, 398, 399, 67, 103, 401, 104, 68, 4, 4, 4, 4], "target_tokens": ["[IN:PLAY_MUSIC", "[SL:MUSIC_ALBUM_TITLE", "@ptr1", "@ptr2", "@ptr3", "@ptr4", "SL:MUSIC_ALBUM_TITLE]", "[SL:MUSIC_PROVIDER_NAME", "@ptr6", "SL:MUSIC_PROVIDER_NAME]", "IN:PLAY_MUSIC]"], "predicted_tokens": ["[IN:PLAY_MUSIC", "[SL:MUSIC_TRACK_TITLE", "@ptr1", "@ptr2", "SL:MUSIC_TRACK_TITLE]", "[SL:MUSIC_ARTIST_NAME", "@ptr3", "@ptr4", "SL:MUSIC_ARTIST_NAME]", "[SL:MUSIC_PROVIDER_NAME", "@ptr6", "SL:MUSIC_PROVIDER_NAME]", "IN:PLAY_MUSIC]"]}
{"loss": 0.98402339220047, "class_log_probabilities": [-1.0698530673980713, -3.5821094512939453, -4.448554039001465, -4.982986927032471], "predictions": [63, 206, 396, 397, 398, 399, 400, 401, 207, 66, 403, 67, 68, 4, 4], "target_tokens": ["[IN:PLAY_MUSIC", "[SL:MUSIC_ALBUM_TITLE", "@ptr1", "@ptr2", "@ptr3", "@ptr4", "@ptr5", "@ptr6", "SL:MUSIC_ALBUM_TITLE]", "[SL:MUSIC_ARTIST_NAME", "@ptr8", "SL:MUSIC_ARTIST_NAME]", "IN:PLAY_MUSIC]"], "predicted_tokens": ["[IN:PLAY_MUSIC", "[SL:MUSIC_ALBUM_TITLE", "@ptr1", "@ptr2", "@ptr3", "@ptr4", "@ptr5", "@ptr6", "SL:MUSIC_ALBUM_TITLE]", "[SL:MUSIC_ARTIST_NAME", "@ptr8", "SL:MUSIC_ARTIST_NAME]", "IN:PLAY_MUSIC]"]}
{"loss": 2.603398323059082, "class_log_probabilities": [-3.23500657081604, -3.5723323822021484, -5.039383411407471, -5.1877899169921875], "predictions": [49, 16, 402, 403, 404, 405, 407, 409, 17, 50, 4, 4, 4, 4], "target_tokens": ["[IN:CREATE_ALARM", "[SL:DATE_TIME", "@ptr6", "@ptr7", "@ptr8", "@ptr9", "@ptr10", "@ptr11", "@ptr12", "@ptr13", "SL:DATE_TIME]", "IN:CREATE_ALARM]"], "predicted_tokens": ["[IN:CREATE_REMINDER", "[SL:DATE_TIME", "@ptr7", "@ptr8", "@ptr9", "@ptr10", "@ptr12", "@ptr14", "SL:DATE_TIME]", "IN:CREATE_REMINDER]"]}
{"loss": 3.340548276901245, "class_log_probabilities": [-0.16698482632637024, -7.4719648361206055, -7.567711353302002, -8.008532524108887], "predictions": [213, 214, 4], "target_tokens": ["[IN:SNOOZE_ALARM", "IN:SNOOZE_ALARM]"], "predicted_tokens": ["[IN:SILENCE_ALARM", "IN:SILENCE_ALARM]"]}
{"loss": 3.4121274948120117, "class_log_probabilities": [-2.3519535064697266, -3.739574432373047, -5.511221408843994, -5.519642353057861], "predictions": [159, 16, 401, 402, 403, 17, 160, 4], "target_tokens": ["[IN:SNOOZE_ALARM", "[SL:DATE_TIME", "@ptr4", "@ptr5", "@ptr6", "@ptr7", "SL:DATE_TIME]", "IN:SNOOZE_ALARM]"], "predicted_tokens": ["[IN:SNOOZE_ALARM", "[SL:DATE_TIME", "@ptr6", "@ptr7", "@ptr8", "SL:DATE_TIME]", "IN:SNOOZE_ALARM]"]}
{"loss": 1.279644250869751, "class_log_probabilities": [-1.227187991142273, -2.8311522006988525, -4.196691989898682, -4.48568058013916], "predictions": [45, 16, 397, 398, 399, 400, 401, 402, 403, 404, 406, 17, 46, 4, 4], "target_tokens": ["[IN:CREATE_ALARM", "[SL:DATE_TIME", "@ptr2", "@ptr3", "@ptr4", "@ptr5", "@ptr6", "@ptr7", "@ptr8", "@ptr9", "@ptr10", "SL:DATE_TIME]", "IN:CREATE_ALARM]"], "predicted_tokens": ["[IN:CREATE_ALARM", "[SL:DATE_TIME", "@ptr2", "@ptr3", "@ptr4", "@ptr5", "@ptr6", "@ptr7", "@ptr8", "@ptr9", "@ptr11", "SL:DATE_TIME]", "IN:CREATE_ALARM]"]}
{"loss": 3.0618672370910645, "class_log_probabilities": [-2.7514398097991943, -3.633913993835449, -4.1198649406433105, -4.483445167541504], "predictions": [45, 16, 399, 400, 401, 402, 17, 16, 405, 17, 46, 4, 4, 4], "target_tokens": ["[IN:CREATE_ALARM", "[SL:DATE_TIME", "@ptr4", "@ptr5", "@ptr6", "@ptr7", "@ptr8", "@ptr9", "@ptr10", "@ptr11", "@ptr12", "SL:DATE_TIME]", "IN:CREATE_ALARM]"], "predicted_tokens": ["[IN:CREATE_ALARM", "[SL:DATE_TIME", "@ptr4", "@ptr5", "@ptr6", "@ptr7", "SL:DATE_TIME]", "[SL:DATE_TIME", "@ptr10", "SL:DATE_TIME]", "IN:CREATE_ALARM]"]}
{"loss": 1.14088773727417, "class_log_probabilities": [-0.7050468921661377, -1.5430734157562256, -7.114809036254883, -8.260514259338379], "predictions": [13, 14, 401, 15, 18, 4, 4], "target_tokens": ["[IN:GET_WEATHER", "[SL:LOCATION", "@ptr5", "SL:LOCATION]", "IN:GET_WEATHER]"], "predicted_tokens": ["[IN:GET_WEATHER", "[SL:LOCATION", "@ptr6", "SL:LOCATION]", "IN:GET_WEATHER]"]}
{"loss": 1.957660436630249, "class_log_probabilities": [-1.327103853225708, -2.995572328567505, -5.11271858215332, -5.240995407104492], "predictions": [13, 14, 399, 400, 401, 402, 403, 404, 405, 406, 15, 18, 4, 4], "target_tokens": ["[IN:GET_WEATHER", "[SL:LOCATION", "@ptr3", "@ptr4", "@ptr5", "@ptr6", "@ptr7", "@ptr8", "@ptr9", "@ptr10", "SL:LOCATION]", "IN:GET_WEATHER]"], "predicted_tokens": ["[IN:GET_WEATHER", "[SL:LOCATION", "@ptr4", "@ptr5", "@ptr6", "@ptr7", "@ptr8", "@ptr9", "@ptr10", "@ptr11", "SL:LOCATION]", "IN:GET_WEATHER]"]}
{"loss": 0.9882203936576843, "class_log_probabilities": [-0.5455238223075867, -4.819247722625732, -6.069582939147949, -6.265944957733154], "predictions": [63, 103, 397, 104, 223, 400, 401, 224, 68, 4, 4], "target_tokens": ["[IN:PLAY_MUSIC", "[SL:MUSIC_PROVIDER_NAME", "@ptr2", "SL:MUSIC_PROVIDER_NAME]", "[SL:MUSIC_RADIO_ID", "@ptr5", "@ptr6", "SL:MUSIC_RADIO_ID]", "IN:PLAY_MUSIC]"], "predicted_tokens": ["[IN:PLAY_MUSIC", "[SL:MUSIC_PROVIDER_NAME", "@ptr2", "SL:MUSIC_PROVIDER_NAME]", "[SL:MUSIC_RADIO_ID", "@ptr5", "@ptr6", "SL:MUSIC_RADIO_ID]", "IN:PLAY_MUSIC]"]}
{"loss": 3.9799327850341797, "class_log_probabilities": [-2.1775407791137695, -2.6102945804595947, -4.043888092041016, -4.0644121170043945], "predictions": [13, 14, 397, 398, 15, 16, 400, 401, 402, 17, 79, 403, 80, 18, 4], "target_tokens": ["[IN:GET_WEATHER", "[SL:WEATHER_ATTRIBUTE", "@ptr7", "SL:WEATHER_ATTRIBUTE]", "[SL:LOCATION", "@ptr2", "SL:LOCATION]", "[SL:DATE_TIME", "@ptr3", "@ptr4", "@ptr5", "SL:DATE_TIME]", "IN:GET_WEATHER]"], "predicted_tokens": ["[IN:GET_WEATHER", "[SL:LOCATION", "@ptr2", "@ptr3", "SL:LOCATION]", "[SL:DATE_TIME", "@ptr5", "@ptr6", "@ptr7", "SL:DATE_TIME]", "[SL:WEATHER_ATTRIBUTE", "@ptr8", "SL:WEATHER_ATTRIBUTE]", "IN:GET_WEATHER]"]}
{"loss": 2.8067727088928223, "class_log_probabilities": [-4.295253276824951, -5.297325611114502, -5.4375715255737305, -6.153830528259277], "predictions": [13, 14, 399, 400, 15, 16, 403, 404, 405, 407, 409, 17, 18, 4, 4, 4, 4, 4], "target_tokens": ["[IN:GET_WEATHER", "[SL:LOCATION", "@ptr3", "@ptr4", "SL:LOCATION]", "[SL:DATE_TIME", "@ptr11", "@ptr12", "@ptr13", "@ptr14", "SL:DATE_TIME]", "IN:GET_WEATHER]"], "predicted_tokens": ["[IN:GET_WEATHER", "[SL:LOCATION", "@ptr4", "@ptr5", "SL:LOCATION]", "[SL:DATE_TIME", "@ptr8", "@ptr9", "@ptr10", "@ptr12", "@ptr14", "SL:DATE_TIME]", "IN:GET_WEATHER]"]}
{"loss": 1.2018647193908691, "class_log_probabilities": [-3.0238876342773438, -3.1168594360351562, -3.3431224822998047, -3.640294075012207], "predictions": [13, 79, 396, 80, 16, 401, 402, 403, 405, 17, 18, 4], "target_tokens": ["[IN:GET_WEATHER", "[SL:WEATHER_ATTRIBUTE", "@ptr0", "SL:WEATHER_ATTRIBUTE]", "[SL:DATE_TIME", "@ptr6", "@ptr7", "@ptr8", "SL:DATE_TIME]", "IN:GET_WEATHER]"], "predicted_tokens": ["[IN:GET_WEATHER", "[SL:WEATHER_ATTRIBUTE", "@ptr1", "SL:WEATHER_ATTRIBUTE]", "[SL:DATE_TIME", "@ptr6", "@ptr7", "@ptr8", "@ptr10", "SL:DATE_TIME]", "IN:GET_WEATHER]"]}
{"loss": 2.259667158126831, "class_log_probabilities": [-0.4820423722267151, -6.915935516357422, -7.698372840881348, -8.823159217834473], "predictions": [13, 16, 398, 399, 400, 17, 18, 4, 4, 4, 4], "target_tokens": ["[IN:GET_WEATHER", "[SL:DATE_TIME", "@ptr2", "@ptr3", "@ptr4", "@ptr5", "SL:DATE_TIME]", "IN:GET_WEATHER]"], "predicted_tokens": ["[IN:GET_WEATHER", "[SL:DATE_TIME", "@ptr3", "@ptr4", "@ptr5", "SL:DATE_TIME]", "IN:GET_WEATHER]"]}
{"loss": 1.881041407585144, "class_log_probabilities": [-0.5425859689712524, -6.531453609466553, -6.9406280517578125, -8.068114280700684], "predictions": [13, 16, 398, 399, 400, 401, 17, 18, 4, 4], "target_tokens": ["[IN:GET_WEATHER", "[SL:DATE_TIME", "@ptr3", "@ptr4", "@ptr5", "SL:DATE_TIME]", "IN:GET_WEATHER]"], "predicted_tokens": ["[IN:GET_WEATHER", "[SL:DATE_TIME", "@ptr3", "@ptr4", "@ptr5", "@ptr6", "SL:DATE_TIME]", "IN:GET_WEATHER]"]}
{"loss": 2.7083895206451416, "class_log_probabilities": [-0.47978270053863525, -6.277943134307861, -6.3124237060546875, -6.76011848449707], "predictions": [13, 14, 399, 400, 15, 18, 4], "target_tokens": ["[IN:GET_WEATHER", "[SL:LOCATION", "@ptr3", "@ptr4", "SL:LOCATION]", "IN:GET_WEATHER]"], "predicted_tokens": ["[IN:GET_WEATHER", "[SL:LOCATION", "@ptr4", "@ptr5", "SL:LOCATION]", "IN:GET_WEATHER]"]}
{"loss": 0.973056435585022, "class_log_probabilities": [-0.6089094877243042, -3.87329363822937, -5.208043575286865, -6.283053874969482], "predictions": [13, 14, 402, 403, 404, 15, 18, 4], "target_tokens": ["[IN:GET_WEATHER", "[SL:LOCATION", "@ptr7", "@ptr8", "@ptr9", "SL:LOCATION]", "IN:GET_WEATHER]"], "predicted_tokens": ["[IN:GET_WEATHER", "[SL:LOCATION", "@ptr7", "@ptr8", "@ptr9", "SL:LOCATION]", "IN:GET_WEATHER]"]}
{"loss": 1.7723673582077026, "class_log_probabilities": [-0.43774259090423584, -5.88535213470459, -7.484758377075195, -7.612186431884766], "predictions": [13, 14, 399, 15, 18, 4], "target_tokens": ["[IN:GET_WEATHER", "[SL:LOCATION", "@ptr3", "SL:LOCATION]", "IN:GET_WEATHER]"], "predicted_tokens": ["[IN:GET_WEATHER", "[SL:LOCATION", "@ptr4", "SL:LOCATION]", "IN:GET_WEATHER]"]}
{"loss": 1.2801282405853271, "class_log_probabilities": [-1.1713309288024902, -3.0896596908569336, -3.722625255584717, -4.168161392211914], "predictions": [45, 16, 399, 400, 401, 17, 46, 4, 4], "target_tokens": ["[IN:CREATE_ALARM", "[SL:DATE_TIME", "@ptr4", "@ptr5", "@ptr6", "@ptr7", "SL:DATE_TIME]", "IN:CREATE_ALARM]"], "predicted_tokens": ["[IN:CREATE_ALARM", "[SL:DATE_TIME", "@ptr4", "@ptr5", "@ptr6", "SL:DATE_TIME]", "IN:CREATE_ALARM]"]}
{"loss": 1.3656232357025146, "class_log_probabilities": [-1.118565559387207, -3.824524402618408, -4.987546920776367, -5.58877420425415], "predictions": [45, 16, 398, 399, 400, 17, 46, 4, 4], "target_tokens": ["[IN:CREATE_ALARM", "[SL:DATE_TIME", "@ptr3", "@ptr4", "@ptr5", "@ptr6", "SL:DATE_TIME]", "IN:CREATE_ALARM]"], "predicted_tokens": ["[IN:CREATE_ALARM", "[SL:DATE_TIME", "@ptr3", "@ptr4", "@ptr5", "SL:DATE_TIME]", "IN:CREATE_ALARM]"]}
{"loss": 1.8654056787490845, "class_log_probabilities": [-1.28224515914917, -3.0733132362365723, -4.705698013305664, -5.916415691375732], "predictions": [45, 16, 401, 402, 403, 404, 405, 406, 17, 46, 4], "target_tokens": ["[IN:CREATE_ALARM", "[SL:DATE_TIME", "@ptr5", "@ptr6", "@ptr7", "@ptr8", "@ptr9", "@ptr10", "SL:DATE_TIME]", "IN:CREATE_ALARM]"], "predicted_tokens": ["[IN:CREATE_ALARM", "[SL:DATE_TIME", "@ptr6", "@ptr7", "@ptr8", "@ptr9", "@ptr10", "@ptr11", "SL:DATE_TIME]", "IN:CREATE_ALARM]"]}
{"loss": 1.514257788658142, "class_log_probabilities": [-4.439442157745361, -4.721618175506592, -5.1290283203125, -5.528262138366699], "predictions": [49, 16, 400, 401, 402, 404, 405, 17, 34, 407, 35, 50, 4, 4, 4], "target_tokens": ["[IN:CREATE_ALARM", "[SL:DATE_TIME", "@ptr4", "@ptr5", "@ptr6", "@ptr7", "@ptr8", "@ptr9", "@ptr10", "SL:DATE_TIME]", "IN:CREATE_ALARM]"], "predicted_tokens": ["[IN:CREATE_REMINDER", "[SL:DATE_TIME", "@ptr5", "@ptr6", "@ptr7", "@ptr9", "@ptr10", "SL:DATE_TIME]", "[SL:PERSON_REMINDED", "@ptr12", "SL:PERSON_REMINDED]", "IN:CREATE_REMINDER]"]}
{"loss": 1.0494294166564941, "class_log_probabilities": [-2.3299789428710938, -3.844017267227173, -4.366477966308594, -5.361852645874023], "predictions": [45, 16, 398, 399, 400, 401, 402, 403, 17, 46, 4, 4, 4, 4], "target_tokens": ["[IN:CREATE_ALARM", "[SL:DATE_TIME", "@ptr3", "@ptr4", "@ptr5", "@ptr6", "@ptr7", "@ptr8", "SL:DATE_TIME]", "IN:CREATE_ALARM]"], "predicted_tokens": ["[IN:CREATE_ALARM", "[SL:DATE_TIME", "@ptr3", "@ptr4", "@ptr5", "@ptr6", "@ptr7", "@ptr8", "SL:DATE_TIME]", "IN:CREATE_ALARM]"]}
{"loss": 4.012814998626709, "class_log_probabilities": [-2.089470863342285, -2.5680813789367676, -2.9432525634765625, -4.582883358001709], "predictions": [255, 16, 401, 17, 256, 4, 4, 4], "target_tokens": ["[IN:SNOOZE_ALARM", "[SL:DATE_TIME", "@ptr5", "@ptr6", "@ptr7", "@ptr8", "SL:DATE_TIME]", "IN:SNOOZE_ALARM]"], "predicted_tokens": ["[IN:PAUSE_TIMER", "[SL:DATE_TIME", "@ptr6", "SL:DATE_TIME]", "IN:PAUSE_TIMER]"]}
{"loss": 3.0343971252441406, "class_log_probabilities": [-3.324732542037964, -4.845145225524902, -5.891744136810303, -144.37033081054688], "predictions": [159, 160, 4, 4, 4, 4, 4, 4, 4, 4, 4, 4, 4, 4, 4, 4, 4, 4, 4, 4, 4, 4, 4, 4, 4, 4, 4, 4, 4, 4, 4, 4, 4, 4, 4, 4, 4, 4, 4, 4, 4, 4, 4, 4, 4, 4, 4, 4, 4, 4, 4, 4, 4, 4, 4, 4, 4, 4, 4, 4, 4, 4, 4, 4, 4, 4, 4, 4, 4, 4, 4, 4, 4, 4, 4, 4, 4, 4, 4, 4, 4, 4, 4, 4, 4, 4, 4, 4, 4, 4, 4, 4, 4, 4, 4, 4, 4, 4, 4, 4], "target_tokens": ["[IN:SNOOZE_ALARM", "[SL:ALARM_NAME", "@ptr6", "@ptr7", "SL:ALARM_NAME]", "IN:SNOOZE_ALARM]"], "predicted_tokens": ["[IN:SNOOZE_ALARM", "IN:SNOOZE_ALARM]"]}
{"loss": 2.2626612186431885, "class_log_probabilities": [-4.076375484466553, -5.538329124450684, -5.774745941162109, -6.052189826965332], "predictions": [49, 16, 401, 402, 403, 404, 405, 406, 408, 17, 50, 4, 4, 4, 4, 4], "target_tokens": ["[IN:CREATE_ALARM", "[SL:DATE_TIME", "@ptr4", "@ptr5", "@ptr6", "@ptr7", "@ptr8", "@ptr9", "@ptr10", "@ptr11", "@ptr12", "@ptr13", "@ptr14", "SL:DATE_TIME]", "IN:CREATE_ALARM]"], "predicted_tokens": ["[IN:CREATE_REMINDER", "[SL:DATE_TIME", "@ptr6", "@ptr7", "@ptr8", "@ptr9", "@ptr10", "@ptr11", "@ptr13", "SL:DATE_TIME]", "IN:CREATE_REMINDER]"]}
{"loss": 2.1610121726989746, "class_log_probabilities": [-1.9840785264968872, -3.610189914703369, -4.135280609130859, -5.1056365966796875], "predictions": [49, 16, 401, 402, 403, 404, 405, 407, 17, 50, 4, 4, 4, 4], "target_tokens": ["[IN:CREATE_ALARM", "[SL:DATE_TIME", "@ptr5", "@ptr6", "@ptr7", "@ptr8", "@ptr9", "@ptr10", "@ptr11", "@ptr12", "@ptr13", "@ptr14", "SL:DATE_TIME]", "IN:CREATE_ALARM]"], "predicted_tokens": ["[IN:CREATE_REMINDER", "[SL:DATE_TIME", "@ptr6", "@ptr7", "@ptr8", "@ptr9", "@ptr10", "@ptr12", "SL:DATE_TIME]", "IN:CREATE_REMINDER]"]}
{"loss": 2.8331925868988037, "class_log_probabilities": [-1.2278069257736206, -3.6376523971557617, -3.759805202484131, -4.1563401222229], "predictions": [49, 16, 400, 401, 402, 403, 17, 50, 4, 4, 4, 4, 4], "target_tokens": ["[IN:CREATE_ALARM", "[SL:DATE_TIME", "@ptr3", "@ptr4", "@ptr5", "@ptr6", "@ptr7", "@ptr8", "@ptr9", "@ptr10", "@ptr11", "SL:DATE_TIME]", "IN:CREATE_ALARM]"], "predicted_tokens": ["[IN:CREATE_REMINDER", "[SL:DATE_TIME", "@ptr5", "@ptr6", "@ptr7", "@ptr8", "SL:DATE_TIME]", "IN:CREATE_REMINDER]"]}
{"loss": 2.2146289348602295, "class_log_probabilities": [-3.6551332473754883, -3.896714687347412, -4.918700695037842, -5.123100757598877], "predictions": [45, 46, 4, 4, 4, 4, 4, 4, 4, 4, 4, 4, 4], "target_tokens": ["[IN:CREATE_ALARM", "[SL:DATE_TIME", "@ptr6", "@ptr7", "SL:DATE_TIME]", "[SL:DATE_TIME", "@ptr10", "@ptr11", "@ptr12", "@ptr13", "SL:DATE_TIME]", "IN:CREATE_ALARM]"], "predicted_tokens": ["[IN:CREATE_ALARM", "IN:CREATE_ALARM]"]}
{"loss": 3.3175606727600098, "class_log_probabilities": [-9.381048202514648, -11.45378303527832, -11.55251407623291, -12.593923568725586], "predictions": [49, 36, 143, 36, 75, 6, 401, 7, 78, 37, 16, 410, 17, 50, 4, 4, 4, 4, 4], "target_tokens": ["[IN:CREATE_ALARM", "[SL:ALARM_NAME", "@ptr8", "@ptr9", "@ptr10", "@ptr11", "@ptr12", "SL:ALARM_NAME]", "[SL:DATE_TIME", "@ptr13", "@ptr14", "@ptr15", "@ptr16", "@ptr17", "@ptr18", "SL:DATE_TIME]", "IN:CREATE_ALARM]"], "predicted_tokens": ["[IN:CREATE_REMINDER", "[SL:TODO", "[IN:GET_TODO", "[SL:TODO", "[IN:CREATE_CALL", "[SL:CONTACT", "@ptr6", "SL:CONTACT]", "IN:CREATE_CALL]", "SL:TODO]", "[SL:DATE_TIME", "@ptr15", "SL:DATE_TIME]", "IN:CREATE_REMINDER]"]}
{"loss": 2.4149248600006104, "class_log_probabilities": [-2.205749988555908, -2.27274751663208, -4.082913875579834, -5.338226318359375], "predictions": [115, 120, 401, 121, 116, 4, 4, 4, 4], "target_tokens": ["[IN:GET_ALARM", "[SL:AMOUNT", "@ptr5", "SL:AMOUNT]", "IN:GET_ALARM]"], "predicted_tokens": ["[IN:GET_TIMER", "[SL:AMOUNT", "@ptr6", "SL:AMOUNT]", "IN:GET_TIMER]"]}
{"loss": 2.375624179840088, "class_log_probabilities": [-2.5734989643096924, -3.081761360168457, -3.5750789642333984, -3.7915074825286865], "predictions": [49, 16, 402, 403, 404, 405, 17, 50, 4], "target_tokens": ["[IN:CREATE_ALARM", "[SL:DATE_TIME", "@ptr6", "@ptr7", "@ptr8", "@ptr9", "SL:DATE_TIME]", "IN:CREATE_ALARM]"], "predicted_tokens": ["[IN:CREATE_REMINDER", "[SL:DATE_TIME", "@ptr7", "@ptr8", "@ptr9", "@ptr10", "SL:DATE_TIME]", "IN:CREATE_REMINDER]"]}
{"loss": 0.9572334885597229, "class_log_probabilities": [-0.19982747733592987, -7.628023624420166, -8.495302200317383, -8.595146179199219], "predictions": [171, 172, 4, 4], "target_tokens": ["[IN:GET_AVAILABILITY", "IN:GET_AVAILABILITY]"], "predicted_tokens": ["[IN:GET_AVAILABILITY", "IN:GET_AVAILABILITY]"]}
{"loss": 2.6786863803863525, "class_log_probabilities": [-2.7624762058258057, -4.855134963989258, -5.660269260406494, -5.895798206329346], "predictions": [185, 186, 4, 4, 4, 4, 4, 4], "target_tokens": ["[IN:GET_CALL", "[SL:DATE_TIME", "@ptr10", "@ptr11", "@ptr12", "SL:DATE_TIME]", "IN:GET_CALL]"], "predicted_tokens": ["[IN:GET_CALL", "IN:GET_CALL]"]}
{"loss": 1.0398883819580078, "class_log_probabilities": [-0.7146385908126831, -4.0256218910217285, -4.606216907501221, -4.708623886108398], "predictions": [69, 74, 4], "target_tokens": ["[IN:GET_CALL_TIME", "IN:GET_CALL_TIME]"], "predicted_tokens": ["[IN:GET_CALL_TIME", "IN:GET_CALL_TIME]"]}
{"loss": 2.504903793334961, "class_log_probabilities": [-1.0129653215408325, -1.6162899732589722, -4.631219863891602, -5.487656593322754], "predictions": [185, 16, 404, 17, 186, 4, 4], "target_tokens": ["[IN:GET_CALL", "[SL:DATE_TIME", "@ptr8", "@ptr9", "SL:DATE_TIME]", "IN:GET_CALL]"], "predicted_tokens": ["[IN:GET_CALL", "[SL:DATE_TIME", "@ptr9", "SL:DATE_TIME]", "IN:GET_CALL]"]}
{"loss": 2.1380207538604736, "class_log_probabilities": [-1.1312419176101685, -4.51762580871582, -4.844785690307617, -6.530813217163086], "predictions": [75, 6, 70, 71, 399, 400, 401, 72, 73, 7, 78, 4, 4, 4, 4], "target_tokens": ["[IN:CREATE_CALL", "[SL:CONTACT", "[IN:GET_CONTACT", "[SL:CONTACT_RELATED", "@ptr6", "@ptr7", "SL:CONTACT_RELATED]", "[SL:TYPE_RELATION", "@ptr4", "@ptr5", "SL:TYPE_RELATION]", "IN:GET_CONTACT]", "SL:CONTACT]", "IN:CREATE_CALL]"], "predicted_tokens": ["[IN:CREATE_CALL", "[SL:CONTACT", "[IN:GET_CONTACT", "[SL:TYPE_RELATION", "@ptr4", "@ptr5", "@ptr6", "SL:TYPE_RELATION]", "IN:GET_CONTACT]", "SL:CONTACT]", "IN:CREATE_CALL]"]}
{"loss": 0.9611133933067322, "class_log_probabilities": [-0.4674922823905945, -5.334792613983154, -5.591396808624268, -6.643763542175293], "predictions": [75, 6, 397, 7, 78, 4, 4], "target_tokens": ["[IN:CREATE_CALL", "[SL:CONTACT", "@ptr2", "SL:CONTACT]", "IN:CREATE_CALL]"], "predicted_tokens": ["[IN:CREATE_CALL", "[SL:CONTACT", "@ptr2", "SL:CONTACT]", "IN:CREATE_CALL]"]}
{"loss": 2.4644882678985596, "class_log_probabilities": [-1.410841941833496, -2.4216408729553223, -2.68076753616333, -5.505147457122803], "predictions": [75, 6, 396, 397, 7, 78, 4, 4, 4, 4, 4, 4], "target_tokens": ["[IN:CREATE_CALL", "[SL:CONTACT", "[IN:GET_CONTACT", "[SL:CONTACT_RELATED", "@ptr3", "@ptr4", "SL:CONTACT_RELATED]", "[SL:TYPE_RELATION", "@ptr1", "@ptr2", "SL:TYPE_RELATION]", "IN:GET_CONTACT]", "SL:CONTACT]", "IN:CREATE_CALL]"], "predicted_tokens": ["[IN:CREATE_CALL", "[SL:CONTACT", "@ptr1", "@ptr2", "SL:CONTACT]", "IN:CREATE_CALL]"]}
{"loss": 0.9673032760620117, "class_log_probabilities": [-0.5840923190116882, -7.153758525848389, -7.198744297027588, -7.969125747680664], "predictions": [75, 6, 70, 71, 398, 72, 73, 7, 78, 4, 4, 4], "target_tokens": ["[IN:CREATE_CALL", "[SL:CONTACT", "[IN:GET_CONTACT", "[SL:TYPE_RELATION", "@ptr3", "SL:TYPE_RELATION]", "IN:GET_CONTACT]", "SL:CONTACT]", "IN:CREATE_CALL]"], "predicted_tokens": ["[IN:CREATE_CALL", "[SL:CONTACT", "[IN:GET_CONTACT", "[SL:TYPE_RELATION", "@ptr3", "SL:TYPE_RELATION]", "IN:GET_CONTACT]", "SL:CONTACT]", "IN:CREATE_CALL]"]}
{"loss": 0.961010754108429, "class_log_probabilities": [-0.4239511489868164, -6.062807083129883, -6.82421350479126, -6.893113613128662], "predictions": [75, 6, 397, 7, 78, 4, 4], "target_tokens": ["[IN:CREATE_CALL", "[SL:CONTACT", "@ptr2", "SL:CONTACT]", "IN:CREATE_CALL]"], "predicted_tokens": ["[IN:CREATE_CALL", "[SL:CONTACT", "@ptr2", "SL:CONTACT]", "IN:CREATE_CALL]"]}
{"loss": 2.1972525119781494, "class_log_probabilities": [-1.2112401723861694, -3.040412187576294, -3.9484148025512695, -5.648015022277832], "predictions": [75, 6, 70, 71, 397, 72, 73, 7, 78, 4, 4, 4, 4], "target_tokens": ["[IN:CREATE_CALL", "[SL:CONTACT", "[IN:GET_CONTACT", "[SL:CONTACT_RELATED", "@ptr3", "@ptr4", "SL:CONTACT_RELATED]", "[SL:TYPE_RELATION", "@ptr2", "SL:TYPE_RELATION]", "IN:GET_CONTACT]", "SL:CONTACT]", "IN:CREATE_CALL]"], "predicted_tokens": ["[IN:CREATE_CALL", "[SL:CONTACT", "[IN:GET_CONTACT", "[SL:TYPE_RELATION", "@ptr2", "SL:TYPE_RELATION]", "IN:GET_CONTACT]", "SL:CONTACT]", "IN:CREATE_CALL]"]}
{"loss": 0.9858038425445557, "class_log_probabilities": [-0.6897103190422058, -4.95090913772583, -4.9971113204956055, -5.481024742126465], "predictions": [63, 66, 396, 67, 103, 398, 104, 68, 4], "target_tokens": ["[IN:PLAY_MUSIC", "[SL:MUSIC_ARTIST_NAME", "@ptr1", "SL:MUSIC_ARTIST_NAME]", "[SL:MUSIC_PROVIDER_NAME", "@ptr3", "SL:MUSIC_PROVIDER_NAME]", "IN:PLAY_MUSIC]"], "predicted_tokens": ["[IN:PLAY_MUSIC", "[SL:MUSIC_ARTIST_NAME", "@ptr1", "SL:MUSIC_ARTIST_NAME]", "[SL:MUSIC_PROVIDER_NAME", "@ptr3", "SL:MUSIC_PROVIDER_NAME]", "IN:PLAY_MUSIC]"]}
{"loss": 2.458801746368408, "class_log_probabilities": [-0.6708077192306519, -5.886266231536865, -5.928876876831055, -6.409069061279297], "predictions": [63, 64, 396, 65, 66, 398, 67, 68, 4], "target_tokens": ["[IN:PLAY_MUSIC", "[SL:MUSIC_ARTIST_NAME", "@ptr3", "SL:MUSIC_ARTIST_NAME]", "[SL:MUSIC_TYPE", "@ptr1", "SL:MUSIC_TYPE]", "IN:PLAY_MUSIC]"], "predicted_tokens": ["[IN:PLAY_MUSIC", "[SL:MUSIC_TYPE", "@ptr1", "SL:MUSIC_TYPE]", "[SL:MUSIC_ARTIST_NAME", "@ptr3", "SL:MUSIC_ARTIST_NAME]", "IN:PLAY_MUSIC]"]}
{"loss": 2.1066901683807373, "class_log_probabilities": [-1.7981231212615967, -2.684356689453125, -2.983002185821533, -4.229113578796387], "predictions": [75, 6, 70, 71, 397, 72, 73, 7, 78, 4, 4, 4, 4], "target_tokens": ["[IN:CREATE_CALL", "[SL:CONTACT", "[IN:GET_CONTACT", "[SL:CONTACT_RELATED", "@ptr5", "SL:CONTACT_RELATED]", "[SL:TYPE_RELATION", "@ptr2", "@ptr3", "SL:TYPE_RELATION]", "IN:GET_CONTACT]", "SL:CONTACT]", "IN:CREATE_CALL]"], "predicted_tokens": ["[IN:CREATE_CALL", "[SL:CONTACT", "[IN:GET_CONTACT", "[SL:TYPE_RELATION", "@ptr2", "SL:TYPE_RELATION]", "IN:GET_CONTACT]", "SL:CONTACT]", "IN:CREATE_CALL]"]}
{"loss": 1.952789545059204, "class_log_probabilities": [-1.5199403762817383, -2.9524316787719727, -3.1586191654205322, -3.5241127014160156], "predictions": [75, 6, 70, 71, 397, 72, 6, 400, 7, 73, 7, 78, 4], "target_tokens": ["[IN:CREATE_CALL", "[SL:CONTACT", "[IN:GET_CONTACT", "[SL:CONTACT_RELATED", "@ptr4", "SL:CONTACT_RELATED]", "[SL:TYPE_RELATION", "@ptr2", "SL:TYPE_RELATION]", "IN:GET_CONTACT]", "SL:CONTACT]", "IN:CREATE_CALL]"], "predicted_tokens": ["[IN:CREATE_CALL", "[SL:CONTACT", "[IN:GET_CONTACT", "[SL:TYPE_RELATION", "@ptr2", "SL:TYPE_RELATION]", "[SL:CONTACT", "@ptr5", "SL:CONTACT]", "IN:GET_CONTACT]", "SL:CONTACT]", "IN:CREATE_CALL]"]}
{"loss": 1.8914536237716675, "class_log_probabilities": [-1.315895915031433, -2.7109627723693848, -4.843575477600098, -5.3490424156188965], "predictions": [75, 6, 70, 71, 397, 72, 6, 399, 400, 401, 7, 73, 7, 78, 4], "target_tokens": ["[IN:CREATE_CALL", "[SL:CONTACT", "[IN:GET_CONTACT", "[SL:CONTACT_RELATED", "@ptr4", "@ptr5", "SL:CONTACT_RELATED]", "[SL:TYPE_RELATION", "@ptr2", "SL:TYPE_RELATION]", "IN:GET_CONTACT]", "SL:CONTACT]", "IN:CREATE_CALL]"], "predicted_tokens": ["[IN:CREATE_CALL", "[SL:CONTACT", "[IN:GET_CONTACT", "[SL:TYPE_RELATION", "@ptr2", "SL:TYPE_RELATION]", "[SL:CONTACT", "@ptr4", "@ptr5", "@ptr6", "SL:CONTACT]", "IN:GET_CONTACT]", "SL:CONTACT]", "IN:CREATE_CALL]"]}
{"loss": 1.3588178157806396, "class_log_probabilities": [-3.865000009536743, -3.926823377609253, -4.163426876068115, -4.352549076080322], "predictions": [61, 83, 396, 397, 398, 399, 400, 84, 16, 403, 405, 406, 407, 17, 62, 4, 4], "target_tokens": ["[IN:GET_EVENT", "[SL:CATEGORY_EVENT", "@ptr1", "@ptr2", "@ptr3", "@ptr4", "SL:CATEGORY_EVENT]", "[SL:DATE_TIME", "@ptr9", "@ptr10", "@ptr11", "SL:DATE_TIME]", "IN:GET_EVENT]"], "predicted_tokens": ["[IN:GET_EVENT", "[SL:CATEGORY_EVENT", "@ptr1", "@ptr2", "@ptr3", "@ptr4", "@ptr5", "SL:CATEGORY_EVENT]", "[SL:DATE_TIME", "@ptr8", "@ptr10", "@ptr11", "@ptr12", "SL:DATE_TIME]", "IN:GET_EVENT]"]}
{"loss": 1.6360793113708496, "class_log_probabilities": [-0.9882085919380188, -3.4952409267425537, -6.43920373916626, -6.729416847229004], "predictions": [70, 16, 398, 399, 400, 401, 402, 17, 73, 4, 4, 4, 4], "target_tokens": ["[IN:GET_CONTACT", "[SL:DATE_TIME", "@ptr3", "@ptr4", "@ptr5", "@ptr6", "SL:DATE_TIME]", "IN:GET_CONTACT]"], "predicted_tokens": ["[IN:GET_CONTACT", "[SL:DATE_TIME", "@ptr3", "@ptr4", "@ptr5", "@ptr6", "@ptr7", "SL:DATE_TIME]", "IN:GET_CONTACT]"]}
{"loss": 2.0597219467163086, "class_log_probabilities": [-1.4663454294204712, -1.74750554561615, -4.4395623207092285, -4.471421241760254], "predictions": [70, 71, 395, 72, 93, 399, 94, 73, 4, 4], "target_tokens": ["[IN:GET_CONTACT", "[SL:CONTACT_RELATED", "@ptr4", "SL:CONTACT_RELATED]", "[SL:TYPE_RELATION", "@ptr0", "SL:TYPE_RELATION]", "IN:GET_CONTACT]"], "predicted_tokens": ["[IN:GET_CONTACT", "[SL:TYPE_RELATION", "@ptr0", "SL:TYPE_RELATION]", "[SL:CONTACT_RELATED", "@ptr4", "SL:CONTACT_RELATED]", "IN:GET_CONTACT]"]}
{"loss": 0.9592090845108032, "class_log_probabilities": [-0.8483340740203857, -5.028258800506592, -5.16518497467041, -6.161683082580566], "predictions": [75, 6, 399, 400, 401, 402, 403, 7, 78, 4, 4], "target_tokens": ["[IN:CREATE_CALL", "[SL:CONTACT", "@ptr4", "@ptr5", "@ptr6", "@ptr7", "@ptr8", "SL:CONTACT]", "IN:CREATE_CALL]"], "predicted_tokens": ["[IN:CREATE_CALL", "[SL:CONTACT", "@ptr4", "@ptr5", "@ptr6", "@ptr7", "@ptr8", "SL:CONTACT]", "IN:CREATE_CALL]"]}
{"loss": 0.9661183953285217, "class_log_probabilities": [-0.6566087007522583, -3.5548431873321533, -5.218249320983887, -6.127569198608398], "predictions": [75, 6, 399, 400, 7, 78, 4, 4], "target_tokens": ["[IN:CREATE_CALL", "[SL:CONTACT", "@ptr4", "@ptr5", "SL:CONTACT]", "IN:CREATE_CALL]"], "predicted_tokens": ["[IN:CREATE_CALL", "[SL:CONTACT", "@ptr4", "@ptr5", "SL:CONTACT]", "IN:CREATE_CALL]"]}
{"loss": 2.9900333881378174, "class_log_probabilities": [-1.6608190536499023, -2.490312337875366, -3.3231749534606934, -3.372232437133789], "predictions": [75, 6, 397, 398, 7, 14, 404, 405, 15, 78, 4], "target_tokens": ["[IN:CREATE_CALL", "[SL:CONTACT", "@ptr2", "@ptr3", "@ptr4", "@ptr5", "@ptr6", "@ptr7", "@ptr8", "@ptr9", "SL:CONTACT]", "IN:CREATE_CALL]"], "predicted_tokens": ["[IN:CREATE_CALL", "[SL:CONTACT", "@ptr2", "@ptr3", "SL:CONTACT]", "[SL:LOCATION", "@ptr9", "@ptr10", "SL:LOCATION]", "IN:CREATE_CALL]"]}
{"loss": 2.397385358810425, "class_log_probabilities": [-4.411750316619873, -4.606647968292236, -5.065522193908691, -5.299802303314209], "predictions": [75, 6, 70, 93, 396, 397, 398, 399, 400, 94, 71, 402, 72, 73, 7, 78, 4, 4], "target_tokens": ["[IN:CREATE_CALL", "[SL:CONTACT", "[IN:GET_CONTACT", "[SL:CONTACT_RELATED", "@ptr8", "@ptr9", "SL:CONTACT_RELATED]", "[SL:TYPE_RELATION", "@ptr7", "SL:TYPE_RELATION]", "IN:GET_CONTACT]", "SL:CONTACT]", "IN:CREATE_CALL]"], "predicted_tokens": ["[IN:CREATE_CALL", "[SL:CONTACT", "[IN:GET_CONTACT", "[SL:CONTACT_RELATED", "@ptr1", "@ptr2", "@ptr3", "@ptr4", "@ptr5", "SL:CONTACT_RELATED]", "[SL:TYPE_RELATION", "@ptr7", "SL:TYPE_RELATION]", "IN:GET_CONTACT]", "SL:CONTACT]", "IN:CREATE_CALL]"]}
{"loss": 1.331198811531067, "class_log_probabilities": [-2.3585519790649414, -2.699636697769165, -3.4291231632232666, -3.588191032409668], "predictions": [23, 10, 398, 11, 24, 404, 405, 406, 407, 408, 409, 410, 25, 26, 4, 4], "target_tokens": ["[IN:SEND_MESSAGE", "[SL:RECIPIENT", "@ptr3", "SL:RECIPIENT]", "[SL:CONTENT_EXACT", "@ptr8", "@ptr9", "@ptr10", "@ptr11", "@ptr12", "@ptr13", "@ptr14", "SL:CONTENT_EXACT]", "IN:SEND_MESSAGE]"], "predicted_tokens": ["[IN:SEND_MESSAGE", "[SL:RECIPIENT", "@ptr3", "SL:RECIPIENT]", "[SL:CONTENT_EXACT", "@ptr9", "@ptr10", "@ptr11", "@ptr12", "@ptr13", "@ptr14", "@ptr15", "SL:CONTENT_EXACT]", "IN:SEND_MESSAGE]"]}
{"loss": 1.9212347269058228, "class_log_probabilities": [-0.6650740504264832, -4.258196830749512, -4.381494522094727, -5.1013617515563965], "predictions": [75, 6, 399, 400, 401, 402, 7, 78, 4, 4], "target_tokens": ["[IN:CREATE_CALL", "[SL:CONTACT", "@ptr3", "@ptr4", "@ptr5", "@ptr6", "@ptr7", "SL:CONTACT]", "IN:CREATE_CALL]"], "predicted_tokens": ["[IN:CREATE_CALL", "[SL:CONTACT", "@ptr4", "@ptr5", "@ptr6", "@ptr7", "SL:CONTACT]", "IN:CREATE_CALL]"]}
{"loss": 0.9582369327545166, "class_log_probabilities": [-0.4082653224468231, -7.540699005126953, -7.739129066467285, -7.765405654907227], "predictions": [75, 6, 397, 7, 78, 4, 4, 4], "target_tokens": ["[IN:CREATE_CALL", "[SL:CONTACT", "@ptr2", "SL:CONTACT]", "IN:CREATE_CALL]"], "predicted_tokens": ["[IN:CREATE_CALL", "[SL:CONTACT", "@ptr2", "SL:CONTACT]", "IN:CREATE_CALL]"]}
{"loss": 0.963823139667511, "class_log_probabilities": [-0.39436084032058716, -6.533192157745361, -7.143283843994141, -7.1721014976501465], "predictions": [75, 6, 399, 7, 78, 4, 4], "target_tokens": ["[IN:CREATE_CALL", "[SL:CONTACT", "@ptr4", "SL:CONTACT]", "IN:CREATE_CALL]"], "predicted_tokens": ["[IN:CREATE_CALL", "[SL:CONTACT", "@ptr4", "SL:CONTACT]", "IN:CREATE_CALL]"]}
{"loss": 0.9697121381759644, "class_log_probabilities": [-0.5691652894020081, -6.676632404327393, -7.125705718994141, -7.298010349273682], "predictions": [75, 6, 70, 71, 399, 72, 73, 7, 78, 4, 4, 4, 4], "target_tokens": ["[IN:CREATE_CALL", "[SL:CONTACT", "[IN:GET_CONTACT", "[SL:TYPE_RELATION", "@ptr4", "SL:TYPE_RELATION]", "IN:GET_CONTACT]", "SL:CONTACT]", "IN:CREATE_CALL]"], "predicted_tokens": ["[IN:CREATE_CALL", "[SL:CONTACT", "[IN:GET_CONTACT", "[SL:TYPE_RELATION", "@ptr4", "SL:TYPE_RELATION]", "IN:GET_CONTACT]", "SL:CONTACT]", "IN:CREATE_CALL]"]}
{"loss": 0.9582984447479248, "class_log_probabilities": [-0.19530633091926575, -7.720763683319092, -8.483353614807129, -8.49853229522705], "predictions": [171, 172, 4, 4], "target_tokens": ["[IN:GET_AVAILABILITY", "IN:GET_AVAILABILITY]"], "predicted_tokens": ["[IN:GET_AVAILABILITY", "IN:GET_AVAILABILITY]"]}
{"loss": 0.9848447442054749, "class_log_probabilities": [-0.15525692701339722, -7.402899265289307, -7.764492511749268, -7.926575183868408], "predictions": [215, 216, 4], "target_tokens": ["[IN:SWITCH_CALL", "IN:SWITCH_CALL]"], "predicted_tokens": ["[IN:SWITCH_CALL", "IN:SWITCH_CALL]"]}
{"loss": 0.9727490544319153, "class_log_probabilities": [-0.16428110003471375, -8.097859382629395, -8.198600769042969, -8.413899421691895], "predictions": [81, 82, 4, 4], "target_tokens": ["[IN:END_CALL", "IN:END_CALL]"], "predicted_tokens": ["[IN:END_CALL", "IN:END_CALL]"]}
{"loss": 1.7831134796142578, "class_log_probabilities": [-1.1696399450302124, -4.033068656921387, -4.300785541534424, -4.644354820251465], "predictions": [171, 6, 70, 71, 396, 397, 398, 399, 72, 73, 7, 172, 4, 4, 4, 4], "target_tokens": ["[IN:GET_AVAILABILITY", "[SL:CONTACT", "[IN:GET_CONTACT", "[SL:CONTACT_RELATED", "@ptr4", "@ptr5", "SL:CONTACT_RELATED]", "[SL:TYPE_RELATION", "@ptr1", "@ptr2", "@ptr3", "SL:TYPE_RELATION]", "IN:GET_CONTACT]", "SL:CONTACT]", "IN:GET_AVAILABILITY]"], "predicted_tokens": ["[IN:GET_AVAILABILITY", "[SL:CONTACT", "[IN:GET_CONTACT", "[SL:TYPE_RELATION", "@ptr1", "@ptr2", "@ptr3", "@ptr4", "SL:TYPE_RELATION]", "IN:GET_CONTACT]", "SL:CONTACT]", "IN:GET_AVAILABILITY]"]}
{"loss": 1.790136456489563, "class_log_probabilities": [-0.42080608010292053, -5.934927940368652, -6.396989345550537, -6.4203410148620605], "predictions": [107, 108, 397, 109, 110, 4], "target_tokens": ["[IN:UPDATE_CALL", "[SL:CONTACT_ADDED", "@ptr1", "SL:CONTACT_ADDED]", "IN:UPDATE_CALL]"], "predicted_tokens": ["[IN:UPDATE_CALL", "[SL:CONTACT_ADDED", "@ptr2", "SL:CONTACT_ADDED]", "IN:UPDATE_CALL]"]}
{"loss": 0.9652643203735352, "class_log_probabilities": [-0.19086776673793793, -6.883001327514648, -7.433042049407959, -7.855540752410889], "predictions": [31, 32, 4, 4], "target_tokens": ["[IN:SET_UNAVAILABLE", "IN:SET_UNAVAILABLE]"], "predicted_tokens": ["[IN:SET_UNAVAILABLE", "IN:SET_UNAVAILABLE]"]}
{"loss": 0.9723389744758606, "class_log_probabilities": [-0.16534680128097534, -7.727518558502197, -8.204726219177246, -8.243653297424316], "predictions": [81, 82, 4], "target_tokens": ["[IN:END_CALL", "IN:END_CALL]"], "predicted_tokens": ["[IN:END_CALL", "IN:END_CALL]"]}
{"loss": 0.9841128587722778, "class_log_probabilities": [-0.45413944125175476, -7.05206823348999, -7.170421600341797, -7.172308444976807], "predictions": [107, 108, 70, 71, 396, 72, 73, 109, 110, 4], "target_tokens": ["[IN:UPDATE_CALL", "[SL:CONTACT_ADDED", "[IN:GET_CONTACT", "[SL:TYPE_RELATION", "@ptr1", "SL:TYPE_RELATION]", "IN:GET_CONTACT]", "SL:CONTACT_ADDED]", "IN:UPDATE_CALL]"], "predicted_tokens": ["[IN:UPDATE_CALL", "[SL:CONTACT_ADDED", "[IN:GET_CONTACT", "[SL:TYPE_RELATION", "@ptr1", "SL:TYPE_RELATION]", "IN:GET_CONTACT]", "SL:CONTACT_ADDED]", "IN:UPDATE_CALL]"]}
{"loss": 1.6474933624267578, "class_log_probabilities": [-1.7794543504714966, -3.314138650894165, -3.639923572540283, -4.794689178466797], "predictions": [75, 6, 70, 71, 397, 72, 73, 7, 78, 4], "target_tokens": ["[IN:UPDATE_CALL", "[SL:CONTACT_ADDED", "[IN:GET_CONTACT", "[SL:TYPE_RELATION", "@ptr1", "SL:TYPE_RELATION]", "IN:GET_CONTACT]", "SL:CONTACT_ADDED]", "IN:UPDATE_CALL]"], "predicted_tokens": ["[IN:CREATE_CALL", "[SL:CONTACT", "[IN:GET_CONTACT", "[SL:TYPE_RELATION", "@ptr2", "SL:TYPE_RELATION]", "IN:GET_CONTACT]", "SL:CONTACT]", "IN:CREATE_CALL]"]}
{"loss": 0.9821707606315613, "class_log_probabilities": [-0.6001573204994202, -2.4754106998443604, -6.2769036293029785, -7.767420768737793], "predictions": [75, 6, 400, 7, 78, 4, 4, 4], "target_tokens": ["[IN:CREATE_CALL", "[SL:CONTACT", "@ptr5", "SL:CONTACT]", "IN:CREATE_CALL]"], "predicted_tokens": ["[IN:CREATE_CALL", "[SL:CONTACT", "@ptr5", "SL:CONTACT]", "IN:CREATE_CALL]"]}
{"loss": 3.840679407119751, "class_log_probabilities": [-0.39873313903808594, -6.737973690032959, -7.31501579284668, -7.703493118286133], "predictions": [75, 6, 397, 7, 78, 4, 4, 4], "target_tokens": ["[IN:UPDATE_CALL", "[SL:CONTACT_ADDED", "@ptr2", "SL:CONTACT_ADDED]", "IN:UPDATE_CALL]"], "predicted_tokens": ["[IN:CREATE_CALL", "[SL:CONTACT", "@ptr2", "SL:CONTACT]", "IN:CREATE_CALL]"]}
{"loss": 0.9732853174209595, "class_log_probabilities": [-0.7873367071151733, -4.9822258949279785, -5.158758163452148, -5.581422805786133], "predictions": [75, 6, 70, 71, 398, 72, 73, 7, 78, 4, 4, 4, 4], "target_tokens": ["[IN:CREATE_CALL", "[SL:CONTACT", "[IN:GET_CONTACT", "[SL:TYPE_RELATION", "@ptr3", "SL:TYPE_RELATION]", "IN:GET_CONTACT]", "SL:CONTACT]", "IN:CREATE_CALL]"], "predicted_tokens": ["[IN:CREATE_CALL", "[SL:CONTACT", "[IN:GET_CONTACT", "[SL:TYPE_RELATION", "@ptr3", "SL:TYPE_RELATION]", "IN:GET_CONTACT]", "SL:CONTACT]", "IN:CREATE_CALL]"]}
{"loss": 1.9569227695465088, "class_log_probabilities": [-0.7637421488761902, -2.513155460357666, -6.166632175445557, -11.84208869934082], "predictions": [107, 108, 70, 71, 398, 72, 73, 109, 110, 4, 4, 4, 4, 4, 4, 4, 4], "target_tokens": ["[IN:UPDATE_CALL", "[SL:CONTACT_ADDED", "[IN:GET_CONTACT", "[SL:CONTACT_RELATED", "@ptr4", "@ptr5", "SL:CONTACT_RELATED]", "[SL:TYPE_RELATION", "@ptr3", "SL:TYPE_RELATION]", "IN:GET_CONTACT]", "SL:CONTACT_ADDED]", "IN:UPDATE_CALL]"], "predicted_tokens": ["[IN:UPDATE_CALL", "[SL:CONTACT_ADDED", "[IN:GET_CONTACT", "[SL:TYPE_RELATION", "@ptr3", "SL:TYPE_RELATION]", "IN:GET_CONTACT]", "SL:CONTACT_ADDED]", "IN:UPDATE_CALL]"]}
{"loss": 0.9603365063667297, "class_log_probabilities": [-0.4062715470790863, -7.175082206726074, -7.593199729919434, -7.684746742248535], "predictions": [75, 6, 398, 7, 78, 4, 4, 4], "target_tokens": ["[IN:CREATE_CALL", "[SL:CONTACT", "@ptr3", "SL:CONTACT]", "IN:CREATE_CALL]"], "predicted_tokens": ["[IN:CREATE_CALL", "[SL:CONTACT", "@ptr3", "SL:CONTACT]", "IN:CREATE_CALL]"]}
{"loss": 1.441957950592041, "class_log_probabilities": [-3.0155093669891357, -3.9588770866394043, -4.119785308837891, -4.772801399230957], "predictions": [81, 6, 70, 71, 399, 400, 401, 72, 73, 7, 82, 4], "target_tokens": ["[IN:END_CALL", "[SL:CONTACT", "[IN:GET_CONTACT", "[SL:TYPE_RELATION", "@ptr4", "@ptr5", "SL:TYPE_RELATION]", "IN:GET_CONTACT]", "SL:CONTACT]", "IN:END_CALL]"], "predicted_tokens": ["[IN:END_CALL", "[SL:CONTACT", "[IN:GET_CONTACT", "[SL:TYPE_RELATION", "@ptr4", "@ptr5", "@ptr6", "SL:TYPE_RELATION]", "IN:GET_CONTACT]", "SL:CONTACT]", "IN:END_CALL]"]}
{"loss": 2.108476400375366, "class_log_probabilities": [-2.5020194053649902, -2.8454859256744385, -2.901716947555542, -3.3489456176757812], "predictions": [75, 6, 70, 71, 398, 72, 6, 400, 7, 73, 7, 78, 4, 4], "target_tokens": ["[IN:CREATE_CALL", "[SL:CONTACT", "[IN:GET_CONTACT", "[SL:TYPE_RELATION", "@ptr3", "@ptr4", "@ptr5", "SL:TYPE_RELATION]", "IN:GET_CONTACT]", "SL:CONTACT]", "IN:CREATE_CALL]"], "predicted_tokens": ["[IN:CREATE_CALL", "[SL:CONTACT", "[IN:GET_CONTACT", "[SL:TYPE_RELATION", "@ptr3", "SL:TYPE_RELATION]", "[SL:CONTACT", "@ptr5", "SL:CONTACT]", "IN:GET_CONTACT]", "SL:CONTACT]", "IN:CREATE_CALL]"]}
{"loss": 1.821149468421936, "class_log_probabilities": [-4.37691068649292, -6.607937812805176, -7.60885763168335, -12.171496391296387], "predictions": [23, 10, 397, 11, 24, 398, 399, 400, 401, 402, 403, 404, 405, 406, 407, 408, 409, 410, 25, 26, 4, 4, 4, 4, 4, 4, 4, 4, 4, 4, 4, 4, 4, 4, 4], "target_tokens": ["[IN:SEND_MESSAGE", "[SL:RECIPIENT", "@ptr1", "SL:RECIPIENT]", "[SL:CONTENT_EXACT", "@ptr2", "@ptr3", "@ptr4", "@ptr5", "@ptr6", "@ptr7", "@ptr8", "@ptr9", "@ptr10", "@ptr11", "@ptr12", "@ptr13", "@ptr14", "@ptr15", "@ptr16", "@ptr17", "@ptr18", "@ptr19", "@ptr20", "SL:CONTENT_EXACT]", "IN:SEND_MESSAGE]"], "predicted_tokens": ["[IN:SEND_MESSAGE", "[SL:RECIPIENT", "@ptr2", "SL:RECIPIENT]", "[SL:CONTENT_EXACT", "@ptr3", "@ptr4", "@ptr5", "@ptr6", "@ptr7", "@ptr8", "@ptr9", "@ptr10", "@ptr11", "@ptr12", "@ptr13", "@ptr14", "@ptr15", "SL:CONTENT_EXACT]", "IN:SEND_MESSAGE]"]}
{"loss": 1.867347240447998, "class_log_probabilities": [-4.936189651489258, -5.754831314086914, -6.577335357666016, -14.360289573669434], "predictions": [23, 10, 398, 399, 400, 11, 24, 404, 406, 407, 408, 410, 25, 26, 4, 4, 4, 4, 4, 4, 4, 4, 4, 4], "target_tokens": ["[IN:SEND_MESSAGE", "[SL:RECIPIENT", "@ptr3", "@ptr4", "SL:RECIPIENT]", "[SL:CONTENT_EXACT", "@ptr9", "@ptr10", "@ptr11", "@ptr12", "@ptr13", "@ptr14", "@ptr15", "@ptr16", "@ptr17", "SL:CONTENT_EXACT]", "IN:SEND_MESSAGE]"], "predicted_tokens": ["[IN:SEND_MESSAGE", "[SL:RECIPIENT", "@ptr3", "@ptr4", "@ptr5", "SL:RECIPIENT]", "[SL:CONTENT_EXACT", "@ptr9", "@ptr11", "@ptr12", "@ptr13", "@ptr15", "SL:CONTENT_EXACT]", "IN:SEND_MESSAGE]"]}
{"loss": 2.1799697875976562, "class_log_probabilities": [-8.021403312683105, -8.454936027526855, -8.573453903198242, -8.819605827331543], "predictions": [23, 10, 70, 93, 399, 94, 71, 400, 72, 73, 11, 24, 406, 407, 408, 409, 412, 413, 414, 25, 26, 4, 4, 4], "target_tokens": ["[IN:SEND_MESSAGE", "[SL:RECIPIENT", "[IN:GET_CONTACT", "[SL:CONTACT_RELATED", "@ptr4", "@ptr5", "SL:CONTACT_RELATED]", "[SL:TYPE_RELATION", "@ptr3", "SL:TYPE_RELATION]", "IN:GET_CONTACT]", "SL:RECIPIENT]", "[SL:CONTENT_EXACT", "@ptr9", "@ptr10", "@ptr11", "@ptr12", "@ptr13", "@ptr14", "@ptr15", "@ptr16", "SL:CONTENT_EXACT]", "IN:SEND_MESSAGE]"], "predicted_tokens": ["[IN:SEND_MESSAGE", "[SL:RECIPIENT", "[IN:GET_CONTACT", "[SL:CONTACT_RELATED", "@ptr4", "SL:CONTACT_RELATED]", "[SL:TYPE_RELATION", "@ptr5", "SL:TYPE_RELATION]", "IN:GET_CONTACT]", "SL:RECIPIENT]", "[SL:CONTENT_EXACT", "@ptr11", "@ptr12", "@ptr13", "@ptr14", "@ptr17", "@ptr18", "@ptr19", "SL:CONTENT_EXACT]", "IN:SEND_MESSAGE]"]}
{"loss": 1.6471797227859497, "class_log_probabilities": [-7.262933731079102, -7.502856731414795, -7.942360877990723, -68.21966552734375], "predictions": [23, 10, 398, 399, 11, 24, 403, 405, 406, 407, 408, 409, 410, 411, 412, 413, 414, 25, 26, 4, 4, 4, 4, 4, 4, 4, 4, 4, 4, 4, 4, 4, 4, 4, 4, 4, 4, 4, 4, 4, 4, 4, 4, 4, 4, 4, 4, 4, 4, 4, 4, 4, 4, 4, 4, 4, 4, 4, 4, 4, 4, 4, 4, 4, 4, 4, 4, 4, 4, 4, 4, 4, 4, 4, 4, 4, 4, 4, 4, 4, 4, 4, 4, 4, 4, 4, 4, 4, 4, 4, 4, 4, 4, 4, 4, 4, 4, 4, 4, 4], "target_tokens": ["[IN:SEND_MESSAGE", "[SL:RECIPIENT", "@ptr3", "SL:RECIPIENT]", "[SL:CONTENT_EXACT", "@ptr8", "@ptr9", "@ptr10", "@ptr11", "@ptr12", "@ptr13", "@ptr14", "@ptr15", "@ptr16", "@ptr17", "@ptr18", "SL:CONTENT_EXACT]", "IN:SEND_MESSAGE]"], "predicted_tokens": ["[IN:SEND_MESSAGE", "[SL:RECIPIENT", "@ptr3", "@ptr4", "SL:RECIPIENT]", "[SL:CONTENT_EXACT", "@ptr8", "@ptr10", "@ptr11", "@ptr12", "@ptr13", "@ptr14", "@ptr15", "@ptr16", "@ptr17", "@ptr18", "@ptr19", "SL:CONTENT_EXACT]", "IN:SEND_MESSAGE]"]}
{"loss": 1.4919073581695557, "class_log_probabilities": [-4.790953159332275, -5.786703109741211, -6.105710029602051, -8.48982048034668], "predictions": [23, 10, 398, 399, 11, 24, 402, 403, 404, 405, 406, 407, 408, 409, 411, 413, 25, 26, 4, 4, 4, 4, 4, 4], "target_tokens": ["[IN:SEND_MESSAGE", "[SL:RECIPIENT", "@ptr3", "@ptr4", "SL:RECIPIENT]", "[SL:CONTENT_EXACT", "@ptr6", "@ptr7", "@ptr8", "@ptr9", "@ptr10", "@ptr11", "@ptr12", "@ptr13", "@ptr14", "@ptr15", "@ptr16", "SL:CONTENT_EXACT]", "IN:SEND_MESSAGE]"], "predicted_tokens": ["[IN:SEND_MESSAGE", "[SL:RECIPIENT", "@ptr3", "@ptr4", "SL:RECIPIENT]", "[SL:CONTENT_EXACT", "@ptr7", "@ptr8", "@ptr9", "@ptr10", "@ptr11", "@ptr12", "@ptr13", "@ptr14", "@ptr16", "@ptr18", "SL:CONTENT_EXACT]", "IN:SEND_MESSAGE]"]}
{"loss": 2.101151943206787, "class_log_probabilities": [-2.563490629196167, -3.347348928451538, -3.7205052375793457, -3.7970194816589355], "predictions": [5, 10, 399, 400, 401, 11, 10, 406, 11, 12, 4], "target_tokens": ["[IN:GET_MESSAGE", "[SL:SENDER", "@ptr4", "@ptr5", "@ptr6", "SL:SENDER]", "[SL:RECIPIENT", "@ptr10", "SL:RECIPIENT]", "[SL:DATE_TIME", "@ptr11", "@ptr12", "SL:DATE_TIME]", "IN:GET_MESSAGE]"], "predicted_tokens": ["[IN:GET_MESSAGE", "[SL:RECIPIENT", "@ptr4", "@ptr5", "@ptr6", "SL:RECIPIENT]", "[SL:RECIPIENT", "@ptr11", "SL:RECIPIENT]", "IN:GET_MESSAGE]"]}
{"loss": 3.1764864921569824, "class_log_probabilities": [-2.4997472763061523, -2.5976648330688477, -3.109480142593384, -3.2462334632873535], "predictions": [23, 10, 399, 11, 24, 402, 403, 404, 405, 406, 25, 26, 4, 4], "target_tokens": ["[IN:SEND_MESSAGE", "[SL:CONTENT_EXACT", "@ptr2", "@ptr3", "@ptr4", "@ptr5", "@ptr6", "@ptr7", "@ptr8", "@ptr9", "@ptr10", "SL:CONTENT_EXACT]", "IN:SEND_MESSAGE]"], "predicted_tokens": ["[IN:SEND_MESSAGE", "[SL:RECIPIENT", "@ptr4", "SL:RECIPIENT]", "[SL:CONTENT_EXACT", "@ptr7", "@ptr8", "@ptr9", "@ptr10", "@ptr11", "SL:CONTENT_EXACT]", "IN:SEND_MESSAGE]"]}
{"loss": 2.2779388427734375, "class_log_probabilities": [-4.7184834480285645, -8.890362739562988, -9.784258842468262, -11.948204040527344], "predictions": [13, 16, 398, 399, 17, 18, 4, 4, 4, 4, 4, 4, 4, 4, 4], "target_tokens": ["[IN:GET_MESSAGE", "[SL:DATE_TIME", "@ptr2", "@ptr3", "@ptr4", "@ptr5", "@ptr6", "@ptr7", "@ptr8", "@ptr9", "SL:DATE_TIME]", "IN:GET_MESSAGE]"], "predicted_tokens": ["[IN:GET_WEATHER", "[SL:DATE_TIME", "@ptr3", "@ptr4", "SL:DATE_TIME]", "IN:GET_WEATHER]"]}
{"loss": 1.6032003164291382, "class_log_probabilities": [-4.683773040771484, -4.843846797943115, -6.0571770668029785, -6.4029388427734375], "predictions": [23, 10, 398, 11, 24, 403, 404, 405, 406, 407, 408, 409, 411, 412, 25, 26, 4, 4, 4], "target_tokens": ["[IN:SEND_MESSAGE", "[SL:RECIPIENT", "@ptr3", "SL:RECIPIENT]", "[SL:CONTENT_EXACT", "@ptr7", "@ptr8", "@ptr9", "@ptr10", "@ptr11", "@ptr12", "@ptr13", "@ptr14", "@ptr15", "@ptr16", "SL:CONTENT_EXACT]", "IN:SEND_MESSAGE]"], "predicted_tokens": ["[IN:SEND_MESSAGE", "[SL:RECIPIENT", "@ptr3", "SL:RECIPIENT]", "[SL:CONTENT_EXACT", "@ptr8", "@ptr9", "@ptr10", "@ptr11", "@ptr12", "@ptr13", "@ptr14", "@ptr16", "@ptr17", "SL:CONTENT_EXACT]", "IN:SEND_MESSAGE]"]}
{"loss": 1.5570296049118042, "class_log_probabilities": [-2.0976364612579346, -3.4579384326934814, -4.0531840324401855, -4.581755638122559], "predictions": [33, 36, 397, 398, 399, 400, 401, 402, 403, 404, 405, 406, 37, 38, 4, 4], "target_tokens": ["[IN:DELETE_REMINDER", "[SL:TODO", "@ptr6", "@ptr7", "@ptr8", "@ptr9", "@ptr10", "SL:TODO]", "IN:DELETE_REMINDER]"], "predicted_tokens": ["[IN:DELETE_REMINDER", "[SL:TODO", "@ptr2", "@ptr3", "@ptr4", "@ptr5", "@ptr6", "@ptr7", "@ptr8", "@ptr9", "@ptr10", "@ptr11", "SL:TODO]", "IN:DELETE_REMINDER]"]}
{"loss": 2.200853109359741, "class_log_probabilities": [-2.838721513748169, -3.127161741256714, -3.291560411453247, -3.3961021900177], "predictions": [49, 36, 75, 6, 401, 7, 78, 37, 50, 4, 4, 4, 4], "target_tokens": ["[IN:CREATE_REMINDER", "[SL:PERSON_REMINDED", "@ptr1", "SL:PERSON_REMINDED]", "[SL:TODO", "[IN:GET_TODO", "[SL:TODO", "[IN:CREATE_CALL", "[SL:CONTACT", "@ptr5", "SL:CONTACT]", "IN:CREATE_CALL]", "SL:TODO]", "[SL:TODO", "@ptr7", "@ptr8", "SL:TODO]", "IN:GET_TODO]", "SL:TODO]", "IN:CREATE_REMINDER]"], "predicted_tokens": ["[IN:CREATE_REMINDER", "[SL:TODO", "[IN:CREATE_CALL", "[SL:CONTACT", "@ptr6", "SL:CONTACT]", "IN:CREATE_CALL]", "SL:TODO]", "IN:CREATE_REMINDER]"]}
{"loss": 1.3328068256378174, "class_log_probabilities": [-2.4029927253723145, -2.771462917327881, -4.721283435821533, -4.974820613861084], "predictions": [33, 36, 75, 6, 70, 71, 404, 72, 73, 7, 78, 37, 38, 4], "target_tokens": ["[IN:DELETE_REMINDER", "[SL:TODO", "[IN:CREATE_CALL", "[SL:CONTACT", "[IN:GET_CONTACT", "[SL:TYPE_RELATION", "@ptr7", "SL:TYPE_RELATION]", "IN:GET_CONTACT]", "SL:CONTACT]", "IN:CREATE_CALL]", "SL:TODO]", "IN:DELETE_REMINDER]"], "predicted_tokens": ["[IN:DELETE_REMINDER", "[SL:TODO", "[IN:CREATE_CALL", "[SL:CONTACT", "[IN:GET_CONTACT", "[SL:TYPE_RELATION", "@ptr9", "SL:TYPE_RELATION]", "IN:GET_CONTACT]", "SL:CONTACT]", "IN:CREATE_CALL]", "SL:TODO]", "IN:DELETE_REMINDER]"]}
{"loss": 1.3590846061706543, "class_log_probabilities": [-2.672330141067505, -3.055330276489258, -3.1826934814453125, -5.308161735534668], "predictions": [49, 34, 397, 35, 36, 75, 6, 400, 7, 78, 37, 50, 4, 4, 4, 4, 4, 4], "target_tokens": ["[IN:CREATE_REMINDER", "[SL:PERSON_REMINDED", "@ptr2", "SL:PERSON_REMINDED]", "[SL:TODO", "[IN:CREATE_CALL", "[SL:CONTACT", "@ptr5", "SL:CONTACT]", "IN:CREATE_CALL]", "SL:TODO]", "[SL:DATE_TIME", "@ptr6", "SL:DATE_TIME]", "IN:CREATE_REMINDER]"], "predicted_tokens": ["[IN:CREATE_REMINDER", "[SL:PERSON_REMINDED", "@ptr2", "SL:PERSON_REMINDED]", "[SL:TODO", "[IN:CREATE_CALL", "[SL:CONTACT", "@ptr5", "SL:CONTACT]", "IN:CREATE_CALL]", "SL:TODO]", "IN:CREATE_REMINDER]"]}
{"loss": 1.3272950649261475, "class_log_probabilities": [-3.2450249195098877, -3.6637320518493652, -4.315191268920898, -4.658336162567139], "predictions": [49, 34, 397, 35, 36, 399, 400, 401, 402, 403, 37, 16, 404, 405, 406, 17, 50, 4, 4, 4], "target_tokens": ["[IN:CREATE_REMINDER", "[SL:PERSON_REMINDED", "@ptr2", "SL:PERSON_REMINDED]", "[SL:TODO", "@ptr3", "@ptr4", "@ptr5", "@ptr6", "@ptr7", "@ptr8", "SL:TODO]", "[SL:DATE_TIME", "@ptr9", "@ptr10", "SL:DATE_TIME]", "IN:CREATE_REMINDER]"], "predicted_tokens": ["[IN:CREATE_REMINDER", "[SL:PERSON_REMINDED", "@ptr2", "SL:PERSON_REMINDED]", "[SL:TODO", "@ptr4", "@ptr5", "@ptr6", "@ptr7", "@ptr8", "SL:TODO]", "[SL:DATE_TIME", "@ptr9", "@ptr10", "@ptr11", "SL:DATE_TIME]", "IN:CREATE_REMINDER]"]}
{"loss": 2.782158136367798, "class_log_probabilities": [-3.207211971282959, -3.247558116912842, -3.807542085647583, -4.662056922912598], "predictions": [33, 34, 401, 35, 120, 401, 121, 38, 4, 4, 4, 4], "target_tokens": ["[IN:DELETE_REMINDER", "[SL:AMOUNT", "@ptr4", "SL:AMOUNT]", "[SL:PERSON_REMINDED", "@ptr5", "@ptr6", "SL:PERSON_REMINDED]", "IN:DELETE_REMINDER]"], "predicted_tokens": ["[IN:DELETE_REMINDER", "[SL:PERSON_REMINDED", "@ptr6", "SL:PERSON_REMINDED]", "[SL:AMOUNT", "@ptr6", "SL:AMOUNT]", "IN:DELETE_REMINDER]"]}
{"loss": 1.8919382095336914, "class_log_probabilities": [-2.820143461227417, -3.238820791244507, -3.6630563735961914, -4.307839393615723], "predictions": [45, 16, 397, 398, 399, 400, 401, 17, 46, 4, 4, 4], "target_tokens": ["[IN:CREATE_REMINDER", "[SL:PERSON_REMINDED", "@ptr1", "SL:PERSON_REMINDED]", "[SL:DATE_TIME", "@ptr2", "@ptr3", "@ptr4", "@ptr5", "SL:DATE_TIME]", "IN:CREATE_REMINDER]"], "predicted_tokens": ["[IN:CREATE_ALARM", "[SL:DATE_TIME", "@ptr2", "@ptr3", "@ptr4", "@ptr5", "@ptr6", "SL:DATE_TIME]", "IN:CREATE_ALARM]"]}
{"loss": 1.5118173360824585, "class_log_probabilities": [-3.9808294773101807, -4.195600509643555, -5.877103328704834, -6.335928440093994], "predictions": [49, 36, 143, 36, 401, 402, 403, 37, 16, 404, 17, 50, 4, 4, 4, 4, 4, 4, 4, 4, 4], "target_tokens": ["[IN:CREATE_REMINDER", "[SL:TODO", "@ptr6", "@ptr7", "@ptr8", "SL:TODO]", "[SL:DATE_TIME", "@ptr9", "@ptr10", "@ptr11", "@ptr12", "SL:DATE_TIME]", "IN:CREATE_REMINDER]"], "predicted_tokens": ["[IN:CREATE_REMINDER", "[SL:TODO", "[IN:GET_TODO", "[SL:TODO", "@ptr6", "@ptr7", "@ptr8", "SL:TODO]", "[SL:DATE_TIME", "@ptr9", "SL:DATE_TIME]", "IN:CREATE_REMINDER]"]}
{"loss": 3.689653158187866, "class_log_probabilities": [-4.078311920166016, -4.399975776672363, -7.534160614013672, -7.86013650894165], "predictions": [49, 34, 400, 35, 36, 143, 16, 403, 405, 407, 17, 50, 4, 4, 4, 4, 4], "target_tokens": ["[IN:CREATE_REMINDER", "[SL:TODO", "@ptr4", "@ptr5", "SL:TODO]", "[SL:DATE_TIME", "@ptr6", "@ptr7", "@ptr8", "@ptr9", "SL:DATE_TIME]", "IN:CREATE_REMINDER]"], "predicted_tokens": ["[IN:CREATE_REMINDER", "[SL:PERSON_REMINDED", "@ptr5", "SL:PERSON_REMINDED]", "[SL:TODO", "[IN:GET_TODO", "[SL:DATE_TIME", "@ptr8", "@ptr10", "@ptr12", "SL:DATE_TIME]", "IN:CREATE_REMINDER]"]}
{"loss": 2.476202964782715, "class_log_probabilities": [-3.5494296550750732, -8.22996997833252, -12.844422340393066, -13.124874114990234], "predictions": [213, 214, 4, 4, 4, 4, 4, 4, 4, 4, 4, 4, 4, 4, 4, 4], "target_tokens": ["[IN:CREATE_REMINDER", "[SL:TODO", "@ptr5", "@ptr6", "@ptr7", "@ptr8", "SL:TODO]", "IN:CREATE_REMINDER]"], "predicted_tokens": ["[IN:SILENCE_ALARM", "IN:SILENCE_ALARM]"]}
{"loss": 2.7391929626464844, "class_log_probabilities": [-2.8804476261138916, -3.591689348220825, -3.757554769515991, -3.8071696758270264], "predictions": [33, 36, 397, 398, 399, 37, 36, 401, 402, 403, 37, 34, 405, 35, 38, 4], "target_tokens": ["[IN:DELETE_REMINDER", "[SL:PERSON_REMINDED", "@ptr9", "SL:PERSON_REMINDED]", "[SL:TODO", "@ptr5", "@ptr6", "@ptr7", "@ptr8", "SL:TODO]", "IN:DELETE_REMINDER]"], "predicted_tokens": ["[IN:DELETE_REMINDER", "[SL:TODO", "@ptr2", "@ptr3", "@ptr4", "SL:TODO]", "[SL:TODO", "@ptr6", "@ptr7", "@ptr8", "SL:TODO]", "[SL:PERSON_REMINDED", "@ptr10", "SL:PERSON_REMINDED]", "IN:DELETE_REMINDER]"]}
{"loss": 1.644862413406372, "class_log_probabilities": [-4.364903926849365, -4.617592811584473, -4.627703666687012, -6.779260635375977], "predictions": [49, 34, 397, 35, 36, 399, 400, 37, 16, 404, 405, 17, 50, 4, 4, 4], "target_tokens": ["[IN:CREATE_REMINDER", "[SL:PERSON_REMINDED", "@ptr2", "SL:PERSON_REMINDED]", "[SL:TODO", "@ptr3", "@ptr4", "@ptr5", "@ptr6", "@ptr7", "@ptr8", "@ptr9", "SL:TODO]", "IN:CREATE_REMINDER]"], "predicted_tokens": ["[IN:CREATE_REMINDER", "[SL:PERSON_REMINDED", "@ptr2", "SL:PERSON_REMINDED]", "[SL:TODO", "@ptr4", "@ptr5", "SL:TODO]", "[SL:DATE_TIME", "@ptr9", "@ptr10", "SL:DATE_TIME]", "IN:CREATE_REMINDER]"]}
{"loss": 1.4557793140411377, "class_log_probabilities": [-3.0416297912597656, -3.3200864791870117, -3.3222527503967285, -3.7247776985168457], "predictions": [49, 36, 397, 398, 399, 400, 401, 402, 403, 37, 50, 4, 4, 4], "target_tokens": ["[IN:CREATE_REMINDER", "[SL:TODO", "@ptr5", "@ptr6", "@ptr7", "SL:TODO]", "IN:CREATE_REMINDER]"], "predicted_tokens": ["[IN:CREATE_REMINDER", "[SL:TODO", "@ptr2", "@ptr3", "@ptr4", "@ptr5", "@ptr6", "@ptr7", "@ptr8", "SL:TODO]", "IN:CREATE_REMINDER]"]}
{"loss": 2.925787925720215, "class_log_probabilities": [-0.7380542159080505, -3.660741090774536, -4.292950630187988, -6.271289825439453], "predictions": [49, 16, 400, 401, 402, 403, 17, 50, 4, 4, 4], "target_tokens": ["[IN:CREATE_REMINDER", "[SL:DATE_TIME", "@ptr4", "@ptr5", "@ptr6", "@ptr7", "SL:DATE_TIME]", "IN:CREATE_REMINDER]"], "predicted_tokens": ["[IN:CREATE_REMINDER", "[SL:DATE_TIME", "@ptr5", "@ptr6", "@ptr7", "@ptr8", "SL:DATE_TIME]", "IN:CREATE_REMINDER]"]}
{"loss": 0.9858110547065735, "class_log_probabilities": [-0.37900465726852417, -5.496729850769043, -6.064241409301758, -6.082597255706787], "predictions": [49, 50, 4, 4, 4, 4, 4], "target_tokens": ["[IN:CREATE_REMINDER", "IN:CREATE_REMINDER]"], "predicted_tokens": ["[IN:CREATE_REMINDER", "IN:CREATE_REMINDER]"]}
{"loss": 1.6969646215438843, "class_log_probabilities": [-4.696192741394043, -7.212839126586914, -7.293496131896973, -8.108360290527344], "predictions": [49, 36, 397, 398, 399, 37, 16, 400, 401, 402, 17, 50, 4, 4, 4, 4], "target_tokens": ["[IN:CREATE_REMINDER", "[SL:PERSON_REMINDED", "@ptr1", "SL:PERSON_REMINDED]", "[SL:TODO", "@ptr3", "@ptr4", "SL:TODO]", "[SL:DATE_TIME", "@ptr6", "@ptr7", "SL:DATE_TIME]", "IN:CREATE_REMINDER]"], "predicted_tokens": ["[IN:CREATE_REMINDER", "[SL:TODO", "@ptr2", "@ptr3", "@ptr4", "SL:TODO]", "[SL:DATE_TIME", "@ptr5", "@ptr6", "@ptr7", "SL:DATE_TIME]", "IN:CREATE_REMINDER]"]}
{"loss": 1.967218279838562, "class_log_probabilities": [-4.214545249938965, -7.487188816070557, -9.539472579956055, -11.325446128845215], "predictions": [183, 184, 4, 4, 4, 4, 4, 4, 4, 4, 4, 4, 4, 4, 4, 4, 4, 4, 4, 4, 4, 4], "target_tokens": ["[IN:CREATE_REMINDER", "[SL:TODO", "@ptr5", "@ptr6", "@ptr7", "@ptr8", "@ptr9", "@ptr10", "@ptr11", "SL:TODO]", "IN:CREATE_REMINDER]"], "predicted_tokens": ["[IN:ADD_TIME_TIMER", "IN:ADD_TIME_TIMER]"]}
{"loss": 1.57991361618042, "class_log_probabilities": [-2.1833460330963135, -4.50832462310791, -4.6273651123046875, -4.797967910766602], "predictions": [49, 34, 397, 35, 36, 398, 399, 37, 16, 401, 402, 403, 17, 50, 4, 4], "target_tokens": ["[IN:CREATE_REMINDER", "[SL:PERSON_REMINDED", "@ptr2", "SL:PERSON_REMINDED]", "[SL:TODO", "@ptr3", "@ptr4", "SL:TODO]", "[SL:DATE_TIME", "@ptr5", "@ptr6", "@ptr7", "SL:DATE_TIME]", "IN:CREATE_REMINDER]"], "predicted_tokens": ["[IN:CREATE_REMINDER", "[SL:PERSON_REMINDED", "@ptr2", "SL:PERSON_REMINDED]", "[SL:TODO", "@ptr3", "@ptr4", "SL:TODO]", "[SL:DATE_TIME", "@ptr6", "@ptr7", "@ptr8", "SL:DATE_TIME]", "IN:CREATE_REMINDER]"]}
{"loss": 1.063217282295227, "class_log_probabilities": [-2.414463520050049, -4.6852335929870605, -5.071750640869141, -5.4055585861206055], "predictions": [49, 34, 397, 35, 36, 399, 400, 37, 16, 401, 402, 17, 50, 4], "target_tokens": ["[IN:CREATE_REMINDER", "[SL:PERSON_REMINDED", "@ptr2", "SL:PERSON_REMINDED]", "[SL:TODO", "@ptr4", "@ptr5", "SL:TODO]", "[SL:DATE_TIME", "@ptr6", "@ptr7", "SL:DATE_TIME]", "IN:CREATE_REMINDER]"], "predicted_tokens": ["[IN:CREATE_REMINDER", "[SL:PERSON_REMINDED", "@ptr2", "SL:PERSON_REMINDED]", "[SL:TODO", "@ptr4", "@ptr5", "SL:TODO]", "[SL:DATE_TIME", "@ptr6", "@ptr7", "SL:DATE_TIME]", "IN:CREATE_REMINDER]"]}
{"loss": 1.864282488822937, "class_log_probabilities": [-3.6940014362335205, -4.830977916717529, -5.315296173095703, -7.0281758308410645], "predictions": [23, 24, 397, 398, 399, 400, 25, 10, 402, 11, 26, 4, 4, 4, 4, 4, 4, 4, 4], "target_tokens": ["[IN:CREATE_REMINDER", "[SL:PERSON_REMINDED", "@ptr2", "SL:PERSON_REMINDED]", "[SL:TODO", "@ptr3", "@ptr4", "@ptr5", "@ptr6", "@ptr7", "@ptr8", "SL:TODO]", "IN:CREATE_REMINDER]"], "predicted_tokens": ["[IN:SEND_MESSAGE", "[SL:CONTENT_EXACT", "@ptr2", "@ptr3", "@ptr4", "@ptr5", "SL:CONTENT_EXACT]", "[SL:RECIPIENT", "@ptr7", "SL:RECIPIENT]", "IN:SEND_MESSAGE]"]}
{"loss": 2.164243698120117, "class_log_probabilities": [-3.3556580543518066, -3.770941972732544, -4.024977684020996, -4.2229437828063965], "predictions": [49, 36, 401, 402, 403, 404, 405, 406, 37, 16, 407, 17, 50, 4, 4, 4, 4, 4, 4], "target_tokens": ["[IN:CREATE_REMINDER", "[SL:TODO", "@ptr6", "@ptr7", "@ptr8", "@ptr9", "SL:TODO]", "[SL:DATE_TIME", "@ptr10", "@ptr11", "@ptr12", "SL:DATE_TIME]", "IN:CREATE_REMINDER]"], "predicted_tokens": ["[IN:CREATE_REMINDER", "[SL:TODO", "@ptr6", "@ptr7", "@ptr8", "@ptr9", "@ptr10", "@ptr11", "SL:TODO]", "[SL:DATE_TIME", "@ptr12", "SL:DATE_TIME]", "IN:CREATE_REMINDER]"]}
{"loss": 1.8904670476913452, "class_log_probabilities": [-3.6031980514526367, -4.189250469207764, -4.890228748321533, -5.042769908905029], "predictions": [49, 36, 398, 399, 400, 401, 37, 16, 403, 404, 405, 17, 50, 4, 4, 4], "target_tokens": ["[IN:CREATE_REMINDER", "[SL:PERSON_REMINDED", "@ptr1", "SL:PERSON_REMINDED]", "[SL:TODO", "@ptr3", "@ptr4", "@ptr5", "@ptr6", "SL:TODO]", "[SL:DATE_TIME", "@ptr7", "@ptr8", "@ptr9", "SL:DATE_TIME]", "IN:CREATE_REMINDER]"], "predicted_tokens": ["[IN:CREATE_REMINDER", "[SL:TODO", "@ptr3", "@ptr4", "@ptr5", "@ptr6", "SL:TODO]", "[SL:DATE_TIME", "@ptr8", "@ptr9", "@ptr10", "SL:DATE_TIME]", "IN:CREATE_REMINDER]"]}
{"loss": 4.78456974029541, "class_log_probabilities": [-0.9386402368545532, -4.3378448486328125, -4.474376678466797, -4.9885663986206055], "predictions": [255, 256, 4], "target_tokens": ["[IN:CREATE_REMINDER", "[SL:TODO", "@ptr4", "@ptr5", "SL:TODO]", "IN:CREATE_REMINDER]"], "predicted_tokens": ["[IN:PAUSE_TIMER", "IN:PAUSE_TIMER]"]}
{"loss": 1.8106755018234253, "class_log_probabilities": [-3.5255534648895264, -4.289536476135254, -5.0259013175964355, -7.519726276397705], "predictions": [23, 24, 398, 399, 400, 401, 25, 26, 4, 4, 4, 4], "target_tokens": ["[IN:CREATE_REMINDER", "[SL:PERSON_REMINDED", "@ptr1", "SL:PERSON_REMINDED]", "[SL:TODO", "@ptr3", "@ptr4", "@ptr5", "SL:TODO]", "IN:CREATE_REMINDER]"], "predicted_tokens": ["[IN:SEND_MESSAGE", "[SL:CONTENT_EXACT", "@ptr3", "@ptr4", "@ptr5", "@ptr6", "SL:CONTENT_EXACT]", "IN:SEND_MESSAGE]"]}
{"loss": 3.126147508621216, "class_log_probabilities": [-1.6280863285064697, -2.1219162940979004, -4.022798538208008, -4.273162841796875], "predictions": [33, 36, 401, 402, 403, 404, 37, 38, 4], "target_tokens": ["[IN:DELETE_REMINDER", "[SL:PERSON_REMINDED", "@ptr8", "@ptr9", "SL:PERSON_REMINDED]", "[SL:TODO", "@ptr5", "@ptr6", "@ptr7", "SL:TODO]", "IN:DELETE_REMINDER]"], "predicted_tokens": ["[IN:DELETE_REMINDER", "[SL:TODO", "@ptr6", "@ptr7", "@ptr8", "@ptr9", "SL:TODO]", "IN:DELETE_REMINDER]"]}
{"loss": 2.912078857421875, "class_log_probabilities": [-0.8285359740257263, -3.623542547225952, -4.372122287750244, -5.105646133422852], "predictions": [33, 34, 401, 35, 38, 4], "target_tokens": ["[IN:DELETE_REMINDER", "[SL:PERSON_REMINDED", "@ptr4", "@ptr5", "SL:PERSON_REMINDED]", "IN:DELETE_REMINDER]"], "predicted_tokens": ["[IN:DELETE_REMINDER", "[SL:PERSON_REMINDED", "@ptr6", "SL:PERSON_REMINDED]", "IN:DELETE_REMINDER]"]}
{"loss": 1.8321411609649658, "class_log_probabilities": [-4.2797017097473145, -5.154699802398682, -5.282567977905273, -7.130738258361816], "predictions": [49, 36, 401, 402, 403, 404, 405, 37, 50, 4, 4, 4, 4, 4, 4, 4, 4, 4], "target_tokens": ["[IN:CREATE_REMINDER", "[SL:TODO", "@ptr5", "@ptr6", "@ptr7", "@ptr8", "@ptr9", "SL:TODO]", "IN:CREATE_REMINDER]"], "predicted_tokens": ["[IN:CREATE_REMINDER", "[SL:TODO", "@ptr6", "@ptr7", "@ptr8", "@ptr9", "@ptr10", "SL:TODO]", "IN:CREATE_REMINDER]"]}
{"loss": 2.7940056324005127, "class_log_probabilities": [-2.440917730331421, -3.588033437728882, -3.9092955589294434, -5.8517866134643555], "predictions": [33, 120, 401, 121, 38, 4, 4, 4, 4, 4, 4, 4], "target_tokens": ["[IN:DELETE_REMINDER", "[SL:AMOUNT", "@ptr4", "SL:AMOUNT]", "[SL:PERSON_REMINDED", "@ptr5", "@ptr6", "SL:PERSON_REMINDED]", "IN:DELETE_REMINDER]"], "predicted_tokens": ["[IN:DELETE_REMINDER", "[SL:AMOUNT", "@ptr6", "SL:AMOUNT]", "IN:DELETE_REMINDER]"]}
{"loss": 2.317003011703491, "class_log_probabilities": [-3.311803102493286, -3.9281036853790283, -7.441596508026123, -10.66234302520752], "predictions": [33, 36, 397, 398, 399, 400, 401, 37, 38, 4, 4, 4, 4, 4, 4, 4, 4, 4], "target_tokens": ["[IN:DELETE_REMINDER", "[SL:AMOUNT", "@ptr4", "SL:AMOUNT]", "[SL:TODO", "@ptr8", "@ptr9", "@ptr10", "@ptr11", "@ptr12", "@ptr13", "SL:TODO]", "IN:DELETE_REMINDER]"], "predicted_tokens": ["[IN:DELETE_REMINDER", "[SL:TODO", "@ptr2", "@ptr3", "@ptr4", "@ptr5", "@ptr6", "SL:TODO]", "IN:DELETE_REMINDER]"]}
{"loss": 1.1609933376312256, "class_log_probabilities": [-2.8631720542907715, -4.357541561126709, -4.54234504699707, -5.59491491317749], "predictions": [49, 36, 400, 401, 402, 37, 50, 4, 4, 4], "target_tokens": ["[IN:CREATE_REMINDER", "[SL:TODO", "@ptr5", "@ptr6", "@ptr7", "SL:TODO]", "IN:CREATE_REMINDER]"], "predicted_tokens": ["[IN:CREATE_REMINDER", "[SL:TODO", "@ptr5", "@ptr6", "@ptr7", "SL:TODO]", "IN:CREATE_REMINDER]"]}
{"loss": 3.078526735305786, "class_log_probabilities": [-5.608623027801514, -6.817615985870361, -7.465409755706787, -7.67713737487793], "predictions": [49, 36, 143, 36, 397, 398, 399, 37, 144, 37, 16, 395, 17, 50, 4, 4, 4, 4], "target_tokens": ["[IN:DELETE_REMINDER", "[SL:AMOUNT", "@ptr4", "SL:AMOUNT]", "[SL:TODO", "@ptr7", "@ptr8", "@ptr9", "@ptr10", "SL:TODO]", "[SL:DATE_TIME", "@ptr11", "@ptr12", "@ptr13", "SL:DATE_TIME]", "IN:DELETE_REMINDER]"], "predicted_tokens": ["[IN:CREATE_REMINDER", "[SL:TODO", "[IN:GET_TODO", "[SL:TODO", "@ptr2", "@ptr3", "@ptr4", "SL:TODO]", "IN:GET_TODO]", "SL:TODO]", "[SL:DATE_TIME", "@ptr0", "SL:DATE_TIME]", "IN:CREATE_REMINDER]"]}
{"loss": 2.3541107177734375, "class_log_probabilities": [-10.29916000366211, -69.30751037597656, -69.4332504272461, -69.8232192993164], "predictions": [49, 34, 395, 35, 36, 143, 36, 398, 399, 37, 36, 401, 402, 403, 404, 37, 16, 407, 408, 409, 17, 144, 37, 16, 407, 408, 409, 17, 50, 4, 4, 4, 4, 4, 4, 4, 4, 4, 4, 4, 4, 4, 4, 4, 4, 4, 4, 4, 4, 4, 4, 4, 4, 4, 4, 4, 4, 4, 4, 4, 4, 4, 4, 4, 4, 4, 4, 4, 4, 4, 4, 4, 4, 4, 4, 4, 4, 4, 4, 4, 4, 4, 4, 4, 4, 4, 4, 4, 4, 4, 4, 4, 4, 4, 4, 4, 4, 4, 4, 4], "target_tokens": ["[IN:GET_REMINDER_AMOUNT", "[SL:PERSON_REMINDED", "@ptr0", "SL:PERSON_REMINDED]", "[SL:TODO", "@ptr6", "@ptr7", "@ptr8", "SL:TODO]", "[SL:DATE_TIME", "@ptr12", "@ptr13", "SL:DATE_TIME]", "IN:GET_REMINDER_AMOUNT]"], "predicted_tokens": ["[IN:CREATE_REMINDER", "[SL:PERSON_REMINDED", "@ptr0", "SL:PERSON_REMINDED]", "[SL:TODO", "[IN:GET_TODO", "[SL:TODO", "@ptr3", "@ptr4", "SL:TODO]", "[SL:TODO", "@ptr6", "@ptr7", "@ptr8", "@ptr9", "SL:TODO]", "[SL:DATE_TIME", "@ptr12", "@ptr13", "@ptr14", "SL:DATE_TIME]", "IN:GET_TODO]", "SL:TODO]", "[SL:DATE_TIME", "@ptr12", "@ptr13", "@ptr14", "SL:DATE_TIME]", "IN:CREATE_REMINDER]"]}
{"loss": 1.6353611946105957, "class_log_probabilities": [-3.262347936630249, -3.717559814453125, -3.834840774536133, -4.474115371704102], "predictions": [49, 36, 401, 402, 403, 37, 16, 404, 405, 406, 407, 17, 50, 4, 4, 4], "target_tokens": ["[IN:CREATE_REMINDER", "[SL:TODO", "@ptr5", "@ptr6", "@ptr7", "SL:TODO]", "[SL:DATE_TIME", "@ptr9", "@ptr10", "SL:DATE_TIME]", "IN:CREATE_REMINDER]"], "predicted_tokens": ["[IN:CREATE_REMINDER", "[SL:TODO", "@ptr6", "@ptr7", "@ptr8", "SL:TODO]", "[SL:DATE_TIME", "@ptr9", "@ptr10", "@ptr11", "@ptr12", "SL:DATE_TIME]", "IN:CREATE_REMINDER]"]}
{"loss": 2.1757912635803223, "class_log_probabilities": [-4.455277919769287, -4.570936679840088, -6.531786918640137, -7.133025646209717], "predictions": [23, 24, 398, 399, 400, 401, 25, 10, 402, 11, 26, 4, 4, 4, 4, 4, 4], "target_tokens": ["[IN:CREATE_REMINDER", "[SL:PERSON_REMINDED", "@ptr1", "SL:PERSON_REMINDED]", "[SL:TODO", "@ptr3", "@ptr4", "@ptr5", "@ptr6", "@ptr7", "@ptr8", "SL:TODO]", "IN:CREATE_REMINDER]"], "predicted_tokens": ["[IN:SEND_MESSAGE", "[SL:CONTENT_EXACT", "@ptr3", "@ptr4", "@ptr5", "@ptr6", "SL:CONTENT_EXACT]", "[SL:RECIPIENT", "@ptr7", "SL:RECIPIENT]", "IN:SEND_MESSAGE]"]}
{"loss": 1.8259116411209106, "class_log_probabilities": [-4.818995475769043, -4.856937408447266, -5.9510498046875, -6.0668182373046875], "predictions": [49, 36, 143, 16, 403, 404, 405, 406, 407, 17, 38, 4, 4, 4, 4], "target_tokens": ["[IN:DELETE_REMINDER", "[SL:TODO", "@ptr5", "@ptr6", "@ptr7", "SL:TODO]", "[SL:DATE_TIME", "@ptr8", "@ptr9", "@ptr10", "@ptr11", "SL:DATE_TIME]", "IN:DELETE_REMINDER]"], "predicted_tokens": ["[IN:CREATE_REMINDER", "[SL:TODO", "[IN:GET_TODO", "[SL:DATE_TIME", "@ptr8", "@ptr9", "@ptr10", "@ptr11", "@ptr12", "SL:DATE_TIME]", "IN:DELETE_REMINDER]"]}
{"loss": 3.5058305263519287, "class_log_probabilities": [-8.150882720947266, -8.343199729919434, -8.674357414245605, -8.68739128112793], "predictions": [23, 10, 397, 11, 24, 403, 404, 405, 406, 25, 26, 4], "target_tokens": ["[IN:UPDATE_REMINDER_DATE_TIME", "[SL:PERSON_REMINDED", "@ptr4", "@ptr5", "SL:PERSON_REMINDED]", "[SL:DATE_TIME", "@ptr6", "@ptr7", "@ptr8", "@ptr9", "@ptr10", "SL:DATE_TIME]", "IN:UPDATE_REMINDER_DATE_TIME]"], "predicted_tokens": ["[IN:SEND_MESSAGE", "[SL:RECIPIENT", "@ptr2", "SL:RECIPIENT]", "[SL:CONTENT_EXACT", "@ptr8", "@ptr9", "@ptr10", "@ptr11", "SL:CONTENT_EXACT]", "IN:SEND_MESSAGE]"]}
{"loss": 2.9585306644439697, "class_log_probabilities": [-82.94339752197266, -82.98531341552734, -83.34866333007812, -83.36834716796875], "predictions": [49, 34, 395, 396, 397, 398, 399, 35, 36, 143, 36, 75, 6, 407, 409, 7, 78, 37, 16, 407, 409, 424, 409, 425, 424, 409, 424, 409, 425, 424, 409, 425, 424, 409, 425, 409, 425, 409, 425, 409, 425, 409, 425, 409, 425, 424, 409, 425, 424, 409, 425, 424, 424, 424, 424, 424, 409, 425, 424, 409, 425, 424, 37, 16, 407, 409, 425, 424, 409, 424, 424, 424, 424, 409, 425, 424, 37, 16, 407, 409, 425, 424, 16, 407, 409, 425, 424, 409, 425, 424, 409, 425, 424, 409, 425, 409, 425, 424, 409, 425], "target_tokens": ["[IN:DELETE_REMINDER", "[SL:TODO", "[IN:GET_TODO", "[SL:TODO", "[IN:CREATE_CALL", "[SL:CONTACT", "@ptr10", "SL:CONTACT]", "IN:CREATE_CALL]", "SL:TODO]", "[SL:DATE_TIME", "@ptr11", "@ptr12", "@ptr13", "SL:DATE_TIME]", "IN:GET_TODO]", "SL:TODO]", "IN:DELETE_REMINDER]"], "predicted_tokens": ["[IN:CREATE_REMINDER", "[SL:PERSON_REMINDED", "@ptr0", "@ptr1", "@ptr2", "@ptr3", "@ptr4", "SL:PERSON_REMINDED]", "[SL:TODO", "[IN:GET_TODO", "[SL:TODO", "[IN:CREATE_CALL", "[SL:CONTACT", "@ptr12", "@ptr14", "SL:CONTACT]", "IN:CREATE_CALL]", "SL:TODO]", "[SL:DATE_TIME", "@ptr12", "@ptr14", "@ptr29", "@ptr14", "@ptr30", "@ptr29", "@ptr14", "@ptr29", "@ptr14", "@ptr30", "@ptr29", "@ptr14", "@ptr30", "@ptr29", "@ptr14", "@ptr30", "@ptr14", "@ptr30", "@ptr14", "@ptr30", "@ptr14", "@ptr30", "@ptr14", "@ptr30", "@ptr14", "@ptr30", "@ptr29", "@ptr14", "@ptr30", "@ptr29", "@ptr14", "@ptr30", "@ptr29", "@ptr29", "@ptr29", "@ptr29", "@ptr29", "@ptr14", "@ptr30", "@ptr29", "@ptr14", "@ptr30", "@ptr29", "SL:TODO]", "[SL:DATE_TIME", "@ptr12", "@ptr14", "@ptr30", "@ptr29", "@ptr14", "@ptr29", "@ptr29", "@ptr29", "@ptr29", "@ptr14", "@ptr30", "@ptr29", "SL:TODO]", "[SL:DATE_TIME", "@ptr12", "@ptr14", "@ptr30", "@ptr29", "[SL:DATE_TIME", "@ptr12", "@ptr14", "@ptr30", "@ptr29", "@ptr14", "@ptr30", "@ptr29", "@ptr14", "@ptr30", "@ptr29", "@ptr14", "@ptr30", "@ptr14", "@ptr30", "@ptr29", "@ptr14", "@ptr30"]}
{"loss": 1.2642159461975098, "class_log_probabilities": [-2.8142497539520264, -3.3071134090423584, -5.821438789367676, -5.849573135375977], "predictions": [49, 36, 397, 398, 399, 400, 401, 402, 37, 16, 403, 404, 405, 17, 50, 4, 4, 4, 4], "target_tokens": ["[IN:CREATE_REMINDER", "[SL:PERSON_REMINDED", "@ptr2", "SL:PERSON_REMINDED]", "[SL:TODO", "@ptr4", "@ptr5", "@ptr6", "@ptr7", "SL:TODO]", "[SL:DATE_TIME", "@ptr8", "@ptr9", "@ptr10", "SL:DATE_TIME]", "IN:CREATE_REMINDER]"], "predicted_tokens": ["[IN:CREATE_REMINDER", "[SL:TODO", "@ptr2", "@ptr3", "@ptr4", "@ptr5", "@ptr6", "@ptr7", "SL:TODO]", "[SL:DATE_TIME", "@ptr8", "@ptr9", "@ptr10", "SL:DATE_TIME]", "IN:CREATE_REMINDER]"]}
{"loss": 1.7970536947250366, "class_log_probabilities": [-2.916145086288452, -2.9871013164520264, -3.713785409927368, -4.293489933013916], "predictions": [47, 34, 395, 35, 16, 403, 405, 407, 17, 48, 4], "target_tokens": ["[IN:GET_REMINDER", "[SL:PERSON_REMINDED", "@ptr0", "SL:PERSON_REMINDED]", "[SL:DATE_TIME", "@ptr8", "@ptr9", "@ptr10", "@ptr11", "SL:DATE_TIME]", "IN:GET_REMINDER]"], "predicted_tokens": ["[IN:GET_REMINDER", "[SL:PERSON_REMINDED", "@ptr0", "SL:PERSON_REMINDED]", "[SL:DATE_TIME", "@ptr8", "@ptr10", "@ptr12", "SL:DATE_TIME]", "IN:GET_REMINDER]"]}
{"loss": 4.016788482666016, "class_log_probabilities": [-8.010778427124023, -10.522027969360352, -13.13863468170166, -91.20584106445312], "predictions": [23, 10, 402, 11, 10, 402, 11, 26, 4, 4, 4, 4, 4, 4, 4, 4, 4, 4, 4, 4, 4, 4, 4, 4, 4, 4, 4, 4, 4, 4, 4, 4, 4, 4, 4, 4, 4, 4, 4, 4, 4, 4, 4, 4, 4, 4, 4, 4, 4, 4, 4, 4, 4, 4, 4, 4, 4, 4, 4, 4, 4, 4, 4, 4, 4, 4, 4, 4, 4, 4, 4, 4, 4, 4, 4, 4, 4, 4, 4, 4, 4, 4, 4, 4, 4, 4, 4, 4, 4, 4, 4, 4, 4, 4, 4, 4, 4, 4, 4, 4], "target_tokens": ["[IN:UPDATE_REMINDER_LOCATION", "[SL:AMOUNT", "@ptr4", "SL:AMOUNT]", "[SL:PERSON_REMINDED", "@ptr5", "@ptr6", "SL:PERSON_REMINDED]", "[SL:LOCATION", "[IN:GET_LOCATION", "[SL:CONTACT", "@ptr12", "SL:CONTACT]", "IN:GET_LOCATION]", "SL:LOCATION]", "[SL:LOCATION", "[IN:GET_LOCATION", "[SL:CONTACT", "@ptr17", "SL:CONTACT]", "IN:GET_LOCATION]", "SL:LOCATION]", "IN:UPDATE_REMINDER_LOCATION]"], "predicted_tokens": ["[IN:SEND_MESSAGE", "[SL:RECIPIENT", "@ptr7", "SL:RECIPIENT]", "[SL:RECIPIENT", "@ptr7", "SL:RECIPIENT]", "IN:SEND_MESSAGE]"]}
{"loss": 1.809076189994812, "class_log_probabilities": [-3.318828582763672, -3.8113162517547607, -3.9129974842071533, -4.249513626098633], "predictions": [23, 10, 396, 11, 24, 400, 401, 402, 25, 26, 4, 4], "target_tokens": ["[IN:CREATE_REMINDER", "[SL:PERSON_REMINDED", "@ptr1", "SL:PERSON_REMINDED]", "[SL:TODO", "@ptr5", "@ptr6", "@ptr7", "SL:TODO]", "IN:CREATE_REMINDER]"], "predicted_tokens": ["[IN:SEND_MESSAGE", "[SL:RECIPIENT", "@ptr1", "SL:RECIPIENT]", "[SL:CONTENT_EXACT", "@ptr5", "@ptr6", "@ptr7", "SL:CONTENT_EXACT]", "IN:SEND_MESSAGE]"]}
{"loss": 3.43133544921875, "class_log_probabilities": [-3.1720998287200928, -4.512868404388428, -4.65198278427124, -6.757871627807617], "predictions": [61, 83, 395, 396, 397, 398, 399, 400, 401, 402, 403, 84, 62, 4], "target_tokens": ["[IN:GET_REMINDER", "[SL:METHOD_RETRIEVAL_REMINDER", "@ptr0", "SL:METHOD_RETRIEVAL_REMINDER]", "[SL:TODO", "@ptr5", "@ptr6", "@ptr7", "SL:TODO]", "IN:GET_REMINDER]"], "predicted_tokens": ["[IN:GET_EVENT", "[SL:CATEGORY_EVENT", "@ptr0", "@ptr1", "@ptr2", "@ptr3", "@ptr4", "@ptr5", "@ptr6", "@ptr7", "@ptr8", "SL:CATEGORY_EVENT]", "IN:GET_EVENT]"]}
{"loss": 3.253223419189453, "class_log_probabilities": [-2.16804838180542, -4.579854965209961, -5.008875370025635, -5.015692710876465], "predictions": [49, 16, 401, 402, 403, 17, 50, 4, 4, 4, 4], "target_tokens": ["[IN:GET_REMINDER", "[SL:METHOD_RETRIEVAL_REMINDER", "@ptr0", "SL:METHOD_RETRIEVAL_REMINDER]", "[SL:AMOUNT", "@ptr4", "SL:AMOUNT]", "[SL:DATE_TIME", "@ptr5", "@ptr6", "@ptr7", "SL:DATE_TIME]", "IN:GET_REMINDER]"], "predicted_tokens": ["[IN:CREATE_REMINDER", "[SL:DATE_TIME", "@ptr6", "@ptr7", "@ptr8", "SL:DATE_TIME]", "IN:CREATE_REMINDER]"]}
{"loss": 1.7461000680923462, "class_log_probabilities": [-6.411840915679932, -7.1415324211120605, -7.573744297027588, -7.944084167480469], "predictions": [23, 24, 397, 398, 399, 400, 401, 402, 403, 404, 405, 406, 407, 408, 409, 410, 25, 26, 4, 4], "target_tokens": ["[IN:CREATE_REMINDER", "[SL:PERSON_REMINDED", "@ptr2", "SL:PERSON_REMINDED]", "[SL:TODO", "@ptr3", "@ptr4", "@ptr5", "@ptr6", "@ptr7", "@ptr8", "@ptr9", "@ptr10", "@ptr11", "@ptr12", "@ptr13", "@ptr14", "@ptr15", "SL:TODO]", "IN:CREATE_REMINDER]"], "predicted_tokens": ["[IN:SEND_MESSAGE", "[SL:CONTENT_EXACT", "@ptr2", "@ptr3", "@ptr4", "@ptr5", "@ptr6", "@ptr7", "@ptr8", "@ptr9", "@ptr10", "@ptr11", "@ptr12", "@ptr13", "@ptr14", "@ptr15", "SL:CONTENT_EXACT]", "IN:SEND_MESSAGE]"]}
{"loss": 1.4123281240463257, "class_log_probabilities": [-2.0188019275665283, -3.8252294063568115, -5.172175884246826, -5.823876857757568], "predictions": [49, 34, 397, 35, 36, 398, 399, 400, 401, 402, 403, 37, 16, 404, 17, 50, 4], "target_tokens": ["[IN:CREATE_REMINDER", "[SL:PERSON_REMINDED", "@ptr2", "SL:PERSON_REMINDED]", "[SL:TODO", "@ptr3", "@ptr4", "@ptr5", "@ptr6", "@ptr7", "SL:TODO]", "IN:CREATE_REMINDER]"], "predicted_tokens": ["[IN:CREATE_REMINDER", "[SL:PERSON_REMINDED", "@ptr2", "SL:PERSON_REMINDED]", "[SL:TODO", "@ptr3", "@ptr4", "@ptr5", "@ptr6", "@ptr7", "@ptr8", "SL:TODO]", "[SL:DATE_TIME", "@ptr9", "SL:DATE_TIME]", "IN:CREATE_REMINDER]"]}
{"loss": 3.4647128582000732, "class_log_probabilities": [-4.028763771057129, -5.08168888092041, -5.553004741668701, -6.560434818267822], "predictions": [49, 36, 401, 402, 403, 404, 405, 406, 407, 17, 50, 4, 4, 4, 4, 4, 4, 4], "target_tokens": ["[IN:UPDATE_REMINDER_DATE_TIME", "[SL:PERSON_REMINDED", "@ptr11", "@ptr12", "SL:PERSON_REMINDED]", "[SL:TODO", "@ptr5", "@ptr6", "@ptr7", "@ptr8", "@ptr9", "@ptr10", "SL:TODO]", "[SL:DATE_TIME", "@ptr14", "@ptr15", "@ptr16", "@ptr17", "@ptr18", "@ptr19", "@ptr20", "@ptr21", "@ptr22", "@ptr23", "SL:DATE_TIME]", "IN:UPDATE_REMINDER_DATE_TIME]"], "predicted_tokens": ["[IN:CREATE_REMINDER", "[SL:TODO", "@ptr6", "@ptr7", "@ptr8", "@ptr9", "@ptr10", "@ptr11", "@ptr12", "SL:DATE_TIME]", "IN:CREATE_REMINDER]"]}
{"loss": 1.7344346046447754, "class_log_probabilities": [-2.4074323177337646, -2.755207061767578, -2.9897854328155518, -3.0728135108947754], "predictions": [33, 36, 397, 398, 399, 400, 401, 402, 403, 404, 405, 406, 407, 37, 38, 4, 4], "target_tokens": ["[IN:DELETE_REMINDER", "[SL:TODO", "@ptr6", "@ptr7", "@ptr8", "@ptr9", "@ptr10", "@ptr11", "SL:TODO]", "IN:DELETE_REMINDER]"], "predicted_tokens": ["[IN:DELETE_REMINDER", "[SL:TODO", "@ptr2", "@ptr3", "@ptr4", "@ptr5", "@ptr6", "@ptr7", "@ptr8", "@ptr9", "@ptr10", "@ptr11", "@ptr12", "SL:TODO]", "IN:DELETE_REMINDER]"]}
{"loss": 2.7988762855529785, "class_log_probabilities": [-5.7114577293396, -5.838624000549316, -6.3042778968811035, -7.697772979736328], "predictions": [49, 36, 143, 16, 400, 401, 402, 403, 404, 17, 34, 412, 35, 16, 412, 17, 50, 4, 4, 4, 4, 4], "target_tokens": ["[IN:CREATE_REMINDER", "[SL:TODO", "[IN:GET_TODO", "[SL:TODO", "@ptr4", "SL:TODO]", "[SL:DATE_TIME", "@ptr5", "@ptr6", "@ptr7", "@ptr8", "SL:DATE_TIME]", "IN:GET_TODO]", "SL:TODO]", "[SL:PERSON_REMINDED", "@ptr0", "SL:PERSON_REMINDED]", "[SL:DATE_TIME", "@ptr14", "@ptr15", "@ptr16", "@ptr17", "SL:DATE_TIME]", "IN:CREATE_REMINDER]"], "predicted_tokens": ["[IN:CREATE_REMINDER", "[SL:TODO", "[IN:GET_TODO", "[SL:DATE_TIME", "@ptr5", "@ptr6", "@ptr7", "@ptr8", "@ptr9", "SL:DATE_TIME]", "[SL:PERSON_REMINDED", "@ptr17", "SL:PERSON_REMINDED]", "[SL:DATE_TIME", "@ptr17", "SL:DATE_TIME]", "IN:CREATE_REMINDER]"]}
{"loss": 3.7114880084991455, "class_log_probabilities": [-7.185320854187012, -7.435067176818848, -7.616598129272461, -7.745177268981934], "predictions": [49, 34, 403, 35, 36, 405, 407, 408, 37, 34, 410, 35, 50, 4], "target_tokens": ["[IN:GET_REMINDER", "[SL:PERSON_REMINDED", "@ptr9", "@ptr10", "@ptr11", "SL:PERSON_REMINDED]", "IN:GET_REMINDER]"], "predicted_tokens": ["[IN:CREATE_REMINDER", "[SL:PERSON_REMINDED", "@ptr8", "SL:PERSON_REMINDED]", "[SL:TODO", "@ptr10", "@ptr12", "@ptr13", "SL:TODO]", "[SL:PERSON_REMINDED", "@ptr15", "SL:PERSON_REMINDED]", "IN:CREATE_REMINDER]"]}
{"loss": 4.560183048248291, "class_log_probabilities": [-8.822202682495117, -9.600902557373047, -9.830470085144043, -10.61397647857666], "predictions": [49, 36, 143, 36, 402, 403, 404, 405, 406, 37, 34, 410, 35, 50, 4, 4], "target_tokens": ["[IN:GET_REMINDER", "[SL:METHOD_RETRIEVAL_REMINDER", "@ptr0", "SL:METHOD_RETRIEVAL_REMINDER]", "[SL:AMOUNT", "@ptr4", "SL:AMOUNT]", "[SL:DATE_TIME", "@ptr5", "@ptr6", "@ptr7", "@ptr8", "@ptr9", "SL:DATE_TIME]", "[SL:TODO", "@ptr13", "@ptr14", "@ptr15", "SL:TODO]", "IN:GET_REMINDER]"], "predicted_tokens": ["[IN:CREATE_REMINDER", "[SL:TODO", "[IN:GET_TODO", "[SL:TODO", "@ptr7", "@ptr8", "@ptr9", "@ptr10", "@ptr11", "SL:TODO]", "[SL:PERSON_REMINDED", "@ptr15", "SL:PERSON_REMINDED]", "IN:CREATE_REMINDER]"]}
{"loss": 1.8675386905670166, "class_log_probabilities": [-0.942736029624939, -5.18051815032959, -6.1527204513549805, -6.280012607574463], "predictions": [70, 16, 398, 399, 400, 17, 73, 4, 4], "target_tokens": ["[IN:GET_CONTACT", "[SL:DATE_TIME", "@ptr3", "@ptr4", "SL:DATE_TIME]", "IN:GET_CONTACT]"], "predicted_tokens": ["[IN:GET_CONTACT", "[SL:DATE_TIME", "@ptr3", "@ptr4", "@ptr5", "SL:DATE_TIME]", "IN:GET_CONTACT]"]}
{"loss": 3.020540475845337, "class_log_probabilities": [-1.7661871910095215, -2.8335728645324707, -4.009408950805664, -4.701809406280518], "predictions": [70, 71, 396, 72, 93, 398, 94, 16, 402, 403, 17, 73, 4, 4], "target_tokens": ["[IN:GET_CONTACT", "[SL:CONTACT_RELATED", "@ptr2", "@ptr3", "SL:CONTACT_RELATED]", "[SL:TYPE_RELATION", "@ptr1", "SL:TYPE_RELATION]", "[SL:DATE_TIME", "@ptr7", "SL:DATE_TIME]", "IN:GET_CONTACT]"], "predicted_tokens": ["[IN:GET_CONTACT", "[SL:TYPE_RELATION", "@ptr1", "SL:TYPE_RELATION]", "[SL:CONTACT_RELATED", "@ptr3", "SL:CONTACT_RELATED]", "[SL:DATE_TIME", "@ptr7", "@ptr8", "SL:DATE_TIME]", "IN:GET_CONTACT]"]}
{"loss": 1.7940648794174194, "class_log_probabilities": [-5.410459518432617, -5.788753509521484, -6.3819661140441895, -7.660311698913574], "predictions": [49, 36, 398, 399, 400, 401, 402, 403, 404, 405, 406, 407, 408, 37, 16, 409, 411, 17, 50, 4, 4, 4, 4], "target_tokens": ["[IN:CREATE_REMINDER", "[SL:PERSON_REMINDED", "@ptr1", "SL:PERSON_REMINDED]", "[SL:TODO", "@ptr3", "@ptr4", "@ptr5", "@ptr6", "@ptr7", "@ptr8", "@ptr9", "@ptr10", "@ptr11", "SL:TODO]", "[SL:DATE_TIME", "@ptr13", "@ptr14", "SL:DATE_TIME]", "IN:CREATE_REMINDER]"], "predicted_tokens": ["[IN:CREATE_REMINDER", "[SL:TODO", "@ptr3", "@ptr4", "@ptr5", "@ptr6", "@ptr7", "@ptr8", "@ptr9", "@ptr10", "@ptr11", "@ptr12", "@ptr13", "SL:TODO]", "[SL:DATE_TIME", "@ptr14", "@ptr16", "SL:DATE_TIME]", "IN:CREATE_REMINDER]"]}
{"loss": 3.2499663829803467, "class_log_probabilities": [-7.11932373046875, -8.02956771850586, -12.335021018981934, -12.736967086791992], "predictions": [49, 36, 143, 36, 397, 398, 399, 37, 36, 401, 402, 403, 404, 37, 16, 408, 17, 50, 4, 4, 4, 4, 4, 4], "target_tokens": ["[IN:UPDATE_REMINDER_DATE_TIME", "[SL:PERSON_REMINDED", "@ptr8", "@ptr9", "SL:PERSON_REMINDED]", "[SL:TODO", "@ptr5", "@ptr6", "@ptr7", "SL:TODO]", "[SL:DATE_TIME", "@ptr10", "@ptr11", "@ptr12", "@ptr13", "@ptr14", "SL:DATE_TIME]", "[SL:DATE_TIME", "@ptr16", "@ptr17", "@ptr18", "@ptr19", "SL:DATE_TIME]", "IN:UPDATE_REMINDER_DATE_TIME]"], "predicted_tokens": ["[IN:CREATE_REMINDER", "[SL:TODO", "[IN:GET_TODO", "[SL:TODO", "@ptr2", "@ptr3", "@ptr4", "SL:TODO]", "[SL:TODO", "@ptr6", "@ptr7", "@ptr8", "@ptr9", "SL:TODO]", "[SL:DATE_TIME", "@ptr13", "SL:DATE_TIME]", "IN:CREATE_REMINDER]"]}
{"loss": 1.264762043952942, "class_log_probabilities": [-2.986886739730835, -4.4532012939453125, -4.61346960067749, -5.007715702056885], "predictions": [49, 34, 397, 35, 36, 398, 399, 400, 401, 402, 37, 16, 403, 404, 405, 406, 407, 17, 50, 4], "target_tokens": ["[IN:CREATE_REMINDER", "[SL:PERSON_REMINDED", "@ptr2", "SL:PERSON_REMINDED]", "[SL:TODO", "@ptr3", "@ptr4", "@ptr5", "@ptr6", "SL:TODO]", "[SL:DATE_TIME", "@ptr8", "@ptr9", "@ptr10", "@ptr11", "SL:DATE_TIME]", "IN:CREATE_REMINDER]"], "predicted_tokens": ["[IN:CREATE_REMINDER", "[SL:PERSON_REMINDED", "@ptr2", "SL:PERSON_REMINDED]", "[SL:TODO", "@ptr3", "@ptr4", "@ptr5", "@ptr6", "@ptr7", "SL:TODO]", "[SL:DATE_TIME", "@ptr8", "@ptr9", "@ptr10", "@ptr11", "@ptr12", "SL:DATE_TIME]", "IN:CREATE_REMINDER]"]}
{"loss": 1.5030920505523682, "class_log_probabilities": [-4.419238090515137, -5.261754512786865, -5.583535194396973, -9.03481388092041], "predictions": [49, 34, 397, 35, 36, 398, 399, 400, 37, 16, 402, 403, 404, 405, 406, 407, 17, 50, 4, 4, 4, 4], "target_tokens": ["[IN:CREATE_REMINDER", "[SL:PERSON_REMINDED", "@ptr1", "SL:PERSON_REMINDED]", "[SL:TODO", "@ptr3", "@ptr4", "@ptr5", "SL:TODO]", "[SL:DATE_TIME", "@ptr6", "@ptr7", "@ptr8", "@ptr9", "@ptr10", "@ptr11", "@ptr12", "SL:DATE_TIME]", "IN:CREATE_REMINDER]"], "predicted_tokens": ["[IN:CREATE_REMINDER", "[SL:PERSON_REMINDED", "@ptr2", "SL:PERSON_REMINDED]", "[SL:TODO", "@ptr3", "@ptr4", "@ptr5", "SL:TODO]", "[SL:DATE_TIME", "@ptr7", "@ptr8", "@ptr9", "@ptr10", "@ptr11", "@ptr12", "SL:DATE_TIME]", "IN:CREATE_REMINDER]"]}
{"loss": 2.346479892730713, "class_log_probabilities": [-22.114818572998047, -27.68827247619629, -29.547739028930664, -84.31293487548828], "predictions": [49, 36, 75, 6, 70, 71, 401, 72, 73, 7, 6, 403, 7, 78, 37, 16, 407, 408, 410, 410, 410, 410, 410, 410, 410, 410, 410, 410, 410, 410, 411, 17, 50, 4, 4, 4, 4, 4, 4, 4, 4, 4, 4, 4, 4, 4, 4, 4, 4, 4, 4, 4, 4, 4, 4, 4, 4, 4, 4, 4, 4, 4, 4, 4, 4, 4, 4, 4, 4, 4, 4, 4, 4, 4, 4, 4, 4, 4, 4, 4, 4, 4, 4, 4, 4, 4, 4, 4, 4, 4, 4, 4, 4, 4, 4, 4, 4, 4, 4, 4], "target_tokens": ["[IN:CREATE_REMINDER", "[SL:TODO", "[IN:CREATE_CALL", "[SL:CONTACT", "[IN:GET_CONTACT", "[SL:CONTACT_RELATED", "@ptr8", "@ptr9", "SL:CONTACT_RELATED]", "[SL:TYPE_RELATION", "@ptr7", "SL:TYPE_RELATION]", "IN:GET_CONTACT]", "SL:CONTACT]", "IN:CREATE_CALL]", "SL:TODO]", "[SL:DATE_TIME", "@ptr10", "@ptr11", "@ptr12", "@ptr13", "@ptr14", "@ptr15", "@ptr16", "SL:DATE_TIME]", "IN:CREATE_REMINDER]"], "predicted_tokens": ["[IN:CREATE_REMINDER", "[SL:TODO", "[IN:CREATE_CALL", "[SL:CONTACT", "[IN:GET_CONTACT", "[SL:TYPE_RELATION", "@ptr6", "SL:TYPE_RELATION]", "IN:GET_CONTACT]", "SL:CONTACT]", "[SL:CONTACT", "@ptr8", "SL:CONTACT]", "IN:CREATE_CALL]", "SL:TODO]", "[SL:DATE_TIME", "@ptr12", "@ptr13", "@ptr15", "@ptr15", "@ptr15", "@ptr15", "@ptr15", "@ptr15", "@ptr15", "@ptr15", "@ptr15", "@ptr15", "@ptr15", "@ptr15", "@ptr16", "SL:DATE_TIME]", "IN:CREATE_REMINDER]"]}
{"loss": 2.2329201698303223, "class_log_probabilities": [-7.199484825134277, -84.96934509277344, -85.57591247558594, -85.7615737915039], "predictions": [49, 36, 143, 36, 398, 399, 400, 401, 402, 403, 404, 37, 34, 406, 35, 16, 408, 17, 50, 4, 4, 4, 4, 4, 4, 4, 4, 4, 4, 4, 4, 4, 4, 4, 4, 4, 4, 4, 4, 4, 4, 4, 4, 4, 4, 4, 4, 4, 4, 4, 4, 4, 4, 4, 4, 4, 4, 4, 4, 4, 4, 4, 4, 4, 4, 4, 4, 4, 4, 4, 4, 4, 4, 4, 4, 4, 4, 4, 4, 4, 4, 4, 4, 4, 4, 4, 4, 4, 4, 4, 4, 4, 4, 4, 4, 4, 4, 4, 4, 4], "target_tokens": ["[IN:CREATE_REMINDER", "[SL:PERSON_REMINDED", "@ptr3", "SL:PERSON_REMINDED]", "[SL:TODO", "@ptr4", "@ptr5", "@ptr6", "@ptr7", "@ptr8", "@ptr9", "@ptr10", "@ptr11", "SL:TODO]", "[SL:DATE_TIME", "@ptr12", "@ptr13", "@ptr14", "@ptr15", "SL:DATE_TIME]", "IN:CREATE_REMINDER]"], "predicted_tokens": ["[IN:CREATE_REMINDER", "[SL:TODO", "[IN:GET_TODO", "[SL:TODO", "@ptr3", "@ptr4", "@ptr5", "@ptr6", "@ptr7", "@ptr8", "@ptr9", "SL:TODO]", "[SL:PERSON_REMINDED", "@ptr11", "SL:PERSON_REMINDED]", "[SL:DATE_TIME", "@ptr13", "SL:DATE_TIME]", "IN:CREATE_REMINDER]"]}
{"loss": 1.5097180604934692, "class_log_probabilities": [-2.95552921295166, -4.173819065093994, -4.551170349121094, -5.016315937042236], "predictions": [49, 36, 397, 398, 399, 400, 401, 402, 403, 404, 405, 37, 50, 4], "target_tokens": ["[IN:CREATE_REMINDER", "[SL:PERSON_REMINDED", "@ptr2", "SL:PERSON_REMINDED]", "[SL:TODO", "@ptr3", "@ptr4", "@ptr5", "@ptr6", "@ptr7", "@ptr8", "@ptr9", "@ptr10", "SL:TODO]", "IN:CREATE_REMINDER]"], "predicted_tokens": ["[IN:CREATE_REMINDER", "[SL:TODO", "@ptr2", "@ptr3", "@ptr4", "@ptr5", "@ptr6", "@ptr7", "@ptr8", "@ptr9", "@ptr10", "SL:TODO]", "IN:CREATE_REMINDER]"]}
{"loss": 3.47554612159729, "class_log_probabilities": [-4.351296901702881, -5.412478446960449, -8.455082893371582, -21.03227996826172], "predictions": [49, 36, 397, 398, 399, 400, 401, 402, 403, 37, 34, 406, 35, 16, 408, 17, 50, 4, 4, 4, 4, 4, 4, 4, 4, 4, 4, 4, 4, 4, 4, 4, 4, 4, 4, 4, 4, 4, 4], "target_tokens": ["[IN:UPDATE_REMINDER_DATE_TIME", "[SL:PERSON_REMINDED", "@ptr7", "@ptr8", "SL:PERSON_REMINDED]", "[SL:TODO", "@ptr4", "@ptr5", "@ptr6", "SL:TODO]", "[SL:DATE_TIME", "@ptr9", "@ptr10", "@ptr11", "@ptr12", "SL:DATE_TIME]", "IN:UPDATE_REMINDER_DATE_TIME]"], "predicted_tokens": ["[IN:CREATE_REMINDER", "[SL:TODO", "@ptr2", "@ptr3", "@ptr4", "@ptr5", "@ptr6", "@ptr7", "@ptr8", "SL:TODO]", "[SL:PERSON_REMINDED", "@ptr11", "SL:PERSON_REMINDED]", "[SL:DATE_TIME", "@ptr13", "SL:DATE_TIME]", "IN:CREATE_REMINDER]"]}
{"loss": 3.5974512100219727, "class_log_probabilities": [-1.2686060667037964, -5.9353437423706055, -5.941821575164795, -6.243610382080078], "predictions": [47, 36, 396, 397, 37, 16, 399, 400, 401, 17, 48, 4], "target_tokens": ["[IN:GET_REMINDER", "[SL:DATE_TIME", "@ptr3", "@ptr4", "@ptr5", "SL:DATE_TIME]", "IN:GET_REMINDER]"], "predicted_tokens": ["[IN:GET_REMINDER", "[SL:TODO", "@ptr1", "@ptr2", "SL:TODO]", "[SL:DATE_TIME", "@ptr4", "@ptr5", "@ptr6", "SL:DATE_TIME]", "IN:GET_REMINDER]"]}
{"loss": 2.7478652000427246, "class_log_probabilities": [-4.445123195648193, -5.017296314239502, -6.461549758911133, -10.146295547485352], "predictions": [23, 10, 397, 11, 24, 399, 25, 10, 402, 11, 26, 4, 4, 4, 4, 4, 4, 4, 4, 4, 4, 4], "target_tokens": ["[IN:CREATE_REMINDER", "[SL:PERSON_REMINDED", "@ptr2", "SL:PERSON_REMINDED]", "[SL:TODO", "[IN:REPLY_MESSAGE", "[SL:RECIPIENT", "@ptr6", "SL:RECIPIENT]", "[SL:METHOD_MESSAGE", "@ptr4", "SL:METHOD_MESSAGE]", "IN:REPLY_MESSAGE]", "SL:TODO]", "[SL:DATE_TIME", "@ptr7", "@ptr8", "@ptr9", "SL:DATE_TIME]", "IN:CREATE_REMINDER]"], "predicted_tokens": ["[IN:SEND_MESSAGE", "[SL:RECIPIENT", "@ptr2", "SL:RECIPIENT]", "[SL:CONTENT_EXACT", "@ptr4", "SL:CONTENT_EXACT]", "[SL:RECIPIENT", "@ptr7", "SL:RECIPIENT]", "IN:SEND_MESSAGE]"]}
{"loss": 1.7931896448135376, "class_log_probabilities": [-8.236157417297363, -100.07820129394531, -100.13116455078125, -100.18405151367188], "predictions": [33, 34, 401, 35, 36, 403, 404, 405, 406, 37, 16, 407, 408, 409, 410, 411, 17, 50, 4, 4, 4, 4, 4, 4, 4, 4, 4, 4, 4, 4, 4, 4, 4, 4, 4, 4, 4, 4, 4, 4, 4, 4, 4, 4, 4, 4, 4, 4, 4, 4, 4, 4, 4, 4, 4, 4, 4, 4, 4, 4, 4, 4, 4, 4, 4, 4, 4, 4, 4, 4, 4, 4, 4, 4, 4, 4, 4, 4, 4, 4, 4, 4, 4, 4, 4, 4, 4, 4, 4, 4, 4, 4, 4, 4, 4, 4, 4, 4, 4, 4], "target_tokens": ["[IN:DELETE_REMINDER", "[SL:PERSON_REMINDED", "@ptr5", "SL:PERSON_REMINDED]", "[SL:TODO", "@ptr8", "@ptr9", "@ptr10", "SL:TODO]", "[SL:DATE_TIME", "@ptr11", "@ptr12", "@ptr13", "@ptr14", "@ptr15", "@ptr16", "SL:DATE_TIME]", "IN:DELETE_REMINDER]"], "predicted_tokens": ["[IN:DELETE_REMINDER", "[SL:PERSON_REMINDED", "@ptr6", "SL:PERSON_REMINDED]", "[SL:TODO", "@ptr8", "@ptr9", "@ptr10", "@ptr11", "SL:TODO]", "[SL:DATE_TIME", "@ptr12", "@ptr13", "@ptr14", "@ptr15", "@ptr16", "SL:DATE_TIME]", "IN:CREATE_REMINDER]"]}
{"loss": 2.4903337955474854, "class_log_probabilities": [-3.7759251594543457, -4.267960071563721, -4.32036018371582, -4.3459625244140625], "predictions": [49, 36, 398, 399, 400, 401, 37, 16, 402, 403, 404, 405, 17, 50, 4, 4, 4, 4], "target_tokens": ["[IN:CREATE_REMINDER", "[SL:PERSON_REMINDED", "@ptr2", "SL:PERSON_REMINDED]", "[SL:TODO", "@ptr3", "@ptr4", "@ptr5", "SL:TODO]", "[SL:DATE_TIME", "@ptr6", "@ptr7", "@ptr8", "SL:DATE_TIME]", "IN:CREATE_REMINDER]"], "predicted_tokens": ["[IN:CREATE_REMINDER", "[SL:TODO", "@ptr3", "@ptr4", "@ptr5", "@ptr6", "SL:TODO]", "[SL:DATE_TIME", "@ptr7", "@ptr8", "@ptr9", "@ptr10", "SL:DATE_TIME]", "IN:CREATE_REMINDER]"]}
{"loss": 2.3062024116516113, "class_log_probabilities": [-2.027146100997925, -2.0310630798339844, -4.102957248687744, -5.863193988800049], "predictions": [75, 6, 70, 71, 401, 72, 73, 7, 78, 4, 4, 4, 4], "target_tokens": ["[IN:CREATE_REMINDER", "[SL:PERSON_REMINDED", "@ptr1", "SL:PERSON_REMINDED]", "[SL:TODO", "[IN:CREATE_CALL", "[SL:CONTACT", "[IN:GET_CONTACT", "[SL:CONTACT_RELATED", "@ptr6", "@ptr7", "SL:CONTACT_RELATED]", "[SL:TYPE_RELATION", "@ptr5", "SL:TYPE_RELATION]", "IN:GET_CONTACT]", "SL:CONTACT]", "IN:CREATE_CALL]", "SL:TODO]", "[SL:DATE_TIME", "@ptr8", "@ptr9", "@ptr10", "SL:DATE_TIME]", "IN:CREATE_REMINDER]"], "predicted_tokens": ["[IN:CREATE_CALL", "[SL:CONTACT", "[IN:GET_CONTACT", "[SL:TYPE_RELATION", "@ptr6", "SL:TYPE_RELATION]", "IN:GET_CONTACT]", "SL:CONTACT]", "IN:CREATE_CALL]"]}
{"loss": 1.2475287914276123, "class_log_probabilities": [-4.1908345222473145, -5.016155242919922, -6.202125072479248, -6.482863903045654], "predictions": [45, 249, 399, 400, 401, 250, 16, 402, 403, 404, 17, 46, 4, 4, 4, 4], "target_tokens": ["[IN:CREATE_REMINDER", "[SL:PERSON_REMINDED", "@ptr2", "SL:PERSON_REMINDED]", "[SL:TODO", "@ptr4", "@ptr5", "@ptr6", "SL:TODO]", "[SL:DATE_TIME", "@ptr7", "@ptr8", "@ptr9", "SL:DATE_TIME]", "IN:CREATE_REMINDER]"], "predicted_tokens": ["[IN:CREATE_ALARM", "[SL:ALARM_NAME", "@ptr4", "@ptr5", "@ptr6", "SL:ALARM_NAME]", "[SL:DATE_TIME", "@ptr7", "@ptr8", "@ptr9", "SL:DATE_TIME]", "IN:CREATE_ALARM]"]}
{"loss": 2.2020628452301025, "class_log_probabilities": [-3.1987345218658447, -3.4223647117614746, -3.4728684425354004, -3.7422564029693604], "predictions": [49, 34, 395, 35, 16, 403, 405, 407, 17, 50, 4, 4], "target_tokens": ["[IN:GET_REMINDER", "[SL:PERSON_REMINDED", "@ptr0", "SL:PERSON_REMINDED]", "[SL:DATE_TIME", "@ptr7", "@ptr8", "@ptr9", "@ptr10", "@ptr11", "SL:DATE_TIME]", "IN:GET_REMINDER]"], "predicted_tokens": ["[IN:CREATE_REMINDER", "[SL:PERSON_REMINDED", "@ptr0", "SL:PERSON_REMINDED]", "[SL:DATE_TIME", "@ptr8", "@ptr10", "@ptr12", "SL:DATE_TIME]", "IN:CREATE_REMINDER]"]}
{"loss": 0.9752271771430969, "class_log_probabilities": [-0.17174577713012695, -7.695610523223877, -7.998289108276367, -8.027973175048828], "predictions": [215, 216, 4], "target_tokens": ["[IN:SWITCH_CALL", "IN:SWITCH_CALL]"], "predicted_tokens": ["[IN:SWITCH_CALL", "IN:SWITCH_CALL]"]}
{"loss": 3.003310441970825, "class_log_probabilities": [-2.4215071201324463, -2.8289458751678467, -4.125291347503662, -4.41944694519043], "predictions": [63, 66, 396, 397, 398, 399, 67, 66, 402, 67, 68, 4, 4], "target_tokens": ["[IN:CREATE_CALL", "[SL:CONTACT", "@ptr7", "SL:CONTACT]", "IN:CREATE_CALL]"], "predicted_tokens": ["[IN:PLAY_MUSIC", "[SL:MUSIC_ARTIST_NAME", "@ptr1", "@ptr2", "@ptr3", "@ptr4", "SL:MUSIC_ARTIST_NAME]", "[SL:MUSIC_ARTIST_NAME", "@ptr7", "SL:MUSIC_ARTIST_NAME]", "IN:PLAY_MUSIC]"]}
{"loss": 4.138818264007568, "class_log_probabilities": [-2.3894217014312744, -2.546450614929199, -3.9497811794281006, -5.274725437164307], "predictions": [89, 16, 401, 402, 17, 92, 4, 4, 4, 4, 4], "target_tokens": ["[IN:CREATE_ALARM", "[SL:ALARM_NAME", "@ptr2", "@ptr3", "SL:ALARM_NAME]", "[SL:DATE_TIME", "@ptr4", "@ptr5", "@ptr6", "SL:DATE_TIME]", "IN:CREATE_ALARM]"], "predicted_tokens": ["[IN:CREATE_TIMER", "[SL:DATE_TIME", "@ptr6", "@ptr7", "SL:DATE_TIME]", "IN:CREATE_TIMER]"]}
{"loss": 3.0015652179718018, "class_log_probabilities": [-5.897974014282227, -6.422239303588867, -7.053441524505615, -7.4810895919799805], "predictions": [61, 156, 399, 400, 401, 402, 403, 404, 157, 62, 4, 4], "target_tokens": ["[IN:GET_EVENT", "[SL:LOCATION", "@ptr9", "SL:LOCATION]", "IN:GET_EVENT]"], "predicted_tokens": ["[IN:GET_EVENT", "[SL:TITLE_EVENT", "@ptr4", "@ptr5", "@ptr6", "@ptr7", "@ptr8", "@ptr9", "SL:TITLE_EVENT]", "IN:GET_EVENT]"]}
{"loss": 3.177651882171631, "class_log_probabilities": [-4.218767166137695, -4.39264440536499, -5.507537841796875, -7.4409332275390625], "predictions": [61, 14, 404, 406, 15, 16, 408, 17, 62, 4, 4, 4], "target_tokens": ["[IN:GET_EVENT", "[SL:LOCATION", "@ptr8", "@ptr9", "@ptr10", "@ptr11", "SL:LOCATION]", "[SL:DATE_TIME", "@ptr12", "@ptr13", "SL:DATE_TIME]", "IN:GET_EVENT]"], "predicted_tokens": ["[IN:GET_EVENT", "[SL:LOCATION", "@ptr9", "@ptr11", "SL:LOCATION]", "[SL:DATE_TIME", "@ptr13", "SL:DATE_TIME]", "IN:GET_EVENT]"]}
{"loss": 2.2400283813476562, "class_log_probabilities": [-0.7305914759635925, -6.270994663238525, -6.617919921875, -7.296537399291992], "predictions": [61, 14, 395, 396, 15, 16, 398, 399, 400, 17, 62, 4, 4], "target_tokens": ["[IN:GET_EVENT", "[SL:LOCATION", "@ptr0", "@ptr1", "SL:LOCATION]", "[SL:DATE_TIME", "@ptr2", "@ptr3", "@ptr4", "SL:DATE_TIME]", "IN:GET_EVENT]"], "predicted_tokens": ["[IN:GET_EVENT", "[SL:LOCATION", "@ptr0", "@ptr1", "SL:LOCATION]", "[SL:DATE_TIME", "@ptr3", "@ptr4", "@ptr5", "SL:DATE_TIME]", "IN:GET_EVENT]"]}
{"loss": 2.654658317565918, "class_log_probabilities": [-2.486769914627075, -3.2752442359924316, -4.5657243728637695, -8.731606483459473], "predictions": [61, 62, 4, 4, 4, 4], "target_tokens": ["[IN:GET_EVENT", "[SL:CATEGORY_EVENT", "@ptr3", "@ptr4", "@ptr5", "SL:CATEGORY_EVENT]", "IN:GET_EVENT]"], "predicted_tokens": ["[IN:GET_EVENT", "IN:GET_EVENT]"]}
{"loss": 2.150459051132202, "class_log_probabilities": [-3.434189796447754, -5.261696815490723, -5.505707263946533, -7.949279308319092], "predictions": [61, 14, 396, 397, 398, 399, 15, 16, 403, 17, 62, 4, 4, 4, 4, 4, 4, 4], "target_tokens": ["[IN:GET_EVENT", "[SL:LOCATION", "@ptr5", "@ptr6", "SL:LOCATION]", "[SL:DATE_TIME", "@ptr7", "@ptr8", "SL:DATE_TIME]", "IN:GET_EVENT]"], "predicted_tokens": ["[IN:GET_EVENT", "[SL:LOCATION", "@ptr1", "@ptr2", "@ptr3", "@ptr4", "SL:LOCATION]", "[SL:DATE_TIME", "@ptr8", "SL:DATE_TIME]", "IN:GET_EVENT]"]}
{"loss": 3.301011085510254, "class_log_probabilities": [-1.9047046899795532, -3.3830196857452393, -5.984294414520264, -13.767231941223145], "predictions": [61, 16, 404, 17, 14, 408, 15, 62, 4, 4, 4, 4, 4, 4, 4, 4, 4, 4, 4, 4, 4, 4, 4], "target_tokens": ["[IN:GET_EVENT", "[SL:CATEGORY_EVENT", "@ptr2", "SL:CATEGORY_EVENT]", "[SL:DATE_TIME", "@ptr8", "@ptr9", "SL:DATE_TIME]", "[SL:LOCATION", "@ptr11", "@ptr12", "@ptr13", "@ptr14", "SL:LOCATION]", "IN:GET_EVENT]"], "predicted_tokens": ["[IN:GET_EVENT", "[SL:DATE_TIME", "@ptr9", "SL:DATE_TIME]", "[SL:LOCATION", "@ptr13", "SL:LOCATION]", "IN:GET_EVENT]"]}
{"loss": 2.6430881023406982, "class_log_probabilities": [-1.6476154327392578, -3.0319101810455322, -3.752781391143799, -4.026721000671387], "predictions": [61, 16, 396, 397, 398, 17, 83, 400, 84, 62, 4, 4], "target_tokens": ["[IN:GET_EVENT", "[SL:DATE_TIME", "@ptr0", "@ptr1", "@ptr2", "SL:DATE_TIME]", "IN:GET_EVENT]"], "predicted_tokens": ["[IN:GET_EVENT", "[SL:DATE_TIME", "@ptr1", "@ptr2", "@ptr3", "SL:DATE_TIME]", "[SL:CATEGORY_EVENT", "@ptr5", "SL:CATEGORY_EVENT]", "IN:GET_EVENT]"]}
{"loss": 3.1990807056427, "class_log_probabilities": [-0.510984480381012, -6.241584300994873, -6.5232834815979, -6.584298133850098], "predictions": [61, 16, 401, 402, 17, 62, 4, 4], "target_tokens": ["[IN:GET_EVENT", "[SL:DATE_TIME", "@ptr5", "@ptr6", "SL:DATE_TIME]", "IN:GET_EVENT]"], "predicted_tokens": ["[IN:GET_EVENT", "[SL:DATE_TIME", "@ptr6", "@ptr7", "SL:DATE_TIME]", "IN:GET_EVENT]"]}
{"loss": 1.8098623752593994, "class_log_probabilities": [-1.2462372779846191, -3.3185644149780273, -4.006348609924316, -4.808933734893799], "predictions": [61, 16, 395, 396, 17, 14, 399, 400, 401, 15, 62, 4], "target_tokens": ["[IN:GET_EVENT", "[SL:DATE_TIME", "@ptr0", "@ptr1", "SL:DATE_TIME]", "IN:GET_EVENT]"], "predicted_tokens": ["[IN:GET_EVENT", "[SL:DATE_TIME", "@ptr0", "@ptr1", "SL:DATE_TIME]", "[SL:LOCATION", "@ptr4", "@ptr5", "@ptr6", "SL:LOCATION]", "IN:GET_EVENT]"]}
{"loss": 2.161506414413452, "class_log_probabilities": [-2.5284650325775146, -2.842958927154541, -4.765724182128906, -4.8113298416137695], "predictions": [61, 14, 399, 400, 15, 16, 404, 406, 17, 62, 4, 4], "target_tokens": ["[IN:GET_EVENT", "[SL:ATTRIBUTE_EVENT", "@ptr3", "@ptr4", "@ptr5", "SL:ATTRIBUTE_EVENT]", "[SL:DATE_TIME", "@ptr9", "@ptr10", "SL:DATE_TIME]", "IN:GET_EVENT]"], "predicted_tokens": ["[IN:GET_EVENT", "[SL:LOCATION", "@ptr4", "@ptr5", "SL:LOCATION]", "[SL:DATE_TIME", "@ptr9", "@ptr11", "SL:DATE_TIME]", "IN:GET_EVENT]"]}
{"loss": 2.3828489780426025, "class_log_probabilities": [-1.4922255277633667, -1.8308391571044922, -5.868249416351318, -5.885132312774658], "predictions": [70, 71, 396, 397, 72, 6, 399, 400, 401, 402, 7, 73, 4], "target_tokens": ["[IN:GET_CONTACT", "[SL:CONTACT", "@ptr4", "@ptr5", "@ptr6", "@ptr7", "SL:CONTACT]", "[SL:TYPE_RELATION", "@ptr1", "@ptr2", "SL:TYPE_RELATION]", "IN:GET_CONTACT]"], "predicted_tokens": ["[IN:GET_CONTACT", "[SL:TYPE_RELATION", "@ptr1", "@ptr2", "SL:TYPE_RELATION]", "[SL:CONTACT", "@ptr4", "@ptr5", "@ptr6", "@ptr7", "SL:CONTACT]", "IN:GET_CONTACT]"]}
{"loss": 2.238389253616333, "class_log_probabilities": [-0.8874142169952393, -1.722399115562439, -3.207824230194092, -6.88045072555542], "predictions": [63, 223, 396, 397, 224, 68, 4, 4, 4], "target_tokens": ["[IN:PLAY_MUSIC", "[SL:MUSIC_RADIO_ID", "@ptr2", "SL:MUSIC_RADIO_ID]", "[SL:MUSIC_TYPE", "@ptr1", "SL:MUSIC_TYPE]", "IN:PLAY_MUSIC]"], "predicted_tokens": ["[IN:PLAY_MUSIC", "[SL:MUSIC_RADIO_ID", "@ptr1", "@ptr2", "SL:MUSIC_RADIO_ID]", "IN:PLAY_MUSIC]"]}
{"loss": 1.1674500703811646, "class_log_probabilities": [-2.4112939834594727, -2.598975658416748, -4.517944812774658, -5.263715744018555], "predictions": [373, 6, 395, 396, 7, 374, 4], "target_tokens": ["[IN:GET_LANGUAGE", "[SL:CONTACT", "@ptr0", "@ptr1", "SL:CONTACT]", "IN:GET_LANGUAGE]"], "predicted_tokens": ["[IN:GET_LANGUAGE", "[SL:CONTACT", "@ptr0", "@ptr1", "SL:CONTACT]", "IN:GET_LANGUAGE]"]}
{"loss": 3.4769370555877686, "class_log_probabilities": [-2.6015360355377197, -2.9334778785705566, -3.116696834564209, -4.528301239013672], "predictions": [211, 93, 395, 94, 6, 397, 7, 212, 4], "target_tokens": ["[IN:GET_INFO_CONTACT", "[SL:CONTACT", "@ptr2", "SL:CONTACT]", "IN:GET_INFO_CONTACT]"], "predicted_tokens": ["[IN:GET_LOCATION", "[SL:CONTACT_RELATED", "@ptr0", "SL:CONTACT_RELATED]", "[SL:CONTACT", "@ptr2", "SL:CONTACT]", "IN:GET_LOCATION]"]}
{"loss": 0.9758136868476868, "class_log_probabilities": [-0.321161150932312, -8.052087783813477, -8.168987274169922, -8.419567108154297], "predictions": [105, 6, 397, 7, 106, 4, 4, 4], "target_tokens": ["[IN:GET_INFO_CONTACT", "[SL:CONTACT", "@ptr2", "SL:CONTACT]", "IN:GET_INFO_CONTACT]"], "predicted_tokens": ["[IN:GET_INFO_CONTACT", "[SL:CONTACT", "@ptr2", "SL:CONTACT]", "IN:GET_INFO_CONTACT]"]}
{"loss": 1.0791056156158447, "class_log_probabilities": [-1.3108534812927246, -1.7443805932998657, -2.9080135822296143, -3.612537384033203], "predictions": [105, 6, 403, 7, 106, 4, 4, 4], "target_tokens": ["[IN:GET_INFO_CONTACT", "[SL:CONTACT", "@ptr0", "@ptr1", "@ptr2", "SL:CONTACT]", "IN:GET_INFO_CONTACT]"], "predicted_tokens": ["[IN:GET_INFO_CONTACT", "[SL:CONTACT", "@ptr8", "SL:CONTACT]", "IN:GET_INFO_CONTACT]"]}
{"loss": 0.9730566740036011, "class_log_probabilities": [-0.46275806427001953, -6.453097343444824, -7.256430625915527, -7.480740547180176], "predictions": [137, 6, 397, 398, 7, 140, 4], "target_tokens": ["[IN:GET_EMPLOYER", "[SL:CONTACT", "@ptr2", "@ptr3", "SL:CONTACT]", "IN:GET_EMPLOYER]"], "predicted_tokens": ["[IN:GET_EMPLOYER", "[SL:CONTACT", "@ptr2", "@ptr3", "SL:CONTACT]", "IN:GET_EMPLOYER]"]}
{"loss": 1.4413691759109497, "class_log_probabilities": [-0.5269260406494141, -5.124417781829834, -6.220981597900391, -6.580431938171387], "predictions": [137, 6, 395, 7, 138, 401, 139, 140, 4], "target_tokens": ["[IN:GET_EMPLOYER", "[SL:CONTACT", "@ptr0", "SL:CONTACT]", "[SL:EMPLOYER", "@ptr5", "SL:EMPLOYER]", "IN:GET_EMPLOYER]"], "predicted_tokens": ["[IN:GET_EMPLOYER", "[SL:CONTACT", "@ptr0", "SL:CONTACT]", "[SL:EMPLOYER", "@ptr6", "SL:EMPLOYER]", "IN:GET_EMPLOYER]"]}
{"loss": 2.9596750736236572, "class_log_probabilities": [-1.7736022472381592, -3.9665398597717285, -4.496210098266602, -5.199878215789795], "predictions": [137, 6, 395, 396, 7, 6, 402, 403, 404, 7, 140, 4], "target_tokens": ["[IN:GET_EMPLOYER", "[SL:CONTACT", "@ptr0", "@ptr1", "SL:CONTACT]", "[SL:EMPLOYER", "@ptr6", "@ptr7", "SL:EMPLOYER]", "IN:GET_EMPLOYER]"], "predicted_tokens": ["[IN:GET_EMPLOYER", "[SL:CONTACT", "@ptr0", "@ptr1", "SL:CONTACT]", "[SL:CONTACT", "@ptr7", "@ptr8", "@ptr9", "SL:CONTACT]", "IN:GET_EMPLOYER]"]}
{"loss": 1.2367099523544312, "class_log_probabilities": [-0.9905818104743958, -3.5571060180664062, -4.823833465576172, -5.477863788604736], "predictions": [147, 6, 395, 7, 257, 399, 400, 401, 258, 150, 4], "target_tokens": ["[IN:GET_EDUCATION_TIME", "[SL:CONTACT", "@ptr0", "SL:CONTACT]", "[SL:SCHOOL", "@ptr4", "@ptr5", "SL:SCHOOL]", "IN:GET_EDUCATION_TIME]"], "predicted_tokens": ["[IN:GET_EDUCATION_TIME", "[SL:CONTACT", "@ptr0", "SL:CONTACT]", "[SL:SCHOOL", "@ptr4", "@ptr5", "@ptr6", "SL:SCHOOL]", "IN:GET_EDUCATION_TIME]"]}
{"loss": 1.6784754991531372, "class_log_probabilities": [-0.6445046663284302, -4.252781867980957, -5.141151428222656, -5.969544410705566], "predictions": [70, 138, 404, 139, 73, 4, 4], "target_tokens": ["[IN:GET_CONTACT", "[SL:EMPLOYER", "@ptr7", "SL:EMPLOYER]", "IN:GET_CONTACT]"], "predicted_tokens": ["[IN:GET_CONTACT", "[SL:EMPLOYER", "@ptr9", "SL:EMPLOYER]", "IN:GET_CONTACT]"]}
{"loss": 1.3046313524246216, "class_log_probabilities": [-0.670837938785553, -2.6888678073883057, -6.452831745147705, -6.780946254730225], "predictions": [70, 138, 403, 139, 73, 4], "target_tokens": ["[IN:GET_CONTACT", "[SL:EMPLOYER", "@ptr7", "SL:EMPLOYER]", "IN:GET_CONTACT]"], "predicted_tokens": ["[IN:GET_CONTACT", "[SL:EMPLOYER", "@ptr8", "SL:EMPLOYER]", "IN:GET_CONTACT]"]}
{"loss": 3.5179927349090576, "class_log_probabilities": [-0.9003286361694336, -3.1663711071014404, -4.141017913818359, -4.748790264129639], "predictions": [70, 138, 402, 403, 404, 139, 73, 4, 4, 4], "target_tokens": ["[IN:GET_CONTACT", "[SL:EMPLOYER", "@ptr6", "@ptr7", "SL:EMPLOYER]", "IN:GET_CONTACT]"], "predicted_tokens": ["[IN:GET_CONTACT", "[SL:EMPLOYER", "@ptr7", "@ptr8", "@ptr9", "SL:EMPLOYER]", "IN:GET_CONTACT]"]}
{"loss": 1.3629010915756226, "class_log_probabilities": [-0.5404484868049622, -3.1444857120513916, -6.48052453994751, -6.910759925842285], "predictions": [70, 14, 399, 15, 73, 4], "target_tokens": ["[IN:GET_CONTACT", "[SL:LOCATION", "@ptr3", "SL:LOCATION]", "IN:GET_CONTACT]"], "predicted_tokens": ["[IN:GET_CONTACT", "[SL:LOCATION", "@ptr4", "SL:LOCATION]", "IN:GET_CONTACT]"]}
{"loss": 1.889841914176941, "class_log_probabilities": [-0.9486216306686401, -1.6795111894607544, -6.354484558105469, -6.480511665344238], "predictions": [70, 138, 402, 139, 73, 4, 4], "target_tokens": ["[IN:GET_CONTACT", "[SL:EMPLOYER", "@ptr6", "SL:EMPLOYER]", "IN:GET_CONTACT]"], "predicted_tokens": ["[IN:GET_CONTACT", "[SL:EMPLOYER", "@ptr7", "SL:EMPLOYER]", "IN:GET_CONTACT]"]}
{"loss": 1.5872951745986938, "class_log_probabilities": [-0.3999043107032776, -4.4961652755737305, -6.7965087890625, -7.461300849914551], "predictions": [70, 138, 399, 139, 73, 4], "target_tokens": ["[IN:GET_CONTACT", "[SL:EMPLOYER", "@ptr3", "SL:EMPLOYER]", "IN:GET_CONTACT]"], "predicted_tokens": ["[IN:GET_CONTACT", "[SL:EMPLOYER", "@ptr4", "SL:EMPLOYER]", "IN:GET_CONTACT]"]}
{"loss": 1.5123177766799927, "class_log_probabilities": [-1.1908984184265137, -1.5576202869415283, -5.157923698425293, -5.705818176269531], "predictions": [70, 138, 399, 400, 401, 139, 73, 4, 4], "target_tokens": ["[IN:GET_CONTACT", "[SL:EMPLOYER", "@ptr3", "@ptr4", "@ptr5", "SL:EMPLOYER]", "IN:GET_CONTACT]"], "predicted_tokens": ["[IN:GET_CONTACT", "[SL:EMPLOYER", "@ptr4", "@ptr5", "@ptr6", "SL:EMPLOYER]", "IN:GET_CONTACT]"]}
{"loss": 0.9831797480583191, "class_log_probabilities": [-0.4455549120903015, -3.1849517822265625, -6.595273971557617, -7.114497661590576], "predictions": [70, 257, 399, 258, 73, 4, 4, 4], "target_tokens": ["[IN:GET_CONTACT", "[SL:SCHOOL", "@ptr4", "SL:SCHOOL]", "IN:GET_CONTACT]"], "predicted_tokens": ["[IN:GET_CONTACT", "[SL:SCHOOL", "@ptr4", "SL:SCHOOL]", "IN:GET_CONTACT]"]}
{"loss": 2.5666146278381348, "class_log_probabilities": [-3.0888633728027344, -4.365206241607666, -5.8415422439575195, -6.144539833068848], "predictions": [70, 93, 398, 94, 257, 405, 258, 73, 4, 4], "target_tokens": ["[IN:GET_CONTACT", "[SL:CONTACT_RELATED", "@ptr3", "SL:CONTACT_RELATED]", "[SL:SCHOOL", "@ptr8", "@ptr9", "SL:SCHOOL]", "IN:GET_CONTACT]"], "predicted_tokens": ["[IN:GET_CONTACT", "[SL:CONTACT_RELATED", "@ptr3", "SL:CONTACT_RELATED]", "[SL:SCHOOL", "@ptr10", "SL:SCHOOL]", "IN:GET_CONTACT]"]}
{"loss": 2.804988384246826, "class_log_probabilities": [-2.2593977451324463, -3.318974256515503, -3.5082592964172363, -4.607176303863525], "predictions": [70, 71, 396, 72, 93, 398, 94, 73, 4, 4, 4, 4], "target_tokens": ["[IN:GET_CONTACT", "[SL:CONTACT_RELATED", "@ptr2", "@ptr3", "SL:CONTACT_RELATED]", "[SL:TYPE_RELATION", "@ptr1", "SL:TYPE_RELATION]", "[SL:SCHOOL", "@ptr10", "SL:SCHOOL]", "IN:GET_CONTACT]"], "predicted_tokens": ["[IN:GET_CONTACT", "[SL:TYPE_RELATION", "@ptr1", "SL:TYPE_RELATION]", "[SL:CONTACT_RELATED", "@ptr3", "SL:CONTACT_RELATED]", "IN:GET_CONTACT]"]}
{"loss": 3.284595251083374, "class_log_probabilities": [-1.5631946325302124, -1.856292963027954, -4.345600605010986, -5.340688705444336], "predictions": [70, 71, 396, 72, 93, 397, 94, 14, 402, 403, 15, 73, 4, 4], "target_tokens": ["[IN:GET_CONTACT", "[SL:CONTACT_RELATED", "@ptr1", "@ptr2", "SL:CONTACT_RELATED]", "[SL:TYPE_RELATION", "@ptr0", "SL:TYPE_RELATION]", "[SL:LOCATION", "@ptr6", "SL:LOCATION]", "IN:GET_CONTACT]"], "predicted_tokens": ["[IN:GET_CONTACT", "[SL:TYPE_RELATION", "@ptr1", "SL:TYPE_RELATION]", "[SL:CONTACT_RELATED", "@ptr2", "SL:CONTACT_RELATED]", "[SL:LOCATION", "@ptr7", "@ptr8", "SL:LOCATION]", "IN:GET_CONTACT]"]}
{"loss": 1.7936102151870728, "class_log_probabilities": [-0.8675969839096069, -2.46170711517334, -2.9533450603485107, -4.460975646972656], "predictions": [70, 14, 399, 400, 401, 15, 73, 4], "target_tokens": ["[IN:GET_CONTACT", "[SL:LOCATION", "@ptr4", "@ptr5", "SL:LOCATION]", "IN:GET_CONTACT]"], "predicted_tokens": ["[IN:GET_CONTACT", "[SL:LOCATION", "@ptr4", "@ptr5", "@ptr6", "SL:LOCATION]", "IN:GET_CONTACT]"]}
{"loss": 1.1730178594589233, "class_log_probabilities": [-0.7560828924179077, -2.021530866622925, -5.049090385437012, -7.346484661102295], "predictions": [70, 14, 400, 15, 73, 4, 4], "target_tokens": ["[IN:GET_CONTACT", "[SL:LOCATION", "@ptr4", "SL:LOCATION]", "IN:GET_CONTACT]"], "predicted_tokens": ["[IN:GET_CONTACT", "[SL:LOCATION", "@ptr5", "SL:LOCATION]", "IN:GET_CONTACT]"]}
{"loss": 1.4298930168151855, "class_log_probabilities": [-1.67501962184906, -3.056083917617798, -4.014609336853027, -5.9201178550720215], "predictions": [70, 71, 395, 72, 93, 396, 94, 73, 4, 4, 4, 4], "target_tokens": ["[IN:GET_CONTACT", "[SL:CONTACT_RELATED", "@ptr1", "SL:CONTACT_RELATED]", "[SL:TYPE_RELATION", "@ptr0", "SL:TYPE_RELATION]", "IN:GET_CONTACT]"], "predicted_tokens": ["[IN:GET_CONTACT", "[SL:TYPE_RELATION", "@ptr0", "SL:TYPE_RELATION]", "[SL:CONTACT_RELATED", "@ptr1", "SL:CONTACT_RELATED]", "IN:GET_CONTACT]"]}
{"loss": 0.9904099702835083, "class_log_probabilities": [-0.949311375617981, -3.7928760051727295, -4.1953864097595215, -7.053080081939697], "predictions": [70, 71, 395, 72, 93, 397, 94, 73, 4, 4, 4, 4], "target_tokens": ["[IN:GET_CONTACT", "[SL:TYPE_RELATION", "@ptr0", "SL:TYPE_RELATION]", "[SL:CONTACT_RELATED", "@ptr2", "SL:CONTACT_RELATED]", "IN:GET_CONTACT]"], "predicted_tokens": ["[IN:GET_CONTACT", "[SL:TYPE_RELATION", "@ptr0", "SL:TYPE_RELATION]", "[SL:CONTACT_RELATED", "@ptr2", "SL:CONTACT_RELATED]", "IN:GET_CONTACT]"]}
{"loss": 0.9849867224693298, "class_log_probabilities": [-0.7930374145507812, -3.689556837081909, -4.136537551879883, -4.921065330505371], "predictions": [70, 71, 395, 72, 93, 397, 94, 73, 4, 4], "target_tokens": ["[IN:GET_CONTACT", "[SL:TYPE_RELATION", "@ptr0", "SL:TYPE_RELATION]", "[SL:CONTACT_RELATED", "@ptr2", "SL:CONTACT_RELATED]", "IN:GET_CONTACT]"], "predicted_tokens": ["[IN:GET_CONTACT", "[SL:TYPE_RELATION", "@ptr0", "SL:TYPE_RELATION]", "[SL:CONTACT_RELATED", "@ptr2", "SL:CONTACT_RELATED]", "IN:GET_CONTACT]"]}
{"loss": 1.0191006660461426, "class_log_probabilities": [-0.9947856664657593, -1.6386394500732422, -7.037473678588867, -7.072210788726807], "predictions": [51, 52, 396, 397, 53, 54, 4, 4], "target_tokens": ["[IN:GET_RECIPES", "[SL:RECIPES_DISH", "@ptr1", "@ptr2", "SL:RECIPES_DISH]", "IN:GET_RECIPES]"], "predicted_tokens": ["[IN:GET_RECIPES", "[SL:RECIPES_DISH", "@ptr1", "@ptr2", "SL:RECIPES_DISH]", "IN:GET_RECIPES]"]}
{"loss": 1.5825819969177246, "class_log_probabilities": [-1.632729172706604, -2.4388139247894287, -2.5907700061798096, -3.296997308731079], "predictions": [51, 129, 400, 401, 130, 129, 403, 130, 54, 4], "target_tokens": ["[IN:GET_RECIPES", "[SL:RECIPES_INCLUDED_INGREDIENT", "@ptr5", "SL:RECIPES_INCLUDED_INGREDIENT]", "[SL:RECIPES_INCLUDED_INGREDIENT", "@ptr7", "SL:RECIPES_INCLUDED_INGREDIENT]", "IN:GET_RECIPES]"], "predicted_tokens": ["[IN:GET_RECIPES", "[SL:RECIPES_INCLUDED_INGREDIENT", "@ptr5", "@ptr6", "SL:RECIPES_INCLUDED_INGREDIENT]", "[SL:RECIPES_INCLUDED_INGREDIENT", "@ptr8", "SL:RECIPES_INCLUDED_INGREDIENT]", "IN:GET_RECIPES]"]}
{"loss": 1.037644386291504, "class_log_probabilities": [-1.271740198135376, -1.3746137619018555, -6.385100364685059, -7.021480560302734], "predictions": [51, 52, 398, 399, 400, 53, 54, 4, 4], "target_tokens": ["[IN:GET_RECIPES", "[SL:RECIPES_DISH", "@ptr3", "@ptr4", "@ptr5", "SL:RECIPES_DISH]", "IN:GET_RECIPES]"], "predicted_tokens": ["[IN:GET_RECIPES", "[SL:RECIPES_DISH", "@ptr3", "@ptr4", "@ptr5", "SL:RECIPES_DISH]", "IN:GET_RECIPES]"]}
{"loss": 1.0448603630065918, "class_log_probabilities": [-2.2299861907958984, -2.7336854934692383, -3.1537766456604004, -3.5809781551361084], "predictions": [27, 28, 395, 29, 52, 397, 398, 399, 400, 401, 53, 30, 4], "target_tokens": ["[IN:GET_INFO_RECIPES", "[SL:RECIPES_ATTRIBUTE", "@ptr0", "SL:RECIPES_ATTRIBUTE]", "[SL:RECIPES_DISH", "@ptr2", "@ptr3", "@ptr4", "@ptr5", "@ptr6", "SL:RECIPES_DISH]", "IN:GET_INFO_RECIPES]"], "predicted_tokens": ["[IN:GET_INFO_RECIPES", "[SL:RECIPES_ATTRIBUTE", "@ptr0", "SL:RECIPES_ATTRIBUTE]", "[SL:RECIPES_DISH", "@ptr2", "@ptr3", "@ptr4", "@ptr5", "@ptr6", "SL:RECIPES_DISH]", "IN:GET_INFO_RECIPES]"]}
{"loss": 1.5172886848449707, "class_log_probabilities": [-1.2190144062042236, -2.1607654094696045, -4.068062782287598, -4.7344970703125], "predictions": [45, 16, 399, 400, 401, 402, 403, 17, 46, 4], "target_tokens": ["[IN:CREATE_ALARM", "[SL:DATE_TIME", "@ptr4", "@ptr5", "@ptr6", "@ptr7", "SL:DATE_TIME]", "IN:CREATE_ALARM]"], "predicted_tokens": ["[IN:CREATE_ALARM", "[SL:DATE_TIME", "@ptr4", "@ptr5", "@ptr6", "@ptr7", "@ptr8", "SL:DATE_TIME]", "IN:CREATE_ALARM]"]}
{"loss": 2.4379899501800537, "class_log_probabilities": [-4.677332878112793, -5.786646842956543, -6.060786724090576, -7.418450832366943], "predictions": [27, 129, 395, 396, 397, 398, 130, 30, 4, 4, 4, 4, 4, 4], "target_tokens": ["[IN:QUESTION_NEWS", "[SL:NEWS_TOPIC", "@ptr0", "@ptr1", "@ptr2", "@ptr3", "@ptr4", "@ptr5", "SL:NEWS_TOPIC]", "IN:QUESTION_NEWS]"], "predicted_tokens": ["[IN:GET_INFO_RECIPES", "[SL:RECIPES_INCLUDED_INGREDIENT", "@ptr0", "@ptr1", "@ptr2", "@ptr3", "SL:RECIPES_INCLUDED_INGREDIENT]", "IN:GET_INFO_RECIPES]"]}
{"loss": 3.1558425426483154, "class_log_probabilities": [-0.2708567976951599, -4.5509443283081055, -6.117184162139893, -9.458495140075684], "predictions": [183, 184, 4, 4, 4, 4, 4, 4, 4, 4, 4], "target_tokens": ["[IN:ADD_TIME_TIMER", "[SL:DATE_TIME", "@ptr1", "@ptr2", "SL:DATE_TIME]", "[SL:METHOD_TIMER", "@ptr5", "@ptr6", "@ptr7", "SL:METHOD_TIMER]", "IN:ADD_TIME_TIMER]"], "predicted_tokens": ["[IN:ADD_TIME_TIMER", "IN:ADD_TIME_TIMER]"]}
{"loss": 3.5709855556488037, "class_log_probabilities": [-1.6373332738876343, -3.7303900718688965, -3.939934492111206, -6.109129905700684], "predictions": [39, 40, 395, 41, 42, 4, 4, 4, 4], "target_tokens": ["[IN:GET_STORIES_NEWS", "[SL:DATE_TIME", "@ptr1", "SL:DATE_TIME]", "[SL:NEWS_TYPE", "@ptr0", "SL:NEWS_TYPE]", "[SL:NEWS_TOPIC", "@ptr3", "@ptr4", "@ptr5", "SL:NEWS_TOPIC]", "IN:GET_STORIES_NEWS]"], "predicted_tokens": ["[IN:GET_STORIES_NEWS", "[SL:NEWS_TYPE", "@ptr0", "SL:NEWS_TYPE]", "IN:GET_STORIES_NEWS]"]}
{"loss": 4.033758640289307, "class_log_probabilities": [-0.5759353041648865, -5.64459753036499, -6.40836763381958, -6.693314552307129], "predictions": [13, 18, 4, 4, 4, 4, 4, 4, 4, 4, 4], "target_tokens": ["[IN:GET_STORIES_NEWS", "[SL:DATE_TIME", "@ptr4", "@ptr5", "SL:DATE_TIME]", "[SL:NEWS_TOPIC", "@ptr2", "@ptr3", "SL:NEWS_TOPIC]", "[SL:NEWS_TYPE", "@ptr0", "SL:NEWS_TYPE]", "IN:GET_STORIES_NEWS]"], "predicted_tokens": ["[IN:GET_WEATHER", "IN:GET_WEATHER]"]}
{"loss": 3.6093878746032715, "class_log_probabilities": [-2.10137677192688, -2.226722002029419, -2.7832863330841064, -3.730071783065796], "predictions": [89, 90, 399, 91, 16, 405, 406, 407, 17, 92, 4], "target_tokens": ["[IN:CREATE_TIMER", "[SL:METHOD_TIMER", "@ptr1", "@ptr2", "@ptr3", "SL:METHOD_TIMER]", "[SL:DATE_TIME", "@ptr7", "@ptr8", "@ptr9", "@ptr10", "SL:DATE_TIME]", "IN:CREATE_TIMER]"], "predicted_tokens": ["[IN:CREATE_TIMER", "[SL:METHOD_TIMER", "@ptr4", "SL:METHOD_TIMER]", "[SL:DATE_TIME", "@ptr10", "@ptr11", "@ptr12", "SL:DATE_TIME]", "IN:CREATE_TIMER]"]}
{"loss": 3.687723159790039, "class_log_probabilities": [-2.456740140914917, -3.499715566635132, -3.9558675289154053, -4.1663641929626465], "predictions": [39, 40, 398, 399, 400, 401, 41, 16, 403, 17, 42, 4, 4], "target_tokens": ["[IN:GET_STORIES_NEWS", "[SL:NEWS_REFERENCE", "@ptr5", "SL:NEWS_REFERENCE]", "[SL:NEWS_TYPE", "@ptr2", "@ptr3", "@ptr4", "SL:NEWS_TYPE]", "[SL:DATE_TIME", "@ptr6", "@ptr7", "@ptr8", "SL:DATE_TIME]", "IN:GET_STORIES_NEWS]"], "predicted_tokens": ["[IN:GET_STORIES_NEWS", "[SL:NEWS_TYPE", "@ptr3", "@ptr4", "@ptr5", "@ptr6", "SL:NEWS_TYPE]", "[SL:DATE_TIME", "@ptr8", "SL:DATE_TIME]", "IN:GET_STORIES_NEWS]"]}
{"loss": 3.909562826156616, "class_log_probabilities": [-1.3460636138916016, -1.5772135257720947, -4.343853950500488, -4.36255407333374], "predictions": [89, 90, 399, 91, 16, 402, 403, 17, 92, 4, 4], "target_tokens": ["[IN:CREATE_TIMER", "[SL:METHOD_TIMER", "@ptr1", "@ptr2", "@ptr3", "SL:METHOD_TIMER]", "[SL:DATE_TIME", "@ptr4", "@ptr5", "@ptr6", "@ptr7", "SL:DATE_TIME]", "IN:CREATE_TIMER]"], "predicted_tokens": ["[IN:CREATE_TIMER", "[SL:METHOD_TIMER", "@ptr4", "SL:METHOD_TIMER]", "[SL:DATE_TIME", "@ptr7", "@ptr8", "SL:DATE_TIME]", "IN:CREATE_TIMER]"]}
{"loss": 3.4951565265655518, "class_log_probabilities": [-1.4363081455230713, -2.3005144596099854, -3.1984145641326904, -4.104133129119873], "predictions": [55, 56, 395, 396, 397, 398, 399, 57, 58, 4, 4, 4, 4], "target_tokens": ["[IN:GET_STORIES_NEWS", "[SL:NEWS_TYPE", "@ptr0", "@ptr1", "SL:NEWS_TYPE]", "[SL:NEWS_TOPIC", "@ptr5", "SL:NEWS_TOPIC]", "IN:GET_STORIES_NEWS]"], "predicted_tokens": ["[IN:QUESTION_NEWS", "[SL:NEWS_TOPIC", "@ptr0", "@ptr1", "@ptr2", "@ptr3", "@ptr4", "SL:NEWS_TOPIC]", "IN:QUESTION_NEWS]"]}
{"loss": 4.257836818695068, "class_log_probabilities": [-3.1114397048950195, -4.075906276702881, -4.161297798156738, -4.18433952331543], "predictions": [275, 90, 398, 91, 276, 4], "target_tokens": ["[IN:CREATE_TIMER", "[SL:ORDINAL", "@ptr4", "@ptr5", "SL:ORDINAL]", "[SL:METHOD_TIMER", "@ptr1", "@ptr2", "@ptr3", "SL:METHOD_TIMER]", "IN:CREATE_TIMER]"], "predicted_tokens": ["[IN:RESUME_TIMER", "[SL:METHOD_TIMER", "@ptr3", "SL:METHOD_TIMER]", "IN:RESUME_TIMER]"]}
{"loss": 2.441633939743042, "class_log_probabilities": [-1.229364037513733, -2.301501750946045, -5.60456657409668, -5.665581226348877], "predictions": [45, 16, 399, 400, 401, 402, 403, 404, 405, 17, 46, 4, 4, 4, 4], "target_tokens": ["[IN:CREATE_ALARM", "[SL:DATE_TIME", "@ptr3", "@ptr4", "@ptr5", "@ptr6", "@ptr7", "@ptr8", "SL:DATE_TIME]", "IN:CREATE_ALARM]"], "predicted_tokens": ["[IN:CREATE_ALARM", "[SL:DATE_TIME", "@ptr4", "@ptr5", "@ptr6", "@ptr7", "@ptr8", "@ptr9", "@ptr10", "SL:DATE_TIME]", "IN:CREATE_ALARM]"]}
{"loss": 3.9717772006988525, "class_log_probabilities": [-0.7235161662101746, -3.3370444774627686, -4.736527919769287, -6.009638786315918], "predictions": [13, 135, 398, 136, 14, 400, 15, 18, 4, 4, 4, 4], "target_tokens": ["[IN:GET_WEATHER", "[SL:LOCATION", "@ptr4", "SL:LOCATION]", "[SL:WEATHER_TEMPERATURE_UNIT", "@ptr2", "SL:WEATHER_TEMPERATURE_UNIT]", "IN:GET_WEATHER]"], "predicted_tokens": ["[IN:GET_WEATHER", "[SL:WEATHER_TEMPERATURE_UNIT", "@ptr3", "SL:WEATHER_TEMPERATURE_UNIT]", "[SL:LOCATION", "@ptr5", "SL:LOCATION]", "IN:GET_WEATHER]"]}
{"loss": 4.209527015686035, "class_log_probabilities": [-2.22896409034729, -2.3934671878814697, -2.452310800552368, -5.073845863342285], "predictions": [13, 16, 397, 398, 17, 14, 400, 401, 402, 15, 135, 403, 136, 18, 4], "target_tokens": ["[IN:GET_WEATHER", "[SL:DATE_TIME", "@ptr1", "@ptr2", "SL:DATE_TIME]", "[SL:LOCATION", "@ptr4", "@ptr5", "SL:LOCATION]", "[SL:WEATHER_TEMPERATURE_UNIT", "@ptr6", "SL:WEATHER_TEMPERATURE_UNIT]", "IN:GET_WEATHER]"], "predicted_tokens": ["[IN:GET_WEATHER", "[SL:DATE_TIME", "@ptr2", "@ptr3", "SL:DATE_TIME]", "[SL:LOCATION", "@ptr5", "@ptr6", "@ptr7", "SL:LOCATION]", "[SL:WEATHER_TEMPERATURE_UNIT", "@ptr8", "SL:WEATHER_TEMPERATURE_UNIT]", "IN:GET_WEATHER]"]}
{"loss": 2.3692216873168945, "class_log_probabilities": [-0.4380365312099457, -4.6622443199157715, -6.341297149658203, -6.487891674041748], "predictions": [51, 129, 399, 130, 54, 4, 4], "target_tokens": ["[IN:GET_RECIPES", "[SL:RECIPES_INCLUDED_INGREDIENT", "@ptr4", "@ptr5", "@ptr6", "SL:RECIPES_INCLUDED_INGREDIENT]", "IN:GET_RECIPES]"], "predicted_tokens": ["[IN:GET_RECIPES", "[SL:RECIPES_INCLUDED_INGREDIENT", "@ptr4", "SL:RECIPES_INCLUDED_INGREDIENT]", "IN:GET_RECIPES]"]}
{"loss": 3.5974643230438232, "class_log_probabilities": [-2.8779866695404053, -4.64661169052124, -5.654240608215332, -6.816108226776123], "predictions": [51, 52, 398, 399, 400, 401, 402, 403, 404, 405, 406, 53, 54, 4, 4, 4, 4], "target_tokens": ["[IN:GET_RECIPES", "[SL:RECIPES_RATING", "@ptr9", "@ptr10", "@ptr11", "SL:RECIPES_RATING]", "[SL:RECIPES_DISH", "@ptr3", "@ptr4", "SL:RECIPES_DISH]", "IN:GET_RECIPES]"], "predicted_tokens": ["[IN:GET_RECIPES", "[SL:RECIPES_DISH", "@ptr3", "@ptr4", "@ptr5", "@ptr6", "@ptr7", "@ptr8", "@ptr9", "@ptr10", "@ptr11", "SL:RECIPES_DISH]", "IN:GET_RECIPES]"]}
{"loss": 3.0847697257995605, "class_log_probabilities": [-1.947281837463379, -2.766216993331909, -5.468357086181641, -6.728321552276611], "predictions": [27, 52, 406, 53, 30, 4, 4, 4, 4, 4], "target_tokens": ["[IN:GET_INFO_RECIPES", "[SL:RECIPES_ATTRIBUTE", "@ptr3", "@ptr4", "SL:RECIPES_ATTRIBUTE]", "[SL:RECIPES_DISH", "@ptr10", "@ptr11", "@ptr12", "@ptr13", "SL:RECIPES_DISH]", "IN:GET_INFO_RECIPES]"], "predicted_tokens": ["[IN:GET_INFO_RECIPES", "[SL:RECIPES_DISH", "@ptr11", "SL:RECIPES_DISH]", "IN:GET_INFO_RECIPES]"]}
{"loss": 1.8062092065811157, "class_log_probabilities": [-0.4237338602542877, -6.071749210357666, -6.716277122497559, -6.862898826599121], "predictions": [13, 79, 402, 80, 18, 4], "target_tokens": ["[IN:GET_WEATHER", "[SL:WEATHER_ATTRIBUTE", "@ptr6", "SL:WEATHER_ATTRIBUTE]", "IN:GET_WEATHER]"], "predicted_tokens": ["[IN:GET_WEATHER", "[SL:WEATHER_ATTRIBUTE", "@ptr7", "SL:WEATHER_ATTRIBUTE]", "IN:GET_WEATHER]"]}
{"loss": 1.3761065006256104, "class_log_probabilities": [-2.1685469150543213, -3.28737473487854, -4.1593499183654785, -4.558563232421875], "predictions": [127, 16, 402, 403, 404, 405, 406, 17, 128, 4, 4], "target_tokens": ["[IN:GET_SUNRISE", "[SL:DATE_TIME", "@ptr6", "@ptr7", "@ptr8", "@ptr9", "@ptr10", "SL:DATE_TIME]", "IN:GET_SUNRISE]"], "predicted_tokens": ["[IN:GET_SUNRISE", "[SL:DATE_TIME", "@ptr7", "@ptr8", "@ptr9", "@ptr10", "@ptr11", "SL:DATE_TIME]", "IN:GET_SUNRISE]"]}
{"loss": 0.9551679491996765, "class_log_probabilities": [-0.21847619116306305, -7.441378593444824, -7.526244163513184, -167.86541748046875], "predictions": [13, 18, 4, 4, 4, 4, 4, 4, 4, 4, 4, 4, 4, 4, 4, 4, 4, 4, 4, 4, 4, 4, 4, 4, 4, 4, 4, 4, 4, 4, 4, 4, 4, 4, 4, 4, 4, 4, 4, 4, 4, 4, 4, 4, 4, 4, 4, 4, 4, 4, 4, 4, 4, 4, 4, 4, 4, 4, 4, 4, 4, 4, 4, 4, 4, 4, 4, 4, 4, 4, 4, 4, 4, 4, 4, 4, 4, 4, 4, 4, 4, 4, 4, 4, 4, 4, 4, 4, 4, 4, 4, 4, 4, 4, 4, 4, 4, 4, 4, 4], "target_tokens": ["[IN:GET_WEATHER", "IN:GET_WEATHER]"], "predicted_tokens": ["[IN:GET_WEATHER", "IN:GET_WEATHER]"]}
{"loss": 2.7249648571014404, "class_log_probabilities": [-3.8378493785858154, -3.964531660079956, -5.239382743835449, -5.344085216522217], "predictions": [89, 92, 4, 4, 4, 4, 4, 4, 4, 4], "target_tokens": ["[IN:CREATE_ALARM", "[SL:DATE_TIME", "@ptr7", "@ptr8", "@ptr9", "@ptr10", "@ptr11", "SL:DATE_TIME]", "IN:CREATE_ALARM]"], "predicted_tokens": ["[IN:CREATE_TIMER", "IN:CREATE_TIMER]"]}
{"loss": 0.9557466506958008, "class_log_probabilities": [-0.2122369408607483, -6.952270984649658, -7.6044440269470215, -7.9777960777282715], "predictions": [13, 18, 4], "target_tokens": ["[IN:GET_WEATHER", "IN:GET_WEATHER]"], "predicted_tokens": ["[IN:GET_WEATHER", "IN:GET_WEATHER]"]}
{"loss": 3.5574350357055664, "class_log_probabilities": [-0.47877731919288635, -6.68544340133667, -7.666113376617432, -7.80332088470459], "predictions": [13, 16, 399, 400, 401, 17, 18, 4, 4], "target_tokens": ["[IN:GET_WEATHER", "[SL:DATE_TIME", "@ptr3", "@ptr4", "@ptr5", "SL:DATE_TIME]", "IN:GET_WEATHER]"], "predicted_tokens": ["[IN:GET_WEATHER", "[SL:DATE_TIME", "@ptr4", "@ptr5", "@ptr6", "SL:DATE_TIME]", "IN:GET_WEATHER]"]}
{"loss": 2.247903347015381, "class_log_probabilities": [-1.0772788524627686, -2.9436521530151367, -5.756192684173584, -5.758936882019043], "predictions": [45, 16, 399, 400, 401, 402, 403, 404, 405, 406, 17, 46, 4, 4, 4, 4], "target_tokens": ["[IN:CREATE_ALARM", "[SL:DATE_TIME", "@ptr3", "@ptr4", "@ptr5", "@ptr6", "@ptr7", "@ptr8", "@ptr9", "SL:DATE_TIME]", "IN:CREATE_ALARM]"], "predicted_tokens": ["[IN:CREATE_ALARM", "[SL:DATE_TIME", "@ptr4", "@ptr5", "@ptr6", "@ptr7", "@ptr8", "@ptr9", "@ptr10", "@ptr11", "SL:DATE_TIME]", "IN:CREATE_ALARM]"]}
{"loss": 3.4486396312713623, "class_log_probabilities": [-1.1218063831329346, -1.9747066497802734, -3.9759771823883057, -6.782498836517334], "predictions": [63, 64, 399, 65, 66, 402, 403, 67, 68, 4, 4], "target_tokens": ["[IN:PLAY_MUSIC", "[SL:MUSIC_ARTIST_NAME", "@ptr6", "@ptr7", "SL:MUSIC_ARTIST_NAME]", "[SL:MUSIC_TYPE", "@ptr3", "SL:MUSIC_TYPE]", "IN:PLAY_MUSIC]"], "predicted_tokens": ["[IN:PLAY_MUSIC", "[SL:MUSIC_TYPE", "@ptr4", "SL:MUSIC_TYPE]", "[SL:MUSIC_ARTIST_NAME", "@ptr7", "@ptr8", "SL:MUSIC_ARTIST_NAME]", "IN:PLAY_MUSIC]"]}
{"loss": 0.9685414433479309, "class_log_probabilities": [-0.393069863319397, -5.2063984870910645, -6.311935901641846, -6.966852188110352], "predictions": [287, 64, 397, 65, 288, 4], "target_tokens": ["[IN:REPLAY_MUSIC", "[SL:MUSIC_TYPE", "@ptr2", "SL:MUSIC_TYPE]", "IN:REPLAY_MUSIC]"], "predicted_tokens": ["[IN:REPLAY_MUSIC", "[SL:MUSIC_TYPE", "@ptr2", "SL:MUSIC_TYPE]", "IN:REPLAY_MUSIC]"]}
{"loss": 3.4729201793670654, "class_log_probabilities": [-0.5467996597290039, -2.2424583435058594, -5.84223747253418, -6.040360450744629], "predictions": [115, 90, 402, 91, 116, 4], "target_tokens": ["[IN:GET_TIMER", "[SL:METHOD_TIMER", "@ptr4", "@ptr5", "@ptr6", "SL:METHOD_TIMER]", "IN:GET_TIMER]"], "predicted_tokens": ["[IN:GET_TIMER", "[SL:METHOD_TIMER", "@ptr7", "SL:METHOD_TIMER]", "IN:GET_TIMER]"]}
{"loss": 3.6416656970977783, "class_log_probabilities": [-3.6920523643493652, -4.614076137542725, -5.037481784820557, -6.826042652130127], "predictions": [13, 16, 395, 396, 17, 79, 399, 80, 79, 404, 80, 18, 4, 4, 4, 4, 4, 4, 4], "target_tokens": ["[IN:GET_WEATHER", "[SL:WEATHER_ATTRIBUTE", "@ptr4", "@ptr5", "SL:WEATHER_ATTRIBUTE]", "[SL:WEATHER_ATTRIBUTE", "@ptr7", "SL:WEATHER_ATTRIBUTE]", "[SL:WEATHER_ATTRIBUTE", "@ptr4", "SL:WEATHER_ATTRIBUTE]", "[SL:DATE_TIME", "@ptr0", "@ptr1", "SL:DATE_TIME]", "IN:GET_WEATHER]"], "predicted_tokens": ["[IN:GET_WEATHER", "[SL:DATE_TIME", "@ptr0", "@ptr1", "SL:DATE_TIME]", "[SL:WEATHER_ATTRIBUTE", "@ptr4", "SL:WEATHER_ATTRIBUTE]", "[SL:WEATHER_ATTRIBUTE", "@ptr9", "SL:WEATHER_ATTRIBUTE]", "IN:GET_WEATHER]"]}
{"loss": 4.062505722045898, "class_log_probabilities": [-3.5111939907073975, -3.516540765762329, -4.148903846740723, -60.949371337890625], "predictions": [89, 92, 4, 4, 4, 4, 4, 4, 4, 4, 4, 4, 4, 4, 4, 4, 4, 4, 4, 4, 4, 4, 4, 4, 4, 4, 4, 4, 4, 4, 4, 4, 4, 4, 4, 4, 4, 4, 4, 4, 4, 4, 4, 4, 4, 4, 4, 4, 4, 4, 4, 4, 4, 4, 4, 4, 4, 4, 4, 4, 4, 4, 4, 4, 4, 4, 4, 4, 4, 4, 4, 4, 4, 4, 4, 4, 4, 4, 4, 4, 4, 4, 4, 4, 4, 4, 4, 4, 4, 4, 4, 4, 4, 4, 4, 4, 4, 4, 4, 4], "target_tokens": ["[IN:CREATE_TIMER", "[SL:ORDINAL", "@ptr6", "@ptr7", "SL:ORDINAL]", "[SL:METHOD_TIMER", "@ptr2", "@ptr3", "@ptr4", "SL:METHOD_TIMER]", "[SL:DATE_TIME", "@ptr8", "@ptr9", "@ptr10", "@ptr11", "SL:DATE_TIME]", "IN:CREATE_TIMER]"], "predicted_tokens": ["[IN:CREATE_TIMER", "IN:CREATE_TIMER]"]}
{"loss": 3.4427261352539062, "class_log_probabilities": [-2.2488625049591064, -2.5232622623443604, -2.9642152786254883, -3.799778461456299], "predictions": [13, 16, 403, 404, 17, 79, 407, 80, 18, 4], "target_tokens": ["[IN:GET_WEATHER", "[SL:WEATHER_ATTRIBUTE", "@ptr9", "SL:WEATHER_ATTRIBUTE]", "[SL:DATE_TIME", "@ptr6", "@ptr7", "SL:DATE_TIME]", "IN:GET_WEATHER]"], "predicted_tokens": ["[IN:GET_WEATHER", "[SL:DATE_TIME", "@ptr8", "@ptr9", "SL:DATE_TIME]", "[SL:WEATHER_ATTRIBUTE", "@ptr12", "SL:WEATHER_ATTRIBUTE]", "IN:GET_WEATHER]"]}
{"loss": 2.7436983585357666, "class_log_probabilities": [-1.7065815925598145, -2.5645477771759033, -5.725156784057617, -6.144494533538818], "predictions": [49, 16, 401, 402, 403, 404, 17, 50, 4], "target_tokens": ["[IN:CREATE_ALARM", "[SL:DATE_TIME", "@ptr5", "@ptr6", "@ptr7", "@ptr8", "SL:DATE_TIME]", "IN:CREATE_ALARM]"], "predicted_tokens": ["[IN:CREATE_REMINDER", "[SL:DATE_TIME", "@ptr6", "@ptr7", "@ptr8", "@ptr9", "SL:DATE_TIME]", "IN:CREATE_REMINDER]"]}
{"loss": 1.803619146347046, "class_log_probabilities": [-2.670926809310913, -2.7054567337036133, -3.8509764671325684, -3.8737082481384277], "predictions": [13, 79, 398, 399, 400, 80, 16, 402, 403, 17, 18, 4, 4], "target_tokens": ["[IN:GET_WEATHER", "[SL:WEATHER_ATTRIBUTE", "@ptr3", "@ptr4", "SL:WEATHER_ATTRIBUTE]", "[SL:LOCATION", "@ptr6", "SL:LOCATION]", "[SL:DATE_TIME", "@ptr7", "@ptr8", "SL:DATE_TIME]", "IN:GET_WEATHER]"], "predicted_tokens": ["[IN:GET_WEATHER", "[SL:WEATHER_ATTRIBUTE", "@ptr3", "@ptr4", "@ptr5", "SL:WEATHER_ATTRIBUTE]", "[SL:DATE_TIME", "@ptr7", "@ptr8", "SL:DATE_TIME]", "IN:GET_WEATHER]"]}
{"loss": 2.487821578979492, "class_log_probabilities": [-2.1413190364837646, -2.564044237136841, -4.267459392547607, -4.81211519241333], "predictions": [39, 40, 395, 396, 397, 398, 41, 133, 400, 134, 42, 4, 4, 4, 4], "target_tokens": ["[IN:GET_STORIES_NEWS", "[SL:NEWS_SOURCE", "@ptr4", "SL:NEWS_SOURCE]", "[SL:NEWS_TYPE", "@ptr0", "@ptr1", "@ptr2", "SL:NEWS_TYPE]", "IN:GET_STORIES_NEWS]"], "predicted_tokens": ["[IN:GET_STORIES_NEWS", "[SL:NEWS_TYPE", "@ptr0", "@ptr1", "@ptr2", "@ptr3", "SL:NEWS_TYPE]", "[SL:NEWS_SOURCE", "@ptr5", "SL:NEWS_SOURCE]", "IN:GET_STORIES_NEWS]"]}
{"loss": 3.1715245246887207, "class_log_probabilities": [-0.3520585298538208, -6.166810989379883, -7.292796611785889, -8.684074401855469], "predictions": [115, 90, 397, 91, 116, 4, 4, 4, 4], "target_tokens": ["[IN:GET_TIMER", "[SL:METHOD_TIMER", "@ptr0", "@ptr1", "@ptr2", "SL:METHOD_TIMER]", "IN:GET_TIMER]"], "predicted_tokens": ["[IN:GET_TIMER", "[SL:METHOD_TIMER", "@ptr2", "SL:METHOD_TIMER]", "IN:GET_TIMER]"]}
{"loss": 2.8761062622070312, "class_log_probabilities": [-2.1181533336639404, -3.2755236625671387, -4.612269401550293, -4.791628360748291], "predictions": [45, 249, 401, 250, 16, 403, 404, 405, 406, 17, 46, 4], "target_tokens": ["[IN:CREATE_ALARM", "[SL:DATE_TIME", "@ptr7", "@ptr8", "@ptr9", "SL:DATE_TIME]", "IN:CREATE_ALARM]"], "predicted_tokens": ["[IN:CREATE_ALARM", "[SL:ALARM_NAME", "@ptr6", "SL:ALARM_NAME]", "[SL:DATE_TIME", "@ptr8", "@ptr9", "@ptr10", "@ptr11", "SL:DATE_TIME]", "IN:CREATE_ALARM]"]}
{"loss": 2.136610984802246, "class_log_probabilities": [-3.2489194869995117, -3.366386890411377, -3.4038493633270264, -3.6398377418518066], "predictions": [13, 14, 398, 399, 400, 401, 402, 15, 16, 403, 404, 405, 17, 18, 4], "target_tokens": ["[IN:GET_WEATHER", "[SL:LOCATION", "@ptr3", "@ptr4", "@ptr5", "@ptr6", "SL:LOCATION]", "IN:GET_WEATHER]"], "predicted_tokens": ["[IN:GET_WEATHER", "[SL:LOCATION", "@ptr3", "@ptr4", "@ptr5", "@ptr6", "@ptr7", "SL:LOCATION]", "[SL:DATE_TIME", "@ptr8", "@ptr9", "@ptr10", "SL:DATE_TIME]", "IN:GET_WEATHER]"]}
{"loss": 1.3359416723251343, "class_log_probabilities": [-1.9473326206207275, -3.0715837478637695, -3.4026994705200195, -3.424854278564453], "predictions": [45, 16, 401, 402, 403, 17, 46, 4], "target_tokens": ["[IN:CREATE_ALARM", "[SL:DATE_TIME", "@ptr5", "@ptr6", "@ptr7", "@ptr8", "SL:DATE_TIME]", "IN:CREATE_ALARM]"], "predicted_tokens": ["[IN:CREATE_ALARM", "[SL:DATE_TIME", "@ptr6", "@ptr7", "@ptr8", "SL:DATE_TIME]", "IN:CREATE_ALARM]"]}
{"loss": 4.309647560119629, "class_log_probabilities": [-1.693005084991455, -4.232754230499268, -4.471251964569092, -5.470155715942383], "predictions": [39, 40, 396, 397, 398, 41, 16, 400, 401, 17, 42, 4], "target_tokens": ["[IN:GET_STORIES_NEWS", "[SL:DATE_TIME", "@ptr4", "@ptr5", "SL:DATE_TIME]", "[SL:NEWS_CATEGORY", "@ptr3", "SL:NEWS_CATEGORY]", "[SL:NEWS_TYPE", "@ptr0", "@ptr1", "@ptr2", "SL:NEWS_TYPE]", "IN:GET_STORIES_NEWS]"], "predicted_tokens": ["[IN:GET_STORIES_NEWS", "[SL:NEWS_TYPE", "@ptr1", "@ptr2", "@ptr3", "SL:NEWS_TYPE]", "[SL:DATE_TIME", "@ptr5", "@ptr6", "SL:DATE_TIME]", "IN:GET_STORIES_NEWS]"]}
{"loss": 2.2986762523651123, "class_log_probabilities": [-0.3528338372707367, -6.175388813018799, -6.732807636260986, -6.752958297729492], "predictions": [217, 64, 400, 65, 218, 4], "target_tokens": ["[IN:GET_TRACK_INFO_MUSIC", "[SL:MUSIC_TYPE", "@ptr4", "SL:MUSIC_TYPE]", "IN:GET_TRACK_INFO_MUSIC]"], "predicted_tokens": ["[IN:GET_TRACK_INFO_MUSIC", "[SL:MUSIC_TYPE", "@ptr5", "SL:MUSIC_TYPE]", "IN:GET_TRACK_INFO_MUSIC]"]}
{"loss": 3.4198336601257324, "class_log_probabilities": [-1.0105360746383667, -3.7284908294677734, -4.188045501708984, -5.018887996673584], "predictions": [45, 16, 402, 403, 404, 17, 46, 4], "target_tokens": ["[IN:CREATE_ALARM", "[SL:DATE_TIME", "@ptr5", "@ptr6", "@ptr7", "SL:DATE_TIME]", "IN:CREATE_ALARM]"], "predicted_tokens": ["[IN:CREATE_ALARM", "[SL:DATE_TIME", "@ptr7", "@ptr8", "@ptr9", "SL:DATE_TIME]", "IN:CREATE_ALARM]"]}
{"loss": 1.5319451093673706, "class_log_probabilities": [-2.2097201347351074, -2.9225456714630127, -3.029805898666382, -3.575342893600464], "predictions": [39, 40, 395, 396, 397, 41, 56, 399, 400, 401, 402, 403, 404, 57, 42, 4], "target_tokens": ["[IN:GET_STORIES_NEWS", "[SL:NEWS_TYPE", "@ptr0", "@ptr1", "SL:NEWS_TYPE]", "[SL:NEWS_TOPIC", "@ptr4", "@ptr5", "@ptr6", "@ptr7", "SL:NEWS_TOPIC]", "IN:GET_STORIES_NEWS]"], "predicted_tokens": ["[IN:GET_STORIES_NEWS", "[SL:NEWS_TYPE", "@ptr0", "@ptr1", "@ptr2", "SL:NEWS_TYPE]", "[SL:NEWS_TOPIC", "@ptr4", "@ptr5", "@ptr6", "@ptr7", "@ptr8", "@ptr9", "SL:NEWS_TOPIC]", "IN:GET_STORIES_NEWS]"]}
{"loss": 2.1650807857513428, "class_log_probabilities": [-0.9505040645599365, -3.98042368888855, -4.287045001983643, -4.98450231552124], "predictions": [45, 16, 399, 400, 401, 402, 403, 404, 405, 17, 46, 4, 4, 4, 4], "target_tokens": ["[IN:CREATE_ALARM", "[SL:DATE_TIME", "@ptr3", "@ptr4", "@ptr5", "@ptr6", "@ptr7", "@ptr8", "SL:DATE_TIME]", "IN:CREATE_ALARM]"], "predicted_tokens": ["[IN:CREATE_ALARM", "[SL:DATE_TIME", "@ptr4", "@ptr5", "@ptr6", "@ptr7", "@ptr8", "@ptr9", "@ptr10", "SL:DATE_TIME]", "IN:CREATE_ALARM]"]}
{"loss": 2.5615365505218506, "class_log_probabilities": [-1.4514633417129517, -4.432640075683594, -4.738609313964844, -5.328988552093506], "predictions": [39, 40, 396, 397, 398, 41, 16, 399, 400, 401, 17, 42, 4, 4], "target_tokens": ["[IN:GET_STORIES_NEWS", "[SL:NEWS_TYPE", "@ptr0", "@ptr1", "@ptr2", "SL:NEWS_TYPE]", "[SL:DATE_TIME", "@ptr3", "@ptr4", "@ptr5", "SL:DATE_TIME]", "IN:GET_STORIES_NEWS]"], "predicted_tokens": ["[IN:GET_STORIES_NEWS", "[SL:NEWS_TYPE", "@ptr1", "@ptr2", "@ptr3", "SL:NEWS_TYPE]", "[SL:DATE_TIME", "@ptr4", "@ptr5", "@ptr6", "SL:DATE_TIME]", "IN:GET_STORIES_NEWS]"]}
{"loss": 4.321272850036621, "class_log_probabilities": [-2.480315685272217, -2.525789499282837, -2.7748045921325684, -5.206568717956543], "predictions": [39, 40, 396, 397, 398, 41, 16, 402, 17, 42, 4, 4, 4, 4], "target_tokens": ["[IN:GET_STORIES_NEWS", "[SL:DATE_TIME", "@ptr5", "@ptr6", "SL:DATE_TIME]", "[SL:NEWS_REFERENCE", "@ptr3", "@ptr4", "SL:NEWS_REFERENCE]", "[SL:NEWS_TYPE", "@ptr0", "@ptr1", "@ptr2", "SL:NEWS_TYPE]", "IN:GET_STORIES_NEWS]"], "predicted_tokens": ["[IN:GET_STORIES_NEWS", "[SL:NEWS_TYPE", "@ptr1", "@ptr2", "@ptr3", "SL:NEWS_TYPE]", "[SL:DATE_TIME", "@ptr7", "SL:DATE_TIME]", "IN:GET_STORIES_NEWS]"]}
{"loss": 2.5876119136810303, "class_log_probabilities": [-4.523611545562744, -5.657644748687744, -6.4310407638549805, -6.5503387451171875], "predictions": [191, 64, 396, 65, 86, 399, 400, 401, 402, 404, 87, 68, 4, 4, 4, 4, 4], "target_tokens": ["[IN:ADD_TO_PLAYLIST_MUSIC", "[SL:MUSIC_TYPE", "@ptr1", "SL:MUSIC_TYPE]", "[SL:MUSIC_TYPE", "@ptr4", "@ptr5", "@ptr6", "@ptr7", "SL:MUSIC_TYPE]", "[SL:MUSIC_PLAYLIST_TITLE", "@ptr8", "@ptr9", "SL:MUSIC_PLAYLIST_TITLE]", "IN:ADD_TO_PLAYLIST_MUSIC]"], "predicted_tokens": ["[IN:ADD_TO_PLAYLIST_MUSIC", "[SL:MUSIC_TYPE", "@ptr1", "SL:MUSIC_TYPE]", "[SL:MUSIC_PLAYLIST_TITLE", "@ptr4", "@ptr5", "@ptr6", "@ptr7", "@ptr9", "SL:MUSIC_PLAYLIST_TITLE]", "IN:PLAY_MUSIC]"]}
{"loss": 2.6877260208129883, "class_log_probabilities": [-2.9143824577331543, -3.04215931892395, -3.0460526943206787, -3.36230206489563], "predictions": [45, 16, 400, 401, 402, 403, 404, 405, 17, 46, 4], "target_tokens": ["[IN:CREATE_ALARM", "[SL:DATE_TIME", "@ptr4", "@ptr5", "@ptr6", "@ptr7", "@ptr8", "@ptr9", "SL:DATE_TIME]", "IN:CREATE_ALARM]"], "predicted_tokens": ["[IN:CREATE_ALARM", "[SL:DATE_TIME", "@ptr5", "@ptr6", "@ptr7", "@ptr8", "@ptr9", "@ptr10", "SL:DATE_TIME]", "IN:CREATE_ALARM]"]}
{"loss": 4.192357063293457, "class_log_probabilities": [-2.518051862716675, -4.5782880783081055, -4.859288215637207, -4.95760440826416], "predictions": [39, 40, 396, 397, 398, 41, 133, 399, 400, 134, 42, 4, 4], "target_tokens": ["[IN:GET_STORIES_NEWS", "[SL:NEWS_SOURCE", "@ptr3", "@ptr4", "SL:NEWS_SOURCE]", "[SL:NEWS_TYPE", "@ptr0", "@ptr1", "@ptr2", "SL:NEWS_TYPE]", "[SL:DATE_TIME", "@ptr5", "@ptr6", "SL:DATE_TIME]", "IN:GET_STORIES_NEWS]"], "predicted_tokens": ["[IN:GET_STORIES_NEWS", "[SL:NEWS_TYPE", "@ptr1", "@ptr2", "@ptr3", "SL:NEWS_TYPE]", "[SL:NEWS_SOURCE", "@ptr4", "@ptr5", "SL:NEWS_SOURCE]", "IN:GET_STORIES_NEWS]"]}
{"loss": 1.967594861984253, "class_log_probabilities": [-0.7368507981300354, -3.4291014671325684, -5.721429824829102, -6.098209381103516], "predictions": [39, 40, 395, 41, 16, 396, 397, 17, 42, 4], "target_tokens": ["[IN:GET_STORIES_NEWS", "[SL:DATE_TIME", "@ptr1", "@ptr2", "SL:DATE_TIME]", "[SL:NEWS_TYPE", "@ptr0", "SL:NEWS_TYPE]", "IN:GET_STORIES_NEWS]"], "predicted_tokens": ["[IN:GET_STORIES_NEWS", "[SL:NEWS_TYPE", "@ptr0", "SL:NEWS_TYPE]", "[SL:DATE_TIME", "@ptr1", "@ptr2", "SL:DATE_TIME]", "IN:GET_STORIES_NEWS]"]}
{"loss": 3.5969181060791016, "class_log_probabilities": [-1.103379487991333, -4.534740447998047, -4.589108943939209, -5.028329372406006], "predictions": [13, 16, 403, 405, 17, 18, 4], "target_tokens": ["[IN:GET_WEATHER", "[SL:DATE_TIME", "@ptr5", "@ptr8", "@ptr9", "SL:DATE_TIME]", "IN:GET_WEATHER]"], "predicted_tokens": ["[IN:GET_WEATHER", "[SL:DATE_TIME", "@ptr8", "@ptr10", "SL:DATE_TIME]", "IN:GET_WEATHER]"]}
{"loss": 1.063053011894226, "class_log_probabilities": [-0.9764668345451355, -1.2710274457931519, -6.3925652503967285, -6.644021987915039], "predictions": [217, 64, 397, 65, 218, 4], "target_tokens": ["[IN:GET_TRACK_INFO_MUSIC", "[SL:MUSIC_TYPE", "@ptr2", "SL:MUSIC_TYPE]", "IN:GET_TRACK_INFO_MUSIC]"], "predicted_tokens": ["[IN:GET_TRACK_INFO_MUSIC", "[SL:MUSIC_TYPE", "@ptr2", "SL:MUSIC_TYPE]", "IN:GET_TRACK_INFO_MUSIC]"]}
{"loss": 4.192209720611572, "class_log_probabilities": [-2.1559927463531494, -4.180550575256348, -4.929233551025391, -6.365302085876465], "predictions": [13, 16, 395, 396, 17, 79, 401, 402, 80, 14, 407, 408, 15, 18, 4, 4, 4, 4, 4], "target_tokens": ["[IN:GET_WEATHER", "[SL:WEATHER_ATTRIBUTE", "@ptr5", "@ptr6", "SL:WEATHER_ATTRIBUTE]", "[SL:LOCATION", "@ptr10", "@ptr11", "SL:LOCATION]", "[SL:DATE_TIME", "@ptr0", "@ptr1", "SL:DATE_TIME]", "IN:GET_WEATHER]"], "predicted_tokens": ["[IN:GET_WEATHER", "[SL:DATE_TIME", "@ptr0", "@ptr1", "SL:DATE_TIME]", "[SL:WEATHER_ATTRIBUTE", "@ptr6", "@ptr7", "SL:WEATHER_ATTRIBUTE]", "[SL:LOCATION", "@ptr12", "@ptr13", "SL:LOCATION]", "IN:GET_WEATHER]"]}
{"loss": 2.84071946144104, "class_log_probabilities": [-0.4450269341468811, -7.525700092315674, -7.644872665405273, -7.721230983734131], "predictions": [61, 16, 395, 396, 17, 62, 4], "target_tokens": ["[IN:GET_WEATHER", "[SL:DATE_TIME", "@ptr0", "@ptr1", "SL:DATE_TIME]", "IN:GET_WEATHER]"], "predicted_tokens": ["[IN:GET_EVENT", "[SL:DATE_TIME", "@ptr0", "@ptr1", "SL:DATE_TIME]", "IN:GET_EVENT]"]}
{"loss": 4.676577091217041, "class_log_probabilities": [-0.8497288227081299, -3.8374171257019043, -4.2892937660217285, -4.954938888549805], "predictions": [287, 64, 402, 65, 288, 4, 4, 4], "target_tokens": ["[IN:REWIND_MUSIC", "[SL:ORDINAL", "@ptr4", "SL:ORDINAL]", "[SL:MUSIC_REWIND_TIME", "@ptr2", "@ptr3", "SL:MUSIC_REWIND_TIME]", "[SL:MUSIC_TYPE", "@ptr6", "SL:MUSIC_TYPE]", "IN:REWIND_MUSIC]"], "predicted_tokens": ["[IN:REPLAY_MUSIC", "[SL:MUSIC_TYPE", "@ptr7", "SL:MUSIC_TYPE]", "IN:REPLAY_MUSIC]"]}
{"loss": 1.225215196609497, "class_log_probabilities": [-3.659964084625244, -3.861786127090454, -4.434098720550537, -4.724257946014404], "predictions": [39, 40, 396, 397, 41, 56, 400, 401, 402, 403, 404, 405, 406, 57, 42, 4], "target_tokens": ["[IN:GET_STORIES_NEWS", "[SL:NEWS_TYPE", "@ptr1", "@ptr2", "SL:NEWS_TYPE]", "[SL:NEWS_TOPIC", "@ptr5", "@ptr6", "@ptr7", "@ptr8", "@ptr9", "@ptr10", "SL:NEWS_TOPIC]", "IN:GET_STORIES_NEWS]"], "predicted_tokens": ["[IN:GET_STORIES_NEWS", "[SL:NEWS_TYPE", "@ptr1", "@ptr2", "SL:NEWS_TYPE]", "[SL:NEWS_TOPIC", "@ptr5", "@ptr6", "@ptr7", "@ptr8", "@ptr9", "@ptr10", "@ptr11", "SL:NEWS_TOPIC]", "IN:GET_STORIES_NEWS]"]}
{"loss": 3.84565806388855, "class_log_probabilities": [-0.238094300031662, -6.075011730194092, -6.230802059173584, -6.910036087036133], "predictions": [115, 116, 4, 4, 4, 4], "target_tokens": ["[IN:GET_ALARM", "IN:GET_ALARM]"], "predicted_tokens": ["[IN:GET_TIMER", "IN:GET_TIMER]"]}
{"loss": 3.5580856800079346, "class_log_probabilities": [-1.434482455253601, -1.7124334573745728, -4.893464088439941, -5.406175136566162], "predictions": [13, 79, 400, 401, 402, 80, 18, 4, 4, 4, 4], "target_tokens": ["[IN:GET_WEATHER", "[SL:WEATHER_ATTRIBUTE", "@ptr4", "@ptr5", "SL:WEATHER_ATTRIBUTE]", "IN:GET_WEATHER]"], "predicted_tokens": ["[IN:GET_WEATHER", "[SL:WEATHER_ATTRIBUTE", "@ptr5", "@ptr6", "@ptr7", "SL:WEATHER_ATTRIBUTE]", "IN:GET_WEATHER]"]}
{"loss": 3.819976806640625, "class_log_probabilities": [-0.7083921432495117, -2.2082462310791016, -4.555714130401611, -5.875612258911133], "predictions": [89, 90, 398, 91, 92, 4, 4, 4, 4, 4, 4], "target_tokens": ["[IN:CREATE_TIMER", "[SL:METHOD_TIMER", "@ptr1", "@ptr2", "@ptr3", "SL:METHOD_TIMER]", "[SL:DATE_TIME", "@ptr6", "@ptr7", "SL:DATE_TIME]", "IN:CREATE_TIMER]"], "predicted_tokens": ["[IN:CREATE_TIMER", "[SL:METHOD_TIMER", "@ptr3", "SL:METHOD_TIMER]", "IN:CREATE_TIMER]"]}
{"loss": 0.9961748123168945, "class_log_probabilities": [-0.6521048545837402, -3.610515594482422, -4.065723896026611, -5.226023197174072], "predictions": [287, 64, 396, 65, 288, 4], "target_tokens": ["[IN:REPLAY_MUSIC", "[SL:MUSIC_TYPE", "@ptr1", "SL:MUSIC_TYPE]", "IN:REPLAY_MUSIC]"], "predicted_tokens": ["[IN:REPLAY_MUSIC", "[SL:MUSIC_TYPE", "@ptr1", "SL:MUSIC_TYPE]", "IN:REPLAY_MUSIC]"]}
{"loss": 2.08450984954834, "class_log_probabilities": [-0.8527989983558655, -4.67552375793457, -4.744476795196533, -5.161611557006836], "predictions": [45, 16, 399, 400, 401, 402, 403, 404, 17, 46, 4, 4, 4, 4], "target_tokens": ["[IN:CREATE_ALARM", "[SL:DATE_TIME", "@ptr3", "@ptr4", "@ptr5", "@ptr6", "@ptr7", "@ptr8", "SL:DATE_TIME]", "IN:CREATE_ALARM]"], "predicted_tokens": ["[IN:CREATE_ALARM", "[SL:DATE_TIME", "@ptr4", "@ptr5", "@ptr6", "@ptr7", "@ptr8", "@ptr9", "SL:DATE_TIME]", "IN:CREATE_ALARM]"]}
{"loss": 3.8288042545318604, "class_log_probabilities": [-0.7641172409057617, -3.1657238006591797, -4.852320671081543, -8.634810447692871], "predictions": [13, 16, 395, 396, 17, 18, 4, 4, 4, 4], "target_tokens": ["[IN:GET_WEATHER", "[SL:WEATHER_ATTRIBUTE", "@ptr2", "@ptr3", "SL:WEATHER_ATTRIBUTE]", "[SL:DATE_TIME", "@ptr0", "@ptr1", "SL:DATE_TIME]", "IN:GET_WEATHER]"], "predicted_tokens": ["[IN:GET_WEATHER", "[SL:DATE_TIME", "@ptr0", "@ptr1", "SL:DATE_TIME]", "IN:GET_WEATHER]"]}
{"loss": 3.2503371238708496, "class_log_probabilities": [-4.275862216949463, -4.66788387298584, -4.668525218963623, -6.388490676879883], "predictions": [63, 64, 396, 65, 66, 399, 400, 67, 64, 402, 403, 65, 68, 4, 4, 4, 4], "target_tokens": ["[IN:ADD_TO_PLAYLIST_MUSIC", "[SL:MUSIC_TYPE", "@ptr1", "SL:MUSIC_TYPE]", "[SL:MUSIC_TRACK_TITLE", "@ptr2", "SL:MUSIC_TRACK_TITLE]", "[SL:MUSIC_ARTIST_NAME", "@ptr4", "@ptr5", "SL:MUSIC_ARTIST_NAME]", "[SL:MUSIC_TYPE", "@ptr7", "@ptr8", "@ptr9", "@ptr10", "SL:MUSIC_TYPE]", "[SL:MUSIC_PLAYLIST_TITLE", "@ptr16", "@ptr17", "SL:MUSIC_PLAYLIST_TITLE]", "IN:ADD_TO_PLAYLIST_MUSIC]"], "predicted_tokens": ["[IN:PLAY_MUSIC", "[SL:MUSIC_TYPE", "@ptr1", "SL:MUSIC_TYPE]", "[SL:MUSIC_ARTIST_NAME", "@ptr4", "@ptr5", "SL:MUSIC_ARTIST_NAME]", "[SL:MUSIC_TYPE", "@ptr7", "@ptr8", "SL:MUSIC_TYPE]", "IN:PLAY_MUSIC]"]}
{"loss": 2.7363879680633545, "class_log_probabilities": [-1.1311043500900269, -3.3217060565948486, -3.531630039215088, -3.722646474838257], "predictions": [89, 90, 398, 91, 92, 4, 4, 4, 4, 4], "target_tokens": ["[IN:CREATE_TIMER", "[SL:METHOD_TIMER", "@ptr1", "@ptr2", "@ptr3", "SL:METHOD_TIMER]", "[SL:DATE_TIME", "@ptr7", "@ptr8", "@ptr9", "SL:DATE_TIME]", "IN:CREATE_TIMER]"], "predicted_tokens": ["[IN:CREATE_TIMER", "[SL:METHOD_TIMER", "@ptr3", "SL:METHOD_TIMER]", "IN:CREATE_TIMER]"]}
{"loss": 3.3487792015075684, "class_log_probabilities": [-1.1521989107131958, -1.7049658298492432, -5.9555158615112305, -7.263154029846191], "predictions": [13, 16, 395, 396, 397, 17, 79, 401, 80, 18, 4, 4, 4, 4], "target_tokens": ["[IN:GET_WEATHER", "[SL:WEATHER_ATTRIBUTE", "@ptr5", "SL:WEATHER_ATTRIBUTE]", "[SL:DATE_TIME", "@ptr0", "@ptr1", "@ptr2", "SL:DATE_TIME]", "IN:GET_WEATHER]"], "predicted_tokens": ["[IN:GET_WEATHER", "[SL:DATE_TIME", "@ptr0", "@ptr1", "@ptr2", "SL:DATE_TIME]", "[SL:WEATHER_ATTRIBUTE", "@ptr6", "SL:WEATHER_ATTRIBUTE]", "IN:GET_WEATHER]"]}
{"loss": 3.142591714859009, "class_log_probabilities": [-0.7870048880577087, -3.4622490406036377, -6.548969268798828, -7.499037265777588], "predictions": [13, 79, 395, 80, 18, 4, 4, 4, 4, 4], "target_tokens": ["[IN:GET_WEATHER", "[SL:WEATHER_ATTRIBUTE", "@ptr0", "@ptr1", "@ptr2", "SL:WEATHER_ATTRIBUTE]", "[SL:DATE_TIME", "@ptr3", "@ptr4", "@ptr5", "SL:DATE_TIME]", "IN:GET_WEATHER]"], "predicted_tokens": ["[IN:GET_WEATHER", "[SL:WEATHER_ATTRIBUTE", "@ptr0", "SL:WEATHER_ATTRIBUTE]", "IN:GET_WEATHER]"]}
{"loss": 2.345679521560669, "class_log_probabilities": [-0.6604548096656799, -5.641445636749268, -5.704732418060303, -6.497190475463867], "predictions": [39, 40, 395, 41, 133, 398, 134, 42, 4, 4, 4, 4], "target_tokens": ["[IN:GET_STORIES_NEWS", "[SL:NEWS_REFERENCE", "@ptr1", "SL:NEWS_REFERENCE]", "[SL:NEWS_TYPE", "@ptr0", "SL:NEWS_TYPE]", "[SL:NEWS_SOURCE", "@ptr3", "SL:NEWS_SOURCE]", "IN:GET_STORIES_NEWS]"], "predicted_tokens": ["[IN:GET_STORIES_NEWS", "[SL:NEWS_TYPE", "@ptr0", "SL:NEWS_TYPE]", "[SL:NEWS_SOURCE", "@ptr3", "SL:NEWS_SOURCE]", "IN:GET_STORIES_NEWS]"]}
{"loss": 1.0605326890945435, "class_log_probabilities": [-0.7374706268310547, -3.5565497875213623, -4.070284843444824, -4.516756057739258], "predictions": [213, 214, 4], "target_tokens": ["[IN:SILENCE_ALARM", "IN:SILENCE_ALARM]"], "predicted_tokens": ["[IN:SILENCE_ALARM", "IN:SILENCE_ALARM]"]}
{"loss": 3.359687089920044, "class_log_probabilities": [-0.8873353600502014, -2.1860811710357666, -5.0619120597839355, -5.213515281677246], "predictions": [115, 90, 397, 91, 116, 4], "target_tokens": ["[IN:GET_TIMER", "[SL:METHOD_TIMER", "@ptr4", "@ptr5", "@ptr6", "SL:METHOD_TIMER]", "IN:GET_TIMER]"], "predicted_tokens": ["[IN:GET_TIMER", "[SL:METHOD_TIMER", "@ptr2", "SL:METHOD_TIMER]", "IN:GET_TIMER]"]}
{"loss": 2.3490142822265625, "class_log_probabilities": [-1.653447151184082, -2.964648485183716, -3.1111719608306885, -4.019012928009033], "predictions": [45, 16, 400, 401, 402, 17, 46, 4], "target_tokens": ["[IN:CREATE_ALARM", "[SL:DATE_TIME", "@ptr4", "@ptr5", "@ptr6", "@ptr7", "SL:DATE_TIME]", "IN:CREATE_ALARM]"], "predicted_tokens": ["[IN:CREATE_ALARM", "[SL:DATE_TIME", "@ptr5", "@ptr6", "@ptr7", "SL:DATE_TIME]", "IN:CREATE_ALARM]"]}
{"loss": 3.953852415084839, "class_log_probabilities": [-1.542034387588501, -2.148561477661133, -5.259981155395508, -6.117840766906738], "predictions": [13, 16, 396, 397, 398, 399, 17, 79, 401, 80, 18, 4, 4], "target_tokens": ["[IN:GET_WEATHER", "[SL:WEATHER_ATTRIBUTE", "@ptr4", "SL:WEATHER_ATTRIBUTE]", "[SL:DATE_TIME", "@ptr0", "@ptr1", "@ptr2", "@ptr3", "SL:DATE_TIME]", "IN:GET_WEATHER]"], "predicted_tokens": ["[IN:GET_WEATHER", "[SL:DATE_TIME", "@ptr1", "@ptr2", "@ptr3", "@ptr4", "SL:DATE_TIME]", "[SL:WEATHER_ATTRIBUTE", "@ptr6", "SL:WEATHER_ATTRIBUTE]", "IN:GET_WEATHER]"]}
{"loss": 2.176081418991089, "class_log_probabilities": [-0.39576366543769836, -7.698319911956787, -7.80291748046875, -7.952778339385986], "predictions": [13, 14, 399, 15, 18, 4, 4, 4], "target_tokens": ["[IN:GET_WEATHER", "[SL:LOCATION", "@ptr3", "SL:LOCATION]", "IN:GET_WEATHER]"], "predicted_tokens": ["[IN:GET_WEATHER", "[SL:LOCATION", "@ptr4", "SL:LOCATION]", "IN:GET_WEATHER]"]}
{"loss": 4.2268805503845215, "class_log_probabilities": [-5.714682579040527, -5.923387050628662, -6.391016960144043, -6.597815990447998], "predictions": [45, 141, 399, 400, 401, 402, 142, 16, 405, 407, 17, 46, 4, 4, 4, 4, 4], "target_tokens": ["[IN:CREATE_ALARM", "[SL:PERIOD", "@ptr3", "@ptr4", "@ptr5", "SL:PERIOD]", "[SL:DATE_TIME", "@ptr6", "@ptr7", "@ptr8", "@ptr9", "@ptr10", "SL:DATE_TIME]", "IN:CREATE_ALARM]"], "predicted_tokens": ["[IN:CREATE_ALARM", "[SL:PERIOD", "@ptr4", "@ptr5", "@ptr6", "@ptr7", "SL:PERIOD]", "[SL:DATE_TIME", "@ptr10", "@ptr12", "SL:DATE_TIME]", "IN:CREATE_ALARM]"]}
{"loss": 3.2034809589385986, "class_log_probabilities": [-2.651336908340454, -2.6917383670806885, -3.903996467590332, -5.281816482543945], "predictions": [13, 14, 399, 400, 401, 402, 15, 16, 403, 404, 17, 18, 4, 4], "target_tokens": ["[IN:GET_WEATHER", "[SL:LOCATION", "@ptr3", "@ptr4", "@ptr5", "@ptr6", "SL:LOCATION]", "[SL:DATE_TIME", "@ptr7", "@ptr8", "SL:DATE_TIME]", "IN:GET_WEATHER]"], "predicted_tokens": ["[IN:GET_WEATHER", "[SL:LOCATION", "@ptr4", "@ptr5", "@ptr6", "@ptr7", "SL:LOCATION]", "[SL:DATE_TIME", "@ptr8", "@ptr9", "SL:DATE_TIME]", "IN:GET_WEATHER]"]}
{"loss": 2.2401418685913086, "class_log_probabilities": [-0.31075045466423035, -5.605077743530273, -5.951913833618164, -6.73184061050415], "predictions": [255, 256, 4, 4, 4, 4], "target_tokens": ["[IN:PAUSE_TIMER", "[SL:METHOD_TIMER", "@ptr2", "@ptr3", "@ptr4", "SL:METHOD_TIMER]", "IN:PAUSE_TIMER]"], "predicted_tokens": ["[IN:PAUSE_TIMER", "IN:PAUSE_TIMER]"]}
{"loss": 2.0717804431915283, "class_log_probabilities": [-3.5421206951141357, -3.861365556716919, -4.484984397888184, -5.395526885986328], "predictions": [13, 79, 399, 80, 14, 402, 403, 15, 18, 4, 4, 4, 4, 4], "target_tokens": ["[IN:GET_WEATHER", "[SL:WEATHER_ATTRIBUTE", "@ptr3", "SL:WEATHER_ATTRIBUTE]", "[SL:LOCATION", "@ptr7", "@ptr8", "@ptr9", "SL:LOCATION]", "[SL:DATE_TIME", "@ptr10", "@ptr11", "SL:DATE_TIME]", "IN:GET_WEATHER]"], "predicted_tokens": ["[IN:GET_WEATHER", "[SL:WEATHER_ATTRIBUTE", "@ptr4", "SL:WEATHER_ATTRIBUTE]", "[SL:LOCATION", "@ptr7", "@ptr8", "SL:LOCATION]", "IN:GET_WEATHER]"]}
{"loss": 2.277191400527954, "class_log_probabilities": [-3.0285677909851074, -3.1315605640411377, -3.487300157546997, -3.7960097789764404], "predictions": [63, 64, 396, 65, 101, 397, 102, 68, 4], "target_tokens": ["[IN:RESUME_MUSIC", "[SL:MUSIC_TYPE", "@ptr1", "SL:MUSIC_TYPE]", "IN:RESUME_MUSIC]"], "predicted_tokens": ["[IN:PLAY_MUSIC", "[SL:MUSIC_TYPE", "@ptr1", "SL:MUSIC_TYPE]", "[SL:MUSIC_TRACK_TITLE", "@ptr2", "SL:MUSIC_TRACK_TITLE]", "IN:PLAY_MUSIC]"]}
{"loss": 1.2785615921020508, "class_log_probabilities": [-1.4521872997283936, -2.283191204071045, -3.3080854415893555, -4.472465991973877], "predictions": [267, 268, 4], "target_tokens": ["[IN:LIKE_MUSIC", "IN:LIKE_MUSIC]"], "predicted_tokens": ["[IN:LIKE_MUSIC", "IN:LIKE_MUSIC]"]}
{"loss": 2.3115546703338623, "class_log_probabilities": [-0.7176363468170166, -6.007110595703125, -6.618730068206787, -6.85511589050293], "predictions": [13, 14, 398, 399, 400, 401, 15, 18, 4, 4], "target_tokens": ["[IN:GET_WEATHER", "[SL:LOCATION", "@ptr2", "@ptr3", "@ptr4", "SL:LOCATION]", "IN:GET_WEATHER]"], "predicted_tokens": ["[IN:GET_WEATHER", "[SL:LOCATION", "@ptr3", "@ptr4", "@ptr5", "@ptr6", "SL:LOCATION]", "IN:GET_WEATHER]"]}
{"loss": 3.0843591690063477, "class_log_probabilities": [-0.8936740756034851, -2.6263515949249268, -4.9544477462768555, -5.891040802001953], "predictions": [89, 90, 396, 91, 16, 398, 399, 17, 92, 4, 4], "target_tokens": ["[IN:CREATE_TIMER", "[SL:METHOD_TIMER", "@ptr0", "@ptr1", "SL:METHOD_TIMER]", "[SL:DATE_TIME", "@ptr2", "@ptr3", "SL:DATE_TIME]", "IN:CREATE_TIMER]"], "predicted_tokens": ["[IN:CREATE_TIMER", "[SL:METHOD_TIMER", "@ptr1", "SL:METHOD_TIMER]", "[SL:DATE_TIME", "@ptr3", "@ptr4", "SL:DATE_TIME]", "IN:CREATE_TIMER]"]}
{"loss": 4.148107528686523, "class_log_probabilities": [-1.2113806009292603, -2.844078540802002, -2.9722607135772705, -4.847597599029541], "predictions": [13, 14, 398, 399, 400, 15, 16, 401, 402, 403, 17, 79, 405, 80, 18, 4], "target_tokens": ["[IN:GET_WEATHER", "[SL:LOCATION", "@ptr2", "@ptr3", "@ptr4", "SL:LOCATION]", "[SL:WEATHER_ATTRIBUTE", "@ptr9", "SL:WEATHER_ATTRIBUTE]", "[SL:DATE_TIME", "@ptr5", "@ptr6", "@ptr7", "SL:DATE_TIME]", "IN:GET_WEATHER]"], "predicted_tokens": ["[IN:GET_WEATHER", "[SL:LOCATION", "@ptr3", "@ptr4", "@ptr5", "SL:LOCATION]", "[SL:DATE_TIME", "@ptr6", "@ptr7", "@ptr8", "SL:DATE_TIME]", "[SL:WEATHER_ATTRIBUTE", "@ptr10", "SL:WEATHER_ATTRIBUTE]", "IN:GET_WEATHER]"]}
{"loss": 2.589221239089966, "class_log_probabilities": [-0.4339387118816376, -5.507872581481934, -5.673986434936523, -5.890641212463379], "predictions": [13, 16, 397, 17, 18, 4, 4], "target_tokens": ["[IN:GET_WEATHER", "IN:GET_WEATHER]"], "predicted_tokens": ["[IN:GET_WEATHER", "[SL:DATE_TIME", "@ptr2", "SL:DATE_TIME]", "IN:GET_WEATHER]"]}
{"loss": 3.0780372619628906, "class_log_probabilities": [-0.4620508551597595, -6.743979454040527, -7.098427772521973, -7.654151439666748], "predictions": [13, 16, 401, 402, 403, 17, 18, 4], "target_tokens": ["[IN:GET_WEATHER", "[SL:DATE_TIME", "@ptr5", "@ptr6", "@ptr7", "SL:DATE_TIME]", "IN:GET_WEATHER]"], "predicted_tokens": ["[IN:GET_WEATHER", "[SL:DATE_TIME", "@ptr6", "@ptr7", "@ptr8", "SL:DATE_TIME]", "IN:GET_WEATHER]"]}
{"loss": 3.0446527004241943, "class_log_probabilities": [-0.32821500301361084, -6.409916400909424, -6.530054569244385, -6.570510387420654], "predictions": [287, 64, 398, 65, 288, 4], "target_tokens": ["[IN:PREVIOUS_TRACK_MUSIC", "[SL:ORDINAL", "@ptr4", "SL:ORDINAL]", "[SL:MUSIC_TYPE", "@ptr3", "SL:MUSIC_TYPE]", "IN:PREVIOUS_TRACK_MUSIC]"], "predicted_tokens": ["[IN:REPLAY_MUSIC", "[SL:MUSIC_TYPE", "@ptr3", "SL:MUSIC_TYPE]", "IN:REPLAY_MUSIC]"]}
{"loss": 0.9569883346557617, "class_log_probabilities": [-0.1956959068775177, -8.189888954162598, -8.691823959350586, -8.791656494140625], "predictions": [13, 18, 4, 4, 4], "target_tokens": ["[IN:GET_WEATHER", "IN:GET_WEATHER]"], "predicted_tokens": ["[IN:GET_WEATHER", "IN:GET_WEATHER]"]}
{"loss": 1.9199926853179932, "class_log_probabilities": [-2.6398839950561523, -3.17639422416687, -4.81441593170166, -5.809916973114014], "predictions": [335, 336, 4, 4, 4, 4, 4, 4], "target_tokens": ["[IN:REWIND_MUSIC", "[SL:MUSIC_REWIND_TIME", "@ptr3", "@ptr4", "SL:MUSIC_REWIND_TIME]", "IN:REWIND_MUSIC]"], "predicted_tokens": ["[IN:REWIND_MUSIC", "IN:REWIND_MUSIC]"]}
{"loss": 4.750398635864258, "class_log_probabilities": [-0.30119404196739197, -5.924920082092285, -6.828881740570068, -6.843376159667969], "predictions": [255, 90, 399, 91, 256, 4], "target_tokens": ["[IN:DELETE_TIMER", "[SL:METHOD_TIMER", "@ptr1", "@ptr2", "@ptr3", "SL:METHOD_TIMER]", "IN:DELETE_TIMER]"], "predicted_tokens": ["[IN:PAUSE_TIMER", "[SL:METHOD_TIMER", "@ptr4", "SL:METHOD_TIMER]", "IN:PAUSE_TIMER]"]}
{"loss": 2.4254791736602783, "class_log_probabilities": [-2.046415328979492, -3.074789524078369, -4.116863250732422, -4.139180660247803], "predictions": [39, 40, 396, 397, 398, 41, 42, 4, 4, 4, 4], "target_tokens": ["[IN:GET_STORIES_NEWS", "[SL:NEWS_CATEGORY", "@ptr4", "SL:NEWS_CATEGORY]", "[SL:NEWS_TYPE", "@ptr1", "@ptr2", "@ptr3", "SL:NEWS_TYPE]", "IN:GET_STORIES_NEWS]"], "predicted_tokens": ["[IN:GET_STORIES_NEWS", "[SL:NEWS_TYPE", "@ptr1", "@ptr2", "@ptr3", "SL:NEWS_TYPE]", "IN:GET_STORIES_NEWS]"]}
{"loss": 2.8457329273223877, "class_log_probabilities": [-0.7440904974937439, -4.616512298583984, -5.049647331237793, -5.347402095794678], "predictions": [39, 40, 395, 41, 43, 397, 44, 42, 4, 4], "target_tokens": ["[IN:GET_STORIES_NEWS", "[SL:NEWS_CATEGORY", "@ptr1", "@ptr2", "SL:NEWS_CATEGORY]", "[SL:NEWS_TYPE", "@ptr0", "SL:NEWS_TYPE]", "IN:GET_STORIES_NEWS]"], "predicted_tokens": ["[IN:GET_STORIES_NEWS", "[SL:NEWS_TYPE", "@ptr0", "SL:NEWS_TYPE]", "[SL:NEWS_CATEGORY", "@ptr2", "SL:NEWS_CATEGORY]", "IN:GET_STORIES_NEWS]"]}
{"loss": 3.4501073360443115, "class_log_probabilities": [-1.3139911890029907, -3.544374704360962, -3.7925984859466553, -4.491404056549072], "predictions": [89, 90, 396, 397, 398, 91, 16, 400, 401, 402, 17, 92, 4, 4], "target_tokens": ["[IN:CREATE_TIMER", "[SL:METHOD_TIMER", "@ptr0", "@ptr1", "@ptr2", "SL:METHOD_TIMER]", "[SL:DATE_TIME", "@ptr3", "@ptr4", "@ptr5", "SL:DATE_TIME]", "IN:CREATE_TIMER]"], "predicted_tokens": ["[IN:CREATE_TIMER", "[SL:METHOD_TIMER", "@ptr1", "@ptr2", "@ptr3", "SL:METHOD_TIMER]", "[SL:DATE_TIME", "@ptr5", "@ptr6", "@ptr7", "SL:DATE_TIME]", "IN:CREATE_TIMER]"]}
{"loss": 0.9769447445869446, "class_log_probabilities": [-0.43928050994873047, -4.044922351837158, -5.085807800292969, -6.172654628753662], "predictions": [45, 46, 4], "target_tokens": ["[IN:CREATE_ALARM", "IN:CREATE_ALARM]"], "predicted_tokens": ["[IN:CREATE_ALARM", "IN:CREATE_ALARM]"]}
{"loss": 3.2159876823425293, "class_log_probabilities": [-0.44057726860046387, -6.044684410095215, -6.1345906257629395, -6.745683193206787], "predictions": [63, 64, 397, 65, 103, 399, 104, 68, 4], "target_tokens": ["[IN:PLAY_MUSIC", "[SL:MUSIC_PROVIDER_NAME", "@ptr4", "SL:MUSIC_PROVIDER_NAME]", "[SL:MUSIC_TYPE", "@ptr1", "@ptr2", "SL:MUSIC_TYPE]", "IN:PLAY_MUSIC]"], "predicted_tokens": ["[IN:PLAY_MUSIC", "[SL:MUSIC_TYPE", "@ptr2", "SL:MUSIC_TYPE]", "[SL:MUSIC_PROVIDER_NAME", "@ptr4", "SL:MUSIC_PROVIDER_NAME]", "IN:PLAY_MUSIC]"]}
{"loss": 1.7507926225662231, "class_log_probabilities": [-1.0372029542922974, -4.342531204223633, -6.564335346221924, -9.43419361114502], "predictions": [39, 40, 395, 41, 56, 396, 397, 398, 399, 400, 57, 42, 4, 4, 4], "target_tokens": ["[IN:GET_STORIES_NEWS", "[SL:NEWS_TOPIC", "@ptr1", "@ptr2", "@ptr3", "@ptr4", "@ptr5", "SL:NEWS_TOPIC]", "[SL:NEWS_TYPE", "@ptr0", "SL:NEWS_TYPE]", "IN:GET_STORIES_NEWS]"], "predicted_tokens": ["[IN:GET_STORIES_NEWS", "[SL:NEWS_TYPE", "@ptr0", "SL:NEWS_TYPE]", "[SL:NEWS_TOPIC", "@ptr1", "@ptr2", "@ptr3", "@ptr4", "@ptr5", "SL:NEWS_TOPIC]", "IN:GET_STORIES_NEWS]"]}
{"loss": 3.7818586826324463, "class_log_probabilities": [-7.621143817901611, -8.112295150756836, -8.309259414672852, -8.710980415344238], "predictions": [111, 34, 401, 402, 35, 120, 404, 121, 112, 4, 4, 4, 4, 4], "target_tokens": ["[IN:UPDATE_ALARM", "[SL:AMOUNT", "@ptr5", "SL:AMOUNT]", "[SL:DATE_TIME", "@ptr7", "@ptr8", "@ptr9", "SL:DATE_TIME]", "IN:UPDATE_ALARM]"], "predicted_tokens": ["[IN:UPDATE_REMINDER_DATE_TIME", "[SL:PERSON_REMINDED", "@ptr6", "@ptr7", "SL:PERSON_REMINDED]", "[SL:AMOUNT", "@ptr9", "SL:AMOUNT]", "IN:UPDATE_REMINDER_DATE_TIME]"]}
{"loss": 3.5316619873046875, "class_log_probabilities": [-1.5913854837417603, -3.689087152481079, -4.338983535766602, -4.507986545562744], "predictions": [89, 92, 4, 4, 4, 4, 4], "target_tokens": ["[IN:CREATE_TIMER", "[SL:METHOD_TIMER", "@ptr1", "@ptr2", "@ptr3", "SL:METHOD_TIMER]", "[SL:TIMER_NAME", "@ptr5", "@ptr6", "SL:TIMER_NAME]", "IN:CREATE_TIMER]"], "predicted_tokens": ["[IN:CREATE_TIMER", "IN:CREATE_TIMER]"]}
{"loss": 1.0009353160858154, "class_log_probabilities": [-1.244354486465454, -4.5461955070495605, -4.789587497711182, -5.021185874938965], "predictions": [63, 101, 398, 399, 400, 102, 66, 402, 403, 67, 103, 405, 104, 68, 4, 4, 4, 4], "target_tokens": ["[IN:PLAY_MUSIC", "[SL:MUSIC_TRACK_TITLE", "@ptr3", "@ptr4", "@ptr5", "SL:MUSIC_TRACK_TITLE]", "[SL:MUSIC_ARTIST_NAME", "@ptr7", "@ptr8", "SL:MUSIC_ARTIST_NAME]", "[SL:MUSIC_PROVIDER_NAME", "@ptr10", "SL:MUSIC_PROVIDER_NAME]", "IN:PLAY_MUSIC]"], "predicted_tokens": ["[IN:PLAY_MUSIC", "[SL:MUSIC_TRACK_TITLE", "@ptr3", "@ptr4", "@ptr5", "SL:MUSIC_TRACK_TITLE]", "[SL:MUSIC_ARTIST_NAME", "@ptr7", "@ptr8", "SL:MUSIC_ARTIST_NAME]", "[SL:MUSIC_PROVIDER_NAME", "@ptr10", "SL:MUSIC_PROVIDER_NAME]", "IN:PLAY_MUSIC]"]}
{"loss": 3.6512367725372314, "class_log_probabilities": [-0.49080297350883484, -2.2342233657836914, -6.163208484649658, -6.310480117797852], "predictions": [255, 90, 399, 91, 256, 4], "target_tokens": ["[IN:PAUSE_TIMER", "[SL:METHOD_TIMER", "@ptr2", "@ptr3", "@ptr4", "SL:METHOD_TIMER]", "IN:PAUSE_TIMER]"], "predicted_tokens": ["[IN:PAUSE_TIMER", "[SL:METHOD_TIMER", "@ptr4", "SL:METHOD_TIMER]", "IN:PAUSE_TIMER]"]}
{"loss": 3.4963414669036865, "class_log_probabilities": [-4.62369441986084, -4.961076259613037, -5.358865737915039, -5.384772777557373], "predictions": [49, 34, 401, 35, 36, 397, 37, 34, 401, 35, 50, 4], "target_tokens": ["[IN:SILENCE_ALARM", "IN:SILENCE_ALARM]"], "predicted_tokens": ["[IN:CREATE_REMINDER", "[SL:PERSON_REMINDED", "@ptr6", "SL:PERSON_REMINDED]", "[SL:TODO", "@ptr2", "SL:TODO]", "[SL:PERSON_REMINDED", "@ptr6", "SL:PERSON_REMINDED]", "IN:CREATE_REMINDER]"]}
{"loss": 3.9564754962921143, "class_log_probabilities": [-1.1063799858093262, -3.176863193511963, -4.275638103485107, -5.16425085067749], "predictions": [33, 34, 402, 35, 120, 402, 121, 38, 4], "target_tokens": ["[IN:DELETE_ALARM", "[SL:AMOUNT", "@ptr5", "SL:AMOUNT]", "IN:DELETE_ALARM]"], "predicted_tokens": ["[IN:DELETE_REMINDER", "[SL:PERSON_REMINDED", "@ptr7", "SL:PERSON_REMINDED]", "[SL:AMOUNT", "@ptr7", "SL:AMOUNT]", "IN:DELETE_REMINDER]"]}
{"loss": 2.2517433166503906, "class_log_probabilities": [-1.65178644657135, -3.6703381538391113, -3.7182655334472656, -4.313762664794922], "predictions": [89, 90, 397, 91, 16, 399, 400, 401, 17, 92, 4], "target_tokens": ["[IN:CREATE_TIMER", "[SL:DATE_TIME", "@ptr4", "@ptr5", "SL:DATE_TIME]", "IN:CREATE_TIMER]"], "predicted_tokens": ["[IN:CREATE_TIMER", "[SL:METHOD_TIMER", "@ptr2", "SL:METHOD_TIMER]", "[SL:DATE_TIME", "@ptr4", "@ptr5", "@ptr6", "SL:DATE_TIME]", "IN:CREATE_TIMER]"]}
{"loss": 3.8474953174591064, "class_log_probabilities": [-0.4795801639556885, -3.9722800254821777, -4.073702812194824, -4.458245754241943], "predictions": [51, 52, 395, 53, 54, 4, 4], "target_tokens": ["[IN:GET_RECIPES", "[SL:RECIPES_COOKING_METHOD", "@ptr1", "@ptr2", "SL:RECIPES_COOKING_METHOD]", "[SL:RECIPES_DISH", "@ptr0", "SL:RECIPES_DISH]", "IN:GET_RECIPES]"], "predicted_tokens": ["[IN:GET_RECIPES", "[SL:RECIPES_DISH", "@ptr0", "SL:RECIPES_DISH]", "IN:GET_RECIPES]"]}
{"loss": 3.511812925338745, "class_log_probabilities": [-2.2692975997924805, -2.69382905960083, -5.2599077224731445, -5.820799827575684], "predictions": [115, 167, 400, 401, 402, 403, 168, 116, 4, 4], "target_tokens": ["[IN:GET_INFO_RECIPES", "[SL:RECIPES_ATTRIBUTE", "@ptr9", "@ptr10", "@ptr11", "SL:RECIPES_ATTRIBUTE]", "[SL:RECIPES_DISH", "@ptr5", "@ptr6", "@ptr7", "@ptr8", "SL:RECIPES_DISH]", "IN:GET_INFO_RECIPES]"], "predicted_tokens": ["[IN:GET_TIMER", "[SL:TIMER_NAME", "@ptr5", "@ptr6", "@ptr7", "@ptr8", "SL:TIMER_NAME]", "IN:GET_TIMER]"]}
{"loss": 3.686462879180908, "class_log_probabilities": [-1.1837024688720703, -2.267721176147461, -2.352660655975342, -4.2249298095703125], "predictions": [51, 52, 395, 53, 54, 4], "target_tokens": ["[IN:GET_RECIPES", "[SL:RECIPES_COOKING_METHOD", "@ptr1", "@ptr2", "SL:RECIPES_COOKING_METHOD]", "[SL:RECIPES_DISH", "@ptr0", "SL:RECIPES_DISH]", "IN:GET_RECIPES]"], "predicted_tokens": ["[IN:GET_RECIPES", "[SL:RECIPES_DISH", "@ptr0", "SL:RECIPES_DISH]", "IN:GET_RECIPES]"]}
{"loss": 0.9851723313331604, "class_log_probabilities": [-0.9183807373046875, -4.8516340255737305, -6.030488967895508, -6.0634284019470215], "predictions": [51, 52, 398, 53, 54, 4, 4], "target_tokens": ["[IN:GET_RECIPES", "[SL:RECIPES_DISH", "@ptr3", "SL:RECIPES_DISH]", "IN:GET_RECIPES]"], "predicted_tokens": ["[IN:GET_RECIPES", "[SL:RECIPES_DISH", "@ptr3", "SL:RECIPES_DISH]", "IN:GET_RECIPES]"]}
{"loss": 2.326848268508911, "class_log_probabilities": [-1.8571419715881348, -3.4444282054901123, -4.282680034637451, -4.296024322509766], "predictions": [165, 129, 397, 398, 130, 52, 401, 402, 53, 166, 4, 4, 4, 4, 4, 4], "target_tokens": ["[IN:IS_TRUE_RECIPES", "[SL:RECIPES_INCLUDED_INGREDIENT", "@ptr2", "@ptr3", "SL:RECIPES_INCLUDED_INGREDIENT]", "[SL:RECIPES_DISH", "@ptr5", "@ptr6", "@ptr7", "SL:RECIPES_DISH]", "IN:IS_TRUE_RECIPES]"], "predicted_tokens": ["[IN:IS_TRUE_RECIPES", "[SL:RECIPES_INCLUDED_INGREDIENT", "@ptr2", "@ptr3", "SL:RECIPES_INCLUDED_INGREDIENT]", "[SL:RECIPES_DISH", "@ptr6", "@ptr7", "SL:RECIPES_DISH]", "IN:IS_TRUE_RECIPES]"]}
{"loss": 3.8959004878997803, "class_log_probabilities": [-1.4005701541900635, -3.7082180976867676, -3.9059863090515137, -4.276788234710693], "predictions": [27, 52, 405, 53, 30, 4, 4, 4, 4], "target_tokens": ["[IN:GET_INFO_RECIPES", "[SL:RECIPES_ATTRIBUTE", "@ptr3", "@ptr4", "SL:RECIPES_ATTRIBUTE]", "[SL:RECIPES_DISH", "@ptr8", "@ptr9", "SL:RECIPES_DISH]", "IN:GET_INFO_RECIPES]"], "predicted_tokens": ["[IN:GET_INFO_RECIPES", "[SL:RECIPES_DISH", "@ptr10", "SL:RECIPES_DISH]", "IN:GET_INFO_RECIPES]"]}
{"loss": 5.032749176025391, "class_log_probabilities": [-6.561636924743652, -25.562387466430664, -25.62061309814453, -27.35071563720703], "predictions": [27, 52, 395, 396, 397, 398, 53, 129, 395, 130, 129, 395, 404, 130, 30, 4, 4, 4, 4, 4, 4, 4, 4, 4, 4, 4, 4, 4, 4, 4, 4, 4, 4, 4, 4, 4, 4, 4, 4, 4, 4, 4, 4, 4, 4, 4, 4, 4, 4, 4, 4, 4, 4, 4, 4, 4, 4, 4, 4], "target_tokens": ["[IN:GET_INFO_RECIPES", "[SL:RECIPES_ATTRIBUTE", "@ptr8", "SL:RECIPES_ATTRIBUTE]", "[SL:RECIPES_INCLUDED_INGREDIENT", "@ptr2", "@ptr3", "SL:RECIPES_INCLUDED_INGREDIENT]", "[SL:RECIPES_DISH", "@ptr0", "@ptr1", "@ptr2", "@ptr3", "SL:RECIPES_DISH]", "IN:GET_INFO_RECIPES]"], "predicted_tokens": ["[IN:GET_INFO_RECIPES", "[SL:RECIPES_DISH", "@ptr0", "@ptr1", "@ptr2", "@ptr3", "SL:RECIPES_DISH]", "[SL:RECIPES_INCLUDED_INGREDIENT", "@ptr0", "SL:RECIPES_INCLUDED_INGREDIENT]", "[SL:RECIPES_INCLUDED_INGREDIENT", "@ptr0", "@ptr9", "SL:RECIPES_INCLUDED_INGREDIENT]", "IN:GET_INFO_RECIPES]"]}
{"loss": 1.055004596710205, "class_log_probabilities": [-1.334007978439331, -2.0619072914123535, -6.08367395401001, -6.184401988983154], "predictions": [51, 52, 398, 399, 400, 401, 402, 53, 54, 4, 4], "target_tokens": ["[IN:GET_RECIPES", "[SL:RECIPES_DISH", "@ptr3", "@ptr4", "@ptr5", "@ptr6", "@ptr7", "@ptr8", "SL:RECIPES_DISH]", "IN:GET_RECIPES]"], "predicted_tokens": ["[IN:GET_RECIPES", "[SL:RECIPES_DISH", "@ptr3", "@ptr4", "@ptr5", "@ptr6", "@ptr7", "SL:RECIPES_DISH]", "IN:GET_RECIPES]"]}
{"loss": 2.128594398498535, "class_log_probabilities": [-1.5105534791946411, -2.653355598449707, -3.5153846740722656, -4.413603782653809], "predictions": [51, 52, 399, 400, 401, 402, 53, 113, 403, 114, 54, 4], "target_tokens": ["[IN:GET_RECIPES", "[SL:RECIPES_DISH", "@ptr4", "@ptr5", "@ptr6", "SL:RECIPES_DISH]", "IN:GET_RECIPES]"], "predicted_tokens": ["[IN:GET_RECIPES", "[SL:RECIPES_DISH", "@ptr4", "@ptr5", "@ptr6", "@ptr7", "SL:RECIPES_DISH]", "[SL:RECIPES_COOKING_METHOD", "@ptr8", "SL:RECIPES_COOKING_METHOD]", "IN:GET_RECIPES]"]}
{"loss": 2.767061948776245, "class_log_probabilities": [-0.3599149286746979, -3.7492122650146484, -6.4165191650390625, -6.4565558433532715], "predictions": [27, 30, 4, 4, 4, 4, 4, 4, 4], "target_tokens": ["[IN:GET_INFO_RECIPES", "[SL:RECIPES_ATTRIBUTE", "@ptr7", "SL:RECIPES_ATTRIBUTE]", "IN:GET_INFO_RECIPES]"], "predicted_tokens": ["[IN:GET_INFO_RECIPES", "IN:GET_INFO_RECIPES]"]}
{"loss": 1.3958543539047241, "class_log_probabilities": [-2.054990768432617, -4.266211032867432, -4.397580146789551, -5.085936069488525], "predictions": [27, 28, 398, 29, 52, 400, 401, 53, 30, 4, 4, 4, 4], "target_tokens": ["[IN:GET_INFO_RECIPES", "[SL:RECIPES_ATTRIBUTE", "@ptr7", "SL:RECIPES_ATTRIBUTE]", "[SL:RECIPES_DISH", "@ptr5", "@ptr6", "SL:RECIPES_DISH]", "IN:GET_INFO_RECIPES]"], "predicted_tokens": ["[IN:GET_INFO_RECIPES", "[SL:RECIPES_ATTRIBUTE", "@ptr3", "SL:RECIPES_ATTRIBUTE]", "[SL:RECIPES_DISH", "@ptr5", "@ptr6", "SL:RECIPES_DISH]", "IN:GET_INFO_RECIPES]"]}
{"loss": 1.7089285850524902, "class_log_probabilities": [-0.4603061378002167, -5.838530540466309, -6.773590564727783, -7.053648471832275], "predictions": [51, 52, 397, 53, 54, 4], "target_tokens": ["[IN:GET_RECIPES", "[SL:RECIPES_TYPE", "@ptr2", "SL:RECIPES_TYPE]", "IN:GET_RECIPES]"], "predicted_tokens": ["[IN:GET_RECIPES", "[SL:RECIPES_DISH", "@ptr2", "SL:RECIPES_DISH]", "IN:GET_RECIPES]"]}
{"loss": 1.9684134721755981, "class_log_probabilities": [-3.097425699234009, -4.216254711151123, -4.884801387786865, -5.765680313110352], "predictions": [51, 54, 4, 4, 4, 4, 4, 4], "target_tokens": ["[IN:GET_RECIPES", "[SL:DATE_TIME", "@ptr9", "@ptr10", "SL:DATE_TIME]", "IN:GET_RECIPES]"], "predicted_tokens": ["[IN:GET_RECIPES", "IN:GET_RECIPES]"]}
{"loss": 2.049983501434326, "class_log_probabilities": [-2.673658609390259, -3.070673942565918, -6.017254829406738, -6.31796932220459], "predictions": [23, 10, 70, 71, 401, 402, 403, 404, 72, 73, 11, 26, 4, 4, 4, 4, 4, 4], "target_tokens": ["[IN:SEND_MESSAGE", "[SL:RECIPIENT", "[IN:GET_CONTACT", "[SL:CONTACT_RELATED", "@ptr8", "@ptr9", "SL:CONTACT_RELATED]", "[SL:TYPE_RELATION", "@ptr6", "@ptr7", "SL:TYPE_RELATION]", "IN:GET_CONTACT]", "SL:RECIPIENT]", "IN:SEND_MESSAGE]"], "predicted_tokens": ["[IN:SEND_MESSAGE", "[SL:RECIPIENT", "[IN:GET_CONTACT", "[SL:TYPE_RELATION", "@ptr6", "@ptr7", "@ptr8", "@ptr9", "SL:TYPE_RELATION]", "IN:GET_CONTACT]", "SL:RECIPIENT]", "IN:SEND_MESSAGE]"]}
{"loss": 2.7318222522735596, "class_log_probabilities": [-4.2778706550598145, -4.410009860992432, -5.101719379425049, -5.374394416809082], "predictions": [23, 10, 399, 400, 401, 402, 403, 404, 405, 406, 11, 26, 4, 4, 4, 4, 4, 4, 4], "target_tokens": ["[IN:SEND_MESSAGE", "[SL:GROUP", "@ptr3", "@ptr4", "@ptr5", "SL:GROUP]", "[SL:CONTENT_EXACT", "@ptr7", "@ptr8", "@ptr9", "@ptr10", "@ptr11", "@ptr12", "SL:CONTENT_EXACT]", "IN:SEND_MESSAGE]"], "predicted_tokens": ["[IN:SEND_MESSAGE", "[SL:RECIPIENT", "@ptr4", "@ptr5", "@ptr6", "@ptr7", "@ptr8", "@ptr9", "@ptr10", "@ptr11", "SL:RECIPIENT]", "IN:SEND_MESSAGE]"]}
{"loss": 1.8221622705459595, "class_log_probabilities": [-0.6348490715026855, -3.4633853435516357, -4.935019493103027, -5.543520450592041], "predictions": [5, 76, 398, 77, 12, 4, 4, 4, 4], "target_tokens": ["[IN:GET_MESSAGE", "[SL:NAME_APP", "@ptr2", "SL:NAME_APP]", "IN:GET_MESSAGE]"], "predicted_tokens": ["[IN:GET_MESSAGE", "[SL:NAME_APP", "@ptr3", "SL:NAME_APP]", "IN:GET_MESSAGE]"]}
{"loss": 1.4082797765731812, "class_log_probabilities": [-0.44954782724380493, -3.3379812240600586, -6.917219638824463, -7.1104021072387695], "predictions": [75, 231, 400, 232, 78, 4, 4], "target_tokens": ["[IN:CREATE_CALL", "[SL:PHONE_NUMBER", "@ptr4", "SL:PHONE_NUMBER]", "IN:CREATE_CALL]"], "predicted_tokens": ["[IN:CREATE_CALL", "[SL:PHONE_NUMBER", "@ptr5", "SL:PHONE_NUMBER]", "IN:CREATE_CALL]"]}
{"loss": 1.154936671257019, "class_log_probabilities": [-1.1036794185638428, -3.265361785888672, -5.163335800170898, -5.704743385314941], "predictions": [75, 6, 397, 398, 399, 400, 401, 402, 403, 7, 78, 4], "target_tokens": ["[IN:CREATE_CALL", "[SL:CONTACT", "@ptr2", "@ptr3", "@ptr4", "@ptr5", "@ptr6", "@ptr7", "SL:CONTACT]", "IN:CREATE_CALL]"], "predicted_tokens": ["[IN:CREATE_CALL", "[SL:CONTACT", "@ptr2", "@ptr3", "@ptr4", "@ptr5", "@ptr6", "@ptr7", "@ptr8", "SL:CONTACT]", "IN:CREATE_CALL]"]}
{"loss": 1.015305519104004, "class_log_probabilities": [-1.4128410816192627, -1.6729404926300049, -4.533365249633789, -5.67575216293335], "predictions": [75, 6, 397, 398, 399, 400, 7, 76, 402, 77, 78, 4, 4], "target_tokens": ["[IN:CREATE_CALL", "[SL:CONTACT", "@ptr2", "@ptr3", "@ptr4", "@ptr5", "SL:CONTACT]", "[SL:NAME_APP", "@ptr7", "SL:NAME_APP]", "IN:CREATE_CALL]"], "predicted_tokens": ["[IN:CREATE_CALL", "[SL:CONTACT", "@ptr2", "@ptr3", "@ptr4", "@ptr5", "SL:CONTACT]", "[SL:NAME_APP", "@ptr7", "SL:NAME_APP]", "IN:CREATE_CALL]"]}
{"loss": 1.0227428674697876, "class_log_probabilities": [-0.6537690162658691, -3.944754123687744, -4.194501876831055, -5.013320446014404], "predictions": [221, 222, 4], "target_tokens": ["[IN:GET_SUNSET", "IN:GET_SUNSET]"], "predicted_tokens": ["[IN:GET_SUNSET", "IN:GET_SUNSET]"]}
{"loss": 0.9633371829986572, "class_log_probabilities": [-0.5418165922164917, -5.135407447814941, -5.2862229347229, -6.216826915740967], "predictions": [75, 6, 399, 400, 401, 7, 78, 4, 4], "target_tokens": ["[IN:CREATE_CALL", "[SL:CONTACT", "@ptr4", "@ptr5", "@ptr6", "SL:CONTACT]", "IN:CREATE_CALL]"], "predicted_tokens": ["[IN:CREATE_CALL", "[SL:CONTACT", "@ptr4", "@ptr5", "@ptr6", "SL:CONTACT]", "IN:CREATE_CALL]"]}
{"loss": 1.74248206615448, "class_log_probabilities": [-2.940033435821533, -4.224163055419922, -4.300296783447266, -6.222182750701904], "predictions": [275, 90, 397, 91, 276, 4, 4, 4, 4, 4, 4, 4, 4, 4], "target_tokens": ["[IN:RESUME_TIMER", "[SL:METHOD_TIMER", "@ptr0", "@ptr1", "@ptr2", "SL:METHOD_TIMER]", "[SL:TIMER_NAME", "@ptr5", "@ptr6", "@ptr7", "@ptr8", "@ptr9", "@ptr10", "SL:TIMER_NAME]", "IN:RESUME_TIMER]"], "predicted_tokens": ["[IN:RESUME_TIMER", "[SL:METHOD_TIMER", "@ptr2", "SL:METHOD_TIMER]", "IN:RESUME_TIMER]"]}
{"loss": 3.959592580795288, "class_log_probabilities": [-4.584891319274902, -5.6447625160217285, -76.9190902709961, -76.91915893554688], "predictions": [5, 10, 397, 398, 399, 11, 12, 4, 4, 4, 4, 4, 4, 4, 4, 4, 4, 4, 4, 4, 4, 4, 4, 4, 4, 4, 4, 4, 4, 4, 4, 4, 4, 4, 4, 4, 4, 4, 4, 4, 4, 4, 4, 4, 4, 4, 4, 4, 4, 4, 4, 4, 4, 4, 4, 4, 4, 4, 4, 4, 4, 4, 4, 4, 4, 4, 4, 4, 4, 4, 4, 4, 4, 4, 4, 4, 4, 4, 4, 4, 4, 4, 4, 4, 4, 4, 4, 4, 4, 4, 4, 4, 4, 4, 4, 4, 4, 4, 4, 4], "target_tokens": ["[IN:GET_EVENT", "[SL:USER_ATTENDEE_EVENT", "@ptr8", "@ptr9", "SL:USER_ATTENDEE_EVENT]", "[SL:DATE_TIME", "@ptr5", "@ptr6", "@ptr7", "SL:DATE_TIME]", "IN:GET_EVENT]"], "predicted_tokens": ["[IN:GET_MESSAGE", "[SL:RECIPIENT", "@ptr2", "@ptr3", "@ptr4", "SL:RECIPIENT]", "IN:GET_MESSAGE]"]}
{"loss": 4.5339250564575195, "class_log_probabilities": [-2.0214197635650635, -4.217852592468262, -5.544548988342285, -8.442079544067383], "predictions": [105, 6, 398, 399, 400, 7, 106, 4, 4, 4, 4], "target_tokens": ["[IN:GET_EVENT", "[SL:USER_ATTENDEE_EVENT", "@ptr6", "@ptr7", "SL:USER_ATTENDEE_EVENT]", "IN:GET_EVENT]"], "predicted_tokens": ["[IN:GET_INFO_CONTACT", "[SL:CONTACT", "@ptr3", "@ptr4", "@ptr5", "SL:CONTACT]", "IN:GET_INFO_CONTACT]"]}
{"loss": 2.8611762523651123, "class_log_probabilities": [-1.0186831951141357, -2.5939321517944336, -4.152185916900635, -4.848555564880371], "predictions": [13, 14, 400, 401, 402, 403, 404, 405, 15, 18, 4], "target_tokens": ["[IN:GET_WEATHER", "[SL:LOCATION", "@ptr4", "@ptr5", "@ptr6", "@ptr7", "@ptr8", "SL:LOCATION]", "IN:GET_WEATHER]"], "predicted_tokens": ["[IN:GET_WEATHER", "[SL:LOCATION", "@ptr5", "@ptr6", "@ptr7", "@ptr8", "@ptr9", "@ptr10", "SL:LOCATION]", "IN:GET_WEATHER]"]}
{"loss": 2.2354323863983154, "class_log_probabilities": [-0.9427152872085571, -4.346643447875977, -6.578153610229492, -6.586692810058594], "predictions": [75, 6, 397, 398, 399, 400, 401, 402, 403, 7, 78, 4, 4], "target_tokens": ["[IN:UPDATE_CALL", "[SL:CONTACT_ADDED", "@ptr2", "@ptr3", "@ptr4", "@ptr5", "@ptr6", "@ptr7", "@ptr8", "SL:CONTACT_ADDED]", "IN:UPDATE_CALL]"], "predicted_tokens": ["[IN:CREATE_CALL", "[SL:CONTACT", "@ptr2", "@ptr3", "@ptr4", "@ptr5", "@ptr6", "@ptr7", "@ptr8", "SL:CONTACT]", "IN:CREATE_CALL]"]}
{"loss": 0.961608350276947, "class_log_probabilities": [-0.42559757828712463, -6.994173526763916, -7.6213788986206055, -7.932461738586426], "predictions": [75, 6, 398, 399, 7, 78, 4, 4, 4], "target_tokens": ["[IN:CREATE_CALL", "[SL:CONTACT", "@ptr3", "@ptr4", "SL:CONTACT]", "IN:CREATE_CALL]"], "predicted_tokens": ["[IN:CREATE_CALL", "[SL:CONTACT", "@ptr3", "@ptr4", "SL:CONTACT]", "IN:CREATE_CALL]"]}
{"loss": 1.1034246683120728, "class_log_probabilities": [-2.234715700149536, -2.355393409729004, -2.707489013671875, -4.203835487365723], "predictions": [75, 6, 397, 398, 399, 7, 6, 401, 402, 403, 404, 7, 78, 4], "target_tokens": ["[IN:CREATE_CALL", "[SL:CONTACT", "@ptr2", "@ptr3", "@ptr4", "@ptr5", "@ptr6", "@ptr7", "@ptr8", "SL:CONTACT]", "IN:CREATE_CALL]"], "predicted_tokens": ["[IN:CREATE_CALL", "[SL:CONTACT", "@ptr2", "@ptr3", "@ptr4", "SL:CONTACT]", "[SL:CONTACT", "@ptr6", "@ptr7", "@ptr8", "@ptr9", "SL:CONTACT]", "IN:CREATE_CALL]"]}
{"loss": 1.919258713722229, "class_log_probabilities": [-0.9425863027572632, -4.461445331573486, -4.802227020263672, -4.944061279296875], "predictions": [221, 14, 399, 400, 401, 402, 15, 222, 4], "target_tokens": ["[IN:GET_SUNSET", "[SL:LOCATION", "@ptr3", "@ptr4", "@ptr5", "@ptr6", "SL:LOCATION]", "IN:GET_SUNSET]"], "predicted_tokens": ["[IN:GET_SUNSET", "[SL:LOCATION", "@ptr4", "@ptr5", "@ptr6", "@ptr7", "SL:LOCATION]", "IN:GET_SUNSET]"]}
{"loss": 1.322522759437561, "class_log_probabilities": [-0.48515498638153076, -2.7963860034942627, -7.230216979980469, -7.409065246582031], "predictions": [171, 6, 399, 7, 172, 4], "target_tokens": ["[IN:GET_AVAILABILITY", "[SL:CONTACT", "@ptr3", "SL:CONTACT]", "IN:GET_AVAILABILITY]"], "predicted_tokens": ["[IN:GET_AVAILABILITY", "[SL:CONTACT", "@ptr4", "SL:CONTACT]", "IN:GET_AVAILABILITY]"]}
{"loss": 2.2146811485290527, "class_log_probabilities": [-1.1280858516693115, -3.498427152633667, -3.5013790130615234, -4.293632984161377], "predictions": [185, 16, 405, 407, 17, 186, 4, 4], "target_tokens": ["[IN:GET_CALL", "[SL:DATE_TIME", "@ptr9", "@ptr10", "@ptr11", "@ptr12", "@ptr13", "SL:DATE_TIME]", "IN:GET_CALL]"], "predicted_tokens": ["[IN:GET_CALL", "[SL:DATE_TIME", "@ptr10", "@ptr12", "SL:DATE_TIME]", "IN:GET_CALL]"]}
{"loss": 0.960186779499054, "class_log_probabilities": [-0.429475337266922, -6.023171901702881, -6.536624431610107, -7.052282333374023], "predictions": [75, 6, 397, 7, 78, 4, 4], "target_tokens": ["[IN:CREATE_CALL", "[SL:CONTACT", "@ptr2", "SL:CONTACT]", "IN:CREATE_CALL]"], "predicted_tokens": ["[IN:CREATE_CALL", "[SL:CONTACT", "@ptr2", "SL:CONTACT]", "IN:CREATE_CALL]"]}
{"loss": 1.6388736963272095, "class_log_probabilities": [-0.5304087400436401, -5.764286041259766, -6.6287713050842285, -6.9208269119262695], "predictions": [75, 6, 397, 398, 399, 7, 78, 4, 4], "target_tokens": ["[IN:CREATE_CALL", "[SL:CONTACT", "@ptr2", "@ptr3", "SL:CONTACT]", "IN:CREATE_CALL]"], "predicted_tokens": ["[IN:CREATE_CALL", "[SL:CONTACT", "@ptr2", "@ptr3", "@ptr4", "SL:CONTACT]", "IN:CREATE_CALL]"]}
{"loss": 0.9766524434089661, "class_log_probabilities": [-0.1582794487476349, -8.192608833312988, -8.212067604064941, -8.281965255737305], "predictions": [81, 82, 4, 4], "target_tokens": ["[IN:END_CALL", "IN:END_CALL]"], "predicted_tokens": ["[IN:END_CALL", "IN:END_CALL]"]}
{"loss": 0.957502543926239, "class_log_probabilities": [-0.19371607899665833, -8.216675758361816, -8.264081954956055, -8.713227272033691], "predictions": [13, 18, 4, 4, 4], "target_tokens": ["[IN:GET_WEATHER", "IN:GET_WEATHER]"], "predicted_tokens": ["[IN:GET_WEATHER", "IN:GET_WEATHER]"]}
{"loss": 2.0693283081054688, "class_log_probabilities": [-0.7725052237510681, -1.5249691009521484, -5.2864227294921875, -6.3911848068237305], "predictions": [13, 14, 403, 15, 18, 4, 4], "target_tokens": ["[IN:GET_WEATHER", "[SL:LOCATION", "@ptr6", "SL:LOCATION]", "IN:GET_WEATHER]"], "predicted_tokens": ["[IN:GET_WEATHER", "[SL:LOCATION", "@ptr8", "SL:LOCATION]", "IN:GET_WEATHER]"]}
{"loss": 1.6469931602478027, "class_log_probabilities": [-0.6931672692298889, -5.94274377822876, -7.1884541511535645, -7.808340072631836], "predictions": [45, 16, 397, 398, 399, 400, 401, 17, 46, 4], "target_tokens": ["[IN:CREATE_ALARM", "[SL:DATE_TIME", "@ptr2", "@ptr3", "@ptr4", "@ptr5", "SL:DATE_TIME]", "IN:CREATE_ALARM]"], "predicted_tokens": ["[IN:CREATE_ALARM", "[SL:DATE_TIME", "@ptr2", "@ptr3", "@ptr4", "@ptr5", "@ptr6", "SL:DATE_TIME]", "IN:CREATE_ALARM]"]}
{"loss": 1.8487646579742432, "class_log_probabilities": [-2.5949549674987793, -3.5646164417266846, -3.7463197708129883, -3.8502542972564697], "predictions": [45, 16, 399, 400, 401, 402, 403, 17, 46, 4, 4], "target_tokens": ["[IN:CREATE_ALARM", "[SL:DATE_TIME", "@ptr3", "@ptr4", "@ptr5", "@ptr6", "@ptr7", "SL:DATE_TIME]", "IN:CREATE_ALARM]"], "predicted_tokens": ["[IN:CREATE_ALARM", "[SL:DATE_TIME", "@ptr4", "@ptr5", "@ptr6", "@ptr7", "@ptr8", "SL:DATE_TIME]", "IN:CREATE_ALARM]"]}
{"loss": 4.411046504974365, "class_log_probabilities": [-7.6613264083862305, -7.963148593902588, -8.669923782348633, -106.51156616210938], "predictions": [49, 16, 400, 401, 402, 403, 17, 16, 412, 17, 50, 4, 4, 4, 4, 4, 4, 4, 4, 4, 4, 4, 4, 4, 4, 4, 4, 4, 4, 4, 4, 4, 4, 4, 4, 4, 4, 4, 4, 4, 4, 4, 4, 4, 4, 4, 4, 4, 4, 4, 4, 4, 4, 4, 4, 4, 4, 4, 4, 4, 4, 4, 4, 4, 4, 4, 4, 4, 4, 4, 4, 4, 4, 4, 4, 4, 4, 4, 4, 4, 4, 4, 4, 4, 4, 4, 4, 4, 4, 4, 4, 4, 4, 4, 4, 4, 4, 4, 4, 4], "target_tokens": ["[IN:CREATE_ALARM", "[SL:AMOUNT", "@ptr4", "SL:AMOUNT]", "[SL:DATE_TIME", "@ptr6", "@ptr7", "SL:DATE_TIME]", "[SL:AMOUNT", "@ptr8", "@ptr9", "SL:AMOUNT]", "[SL:DATE_TIME", "@ptr10", "@ptr11", "@ptr12", "SL:DATE_TIME]", "[SL:AMOUNT", "@ptr8", "@ptr9", "SL:AMOUNT]", "[SL:DATE_TIME", "@ptr16", "@ptr17", "@ptr18", "@ptr19", "SL:DATE_TIME]", "[SL:DATE_TIME", "@ptr25", "@ptr26", "@ptr27", "SL:DATE_TIME]", "IN:CREATE_ALARM]"], "predicted_tokens": ["[IN:CREATE_REMINDER", "[SL:DATE_TIME", "@ptr5", "@ptr6", "@ptr7", "@ptr8", "SL:DATE_TIME]", "[SL:DATE_TIME", "@ptr17", "SL:DATE_TIME]", "IN:CREATE_REMINDER]"]}
{"loss": 1.7218477725982666, "class_log_probabilities": [-3.501044273376465, -3.8124871253967285, -4.122372627258301, -82.08869934082031], "predictions": [23, 10, 398, 11, 24, 403, 25, 26, 4, 4, 4, 4, 4, 4, 4, 4, 4, 4, 4, 4, 4, 4, 4, 4, 4, 4, 4, 4, 4, 4, 4, 4, 4, 4, 4, 4, 4, 4, 4, 4, 4, 4, 4, 4, 4, 4, 4, 4, 4, 4, 4, 4, 4, 4, 4, 4, 4, 4, 4, 4, 4, 4, 4, 4, 4, 4, 4, 4, 4, 4, 4, 4, 4, 4, 4, 4, 4, 4, 4, 4, 4, 4, 4, 4, 4, 4, 4, 4, 4, 4, 4, 4, 4, 4, 4, 4, 4, 4, 4, 4], "target_tokens": ["[IN:SEND_MESSAGE", "[SL:RECIPIENT", "@ptr3", "@ptr4", "SL:RECIPIENT]", "[SL:CONTENT_EXACT", "@ptr10", "@ptr11", "@ptr12", "@ptr13", "@ptr14", "@ptr15", "@ptr16", "@ptr17", "@ptr18", "@ptr19", "@ptr20", "@ptr21", "SL:CONTENT_EXACT]", "IN:SEND_MESSAGE]"], "predicted_tokens": ["[IN:SEND_MESSAGE", "[SL:RECIPIENT", "@ptr3", "SL:RECIPIENT]", "[SL:CONTENT_EXACT", "@ptr8", "SL:CONTENT_EXACT]", "IN:SEND_MESSAGE]"]}
{"loss": 2.53365159034729, "class_log_probabilities": [-2.1956210136413574, -2.641789197921753, -2.9380226135253906, -3.383321523666382], "predictions": [75, 6, 70, 6, 397, 398, 399, 7, 71, 400, 72, 73, 7, 78, 4], "target_tokens": ["[IN:CREATE_CALL", "[SL:CONTACT", "[IN:GET_CONTACT", "[SL:CONTACT", "@ptr2", "@ptr3", "SL:CONTACT]", "[SL:CONTACT_RELATED", "@ptr5", "@ptr6", "SL:CONTACT_RELATED]", "[SL:TYPE_RELATION", "@ptr4", "SL:TYPE_RELATION]", "IN:GET_CONTACT]", "SL:CONTACT]", "IN:CREATE_CALL]"], "predicted_tokens": ["[IN:CREATE_CALL", "[SL:CONTACT", "[IN:GET_CONTACT", "[SL:CONTACT", "@ptr2", "@ptr3", "@ptr4", "SL:CONTACT]", "[SL:TYPE_RELATION", "@ptr5", "SL:TYPE_RELATION]", "IN:GET_CONTACT]", "SL:CONTACT]", "IN:CREATE_CALL]"]}
{"loss": 3.590477466583252, "class_log_probabilities": [-1.646624207496643, -2.367938280105591, -3.098813533782959, -3.1432299613952637], "predictions": [13, 16, 399, 400, 401, 17, 18, 4, 4], "target_tokens": ["[IN:GET_WEATHER", "[SL:DATE_TIME", "@ptr3", "@ptr4", "@ptr5", "SL:DATE_TIME]", "IN:GET_WEATHER]"], "predicted_tokens": ["[IN:GET_WEATHER", "[SL:DATE_TIME", "@ptr4", "@ptr5", "@ptr6", "SL:DATE_TIME]", "IN:GET_WEATHER]"]}
{"loss": 3.915299654006958, "class_log_probabilities": [-0.8570929169654846, -2.8608222007751465, -6.559462070465088, -6.8788299560546875], "predictions": [13, 16, 395, 396, 397, 17, 79, 400, 80, 18, 4, 4, 4, 4], "target_tokens": ["[IN:GET_WEATHER", "[SL:WEATHER_ATTRIBUTE", "@ptr4", "SL:WEATHER_ATTRIBUTE]", "[SL:DATE_TIME", "@ptr0", "@ptr1", "SL:DATE_TIME]", "IN:GET_WEATHER]"], "predicted_tokens": ["[IN:GET_WEATHER", "[SL:DATE_TIME", "@ptr0", "@ptr1", "@ptr2", "SL:DATE_TIME]", "[SL:WEATHER_ATTRIBUTE", "@ptr5", "SL:WEATHER_ATTRIBUTE]", "IN:GET_WEATHER]"]}
{"loss": 2.7983479499816895, "class_log_probabilities": [-0.6311859488487244, -5.964059829711914, -7.016115665435791, -7.281918048858643], "predictions": [13, 16, 398, 399, 400, 401, 402, 17, 18, 4], "target_tokens": ["[IN:GET_WEATHER", "[SL:DATE_TIME", "@ptr2", "@ptr3", "@ptr4", "@ptr5", "SL:DATE_TIME]", "IN:GET_WEATHER]"], "predicted_tokens": ["[IN:GET_WEATHER", "[SL:DATE_TIME", "@ptr3", "@ptr4", "@ptr5", "@ptr6", "@ptr7", "SL:DATE_TIME]", "IN:GET_WEATHER]"]}
{"loss": 0.9690048694610596, "class_log_probabilities": [-0.21878176927566528, -5.943408966064453, -6.288155555725098, -6.841798782348633], "predictions": [213, 214, 4], "target_tokens": ["[IN:SILENCE_ALARM", "IN:SILENCE_ALARM]"], "predicted_tokens": ["[IN:SILENCE_ALARM", "IN:SILENCE_ALARM]"]}
{"loss": 2.274803876876831, "class_log_probabilities": [-1.4590007066726685, -2.0354223251342773, -3.290961503982544, -4.891439437866211], "predictions": [45, 16, 400, 401, 402, 403, 404, 405, 407, 17, 46, 4], "target_tokens": ["[IN:CREATE_ALARM", "[SL:DATE_TIME", "@ptr4", "@ptr5", "@ptr6", "@ptr7", "@ptr8", "@ptr9", "@ptr10", "SL:DATE_TIME]", "IN:CREATE_ALARM]"], "predicted_tokens": ["[IN:CREATE_ALARM", "[SL:DATE_TIME", "@ptr5", "@ptr6", "@ptr7", "@ptr8", "@ptr9", "@ptr10", "@ptr12", "SL:DATE_TIME]", "IN:CREATE_ALARM]"]}
{"loss": 2.821017026901245, "class_log_probabilities": [-0.9456804990768433, -3.4748809337615967, -5.633242130279541, -6.070809364318848], "predictions": [45, 16, 399, 400, 401, 402, 403, 404, 17, 46, 4, 4, 4, 4], "target_tokens": ["[IN:CREATE_ALARM", "[SL:ALARM_NAME", "@ptr2", "SL:ALARM_NAME]", "[SL:DATE_TIME", "@ptr3", "@ptr4", "@ptr5", "@ptr6", "@ptr7", "SL:DATE_TIME]", "IN:CREATE_ALARM]"], "predicted_tokens": ["[IN:CREATE_ALARM", "[SL:DATE_TIME", "@ptr4", "@ptr5", "@ptr6", "@ptr7", "@ptr8", "@ptr9", "SL:DATE_TIME]", "IN:CREATE_ALARM]"]}
{"loss": 1.1624442338943481, "class_log_probabilities": [-2.295715093612671, -2.3955423831939697, -2.888333320617676, -4.126614093780518], "predictions": [107, 108, 396, 109, 110, 4], "target_tokens": ["[IN:UPDATE_CALL", "[SL:CONTACT_ADDED", "@ptr1", "SL:CONTACT_ADDED]", "IN:UPDATE_CALL]"], "predicted_tokens": ["[IN:UPDATE_CALL", "[SL:CONTACT_ADDED", "@ptr1", "SL:CONTACT_ADDED]", "IN:UPDATE_CALL]"]}
{"loss": 1.9817861318588257, "class_log_probabilities": [-1.0734368562698364, -2.665955066680908, -3.6195290088653564, -4.316707134246826], "predictions": [75, 6, 70, 71, 395, 72, 73, 7, 78, 4, 4, 4, 4], "target_tokens": ["[IN:GET_CALL_TIME", "[SL:CONTACT", "[IN:GET_CONTACT", "[SL:TYPE_RELATION", "@ptr0", "SL:TYPE_RELATION]", "IN:GET_CONTACT]", "SL:CONTACT]", "IN:GET_CALL_TIME]"], "predicted_tokens": ["[IN:CREATE_CALL", "[SL:CONTACT", "[IN:GET_CONTACT", "[SL:TYPE_RELATION", "@ptr0", "SL:TYPE_RELATION]", "IN:GET_CONTACT]", "SL:CONTACT]", "IN:CREATE_CALL]"]}
{"loss": 1.0186933279037476, "class_log_probabilities": [-0.5478582382202148, -3.517850399017334, -3.6961522102355957, -5.7508158683776855], "predictions": [245, 246, 4, 4, 4, 4], "target_tokens": ["[IN:UPDATE_METHOD_CALL", "IN:UPDATE_METHOD_CALL]"], "predicted_tokens": ["[IN:UPDATE_METHOD_CALL", "IN:UPDATE_METHOD_CALL]"]}
{"loss": 3.194830894470215, "class_log_probabilities": [-3.386044502258301, -4.114966869354248, -5.772668838500977, -5.98611307144165], "predictions": [23, 10, 70, 93, 399, 94, 73, 11, 26, 4, 4, 4, 4], "target_tokens": ["[IN:GET_CONTACT", "[SL:CONTACT_RELATED", "@ptr5", "@ptr6", "SL:CONTACT_RELATED]", "[SL:TYPE_RELATION", "@ptr3", "SL:TYPE_RELATION]", "IN:GET_CONTACT]"], "predicted_tokens": ["[IN:SEND_MESSAGE", "[SL:RECIPIENT", "[IN:GET_CONTACT", "[SL:CONTACT_RELATED", "@ptr4", "SL:CONTACT_RELATED]", "IN:GET_CONTACT]", "SL:RECIPIENT]", "IN:SEND_MESSAGE]"]}
{"loss": 1.842668890953064, "class_log_probabilities": [-3.7142415046691895, -3.8389735221862793, -3.9624879360198975, -7.747597694396973], "predictions": [23, 10, 398, 399, 400, 401, 402, 403, 404, 405, 406, 11, 26, 4, 4, 4, 4, 4, 4], "target_tokens": ["[IN:SEND_MESSAGE", "[SL:RECIPIENT", "@ptr3", "@ptr4", "@ptr5", "SL:RECIPIENT]", "[SL:CONTENT_EXACT", "@ptr6", "@ptr7", "@ptr8", "@ptr9", "@ptr10", "@ptr11", "@ptr12", "@ptr13", "@ptr14", "@ptr15", "SL:CONTENT_EXACT]", "IN:SEND_MESSAGE]"], "predicted_tokens": ["[IN:SEND_MESSAGE", "[SL:RECIPIENT", "@ptr3", "@ptr4", "@ptr5", "@ptr6", "@ptr7", "@ptr8", "@ptr9", "@ptr10", "@ptr11", "SL:RECIPIENT]", "IN:SEND_MESSAGE]"]}
{"loss": 1.3683438301086426, "class_log_probabilities": [-0.7501333951950073, -4.583028316497803, -4.768464088439941, -5.289921760559082], "predictions": [75, 6, 397, 398, 399, 400, 401, 7, 78, 4], "target_tokens": ["[IN:CREATE_CALL", "[SL:CONTACT", "@ptr2", "@ptr3", "@ptr4", "@ptr5", "SL:CONTACT]", "IN:CREATE_CALL]"], "predicted_tokens": ["[IN:CREATE_CALL", "[SL:CONTACT", "@ptr2", "@ptr3", "@ptr4", "@ptr5", "@ptr6", "SL:CONTACT]", "IN:CREATE_CALL]"]}
{"loss": 0.9678434729576111, "class_log_probabilities": [-0.40076789259910583, -7.497249603271484, -7.585211277008057, -7.649411201477051], "predictions": [107, 108, 396, 397, 109, 110, 4], "target_tokens": ["[IN:UPDATE_CALL", "[SL:CONTACT_ADDED", "@ptr1", "@ptr2", "SL:CONTACT_ADDED]", "IN:UPDATE_CALL]"], "predicted_tokens": ["[IN:UPDATE_CALL", "[SL:CONTACT_ADDED", "@ptr1", "@ptr2", "SL:CONTACT_ADDED]", "IN:UPDATE_CALL]"]}
{"loss": 1.960662603378296, "class_log_probabilities": [-0.5514007806777954, -6.134404182434082, -7.416327476501465, -7.503382682800293], "predictions": [75, 6, 70, 71, 396, 72, 73, 7, 78, 4], "target_tokens": ["[IN:UPDATE_CALL", "[SL:CONTACT_ADDED", "[IN:GET_CONTACT", "[SL:TYPE_RELATION", "@ptr1", "SL:TYPE_RELATION]", "IN:GET_CONTACT]", "SL:CONTACT_ADDED]", "IN:UPDATE_CALL]"], "predicted_tokens": ["[IN:CREATE_CALL", "[SL:CONTACT", "[IN:GET_CONTACT", "[SL:TYPE_RELATION", "@ptr1", "SL:TYPE_RELATION]", "IN:GET_CONTACT]", "SL:CONTACT]", "IN:CREATE_CALL]"]}
{"loss": 0.9525328278541565, "class_log_probabilities": [-0.2669571042060852, -5.868797779083252, -7.961977958679199, -8.11536979675293], "predictions": [171, 172, 4], "target_tokens": ["[IN:GET_AVAILABILITY", "IN:GET_AVAILABILITY]"], "predicted_tokens": ["[IN:GET_AVAILABILITY", "IN:GET_AVAILABILITY]"]}
{"loss": 0.9529783129692078, "class_log_probabilities": [-0.22171100974082947, -7.7607526779174805, -8.158473014831543, -8.29354190826416], "predictions": [171, 172, 4, 4], "target_tokens": ["[IN:GET_AVAILABILITY", "IN:GET_AVAILABILITY]"], "predicted_tokens": ["[IN:GET_AVAILABILITY", "IN:GET_AVAILABILITY]"]}
{"loss": 1.544021725654602, "class_log_probabilities": [-1.7416951656341553, -2.5330333709716797, -3.1877989768981934, -3.5112924575805664], "predictions": [215, 216, 4], "target_tokens": ["[IN:CREATE_CALL", "IN:CREATE_CALL]"], "predicted_tokens": ["[IN:SWITCH_CALL", "IN:SWITCH_CALL]"]}
{"loss": 1.0578182935714722, "class_log_probabilities": [-1.1340926885604858, -1.598100185394287, -3.9539973735809326, -4.4535908699035645], "predictions": [107, 108, 398, 109, 110, 4, 4], "target_tokens": ["[IN:UPDATE_CALL", "[SL:CONTACT_ADDED", "@ptr3", "SL:CONTACT_ADDED]", "IN:UPDATE_CALL]"], "predicted_tokens": ["[IN:UPDATE_CALL", "[SL:CONTACT_ADDED", "@ptr3", "SL:CONTACT_ADDED]", "IN:UPDATE_CALL]"]}
{"loss": 1.1458297967910767, "class_log_probabilities": [-0.7178230285644531, -1.5543482303619385, -6.843230247497559, -7.921384334564209], "predictions": [75, 6, 401, 7, 78, 4, 4, 4], "target_tokens": ["[IN:CREATE_CALL", "[SL:CONTACT", "@ptr5", "SL:CONTACT]", "IN:CREATE_CALL]"], "predicted_tokens": ["[IN:CREATE_CALL", "[SL:CONTACT", "@ptr6", "SL:CONTACT]", "IN:CREATE_CALL]"]}
{"loss": 1.994841456413269, "class_log_probabilities": [-1.687856674194336, -3.4017488956451416, -4.509675025939941, -5.506150245666504], "predictions": [75, 6, 70, 71, 397, 398, 399, 72, 73, 7, 78, 4, 4, 4, 4, 4, 4], "target_tokens": ["[IN:CREATE_CALL", "[SL:CONTACT", "[IN:GET_CONTACT", "[SL:CONTACT_RELATED", "@ptr4", "@ptr5", "SL:CONTACT_RELATED]", "[SL:TYPE_RELATION", "@ptr2", "@ptr3", "SL:TYPE_RELATION]", "IN:GET_CONTACT]", "SL:CONTACT]", "IN:CREATE_CALL]"], "predicted_tokens": ["[IN:CREATE_CALL", "[SL:CONTACT", "[IN:GET_CONTACT", "[SL:TYPE_RELATION", "@ptr2", "@ptr3", "@ptr4", "SL:TYPE_RELATION]", "IN:GET_CONTACT]", "SL:CONTACT]", "IN:CREATE_CALL]"]}
{"loss": 2.215918779373169, "class_log_probabilities": [-2.1722776889801025, -2.2455804347991943, -4.9544172286987305, -5.5272111892700195], "predictions": [75, 6, 401, 7, 78, 4, 4, 4, 4, 4, 4, 4, 4, 4, 4, 4], "target_tokens": ["[IN:CREATE_REMINDER", "[SL:PERSON_REMINDED", "@ptr1", "SL:PERSON_REMINDED]", "[SL:TODO", "[IN:CREATE_CALL", "[SL:CONTACT", "@ptr6", "SL:CONTACT]", "IN:CREATE_CALL]", "SL:TODO]", "[SL:DATE_TIME", "@ptr7", "@ptr8", "@ptr9", "@ptr10", "@ptr11", "SL:DATE_TIME]", "IN:CREATE_REMINDER]"], "predicted_tokens": ["[IN:CREATE_CALL", "[SL:CONTACT", "@ptr6", "SL:CONTACT]", "IN:CREATE_CALL]"]}
{"loss": 2.5586373805999756, "class_log_probabilities": [-3.7749767303466797, -6.448645114898682, -6.714979648590088, -6.754083633422852], "predictions": [227, 90, 397, 91, 228, 4, 4, 4, 4], "target_tokens": ["[IN:UPDATE_REMINDER", "[SL:TODO", "@ptr6", "@ptr7", "@ptr8", "@ptr9", "SL:TODO]", "IN:UPDATE_REMINDER]"], "predicted_tokens": ["[IN:UPDATE_TIMER", "[SL:METHOD_TIMER", "@ptr2", "SL:METHOD_TIMER]", "IN:UPDATE_TIMER]"]}
{"loss": 2.6612327098846436, "class_log_probabilities": [-6.543466567993164, -6.564660549163818, -6.603786468505859, -7.3591132164001465], "predictions": [163, 36, 400, 401, 402, 403, 404, 405, 406, 407, 37, 16, 411, 412, 17, 164, 4, 4], "target_tokens": ["[IN:CREATE_REMINDER", "[SL:TODO", "[IN:GET_TODO", "[SL:TODO", "@ptr5", "@ptr6", "@ptr7", "@ptr8", "@ptr9", "SL:TODO]", "[SL:DATE_TIME", "@ptr13", "@ptr14", "SL:DATE_TIME]", "[SL:TODO", "@ptr10", "@ptr11", "@ptr12", "SL:TODO]", "IN:GET_TODO]", "SL:TODO]", "IN:CREATE_REMINDER]"], "predicted_tokens": ["[IN:UPDATE_REMINDER_TODO", "[SL:TODO", "@ptr5", "@ptr6", "@ptr7", "@ptr8", "@ptr9", "@ptr10", "@ptr11", "@ptr12", "SL:TODO]", "[SL:DATE_TIME", "@ptr16", "@ptr17", "SL:DATE_TIME]", "IN:UPDATE_REMINDER_TODO]"]}
{"loss": 2.6852853298187256, "class_log_probabilities": [-6.465752124786377, -6.4941725730896, -6.520811080932617, -6.9421610832214355], "predictions": [49, 120, 401, 121, 16, 404, 406, 17, 34, 408, 35, 50, 4, 4], "target_tokens": ["[IN:GET_REMINDER", "[SL:METHOD_RETRIEVAL_REMINDER", "@ptr0", "SL:METHOD_RETRIEVAL_REMINDER]", "[SL:PERSON_REMINDED", "@ptr12", "SL:PERSON_REMINDED]", "[SL:AMOUNT", "@ptr4", "SL:AMOUNT]", "[SL:DATE_TIME", "@ptr9", "@ptr10", "SL:DATE_TIME]", "IN:GET_REMINDER]"], "predicted_tokens": ["[IN:CREATE_REMINDER", "[SL:AMOUNT", "@ptr6", "SL:AMOUNT]", "[SL:DATE_TIME", "@ptr9", "@ptr11", "SL:DATE_TIME]", "[SL:PERSON_REMINDED", "@ptr13", "SL:PERSON_REMINDED]", "IN:CREATE_REMINDER]"]}
{"loss": 1.448042392730713, "class_log_probabilities": [-4.409793376922607, -4.730643272399902, -4.8061041831970215, -5.48576545715332], "predictions": [45, 249, 397, 398, 399, 250, 16, 400, 401, 402, 403, 404, 17, 46, 4, 4, 4], "target_tokens": ["[IN:CREATE_REMINDER", "[SL:PERSON_REMINDED", "@ptr1", "SL:PERSON_REMINDED]", "[SL:TODO", "@ptr3", "@ptr4", "SL:TODO]", "[SL:DATE_TIME", "@ptr5", "@ptr6", "@ptr7", "@ptr8", "SL:DATE_TIME]", "IN:CREATE_REMINDER]"], "predicted_tokens": ["[IN:CREATE_ALARM", "[SL:ALARM_NAME", "@ptr2", "@ptr3", "@ptr4", "SL:ALARM_NAME]", "[SL:DATE_TIME", "@ptr5", "@ptr6", "@ptr7", "@ptr8", "@ptr9", "SL:DATE_TIME]", "IN:CREATE_ALARM]"]}
{"loss": 1.5620163679122925, "class_log_probabilities": [-6.380199909210205, -7.086158275604248, -7.34686803817749, -98.26272583007812], "predictions": [49, 34, 396, 35, 36, 399, 400, 401, 402, 403, 404, 405, 37, 16, 407, 408, 409, 17, 50, 4, 4, 4, 4, 4, 4, 4, 4, 4, 4, 4, 4, 4, 4, 4, 4, 4, 4, 4, 4, 4, 4, 4, 4, 4, 4, 4, 4, 4, 4, 4, 4, 4, 4, 4, 4, 4, 4, 4, 4, 4, 4, 4, 4, 4, 4, 4, 4, 4, 4, 4, 4, 4, 4, 4, 4, 4, 4, 4, 4, 4, 4, 4, 4, 4, 4, 4, 4, 4, 4, 4, 4, 4, 4, 4, 4, 4, 4, 4, 4, 4], "target_tokens": ["[IN:CREATE_REMINDER", "[SL:PERSON_REMINDED", "@ptr1", "SL:PERSON_REMINDED]", "[SL:TODO", "@ptr4", "@ptr5", "@ptr6", "@ptr7", "@ptr8", "@ptr9", "SL:TODO]", "[SL:DATE_TIME", "@ptr10", "@ptr11", "@ptr12", "@ptr13", "SL:DATE_TIME]", "IN:CREATE_REMINDER]"], "predicted_tokens": ["[IN:CREATE_REMINDER", "[SL:PERSON_REMINDED", "@ptr1", "SL:PERSON_REMINDED]", "[SL:TODO", "@ptr4", "@ptr5", "@ptr6", "@ptr7", "@ptr8", "@ptr9", "@ptr10", "SL:TODO]", "[SL:DATE_TIME", "@ptr12", "@ptr13", "@ptr14", "SL:DATE_TIME]", "IN:CREATE_REMINDER]"]}
{"loss": 1.8648782968521118, "class_log_probabilities": [-47.82868576049805, -48.034149169921875, -48.32961654663086, -48.66501998901367], "predictions": [33, 34, 395, 35, 36, 143, 36, 143, 36, 143, 36, 143, 36, 143, 36, 143, 36, 143, 36, 143, 36, 143, 36, 143, 36, 143, 36, 143, 36, 143, 36, 143, 36, 143, 36, 143, 36, 143, 36, 143, 36, 143, 36, 143, 36, 143, 36, 143, 36, 143, 36, 143, 36, 143, 36, 143, 36, 143, 36, 143, 36, 143, 36, 143, 36, 143, 36, 143, 36, 143, 36, 143, 36, 143, 36, 143, 36, 143, 36, 143, 36, 143, 36, 143, 36, 143, 36, 143, 36, 143, 36, 143, 36, 143, 36, 403, 405, 406, 37, 16], "target_tokens": ["[IN:DELETE_REMINDER", "[SL:PERSON_REMINDED", "@ptr0", "SL:PERSON_REMINDED]", "[SL:TODO", "[IN:GET_TODO", "[SL:TODO", "@ptr8", "@ptr9", "@ptr10", "@ptr11", "@ptr12", "@ptr13", "@ptr14", "SL:TODO]", "[SL:DATE_TIME", "@ptr15", "@ptr16", "@ptr17", "SL:DATE_TIME]", "IN:GET_TODO]", "SL:TODO]", "IN:DELETE_REMINDER]"], "predicted_tokens": ["[IN:DELETE_REMINDER", "[SL:PERSON_REMINDED", "@ptr0", "SL:PERSON_REMINDED]", "[SL:TODO", "[IN:GET_TODO", "[SL:TODO", "[IN:GET_TODO", "[SL:TODO", "[IN:GET_TODO", "[SL:TODO", "[IN:GET_TODO", "[SL:TODO", "[IN:GET_TODO", "[SL:TODO", "[IN:GET_TODO", "[SL:TODO", "[IN:GET_TODO", "[SL:TODO", "[IN:GET_TODO", "[SL:TODO", "[IN:GET_TODO", "[SL:TODO", "[IN:GET_TODO", "[SL:TODO", "[IN:GET_TODO", "[SL:TODO", "[IN:GET_TODO", "[SL:TODO", "[IN:GET_TODO", "[SL:TODO", "[IN:GET_TODO", "[SL:TODO", "[IN:GET_TODO", "[SL:TODO", "[IN:GET_TODO", "[SL:TODO", "[IN:GET_TODO", "[SL:TODO", "[IN:GET_TODO", "[SL:TODO", "[IN:GET_TODO", "[SL:TODO", "[IN:GET_TODO", "[SL:TODO", "[IN:GET_TODO", "[SL:TODO", "[IN:GET_TODO", "[SL:TODO", "[IN:GET_TODO", "[SL:TODO", "[IN:GET_TODO", "[SL:TODO", "[IN:GET_TODO", "[SL:TODO", "[IN:GET_TODO", "[SL:TODO", "[IN:GET_TODO", "[SL:TODO", "[IN:GET_TODO", "[SL:TODO", "[IN:GET_TODO", "[SL:TODO", "[IN:GET_TODO", "[SL:TODO", "[IN:GET_TODO", "[SL:TODO", "[IN:GET_TODO", "[SL:TODO", "[IN:GET_TODO", "[SL:TODO", "[IN:GET_TODO", "[SL:TODO", "[IN:GET_TODO", "[SL:TODO", "[IN:GET_TODO", "[SL:TODO", "[IN:GET_TODO", "[SL:TODO", "[IN:GET_TODO", "[SL:TODO", "[IN:GET_TODO", "[SL:TODO", "[IN:GET_TODO", "[SL:TODO", "[IN:GET_TODO", "[SL:TODO", "[IN:GET_TODO", "[SL:TODO", "[IN:GET_TODO", "[SL:TODO", "[IN:GET_TODO", "[SL:TODO", "[IN:GET_TODO", "[SL:TODO", "@ptr8", "@ptr10", "@ptr11", "SL:TODO]", "[SL:DATE_TIME"]}
{"loss": 2.5861928462982178, "class_log_probabilities": [-8.242179870605469, -8.404892921447754, -9.414569854736328, -10.682215690612793], "predictions": [49, 36, 143, 16, 399, 400, 401, 402, 403, 404, 405, 406, 407, 17, 34, 410, 35, 50, 4, 4, 4, 4, 4], "target_tokens": ["[IN:GET_REMINDER", "[SL:METHOD_RETRIEVAL_REMINDER", "@ptr0", "SL:METHOD_RETRIEVAL_REMINDER]", "[SL:TODO", "@ptr6", "@ptr7", "@ptr8", "@ptr9", "@ptr10", "@ptr11", "@ptr12", "@ptr13", "@ptr14", "SL:TODO]", "IN:GET_REMINDER]"], "predicted_tokens": ["[IN:CREATE_REMINDER", "[SL:TODO", "[IN:GET_TODO", "[SL:DATE_TIME", "@ptr4", "@ptr5", "@ptr6", "@ptr7", "@ptr8", "@ptr9", "@ptr10", "@ptr11", "@ptr12", "SL:DATE_TIME]", "[SL:PERSON_REMINDED", "@ptr15", "SL:PERSON_REMINDED]", "IN:CREATE_REMINDER]"]}
{"loss": 2.937407970428467, "class_log_probabilities": [-3.333677053451538, -3.994802713394165, -4.2692742347717285, -4.3229169845581055], "predictions": [49, 36, 143, 16, 397, 398, 399, 17, 36, 401, 402, 403, 404, 405, 406, 37, 34, 408, 35, 50, 4], "target_tokens": ["[IN:CREATE_REMINDER", "[SL:PERSON_REMINDED", "@ptr1", "SL:PERSON_REMINDED]", "[SL:DATE_TIME", "@ptr2", "@ptr3", "SL:DATE_TIME]", "[SL:TODO", "[IN:GET_TODO", "[SL:TODO", "@ptr8", "@ptr9", "SL:TODO]", "[SL:ATTENDEE", "[IN:GET_CONTACT", "[SL:CONTACT_RELATED", "@ptr13", "@ptr14", "SL:CONTACT_RELATED]", "[SL:TYPE_RELATION", "@ptr11", "@ptr12", "SL:TYPE_RELATION]", "IN:GET_CONTACT]", "SL:ATTENDEE]", "IN:GET_TODO]", "SL:TODO]", "IN:CREATE_REMINDER]"], "predicted_tokens": ["[IN:CREATE_REMINDER", "[SL:TODO", "[IN:GET_TODO", "[SL:DATE_TIME", "@ptr2", "@ptr3", "@ptr4", "SL:DATE_TIME]", "[SL:TODO", "@ptr6", "@ptr7", "@ptr8", "@ptr9", "@ptr10", "@ptr11", "SL:TODO]", "[SL:PERSON_REMINDED", "@ptr13", "SL:PERSON_REMINDED]", "IN:CREATE_REMINDER]"]}
{"loss": 2.5693182945251465, "class_log_probabilities": [-17.848386764526367, -46.12214660644531, -71.8541259765625, -71.92938232421875], "predictions": [111, 36, 75, 6, 401, 402, 7, 78, 37, 16, 406, 17, 16, 406, 17, 16, 406, 17, 16, 406, 17, 16, 406, 17, 16, 406, 17, 16, 406, 17, 50, 4, 4, 4, 4, 4, 4, 4, 4, 4, 4, 4, 4, 4, 4, 4, 4, 4, 4, 4, 4, 4, 4, 4, 4, 4, 4, 4, 4, 4, 4, 4, 4, 4, 4, 4, 4, 4, 4, 4, 4, 4, 4, 4, 4, 4, 4, 4, 4, 4, 4, 4, 4, 4, 4, 4, 4, 4, 4, 4, 4, 4, 4, 4, 4, 4, 4, 4, 4, 4], "target_tokens": ["[IN:UPDATE_REMINDER_DATE_TIME", "[SL:TODO", "[IN:CREATE_CALL", "[SL:CONTACT", "@ptr7", "@ptr8", "SL:CONTACT]", "IN:CREATE_CALL]", "SL:TODO]", "[SL:DATE_TIME", "@ptr9", "@ptr10", "@ptr11", "SL:DATE_TIME]", "[SL:DATE_TIME", "@ptr12", "@ptr13", "@ptr14", "@ptr15", "SL:DATE_TIME]", "IN:UPDATE_REMINDER_DATE_TIME]"], "predicted_tokens": ["[IN:UPDATE_REMINDER_DATE_TIME", "[SL:TODO", "[IN:CREATE_CALL", "[SL:CONTACT", "@ptr6", "@ptr7", "SL:CONTACT]", "IN:CREATE_CALL]", "SL:TODO]", "[SL:DATE_TIME", "@ptr11", "SL:DATE_TIME]", "[SL:DATE_TIME", "@ptr11", "SL:DATE_TIME]", "[SL:DATE_TIME", "@ptr11", "SL:DATE_TIME]", "[SL:DATE_TIME", "@ptr11", "SL:DATE_TIME]", "[SL:DATE_TIME", "@ptr11", "SL:DATE_TIME]", "[SL:DATE_TIME", "@ptr11", "SL:DATE_TIME]", "[SL:DATE_TIME", "@ptr11", "SL:DATE_TIME]", "IN:CREATE_REMINDER]"]}
{"loss": 3.0314528942108154, "class_log_probabilities": [-5.59423303604126, -7.173037052154541, -7.178617477416992, -9.504010200500488], "predictions": [49, 36, 75, 6, 397, 7, 6, 70, 71, 401, 402, 403, 72, 73, 7, 78, 37, 16, 413, 17, 50, 4, 4, 4, 4, 4, 4], "target_tokens": ["[IN:CREATE_REMINDER", "[SL:PERSON_REMINDED", "@ptr2", "SL:PERSON_REMINDED]", "[SL:TODO", "[IN:GET_TODO", "[SL:TODO", "[IN:CREATE_CALL", "[SL:CONTACT", "[IN:GET_CONTACT", "[SL:CONTACT_RELATED", "@ptr7", "@ptr8", "SL:CONTACT_RELATED]", "[SL:TYPE_RELATION", "@ptr5", "@ptr6", "SL:TYPE_RELATION]", "IN:GET_CONTACT]", "SL:CONTACT]", "IN:CREATE_CALL]", "SL:TODO]", "[SL:TODO", "@ptr10", "@ptr11", "@ptr12", "@ptr13", "@ptr14", "@ptr15", "SL:TODO]", "IN:GET_TODO]", "SL:TODO]", "[SL:DATE_TIME", "@ptr16", "@ptr17", "@ptr18", "@ptr19", "@ptr20", "SL:DATE_TIME]", "IN:CREATE_REMINDER]"], "predicted_tokens": ["[IN:CREATE_REMINDER", "[SL:TODO", "[IN:CREATE_CALL", "[SL:CONTACT", "@ptr2", "SL:CONTACT]", "[SL:CONTACT", "[IN:GET_CONTACT", "[SL:TYPE_RELATION", "@ptr6", "@ptr7", "@ptr8", "SL:TYPE_RELATION]", "IN:GET_CONTACT]", "SL:CONTACT]", "IN:CREATE_CALL]", "SL:TODO]", "[SL:DATE_TIME", "@ptr18", "SL:DATE_TIME]", "IN:CREATE_REMINDER]"]}
{"loss": 2.8170950412750244, "class_log_probabilities": [-3.9884274005889893, -4.139835357666016, -4.453916072845459, -4.664316177368164], "predictions": [33, 34, 404, 35, 36, 408, 37, 38, 4, 4, 4, 4, 4], "target_tokens": ["[IN:DELETE_REMINDER", "[SL:PERSON_REMINDED", "@ptr7", "@ptr8", "SL:PERSON_REMINDED]", "[SL:TODO", "@ptr11", "@ptr12", "SL:TODO]", "IN:DELETE_REMINDER]"], "predicted_tokens": ["[IN:DELETE_REMINDER", "[SL:PERSON_REMINDED", "@ptr9", "SL:PERSON_REMINDED]", "[SL:TODO", "@ptr13", "SL:TODO]", "IN:DELETE_REMINDER]"]}
{"loss": 2.4168241024017334, "class_log_probabilities": [-8.565655708312988, -12.341684341430664, -13.23670768737793, -122.44058227539062], "predictions": [111, 16, 402, 403, 404, 405, 406, 17, 16, 417, 17, 112, 4, 4, 4, 4, 4, 4, 4, 4, 4, 4, 4, 4, 4, 4, 4, 4, 4, 4, 4, 4, 4, 4, 4, 4, 4, 4, 4, 4, 4, 4, 4, 4, 4, 4, 4, 4, 4, 4, 4, 4, 4, 4, 4, 4, 4, 4, 4, 4, 4, 4, 4, 4, 4, 4, 4, 4, 4, 4, 4, 4, 4, 4, 4, 4, 4, 4, 4, 4, 4, 4, 4, 4, 4, 4, 4, 4, 4, 4, 4, 4, 4, 4, 4, 4, 4, 4, 4, 4], "target_tokens": ["[IN:UPDATE_REMINDER_DATE_TIME", "[SL:TODO", "@ptr4", "@ptr5", "SL:TODO]", "[SL:DATE_TIME", "@ptr6", "@ptr7", "@ptr8", "@ptr9", "@ptr10", "@ptr11", "@ptr12", "SL:DATE_TIME]", "[SL:DATE_TIME", "@ptr13", "@ptr14", "@ptr15", "@ptr16", "@ptr17", "@ptr18", "@ptr19", "SL:DATE_TIME]", "IN:UPDATE_REMINDER_DATE_TIME]"], "predicted_tokens": ["[IN:UPDATE_REMINDER_DATE_TIME", "[SL:DATE_TIME", "@ptr7", "@ptr8", "@ptr9", "@ptr10", "@ptr11", "SL:DATE_TIME]", "[SL:DATE_TIME", "@ptr22", "SL:DATE_TIME]", "IN:UPDATE_REMINDER_DATE_TIME]"]}
{"loss": 3.0803065299987793, "class_log_probabilities": [-3.920133113861084, -4.301768779754639, -4.382572650909424, -4.395138263702393], "predictions": [259, 249, 400, 401, 250, 16, 403, 404, 405, 406, 17, 260, 4, 4], "target_tokens": ["[IN:CREATE_REMINDER", "[SL:TODO", "@ptr5", "@ptr6", "SL:TODO]", "[SL:DATE_TIME", "@ptr7", "@ptr8", "@ptr9", "@ptr10", "SL:DATE_TIME]", "IN:CREATE_REMINDER]"], "predicted_tokens": ["[IN:UPDATE_ALARM", "[SL:ALARM_NAME", "@ptr5", "@ptr6", "SL:ALARM_NAME]", "[SL:DATE_TIME", "@ptr8", "@ptr9", "@ptr10", "@ptr11", "SL:DATE_TIME]", "IN:UPDATE_ALARM]"]}
{"loss": 2.0725631713867188, "class_log_probabilities": [-2.2519633769989014, -2.4342904090881348, -2.859900712966919, -3.323206663131714], "predictions": [33, 34, 401, 35, 36, 75, 6, 406, 7, 78, 37, 38, 4], "target_tokens": ["[IN:DELETE_REMINDER", "[SL:PERSON_REMINDED", "@ptr4", "@ptr5", "SL:PERSON_REMINDED]", "[SL:TODO", "[IN:CREATE_CALL", "[SL:CONTACT", "@ptr10", "SL:CONTACT]", "IN:CREATE_CALL]", "SL:TODO]", "IN:DELETE_REMINDER]"], "predicted_tokens": ["[IN:DELETE_REMINDER", "[SL:PERSON_REMINDED", "@ptr6", "SL:PERSON_REMINDED]", "[SL:TODO", "[IN:CREATE_CALL", "[SL:CONTACT", "@ptr11", "SL:CONTACT]", "IN:CREATE_CALL]", "SL:TODO]", "IN:DELETE_REMINDER]"]}
{"loss": 1.994841456413269, "class_log_probabilities": [-1.687856674194336, -3.4017488956451416, -4.509675025939941, -5.506150245666504], "predictions": [75, 6, 70, 71, 397, 398, 399, 72, 73, 7, 78, 4, 4, 4, 4, 4, 4], "target_tokens": ["[IN:CREATE_CALL", "[SL:CONTACT", "[IN:GET_CONTACT", "[SL:CONTACT_RELATED", "@ptr4", "@ptr5", "SL:CONTACT_RELATED]", "[SL:TYPE_RELATION", "@ptr2", "@ptr3", "SL:TYPE_RELATION]", "IN:GET_CONTACT]", "SL:CONTACT]", "IN:CREATE_CALL]"], "predicted_tokens": ["[IN:CREATE_CALL", "[SL:CONTACT", "[IN:GET_CONTACT", "[SL:TYPE_RELATION", "@ptr2", "@ptr3", "@ptr4", "SL:TYPE_RELATION]", "IN:GET_CONTACT]", "SL:CONTACT]", "IN:CREATE_CALL]"]}
{"loss": 2.0221593379974365, "class_log_probabilities": [-0.6814099550247192, -5.030564308166504, -5.667383193969727, -7.2808451652526855], "predictions": [75, 6, 70, 71, 399, 72, 73, 7, 78, 4, 4, 4, 4], "target_tokens": ["[IN:CREATE_CALL", "[SL:CONTACT", "[IN:GET_CONTACT", "[SL:CONTACT_RELATED", "@ptr5", "@ptr6", "SL:CONTACT_RELATED]", "[SL:TYPE_RELATION", "@ptr4", "SL:TYPE_RELATION]", "IN:GET_CONTACT]", "SL:CONTACT]", "IN:CREATE_CALL]"], "predicted_tokens": ["[IN:CREATE_CALL", "[SL:CONTACT", "[IN:GET_CONTACT", "[SL:TYPE_RELATION", "@ptr4", "SL:TYPE_RELATION]", "IN:GET_CONTACT]", "SL:CONTACT]", "IN:CREATE_CALL]"]}
{"loss": 0.9572462439537048, "class_log_probabilities": [-0.23098090291023254, -6.16185188293457, -7.2469305992126465, -7.2590789794921875], "predictions": [61, 62, 4], "target_tokens": ["[IN:GET_EVENT", "IN:GET_EVENT]"], "predicted_tokens": ["[IN:GET_EVENT", "IN:GET_EVENT]"]}
{"loss": 0.9561095833778381, "class_log_probabilities": [-0.47131621837615967, -7.07679557800293, -7.187551975250244, -7.377129077911377], "predictions": [61, 16, 395, 396, 17, 62, 4], "target_tokens": ["[IN:GET_EVENT", "[SL:DATE_TIME", "@ptr0", "@ptr1", "SL:DATE_TIME]", "IN:GET_EVENT]"], "predicted_tokens": ["[IN:GET_EVENT", "[SL:DATE_TIME", "@ptr0", "@ptr1", "SL:DATE_TIME]", "IN:GET_EVENT]"]}
{"loss": 1.1045458316802979, "class_log_probabilities": [-2.455501079559326, -2.697767496109009, -2.8714816570281982, -3.1591835021972656], "predictions": [61, 14, 400, 401, 402, 403, 15, 16, 405, 407, 17, 62, 4, 4, 4], "target_tokens": ["[IN:GET_EVENT", "[SL:LOCATION", "@ptr5", "@ptr6", "@ptr7", "@ptr8", "SL:LOCATION]", "[SL:DATE_TIME", "@ptr10", "@ptr11", "@ptr12", "SL:DATE_TIME]", "IN:GET_EVENT]"], "predicted_tokens": ["[IN:GET_EVENT", "[SL:LOCATION", "@ptr5", "@ptr6", "@ptr7", "@ptr8", "SL:LOCATION]", "[SL:DATE_TIME", "@ptr10", "@ptr12", "SL:DATE_TIME]", "IN:GET_EVENT]"]}
{"loss": 1.95964777469635, "class_log_probabilities": [-1.0491284132003784, -2.2876057624816895, -5.7819952964782715, -5.887164115905762], "predictions": [13, 14, 399, 400, 401, 402, 403, 404, 15, 18, 4, 4], "target_tokens": ["[IN:GET_WEATHER", "[SL:LOCATION", "@ptr3", "@ptr4", "@ptr5", "@ptr6", "@ptr7", "@ptr8", "SL:LOCATION]", "IN:GET_WEATHER]"], "predicted_tokens": ["[IN:GET_WEATHER", "[SL:LOCATION", "@ptr4", "@ptr5", "@ptr6", "@ptr7", "@ptr8", "@ptr9", "SL:LOCATION]", "IN:GET_WEATHER]"]}
{"loss": 3.6209187507629395, "class_log_probabilities": [-1.503517985343933, -3.2654569149017334, -4.702203273773193, -5.311304092407227], "predictions": [105, 6, 400, 401, 402, 403, 7, 106, 4, 4, 4], "target_tokens": ["[IN:GET_INFO_CONTACT", "[SL:CONTACT", "@ptr4", "@ptr5", "@ptr6", "SL:CONTACT]", "IN:GET_INFO_CONTACT]"], "predicted_tokens": ["[IN:GET_INFO_CONTACT", "[SL:CONTACT", "@ptr5", "@ptr6", "@ptr7", "@ptr8", "SL:CONTACT]", "IN:GET_INFO_CONTACT]"]}
{"loss": 2.523820400238037, "class_log_probabilities": [-5.927034854888916, -6.455104351043701, -14.8297758102417, -140.936279296875], "predictions": [97, 6, 395, 396, 7, 6, 400, 401, 402, 403, 405, 7, 100, 4, 4, 4, 4, 4, 4, 4, 4, 4, 4, 4, 4, 4, 4, 4, 4, 4, 4, 4, 4, 4, 4, 4, 4, 4, 4, 4, 4, 4, 4, 4, 4, 4, 4, 4, 4, 4, 4, 4, 4, 4, 4, 4, 4, 4, 4, 4, 4, 4, 4, 4, 4, 4, 4, 4, 4, 4, 4, 4, 4, 4, 4, 4, 4, 4, 4, 4, 4, 4, 4, 4, 4, 4, 4, 4, 4, 4, 4, 4, 4, 4, 4, 4, 4, 4, 4, 4], "target_tokens": ["[IN:GET_EMPLOYER", "[SL:CONTACT", "@ptr0", "@ptr1", "SL:CONTACT]", "[SL:EMPLOYER", "@ptr5", "@ptr6", "@ptr7", "SL:EMPLOYER]", "IN:GET_EMPLOYER]"], "predicted_tokens": ["[IN:GET_LIFE_EVENT", "[SL:CONTACT", "@ptr0", "@ptr1", "SL:CONTACT]", "[SL:CONTACT", "@ptr5", "@ptr6", "@ptr7", "@ptr8", "@ptr10", "SL:CONTACT]", "IN:GET_LIFE_EVENT]"]}
{"loss": 2.0438952445983887, "class_log_probabilities": [-0.7420284152030945, -4.012595176696777, -4.3480024337768555, -5.9229044914245605], "predictions": [211, 6, 397, 398, 399, 7, 212, 4], "target_tokens": ["[IN:GET_EMPLOYER", "[SL:CONTACT", "@ptr2", "@ptr3", "SL:CONTACT]", "IN:GET_EMPLOYER]"], "predicted_tokens": ["[IN:GET_LOCATION", "[SL:CONTACT", "@ptr2", "@ptr3", "@ptr4", "SL:CONTACT]", "IN:GET_LOCATION]"]}
{"loss": 2.1732022762298584, "class_log_probabilities": [-0.6800439953804016, -4.745981216430664, -6.1347455978393555, -6.70635986328125], "predictions": [70, 16, 398, 399, 400, 401, 17, 73, 4], "target_tokens": ["[IN:GET_CONTACT", "[SL:DATE_TIME", "@ptr4", "@ptr5", "SL:DATE_TIME]", "IN:GET_CONTACT]"], "predicted_tokens": ["[IN:GET_CONTACT", "[SL:DATE_TIME", "@ptr3", "@ptr4", "@ptr5", "@ptr6", "SL:DATE_TIME]", "IN:GET_CONTACT]"]}
{"loss": 2.255847930908203, "class_log_probabilities": [-2.5772876739501953, -6.654109954833984, -10.061871528625488, -10.123723030090332], "predictions": [70, 93, 395, 94, 71, 397, 72, 73, 4, 4, 4, 4, 4, 4, 4, 4, 4, 4, 4, 4], "target_tokens": ["[IN:GET_CONTACT", "[SL:CONTACT_RELATED", "@ptr0", "SL:CONTACT_RELATED]", "[SL:EMPLOYER", "@ptr12", "@ptr13", "@ptr14", "SL:EMPLOYER]", "IN:GET_CONTACT]"], "predicted_tokens": ["[IN:GET_CONTACT", "[SL:CONTACT_RELATED", "@ptr0", "SL:CONTACT_RELATED]", "[SL:TYPE_RELATION", "@ptr2", "SL:TYPE_RELATION]", "IN:GET_CONTACT]"]}
{"loss": 2.8363473415374756, "class_log_probabilities": [-0.992287814617157, -2.5487306118011475, -3.309145212173462, -4.908340930938721], "predictions": [70, 71, 395, 72, 93, 397, 94, 73, 4, 4], "target_tokens": ["[IN:GET_CONTACT", "[SL:CONTACT_RELATED", "@ptr2", "SL:CONTACT_RELATED]", "[SL:TYPE_RELATION", "@ptr0", "SL:TYPE_RELATION]", "[SL:EMPLOYER", "@ptr8", "@ptr9", "SL:EMPLOYER]", "IN:GET_CONTACT]"], "predicted_tokens": ["[IN:GET_CONTACT", "[SL:TYPE_RELATION", "@ptr0", "SL:TYPE_RELATION]", "[SL:CONTACT_RELATED", "@ptr2", "SL:CONTACT_RELATED]", "IN:GET_CONTACT]"]}
{"loss": 3.635468006134033, "class_log_probabilities": [-0.787452757358551, -2.814764976501465, -5.087706089019775, -6.5383734703063965], "predictions": [70, 138, 401, 402, 403, 139, 73, 4], "target_tokens": ["[IN:GET_CONTACT", "[SL:EMPLOYER", "@ptr5", "@ptr6", "SL:EMPLOYER]", "IN:GET_CONTACT]"], "predicted_tokens": ["[IN:GET_CONTACT", "[SL:EMPLOYER", "@ptr6", "@ptr7", "@ptr8", "SL:EMPLOYER]", "IN:GET_CONTACT]"]}
{"loss": 4.572229385375977, "class_log_probabilities": [-5.901669502258301, -6.184992790222168, -7.327482223510742, -9.876839637756348], "predictions": [70, 93, 406, 94, 138, 413, 406, 139, 73, 4, 4, 4, 4, 4], "target_tokens": ["[IN:GET_CONTACT", "[SL:EMPLOYER", "@ptr14", "@ptr15", "@ptr16", "@ptr17", "@ptr18", "@ptr19", "SL:EMPLOYER]", "IN:GET_CONTACT]"], "predicted_tokens": ["[IN:GET_CONTACT", "[SL:CONTACT_RELATED", "@ptr11", "SL:CONTACT_RELATED]", "[SL:EMPLOYER", "@ptr18", "@ptr11", "SL:EMPLOYER]", "IN:GET_CONTACT]"]}
{"loss": 2.397336721420288, "class_log_probabilities": [-2.9941577911376953, -3.6484193801879883, -4.1309638023376465, -38.50886535644531], "predictions": [70, 71, 400, 72, 93, 402, 94, 14, 407, 15, 73, 4, 4, 4, 4, 4, 4, 4, 4, 4, 4, 4, 4, 4, 4, 4, 4, 4, 4, 4, 4, 4, 4, 4, 4, 4, 4, 4, 4, 4, 4, 4, 4, 4, 4, 4, 4, 4, 4, 4, 4, 4, 4, 4, 4, 4, 4, 4, 4, 4, 4, 4, 4, 4, 4, 4, 4, 4, 4, 4, 4, 4, 4, 4, 4, 4, 4, 4, 4, 4, 4, 4, 4, 4, 4, 4, 4, 4, 4, 4, 4, 4, 4, 4, 4, 4, 4, 4, 4, 4], "target_tokens": ["[IN:GET_CONTACT", "[SL:CONTACT_RELATED", "@ptr5", "@ptr6", "SL:CONTACT_RELATED]", "[SL:TYPE_RELATION", "@ptr4", "SL:TYPE_RELATION]", "[SL:LOCATION", "@ptr11", "SL:LOCATION]", "IN:GET_CONTACT]"], "predicted_tokens": ["[IN:GET_CONTACT", "[SL:TYPE_RELATION", "@ptr5", "SL:TYPE_RELATION]", "[SL:CONTACT_RELATED", "@ptr7", "SL:CONTACT_RELATED]", "[SL:LOCATION", "@ptr12", "SL:LOCATION]", "IN:GET_CONTACT]"]}
{"loss": 3.3423101902008057, "class_log_probabilities": [-2.5683584213256836, -2.7140259742736816, -4.972115516662598, -5.114671230316162], "predictions": [45, 16, 401, 402, 17, 46, 4, 4, 4, 4], "target_tokens": ["[IN:CREATE_ALARM", "[SL:DATE_TIME", "@ptr4", "@ptr5", "@ptr6", "SL:DATE_TIME]", "IN:CREATE_ALARM]"], "predicted_tokens": ["[IN:CREATE_ALARM", "[SL:DATE_TIME", "@ptr6", "@ptr7", "SL:DATE_TIME]", "IN:CREATE_ALARM]"]}
{"loss": 3.516299247741699, "class_log_probabilities": [-0.6396262049674988, -5.007843971252441, -5.034268379211426, -5.65098237991333], "predictions": [183, 90, 398, 91, 184, 4], "target_tokens": ["[IN:CREATE_TIMER", "[SL:METHOD_TIMER", "@ptr1", "@ptr2", "@ptr3", "SL:METHOD_TIMER]", "IN:CREATE_TIMER]"], "predicted_tokens": ["[IN:ADD_TIME_TIMER", "[SL:METHOD_TIMER", "@ptr3", "SL:METHOD_TIMER]", "IN:ADD_TIME_TIMER]"]}
{"loss": 3.627998113632202, "class_log_probabilities": [-0.7423179149627686, -3.7260735034942627, -5.777419090270996, -5.823580741882324], "predictions": [89, 90, 397, 91, 16, 399, 400, 401, 17, 92, 4], "target_tokens": ["[IN:CREATE_TIMER", "[SL:METHOD_TIMER", "@ptr0", "@ptr1", "SL:METHOD_TIMER]", "[SL:DATE_TIME", "@ptr3", "@ptr4", "SL:DATE_TIME]", "IN:CREATE_TIMER]"], "predicted_tokens": ["[IN:CREATE_TIMER", "[SL:METHOD_TIMER", "@ptr2", "SL:METHOD_TIMER]", "[SL:DATE_TIME", "@ptr4", "@ptr5", "@ptr6", "SL:DATE_TIME]", "IN:CREATE_TIMER]"]}
{"loss": 3.4436533451080322, "class_log_probabilities": [-0.8076093196868896, -3.0449328422546387, -3.8219027519226074, -5.805634021759033], "predictions": [89, 90, 398, 91, 16, 399, 400, 17, 92, 4, 4], "target_tokens": ["[IN:CREATE_TIMER", "[SL:METHOD_TIMER", "@ptr1", "@ptr2", "SL:METHOD_TIMER]", "[SL:DATE_TIME", "@ptr3", "@ptr4", "SL:DATE_TIME]", "IN:CREATE_TIMER]"], "predicted_tokens": ["[IN:CREATE_TIMER", "[SL:METHOD_TIMER", "@ptr3", "SL:METHOD_TIMER]", "[SL:DATE_TIME", "@ptr4", "@ptr5", "SL:DATE_TIME]", "IN:CREATE_TIMER]"]}
{"loss": 1.1980571746826172, "class_log_probabilities": [-2.8457837104797363, -3.473029851913452, -3.875471830368042, -4.216917037963867], "predictions": [45, 16, 398, 399, 400, 17, 46, 4, 4, 4], "target_tokens": ["[IN:CREATE_ALARM", "[SL:DATE_TIME", "@ptr2", "@ptr3", "@ptr4", "@ptr5", "@ptr6", "SL:DATE_TIME]", "IN:CREATE_ALARM]"], "predicted_tokens": ["[IN:CREATE_ALARM", "[SL:DATE_TIME", "@ptr3", "@ptr4", "@ptr5", "SL:DATE_TIME]", "IN:CREATE_ALARM]"]}
{"loss": 3.857424736022949, "class_log_probabilities": [-2.2500970363616943, -3.4704246520996094, -4.0131001472473145, -5.571403503417969], "predictions": [39, 40, 396, 397, 398, 41, 133, 401, 402, 403, 134, 42, 4], "target_tokens": ["[IN:GET_STORIES_NEWS", "[SL:DATE_TIME", "@ptr3", "SL:DATE_TIME]", "[SL:NEWS_SOURCE", "@ptr5", "@ptr6", "@ptr7", "SL:NEWS_SOURCE]", "[SL:NEWS_TYPE", "@ptr0", "@ptr1", "@ptr2", "SL:NEWS_TYPE]", "IN:GET_STORIES_NEWS]"], "predicted_tokens": ["[IN:GET_STORIES_NEWS", "[SL:NEWS_TYPE", "@ptr1", "@ptr2", "@ptr3", "SL:NEWS_TYPE]", "[SL:NEWS_SOURCE", "@ptr6", "@ptr7", "@ptr8", "SL:NEWS_SOURCE]", "IN:GET_STORIES_NEWS]"]}
{"loss": 2.3221001625061035, "class_log_probabilities": [-2.983626127243042, -4.720860004425049, -5.113728046417236, -7.159144878387451], "predictions": [63, 66, 398, 399, 400, 401, 402, 67, 68, 4, 4, 4, 4, 4], "target_tokens": ["[IN:GET_RECIPES", "[SL:RECIPES_DISH", "@ptr3", "@ptr4", "@ptr5", "@ptr6", "@ptr7", "@ptr8", "SL:RECIPES_DISH]", "IN:GET_RECIPES]"], "predicted_tokens": ["[IN:PLAY_MUSIC", "[SL:MUSIC_ARTIST_NAME", "@ptr3", "@ptr4", "@ptr5", "@ptr6", "@ptr7", "SL:MUSIC_ARTIST_NAME]", "IN:PLAY_MUSIC]"]}
{"loss": 3.1314213275909424, "class_log_probabilities": [-1.2554316520690918, -4.217334270477295, -5.189542770385742, -5.778578281402588], "predictions": [27, 52, 397, 398, 399, 53, 30, 4], "target_tokens": ["[IN:GET_RECIPES", "[SL:RECIPES_TYPE", "@ptr2", "SL:RECIPES_TYPE]", "[SL:RECIPES_DISH", "@ptr3", "@ptr4", "SL:RECIPES_DISH]", "IN:GET_RECIPES]"], "predicted_tokens": ["[IN:GET_INFO_RECIPES", "[SL:RECIPES_DISH", "@ptr2", "@ptr3", "@ptr4", "SL:RECIPES_DISH]", "IN:GET_INFO_RECIPES]"]}
{"loss": 4.114191055297852, "class_log_probabilities": [-0.7723419666290283, -4.728616714477539, -5.257913112640381, -5.364408493041992], "predictions": [51, 52, 395, 53, 28, 399, 29, 54, 4], "target_tokens": ["[IN:GET_RECIPES", "[SL:RECIPES_ATTRIBUTE", "@ptr3", "@ptr4", "SL:RECIPES_ATTRIBUTE]", "[SL:RECIPES_DISH", "@ptr0", "SL:RECIPES_DISH]", "IN:GET_RECIPES]"], "predicted_tokens": ["[IN:GET_RECIPES", "[SL:RECIPES_DISH", "@ptr0", "SL:RECIPES_DISH]", "[SL:RECIPES_ATTRIBUTE", "@ptr4", "SL:RECIPES_ATTRIBUTE]", "IN:GET_RECIPES]"]}
{"loss": 2.2577664852142334, "class_log_probabilities": [-1.298749327659607, -2.5862975120544434, -3.3877267837524414, -5.590572357177734], "predictions": [63, 64, 396, 65, 151, 397, 152, 68, 4], "target_tokens": ["[IN:PLAY_MUSIC", "[SL:MUSIC_GENRE", "@ptr2", "SL:MUSIC_GENRE]", "[SL:MUSIC_TYPE", "@ptr1", "SL:MUSIC_TYPE]", "IN:PLAY_MUSIC]"], "predicted_tokens": ["[IN:PLAY_MUSIC", "[SL:MUSIC_TYPE", "@ptr1", "SL:MUSIC_TYPE]", "[SL:MUSIC_GENRE", "@ptr2", "SL:MUSIC_GENRE]", "IN:PLAY_MUSIC]"]}
{"loss": 3.042078733444214, "class_log_probabilities": [-0.5508825778961182, -3.524915933609009, -7.78983736038208, -8.143726348876953], "predictions": [63, 64, 396, 65, 68, 4, 4, 4, 4, 4, 4], "target_tokens": ["[IN:PLAY_MUSIC", "[SL:MUSIC_GENRE", "@ptr2", "@ptr3", "SL:MUSIC_GENRE]", "[SL:MUSIC_TYPE", "@ptr1", "SL:MUSIC_TYPE]", "IN:PLAY_MUSIC]"], "predicted_tokens": ["[IN:PLAY_MUSIC", "[SL:MUSIC_TYPE", "@ptr1", "SL:MUSIC_TYPE]", "IN:PLAY_MUSIC]"]}
{"loss": 3.178525924682617, "class_log_probabilities": [-0.9914900660514832, -3.055973768234253, -5.960103511810303, -6.138937950134277], "predictions": [13, 14, 399, 15, 16, 401, 402, 17, 18, 4], "target_tokens": ["[IN:GET_WEATHER", "[SL:LOCATION", "@ptr3", "SL:LOCATION]", "IN:GET_WEATHER]"], "predicted_tokens": ["[IN:GET_WEATHER", "[SL:LOCATION", "@ptr4", "SL:LOCATION]", "[SL:DATE_TIME", "@ptr6", "@ptr7", "SL:DATE_TIME]", "IN:GET_WEATHER]"]}
{"loss": 3.1640896797180176, "class_log_probabilities": [-1.6168313026428223, -3.1305787563323975, -3.824896812438965, -4.762838840484619], "predictions": [63, 64, 396, 397, 398, 399, 400, 65, 103, 402, 104, 68, 4], "target_tokens": ["[IN:PLAY_MUSIC", "[SL:MUSIC_GENRE", "@ptr4", "SL:MUSIC_GENRE]", "[SL:MUSIC_TYPE", "@ptr1", "@ptr2", "@ptr3", "SL:MUSIC_TYPE]", "[SL:MUSIC_PROVIDER_NAME", "@ptr6", "SL:MUSIC_PROVIDER_NAME]", "IN:PLAY_MUSIC]"], "predicted_tokens": ["[IN:PLAY_MUSIC", "[SL:MUSIC_TYPE", "@ptr1", "@ptr2", "@ptr3", "@ptr4", "@ptr5", "SL:MUSIC_TYPE]", "[SL:MUSIC_PROVIDER_NAME", "@ptr7", "SL:MUSIC_PROVIDER_NAME]", "IN:PLAY_MUSIC]"]}
{"loss": 2.362790584564209, "class_log_probabilities": [-1.3975179195404053, -3.8443782329559326, -5.471760272979736, -6.472127437591553], "predictions": [89, 92, 4, 4, 4, 4], "target_tokens": ["[IN:CREATE_TIMER", "[SL:METHOD_TIMER", "@ptr2", "@ptr3", "SL:METHOD_TIMER]", "IN:CREATE_TIMER]"], "predicted_tokens": ["[IN:CREATE_TIMER", "IN:CREATE_TIMER]"]}
{"loss": 1.017399549484253, "class_log_probabilities": [-1.277159571647644, -3.0288422107696533, -3.494232177734375, -3.803013324737549], "predictions": [39, 40, 395, 396, 397, 41, 42, 4], "target_tokens": ["[IN:GET_STORIES_NEWS", "[SL:NEWS_TYPE", "@ptr0", "@ptr1", "@ptr2", "SL:NEWS_TYPE]", "IN:GET_STORIES_NEWS]"], "predicted_tokens": ["[IN:GET_STORIES_NEWS", "[SL:NEWS_TYPE", "@ptr0", "@ptr1", "@ptr2", "SL:NEWS_TYPE]", "IN:GET_STORIES_NEWS]"]}
{"loss": 0.9958011507987976, "class_log_probabilities": [-0.3236074447631836, -6.396896839141846, -6.457176685333252, -6.7436065673828125], "predictions": [169, 64, 397, 65, 170, 4], "target_tokens": ["[IN:REMOVE_FROM_PLAYLIST_MUSIC", "[SL:MUSIC_TYPE", "@ptr2", "SL:MUSIC_TYPE]", "IN:REMOVE_FROM_PLAYLIST_MUSIC]"], "predicted_tokens": ["[IN:REMOVE_FROM_PLAYLIST_MUSIC", "[SL:MUSIC_TYPE", "@ptr2", "SL:MUSIC_TYPE]", "IN:REMOVE_FROM_PLAYLIST_MUSIC]"]}
{"loss": 2.325540542602539, "class_log_probabilities": [-0.347082257270813, -6.475242614746094, -7.462777614593506, -7.630887985229492], "predictions": [39, 40, 400, 41, 42, 4], "target_tokens": ["[IN:GET_STORIES_NEWS", "[SL:NEWS_TYPE", "@ptr4", "SL:NEWS_TYPE]", "IN:GET_STORIES_NEWS]"], "predicted_tokens": ["[IN:GET_STORIES_NEWS", "[SL:NEWS_TYPE", "@ptr5", "SL:NEWS_TYPE]", "IN:GET_STORIES_NEWS]"]}
{"loss": 1.9862654209136963, "class_log_probabilities": [-2.239901065826416, -3.0874719619750977, -4.950535774230957, -5.118050575256348], "predictions": [63, 64, 399, 65, 151, 400, 401, 402, 152, 68, 4], "target_tokens": ["[IN:PLAY_MUSIC", "[SL:MUSIC_GENRE", "@ptr4", "@ptr5", "@ptr6", "SL:MUSIC_GENRE]", "IN:PLAY_MUSIC]"], "predicted_tokens": ["[IN:PLAY_MUSIC", "[SL:MUSIC_TYPE", "@ptr4", "SL:MUSIC_TYPE]", "[SL:MUSIC_GENRE", "@ptr5", "@ptr6", "@ptr7", "SL:MUSIC_GENRE]", "IN:PLAY_MUSIC]"]}
{"loss": 3.1308372020721436, "class_log_probabilities": [-0.673784613609314, -4.3224334716796875, -4.339062690734863, -4.381535053253174], "predictions": [13, 79, 396, 80, 79, 403, 80, 18, 4, 4, 4, 4], "target_tokens": ["[IN:GET_WEATHER", "[SL:WEATHER_ATTRIBUTE", "@ptr0", "@ptr1", "SL:WEATHER_ATTRIBUTE]", "[SL:WEATHER_ATTRIBUTE", "@ptr6", "SL:WEATHER_ATTRIBUTE]", "IN:GET_WEATHER]"], "predicted_tokens": ["[IN:GET_WEATHER", "[SL:WEATHER_ATTRIBUTE", "@ptr1", "SL:WEATHER_ATTRIBUTE]", "[SL:WEATHER_ATTRIBUTE", "@ptr8", "SL:WEATHER_ATTRIBUTE]", "IN:GET_WEATHER]"]}
{"loss": 1.7161531448364258, "class_log_probabilities": [-0.48033419251441956, -5.4935126304626465, -5.976746559143066, -6.067428112030029], "predictions": [13, 79, 397, 80, 18, 4], "target_tokens": ["[IN:GET_WEATHER", "[SL:WEATHER_ATTRIBUTE", "@ptr1", "SL:WEATHER_ATTRIBUTE]", "IN:GET_WEATHER]"], "predicted_tokens": ["[IN:GET_WEATHER", "[SL:WEATHER_ATTRIBUTE", "@ptr2", "SL:WEATHER_ATTRIBUTE]", "IN:GET_WEATHER]"]}
{"loss": 2.60625958442688, "class_log_probabilities": [-1.4034186601638794, -1.969740629196167, -4.389562129974365, -4.995263576507568], "predictions": [39, 40, 397, 41, 16, 402, 403, 404, 17, 42, 4], "target_tokens": ["[IN:GET_STORIES_NEWS", "[SL:NEWS_TYPE", "@ptr2", "SL:NEWS_TYPE]", "[SL:DATE_TIME", "@ptr6", "@ptr7", "SL:DATE_TIME]", "IN:GET_STORIES_NEWS]"], "predicted_tokens": ["[IN:GET_STORIES_NEWS", "[SL:NEWS_TYPE", "@ptr2", "SL:NEWS_TYPE]", "[SL:DATE_TIME", "@ptr7", "@ptr8", "@ptr9", "SL:DATE_TIME]", "IN:GET_STORIES_NEWS]"]}
{"loss": 4.69602632522583, "class_log_probabilities": [-4.398033142089844, -4.579898357391357, -4.864553451538086, -4.960651874542236], "predictions": [275, 276, 4, 4, 4, 4, 4, 4, 4], "target_tokens": ["[IN:GET_ALARM", "[SL:ORDINAL", "@ptr12", "@ptr13", "SL:ORDINAL]", "IN:GET_ALARM]"], "predicted_tokens": ["[IN:RESUME_TIMER", "IN:RESUME_TIMER]"]}
{"loss": 2.657782554626465, "class_log_probabilities": [-2.147037982940674, -4.5760817527771, -6.049168586730957, -6.1593523025512695], "predictions": [19, 120, 400, 121, 22, 4, 4, 4, 4], "target_tokens": ["[IN:CREATE_ALARM", "[SL:AMOUNT", "@ptr4", "SL:AMOUNT]", "IN:CREATE_ALARM]"], "predicted_tokens": ["[IN:GET_ALARM", "[SL:AMOUNT", "@ptr5", "SL:AMOUNT]", "IN:GET_ALARM]"]}
{"loss": 2.4077134132385254, "class_log_probabilities": [-1.9201021194458008, -4.135865211486816, -4.205939769744873, -4.5171895027160645], "predictions": [63, 64, 396, 65, 66, 401, 67, 68, 4, 4, 4, 4], "target_tokens": ["[IN:PLAY_MUSIC", "[SL:MUSIC_ARTIST_NAME", "@ptr6", "SL:MUSIC_ARTIST_NAME]", "[SL:MUSIC_TRACK_TITLE", "@ptr3", "SL:MUSIC_TRACK_TITLE]", "IN:PLAY_MUSIC]"], "predicted_tokens": ["[IN:PLAY_MUSIC", "[SL:MUSIC_TYPE", "@ptr1", "SL:MUSIC_TYPE]", "[SL:MUSIC_ARTIST_NAME", "@ptr6", "SL:MUSIC_ARTIST_NAME]", "IN:PLAY_MUSIC]"]}
{"loss": 2.7519562244415283, "class_log_probabilities": [-1.2027231454849243, -2.1829259395599365, -4.429088115692139, -5.036806106567383], "predictions": [45, 16, 399, 400, 401, 402, 403, 17, 46, 4, 4, 4, 4], "target_tokens": ["[IN:CREATE_ALARM", "[SL:DATE_TIME", "@ptr3", "@ptr4", "@ptr5", "@ptr6", "SL:DATE_TIME]", "IN:CREATE_ALARM]"], "predicted_tokens": ["[IN:CREATE_ALARM", "[SL:DATE_TIME", "@ptr4", "@ptr5", "@ptr6", "@ptr7", "@ptr8", "SL:DATE_TIME]", "IN:CREATE_ALARM]"]}
{"loss": 1.9393035173416138, "class_log_probabilities": [-1.9462624788284302, -3.286073684692383, -3.433255195617676, -3.624361515045166], "predictions": [63, 64, 396, 65, 101, 397, 398, 399, 400, 102, 68, 4, 4], "target_tokens": ["[IN:PLAY_MUSIC", "[SL:MUSIC_GENRE", "@ptr2", "@ptr3", "@ptr4", "@ptr5", "SL:MUSIC_GENRE]", "IN:PLAY_MUSIC]"], "predicted_tokens": ["[IN:PLAY_MUSIC", "[SL:MUSIC_TYPE", "@ptr1", "SL:MUSIC_TYPE]", "[SL:MUSIC_TRACK_TITLE", "@ptr2", "@ptr3", "@ptr4", "@ptr5", "SL:MUSIC_TRACK_TITLE]", "IN:PLAY_MUSIC]"]}
{"loss": 2.0271472930908203, "class_log_probabilities": [-5.920566082000732, -6.471541881561279, -7.607344150543213, -8.841913223266602], "predictions": [241, 64, 397, 65, 206, 402, 403, 404, 207, 242, 4, 4, 4], "target_tokens": ["[IN:SKIP_TRACK_MUSIC", "[SL:MUSIC_TYPE", "@ptr2", "SL:MUSIC_TYPE]", "[SL:MUSIC_TYPE", "@ptr6", "@ptr7", "@ptr8", "@ptr9", "SL:MUSIC_TYPE]", "IN:SKIP_TRACK_MUSIC]"], "predicted_tokens": ["[IN:SKIP_TRACK_MUSIC", "[SL:MUSIC_TYPE", "@ptr2", "SL:MUSIC_TYPE]", "[SL:MUSIC_ALBUM_TITLE", "@ptr7", "@ptr8", "@ptr9", "SL:MUSIC_ALBUM_TITLE]", "IN:SKIP_TRACK_MUSIC]"]}
{"loss": 1.0761946439743042, "class_log_probabilities": [-1.2990655899047852, -1.360941767692566, -4.334765911102295, -6.0199809074401855], "predictions": [13, 79, 398, 80, 18, 4, 4], "target_tokens": ["[IN:GET_WEATHER", "[SL:WEATHER_ATTRIBUTE", "@ptr3", "SL:WEATHER_ATTRIBUTE]", "IN:GET_WEATHER]"], "predicted_tokens": ["[IN:GET_WEATHER", "[SL:WEATHER_ATTRIBUTE", "@ptr3", "SL:WEATHER_ATTRIBUTE]", "IN:GET_WEATHER]"]}
{"loss": 2.3378701210021973, "class_log_probabilities": [-1.357102632522583, -1.7111443281173706, -6.177728652954102, -6.329983234405518], "predictions": [39, 40, 396, 41, 56, 397, 398, 57, 42, 4, 4], "target_tokens": ["[IN:GET_STORIES_NEWS", "[SL:NEWS_CATEGORY", "@ptr2", "@ptr3", "SL:NEWS_CATEGORY]", "[SL:NEWS_TYPE", "@ptr1", "SL:NEWS_TYPE]", "IN:GET_STORIES_NEWS]"], "predicted_tokens": ["[IN:GET_STORIES_NEWS", "[SL:NEWS_TYPE", "@ptr1", "SL:NEWS_TYPE]", "[SL:NEWS_TOPIC", "@ptr2", "@ptr3", "SL:NEWS_TOPIC]", "IN:GET_STORIES_NEWS]"]}
{"loss": 2.1272618770599365, "class_log_probabilities": [-0.40349292755126953, -5.874261856079102, -7.15944242477417, -7.1885786056518555], "predictions": [13, 14, 399, 15, 18, 4, 4], "target_tokens": ["[IN:GET_WEATHER", "[SL:LOCATION", "@ptr3", "SL:LOCATION]", "IN:GET_WEATHER]"], "predicted_tokens": ["[IN:GET_WEATHER", "[SL:LOCATION", "@ptr4", "SL:LOCATION]", "IN:GET_WEATHER]"]}
{"loss": 3.1630077362060547, "class_log_probabilities": [-1.6063306331634521, -2.30120849609375, -4.1029253005981445, -4.162003993988037], "predictions": [33, 120, 402, 121, 38, 4, 4, 4, 4], "target_tokens": ["[IN:DELETE_ALARM", "[SL:AMOUNT", "@ptr6", "SL:AMOUNT]", "IN:DELETE_ALARM]"], "predicted_tokens": ["[IN:DELETE_REMINDER", "[SL:AMOUNT", "@ptr7", "SL:AMOUNT]", "IN:DELETE_REMINDER]"]}
{"loss": 1.6310815811157227, "class_log_probabilities": [-0.412641704082489, -4.860729217529297, -6.558572769165039, -6.822657585144043], "predictions": [63, 64, 397, 65, 68, 4], "target_tokens": ["[IN:PLAY_MUSIC", "[SL:MUSIC_TYPE", "@ptr1", "SL:MUSIC_TYPE]", "IN:PLAY_MUSIC]"], "predicted_tokens": ["[IN:PLAY_MUSIC", "[SL:MUSIC_TYPE", "@ptr2", "SL:MUSIC_TYPE]", "IN:PLAY_MUSIC]"]}
{"loss": 3.953596591949463, "class_log_probabilities": [-1.643284559249878, -2.42366886138916, -2.58821964263916, -3.2968897819519043], "predictions": [115, 90, 411, 91, 116, 4], "target_tokens": ["[IN:GET_TIMER", "[SL:METHOD_TIMER", "@ptr11", "@ptr12", "@ptr13", "SL:METHOD_TIMER]", "IN:GET_TIMER]"], "predicted_tokens": ["[IN:GET_TIMER", "[SL:METHOD_TIMER", "@ptr16", "SL:METHOD_TIMER]", "IN:GET_TIMER]"]}
{"loss": 1.6479839086532593, "class_log_probabilities": [-2.9101123809814453, -2.9447145462036133, -3.666139602661133, -4.793766498565674], "predictions": [89, 92, 4, 4, 4, 4], "target_tokens": ["[IN:GET_ALARM", "IN:GET_ALARM]"], "predicted_tokens": ["[IN:CREATE_TIMER", "IN:CREATE_TIMER]"]}
{"loss": 3.666513442993164, "class_log_probabilities": [-0.30367517471313477, -5.858695030212402, -6.738687038421631, -7.652952671051025], "predictions": [115, 90, 400, 91, 116, 4], "target_tokens": ["[IN:GET_TIMER", "[SL:METHOD_TIMER", "@ptr2", "@ptr3", "@ptr4", "SL:METHOD_TIMER]", "IN:GET_TIMER]"], "predicted_tokens": ["[IN:GET_TIMER", "[SL:METHOD_TIMER", "@ptr5", "SL:METHOD_TIMER]", "IN:GET_TIMER]"]}
{"loss": 2.136328935623169, "class_log_probabilities": [-4.6706976890563965, -9.707158088684082, -10.830222129821777, -15.34125804901123], "predictions": [39, 40, 397, 41, 56, 400, 57, 42, 4, 4, 4, 4, 4, 4, 4, 4, 4, 4, 4, 4, 4, 4, 4, 4, 4, 4, 4, 4, 4], "target_tokens": ["[IN:GET_STORIES_NEWS", "[SL:NEWS_TYPE", "@ptr1", "SL:NEWS_TYPE]", "[SL:NEWS_TOPIC", "@ptr4", "@ptr5", "@ptr6", "@ptr7", "@ptr8", "SL:NEWS_TOPIC]", "[SL:DATE_TIME", "@ptr10", "@ptr11", "@ptr12", "SL:DATE_TIME]", "IN:GET_STORIES_NEWS]"], "predicted_tokens": ["[IN:GET_STORIES_NEWS", "[SL:NEWS_TYPE", "@ptr2", "SL:NEWS_TYPE]", "[SL:NEWS_TOPIC", "@ptr5", "SL:NEWS_TOPIC]", "IN:GET_STORIES_NEWS]"]}
{"loss": 4.163188934326172, "class_log_probabilities": [-0.6418254375457764, -4.079385757446289, -4.690563678741455, -6.6204142570495605], "predictions": [45, 16, 400, 401, 402, 17, 46, 4], "target_tokens": ["[IN:CREATE_ALARM", "[SL:DATE_TIME", "@ptr3", "@ptr4", "@ptr5", "SL:DATE_TIME]", "IN:CREATE_ALARM]"], "predicted_tokens": ["[IN:CREATE_ALARM", "[SL:DATE_TIME", "@ptr5", "@ptr6", "@ptr7", "SL:DATE_TIME]", "IN:CREATE_ALARM]"]}
{"loss": 2.150103807449341, "class_log_probabilities": [-4.472029209136963, -5.42505407333374, -5.906793117523193, -6.780595779418945], "predictions": [39, 40, 397, 41, 56, 405, 57, 42, 4, 4], "target_tokens": ["[IN:GET_STORIES_NEWS", "[SL:NEWS_TYPE", "@ptr1", "@ptr2", "SL:NEWS_TYPE]", "[SL:NEWS_TOPIC", "@ptr8", "SL:NEWS_TOPIC]", "IN:GET_STORIES_NEWS]"], "predicted_tokens": ["[IN:GET_STORIES_NEWS", "[SL:NEWS_TYPE", "@ptr2", "SL:NEWS_TYPE]", "[SL:NEWS_TOPIC", "@ptr10", "SL:NEWS_TOPIC]", "IN:GET_STORIES_NEWS]"]}
{"loss": 1.0583231449127197, "class_log_probabilities": [-1.3444560766220093, -1.4746288061141968, -6.57429313659668, -6.889471054077148], "predictions": [51, 52, 397, 398, 53, 54, 4, 4], "target_tokens": ["[IN:GET_RECIPES", "[SL:RECIPES_DISH", "@ptr2", "@ptr3", "SL:RECIPES_DISH]", "IN:GET_RECIPES]"], "predicted_tokens": ["[IN:GET_RECIPES", "[SL:RECIPES_DISH", "@ptr2", "@ptr3", "SL:RECIPES_DISH]", "IN:GET_RECIPES]"]}
{"loss": 2.254441976547241, "class_log_probabilities": [-1.9716320037841797, -2.9026787281036377, -3.1691360473632812, -3.3434841632843018], "predictions": [23, 10, 70, 71, 399, 72, 73, 11, 26, 4, 4, 4, 4], "target_tokens": ["[IN:SEND_MESSAGE", "[SL:RECIPIENT", "[IN:GET_CONTACT", "[SL:CONTACT_RELATED", "@ptr4", "@ptr5", "SL:CONTACT_RELATED]", "[SL:TYPE_RELATION", "@ptr3", "SL:TYPE_RELATION]", "IN:GET_CONTACT]", "SL:RECIPIENT]", "IN:SEND_MESSAGE]"], "predicted_tokens": ["[IN:SEND_MESSAGE", "[SL:RECIPIENT", "[IN:GET_CONTACT", "[SL:TYPE_RELATION", "@ptr4", "SL:TYPE_RELATION]", "IN:GET_CONTACT]", "SL:RECIPIENT]", "IN:SEND_MESSAGE]"]}
{"loss": 1.896427869796753, "class_log_probabilities": [-0.9129145741462708, -4.2804484367370605, -4.597839832305908, -4.671724319458008], "predictions": [23, 10, 400, 401, 402, 11, 10, 404, 11, 26, 4], "target_tokens": ["[IN:SEND_MESSAGE", "[SL:RECIPIENT", "@ptr5", "@ptr6", "SL:RECIPIENT]", "[SL:RECIPIENT", "@ptr8", "SL:RECIPIENT]", "IN:SEND_MESSAGE]"], "predicted_tokens": ["[IN:SEND_MESSAGE", "[SL:RECIPIENT", "@ptr5", "@ptr6", "@ptr7", "SL:RECIPIENT]", "[SL:RECIPIENT", "@ptr9", "SL:RECIPIENT]", "IN:SEND_MESSAGE]"]}
{"loss": 1.8150672912597656, "class_log_probabilities": [-1.8964166641235352, -2.6986258029937744, -4.081431865692139, -4.238379955291748], "predictions": [5, 59, 70, 6, 401, 7, 73, 60, 12, 4, 4, 4, 4], "target_tokens": ["[IN:GET_MESSAGE", "[SL:SENDER", "[IN:GET_CONTACT", "[SL:TYPE_RELATION", "@ptr5", "SL:TYPE_RELATION]", "[SL:CONTACT", "@ptr6", "SL:CONTACT]", "IN:GET_CONTACT]", "SL:SENDER]", "IN:GET_MESSAGE]"], "predicted_tokens": ["[IN:GET_MESSAGE", "[SL:SENDER", "[IN:GET_CONTACT", "[SL:CONTACT", "@ptr6", "SL:CONTACT]", "IN:GET_CONTACT]", "SL:SENDER]", "IN:GET_MESSAGE]"]}
{"loss": 3.1512277126312256, "class_log_probabilities": [-1.3512297868728638, -2.218193769454956, -3.8234024047851562, -4.430306434631348], "predictions": [283, 10, 401, 11, 76, 403, 77, 284, 4], "target_tokens": ["[IN:GET_MESSAGE_CONTACT", "[SL:NAME_APP", "@ptr7", "SL:NAME_APP]", "IN:GET_MESSAGE_CONTACT]"], "predicted_tokens": ["[IN:GET_MESSAGE_CONTACT", "[SL:RECIPIENT", "@ptr6", "SL:RECIPIENT]", "[SL:NAME_APP", "@ptr8", "SL:NAME_APP]", "IN:GET_MESSAGE_CONTACT]"]}
{"loss": 2.1304824352264404, "class_log_probabilities": [-0.32228684425354004, -7.5258378982543945, -7.661193370819092, -7.99904203414917], "predictions": [23, 76, 400, 77, 26, 4], "target_tokens": ["[IN:SEND_MESSAGE", "[SL:NAME_APP", "@ptr4", "SL:NAME_APP]", "IN:SEND_MESSAGE]"], "predicted_tokens": ["[IN:SEND_MESSAGE", "[SL:NAME_APP", "@ptr5", "SL:NAME_APP]", "IN:SEND_MESSAGE]"]}
{"loss": 0.9742074012756348, "class_log_probabilities": [-0.35055869817733765, -6.041223049163818, -6.343557834625244, -6.826423168182373], "predictions": [23, 76, 398, 77, 26, 4, 4, 4], "target_tokens": ["[IN:SEND_MESSAGE", "[SL:NAME_APP", "@ptr3", "SL:NAME_APP]", "IN:SEND_MESSAGE]"], "predicted_tokens": ["[IN:SEND_MESSAGE", "[SL:NAME_APP", "@ptr3", "SL:NAME_APP]", "IN:SEND_MESSAGE]"]}
{"loss": 1.5991097688674927, "class_log_probabilities": [-1.8995702266693115, -2.6751744747161865, -2.9147024154663086, -4.214863300323486], "predictions": [23, 10, 398, 11, 76, 406, 77, 26, 4], "target_tokens": ["[IN:SEND_MESSAGE", "[SL:NAME_APP", "@ptr9", "SL:NAME_APP]", "IN:SEND_MESSAGE]"], "predicted_tokens": ["[IN:SEND_MESSAGE", "[SL:RECIPIENT", "@ptr3", "SL:RECIPIENT]", "[SL:NAME_APP", "@ptr11", "SL:NAME_APP]", "IN:SEND_MESSAGE]"]}
{"loss": 1.312261939048767, "class_log_probabilities": [-2.072516918182373, -3.3911819458007812, -4.8593597412109375, -5.227101802825928], "predictions": [39, 133, 396, 397, 134, 42, 4, 4, 4, 4], "target_tokens": ["[IN:GET_STORIES_NEWS", "[SL:NEWS_SOURCE", "@ptr1", "@ptr2", "SL:NEWS_SOURCE]", "[SL:NEWS_TYPE", "@ptr3", "SL:NEWS_TYPE]", "IN:GET_STORIES_NEWS]"], "predicted_tokens": ["[IN:GET_STORIES_NEWS", "[SL:NEWS_SOURCE", "@ptr1", "@ptr2", "SL:NEWS_SOURCE]", "IN:GET_STORIES_NEWS]"]}
{"loss": 1.262271523475647, "class_log_probabilities": [-0.6757258772850037, -4.3071675300598145, -5.365452766418457, -6.455205917358398], "predictions": [75, 6, 397, 398, 399, 400, 401, 7, 78, 4, 4], "target_tokens": ["[IN:CREATE_CALL", "[SL:CONTACT", "@ptr2", "@ptr3", "@ptr4", "@ptr5", "@ptr6", "@ptr7", "SL:CONTACT]", "IN:CREATE_CALL]"], "predicted_tokens": ["[IN:CREATE_CALL", "[SL:CONTACT", "@ptr2", "@ptr3", "@ptr4", "@ptr5", "@ptr6", "SL:CONTACT]", "IN:CREATE_CALL]"]}
{"loss": 2.5905990600585938, "class_log_probabilities": [-1.566712737083435, -3.4348855018615723, -4.410126209259033, -6.193399906158447], "predictions": [75, 231, 401, 402, 403, 232, 76, 405, 77, 78, 4, 4], "target_tokens": ["[IN:CREATE_CALL", "[SL:PHONE_NUMBER", "@ptr5", "@ptr6", "@ptr7", "SL:PHONE_NUMBER]", "[SL:NAME_APP", "@ptr9", "SL:NAME_APP]", "IN:CREATE_CALL]"], "predicted_tokens": ["[IN:CREATE_CALL", "[SL:PHONE_NUMBER", "@ptr6", "@ptr7", "@ptr8", "SL:PHONE_NUMBER]", "[SL:NAME_APP", "@ptr10", "SL:NAME_APP]", "IN:CREATE_CALL]"]}
{"loss": 1.6648038625717163, "class_log_probabilities": [-2.2714900970458984, -3.6435546875, -5.151989936828613, -5.671423435211182], "predictions": [75, 231, 399, 400, 401, 402, 403, 404, 232, 78, 4, 4, 4, 4], "target_tokens": ["[IN:CREATE_CALL", "[SL:PHONE_NUMBER", "@ptr4", "@ptr5", "@ptr6", "@ptr7", "@ptr8", "SL:PHONE_NUMBER]", "IN:CREATE_CALL]"], "predicted_tokens": ["[IN:CREATE_CALL", "[SL:PHONE_NUMBER", "@ptr4", "@ptr5", "@ptr6", "@ptr7", "@ptr8", "@ptr9", "SL:PHONE_NUMBER]", "IN:CREATE_CALL]"]}
{"loss": 0.9892616868019104, "class_log_probabilities": [-0.1587868332862854, -6.829253196716309, -7.011147499084473, -7.425554275512695], "predictions": [153, 154, 4], "target_tokens": ["[IN:ANSWER_CALL", "IN:ANSWER_CALL]"], "predicted_tokens": ["[IN:ANSWER_CALL", "IN:ANSWER_CALL]"]}
{"loss": 2.0073699951171875, "class_log_probabilities": [-2.811716079711914, -2.8313028812408447, -3.1938390731811523, -3.72188401222229], "predictions": [75, 269, 400, 270, 78, 4, 4, 4, 4, 4], "target_tokens": ["[IN:CREATE_CALL", "[SL:GROUP", "@ptr5", "@ptr6", "@ptr7", "SL:GROUP]", "IN:CREATE_CALL]"], "predicted_tokens": ["[IN:CREATE_CALL", "[SL:GROUP", "@ptr5", "SL:GROUP]", "IN:CREATE_CALL]"]}
{"loss": 6.277706146240234, "class_log_probabilities": [-4.324493408203125, -5.849634170532227, -11.191927909851074, -43.93442916870117], "predictions": [75, 6, 70, 71, 403, 405, 7, 78, 4, 4, 4, 4, 4, 4, 4, 4, 4, 4, 4, 4, 4, 4, 4, 4, 4, 4, 4, 4, 4, 4, 4, 4, 4, 4, 4, 4, 4, 4, 4, 4, 4, 4, 4, 4, 4, 4, 4, 4, 4, 4, 4, 4, 4, 4, 4, 4, 4, 4, 4, 4, 4, 4, 4, 4, 4, 4, 4, 4, 4, 4, 4, 4, 4, 4, 4, 4, 4, 4, 4, 4, 4, 4, 4, 4, 4, 4, 4, 4, 4, 4, 4, 4, 4, 4, 4, 4, 4, 4, 4, 4], "target_tokens": ["[IN:CREATE_CALL", "[SL:GROUP", "@ptr7", "@ptr8", "@ptr9", "SL:GROUP]", "[SL:NAME_APP", "@ptr13", "@ptr14", "SL:NAME_APP]", "IN:CREATE_CALL]"], "predicted_tokens": ["[IN:CREATE_CALL", "[SL:CONTACT", "[IN:GET_CONTACT", "[SL:TYPE_RELATION", "@ptr8", "@ptr10", "SL:CONTACT]", "IN:CREATE_CALL]"]}
{"loss": 2.045231580734253, "class_log_probabilities": [-4.076943874359131, -4.639657974243164, -5.268389701843262, -5.801784515380859], "predictions": [155, 156, 397, 398, 399, 400, 401, 402, 403, 404, 405, 157, 158, 4, 4, 4], "target_tokens": ["[IN:SET_RSVP_YES", "[SL:TITLE_EVENT", "@ptr5", "@ptr6", "@ptr7", "@ptr8", "@ptr9", "SL:TITLE_EVENT]", "IN:SET_RSVP_YES]"], "predicted_tokens": ["[IN:SET_RSVP_YES", "[SL:TITLE_EVENT", "@ptr2", "@ptr3", "@ptr4", "@ptr5", "@ptr6", "@ptr7", "@ptr8", "@ptr9", "@ptr10", "SL:TITLE_EVENT]", "IN:SET_RSVP_YES]"]}
{"loss": 2.5398993492126465, "class_log_probabilities": [-5.818548202514648, -8.820571899414062, -87.10970306396484, -87.55565643310547], "predictions": [23, 24, 398, 399, 400, 401, 402, 403, 404, 405, 406, 407, 409, 411, 412, 413, 25, 26, 4, 4, 4, 4, 4, 4, 4, 4, 4, 4, 4, 4, 4, 4, 4, 4, 4, 4, 4, 4, 4, 4, 4, 4, 4, 4, 4, 4, 4, 4, 4, 4, 4, 4, 4, 4, 4, 4, 4, 4, 4, 4, 4, 4, 4, 4, 4, 4, 4, 4, 4, 4, 4, 4, 4, 4, 4, 4, 4, 4, 4, 4, 4, 4, 4, 4, 4, 4, 4, 4, 4, 4, 4, 4, 4, 4, 4, 4, 4, 4, 4, 4], "target_tokens": ["[IN:SET_RSVP_INTERESTED", "[SL:TITLE_EVENT", "@ptr5", "@ptr6", "@ptr7", "@ptr8", "@ptr9", "@ptr10", "@ptr11", "@ptr12", "@ptr13", "@ptr14", "@ptr15", "@ptr16", "@ptr17", "@ptr18", "@ptr19", "SL:TITLE_EVENT]", "IN:SET_RSVP_INTERESTED]"], "predicted_tokens": ["[IN:SEND_MESSAGE", "[SL:CONTENT_EXACT", "@ptr3", "@ptr4", "@ptr5", "@ptr6", "@ptr7", "@ptr8", "@ptr9", "@ptr10", "@ptr11", "@ptr12", "@ptr14", "@ptr16", "@ptr17", "@ptr18", "SL:CONTENT_EXACT]", "IN:SEND_MESSAGE]"]}
{"loss": 2.740940570831299, "class_log_probabilities": [-2.364436388015747, -2.6456871032714844, -2.9462857246398926, -4.003168106079102], "predictions": [183, 90, 396, 91, 16, 402, 403, 17, 184, 4, 4, 4, 4], "target_tokens": ["[IN:ADD_TIME_TIMER", "[SL:METHOD_TIMER", "@ptr1", "@ptr2", "@ptr3", "@ptr4", "SL:METHOD_TIMER]", "[SL:DATE_TIME", "@ptr5", "@ptr6", "@ptr7", "SL:DATE_TIME]", "IN:ADD_TIME_TIMER]"], "predicted_tokens": ["[IN:ADD_TIME_TIMER", "[SL:METHOD_TIMER", "@ptr1", "SL:METHOD_TIMER]", "[SL:DATE_TIME", "@ptr7", "@ptr8", "SL:DATE_TIME]", "IN:ADD_TIME_TIMER]"]}
{"loss": 4.3623433113098145, "class_log_probabilities": [-0.8474039435386658, -5.340203762054443, -6.221596717834473, -8.9749755859375], "predictions": [47, 36, 397, 398, 399, 400, 401, 402, 37, 48, 4, 4, 4, 4], "target_tokens": ["[IN:GET_ALARM", "IN:GET_ALARM]"], "predicted_tokens": ["[IN:GET_REMINDER", "[SL:TODO", "@ptr2", "@ptr3", "@ptr4", "@ptr5", "@ptr6", "@ptr7", "SL:TODO]", "IN:GET_REMINDER]"]}
{"loss": 2.344480276107788, "class_log_probabilities": [-2.675264596939087, -3.1669321060180664, -3.8476450443267822, -5.516643524169922], "predictions": [75, 6, 70, 71, 397, 398, 72, 6, 401, 402, 403, 7, 73, 7, 78, 4, 4, 4, 4, 4, 4, 4], "target_tokens": ["[IN:CREATE_CALL", "[SL:CONTACT", "[IN:GET_CONTACT", "[SL:CONTACT_RELATED", "@ptr5", "@ptr6", "@ptr7", "@ptr8", "SL:CONTACT_RELATED]", "[SL:TYPE_RELATION", "@ptr2", "@ptr3", "SL:TYPE_RELATION]", "IN:GET_CONTACT]", "SL:CONTACT]", "IN:CREATE_CALL]"], "predicted_tokens": ["[IN:CREATE_CALL", "[SL:CONTACT", "[IN:GET_CONTACT", "[SL:TYPE_RELATION", "@ptr2", "@ptr3", "SL:TYPE_RELATION]", "[SL:CONTACT", "@ptr6", "@ptr7", "@ptr8", "SL:CONTACT]", "IN:GET_CONTACT]", "SL:CONTACT]", "IN:CREATE_CALL]"]}
{"loss": 1.6111164093017578, "class_log_probabilities": [-0.9743935465812683, -3.4912240505218506, -3.808751106262207, -4.343185901641846], "predictions": [75, 6, 397, 398, 7, 76, 406, 77, 78, 4], "target_tokens": ["[IN:CREATE_CALL", "[SL:CONTACT", "@ptr2", "@ptr3", "SL:CONTACT]", "[SL:NAME_APP", "@ptr9", "SL:NAME_APP]", "IN:CREATE_CALL]"], "predicted_tokens": ["[IN:CREATE_CALL", "[SL:CONTACT", "@ptr2", "@ptr3", "SL:CONTACT]", "[SL:NAME_APP", "@ptr11", "SL:NAME_APP]", "IN:CREATE_CALL]"]}
{"loss": 3.9383273124694824, "class_log_probabilities": [-0.4133572280406952, -7.476001739501953, -7.598677158355713, -8.199750900268555], "predictions": [13, 16, 398, 399, 17, 18, 4, 4], "target_tokens": ["[IN:GET_WEATHER", "[SL:DATE_TIME", "@ptr2", "@ptr3", "SL:DATE_TIME]", "IN:GET_WEATHER]"], "predicted_tokens": ["[IN:GET_WEATHER", "[SL:DATE_TIME", "@ptr3", "@ptr4", "SL:DATE_TIME]", "IN:GET_WEATHER]"]}
{"loss": 3.9441659450531006, "class_log_probabilities": [-3.241393804550171, -5.410355091094971, -5.700846195220947, -5.937536239624023], "predictions": [63, 66, 400, 401, 402, 67, 68, 4], "target_tokens": ["[IN:UPDATE_TIMER", "[SL:TIMER_NAME", "@ptr4", "@ptr5", "@ptr6", "SL:TIMER_NAME]", "[SL:METHOD_TIMER", "@ptr1", "@ptr2", "@ptr3", "SL:METHOD_TIMER]", "IN:UPDATE_TIMER]"], "predicted_tokens": ["[IN:PLAY_MUSIC", "[SL:MUSIC_ARTIST_NAME", "@ptr5", "@ptr6", "@ptr7", "SL:MUSIC_ARTIST_NAME]", "IN:PLAY_MUSIC]"]}
{"loss": 3.0154101848602295, "class_log_probabilities": [-2.4228193759918213, -4.08573055267334, -4.601929187774658, -4.679883003234863], "predictions": [89, 90, 396, 91, 16, 397, 398, 399, 17, 92, 4], "target_tokens": ["[IN:CREATE_TIMER", "[SL:METHOD_TIMER", "@ptr0", "@ptr1", "SL:METHOD_TIMER]", "[SL:DATE_TIME", "@ptr2", "@ptr3", "SL:DATE_TIME]", "[SL:TIMER_NAME", "@ptr7", "@ptr8", "SL:TIMER_NAME]", "IN:CREATE_TIMER]"], "predicted_tokens": ["[IN:CREATE_TIMER", "[SL:METHOD_TIMER", "@ptr1", "SL:METHOD_TIMER]", "[SL:DATE_TIME", "@ptr2", "@ptr3", "@ptr4", "SL:DATE_TIME]", "IN:CREATE_TIMER]"]}
{"loss": 3.7711715698242188, "class_log_probabilities": [-0.7666082978248596, -2.5789785385131836, -5.583776473999023, -6.765034198760986], "predictions": [27, 129, 401, 402, 130, 30, 4, 4, 4, 4], "target_tokens": ["[IN:CREATE_TIMER", "[SL:METHOD_TIMER", "@ptr1", "@ptr2", "@ptr3", "SL:METHOD_TIMER]", "[SL:TIMER_NAME", "@ptr5", "@ptr6", "SL:TIMER_NAME]", "IN:CREATE_TIMER]"], "predicted_tokens": ["[IN:GET_INFO_RECIPES", "[SL:RECIPES_INCLUDED_INGREDIENT", "@ptr6", "@ptr7", "SL:RECIPES_INCLUDED_INGREDIENT]", "IN:GET_INFO_RECIPES]"]}
{"loss": 3.1431636810302734, "class_log_probabilities": [-0.853725254535675, -5.906586647033691, -6.056515216827393, -6.649379730224609], "predictions": [63, 64, 396, 65, 66, 398, 399, 67, 68, 4], "target_tokens": ["[IN:SET_DEFAULT_PROVIDER_MUSIC", "[SL:MUSIC_PROVIDER_NAME", "@ptr3", "@ptr4", "SL:MUSIC_PROVIDER_NAME]", "IN:SET_DEFAULT_PROVIDER_MUSIC]"], "predicted_tokens": ["[IN:PLAY_MUSIC", "[SL:MUSIC_TYPE", "@ptr1", "SL:MUSIC_TYPE]", "[SL:MUSIC_ARTIST_NAME", "@ptr3", "@ptr4", "SL:MUSIC_ARTIST_NAME]", "IN:PLAY_MUSIC]"]}
{"loss": 3.0544917583465576, "class_log_probabilities": [-1.5527673959732056, -3.0479702949523926, -4.874521255493164, -5.009551048278809], "predictions": [63, 66, 396, 397, 398, 399, 67, 101, 401, 402, 403, 102, 68, 4], "target_tokens": ["[IN:SET_DEFAULT_PROVIDER_MUSIC", "[SL:MUSIC_PROVIDER_NAME", "@ptr1", "@ptr2", "@ptr3", "@ptr4", "SL:MUSIC_PROVIDER_NAME]", "IN:SET_DEFAULT_PROVIDER_MUSIC]"], "predicted_tokens": ["[IN:PLAY_MUSIC", "[SL:MUSIC_ARTIST_NAME", "@ptr1", "@ptr2", "@ptr3", "@ptr4", "SL:MUSIC_ARTIST_NAME]", "[SL:MUSIC_TRACK_TITLE", "@ptr6", "@ptr7", "@ptr8", "SL:MUSIC_TRACK_TITLE]", "IN:PLAY_MUSIC]"]}
{"loss": 2.341986894607544, "class_log_probabilities": [-1.7949316501617432, -3.4566545486450195, -3.9538707733154297, -5.342769145965576], "predictions": [89, 16, 399, 400, 401, 402, 403, 404, 17, 92, 4, 4], "target_tokens": ["[IN:CREATE_ALARM", "[SL:DATE_TIME", "@ptr3", "@ptr4", "@ptr5", "@ptr6", "@ptr7", "@ptr8", "@ptr9", "SL:DATE_TIME]", "IN:CREATE_ALARM]"], "predicted_tokens": ["[IN:CREATE_TIMER", "[SL:DATE_TIME", "@ptr4", "@ptr5", "@ptr6", "@ptr7", "@ptr8", "@ptr9", "SL:DATE_TIME]", "IN:CREATE_TIMER]"]}
{"loss": 3.1447715759277344, "class_log_probabilities": [-2.8147778511047363, -3.1592023372650146, -3.240201234817505, -4.3606696128845215], "predictions": [89, 90, 400, 401, 402, 91, 92, 4, 4, 4], "target_tokens": ["[IN:CREATE_TIMER", "[SL:TIMER_NAME", "@ptr4", "@ptr5", "SL:TIMER_NAME]", "[SL:METHOD_TIMER", "@ptr1", "@ptr2", "@ptr3", "SL:METHOD_TIMER]", "IN:CREATE_TIMER]"], "predicted_tokens": ["[IN:CREATE_TIMER", "[SL:METHOD_TIMER", "@ptr5", "@ptr6", "@ptr7", "SL:METHOD_TIMER]", "IN:CREATE_TIMER]"]}
{"loss": 4.097469329833984, "class_log_probabilities": [-1.3231770992279053, -2.7657837867736816, -3.695502996444702, -4.644421577453613], "predictions": [89, 90, 398, 91, 16, 402, 403, 17, 92, 4, 4], "target_tokens": ["[IN:CREATE_TIMER", "[SL:TIMER_NAME", "@ptr3", "@ptr4", "SL:TIMER_NAME]", "[SL:METHOD_TIMER", "@ptr1", "@ptr2", "SL:METHOD_TIMER]", "[SL:DATE_TIME", "@ptr5", "@ptr6", "@ptr7", "SL:DATE_TIME]", "IN:CREATE_TIMER]"], "predicted_tokens": ["[IN:CREATE_TIMER", "[SL:METHOD_TIMER", "@ptr3", "SL:METHOD_TIMER]", "[SL:DATE_TIME", "@ptr7", "@ptr8", "SL:DATE_TIME]", "IN:CREATE_TIMER]"]}
{"loss": 1.0169823169708252, "class_log_probabilities": [-1.5492891073226929, -1.7050827741622925, -5.787565231323242, -5.972241401672363], "predictions": [75, 6, 398, 399, 400, 401, 402, 7, 76, 404, 77, 78, 4], "target_tokens": ["[IN:CREATE_CALL", "[SL:CONTACT", "@ptr3", "@ptr4", "@ptr5", "@ptr6", "@ptr7", "SL:CONTACT]", "[SL:NAME_APP", "@ptr9", "SL:NAME_APP]", "IN:CREATE_CALL]"], "predicted_tokens": ["[IN:CREATE_CALL", "[SL:CONTACT", "@ptr3", "@ptr4", "@ptr5", "@ptr6", "@ptr7", "SL:CONTACT]", "[SL:NAME_APP", "@ptr9", "SL:NAME_APP]", "IN:CREATE_CALL]"]}
{"loss": 1.9416927099227905, "class_log_probabilities": [-1.0956465005874634, -3.1116836071014404, -4.287315845489502, -4.435737133026123], "predictions": [75, 6, 399, 400, 401, 7, 76, 403, 77, 78, 4], "target_tokens": ["[IN:CREATE_CALL", "[SL:CONTACT", "@ptr4", "@ptr5", "SL:CONTACT]", "[SL:NAME_APP", "@ptr7", "SL:NAME_APP]", "IN:CREATE_CALL]"], "predicted_tokens": ["[IN:CREATE_CALL", "[SL:CONTACT", "@ptr4", "@ptr5", "@ptr6", "SL:CONTACT]", "[SL:NAME_APP", "@ptr8", "SL:NAME_APP]", "IN:CREATE_CALL]"]}
{"loss": 3.0028975009918213, "class_log_probabilities": [-1.3437631130218506, -3.016861915588379, -3.6124987602233887, -3.6906373500823975], "predictions": [23, 8, 401, 9, 10, 403, 404, 11, 26, 4], "target_tokens": ["[IN:SEND_MESSAGE", "[SL:TYPE_CONTENT", "@ptr4", "SL:TYPE_CONTENT]", "[SL:RECIPIENT", "@ptr6", "@ptr7", "SL:RECIPIENT]", "IN:SEND_MESSAGE]"], "predicted_tokens": ["[IN:SEND_MESSAGE", "[SL:TYPE_CONTENT", "@ptr6", "SL:TYPE_CONTENT]", "[SL:RECIPIENT", "@ptr8", "@ptr9", "SL:RECIPIENT]", "IN:SEND_MESSAGE]"]}
{"loss": 1.805228590965271, "class_log_probabilities": [-4.135773658752441, -4.374016761779785, -4.779325485229492, -4.854780673980713], "predictions": [75, 6, 397, 398, 399, 400, 401, 7, 6, 404, 406, 408, 7, 78, 4, 4, 4], "target_tokens": ["[IN:CREATE_CALL", "[SL:CONTACT", "@ptr2", "@ptr3", "@ptr4", "@ptr5", "@ptr6", "SL:CONTACT]", "[SL:CONTACT", "@ptr8", "@ptr9", "@ptr10", "@ptr11", "@ptr12", "SL:CONTACT]", "IN:CREATE_CALL]"], "predicted_tokens": ["[IN:CREATE_CALL", "[SL:CONTACT", "@ptr2", "@ptr3", "@ptr4", "@ptr5", "@ptr6", "SL:CONTACT]", "[SL:CONTACT", "@ptr9", "@ptr11", "@ptr13", "SL:CONTACT]", "IN:CREATE_CALL]"]}
{"loss": 1.9098743200302124, "class_log_probabilities": [-0.8640908002853394, -4.810735702514648, -5.456441879272461, -5.535312652587891], "predictions": [75, 6, 396, 397, 398, 399, 400, 7, 78, 4], "target_tokens": ["[IN:UPDATE_CALL", "[SL:CONTACT_REMOVED", "@ptr1", "@ptr2", "@ptr3", "@ptr4", "@ptr5", "SL:CONTACT_REMOVED]", "IN:UPDATE_CALL]"], "predicted_tokens": ["[IN:CREATE_CALL", "[SL:CONTACT", "@ptr1", "@ptr2", "@ptr3", "@ptr4", "@ptr5", "SL:CONTACT]", "IN:CREATE_CALL]"]}
{"loss": 0.9650797843933105, "class_log_probabilities": [-0.23702944815158844, -5.758803367614746, -5.997435569763184, -6.647354602813721], "predictions": [19, 22, 4], "target_tokens": ["[IN:GET_ALARM", "IN:GET_ALARM]"], "predicted_tokens": ["[IN:GET_ALARM", "IN:GET_ALARM]"]}
{"loss": 2.8187026977539062, "class_log_probabilities": [-0.6242861151695251, -4.889807224273682, -6.461388111114502, -6.570910453796387], "predictions": [75, 6, 397, 398, 399, 400, 7, 78, 4, 4], "target_tokens": ["[IN:CREATE_CALL", "[SL:CONTACT", "@ptr2", "@ptr3", "@ptr4", "SL:CONTACT]", "[SL:ORDINAL", "@ptr5", "SL:ORDINAL]", "IN:CREATE_CALL]"], "predicted_tokens": ["[IN:CREATE_CALL", "[SL:CONTACT", "@ptr2", "@ptr3", "@ptr4", "@ptr5", "SL:CONTACT]", "IN:CREATE_CALL]"]}
{"loss": 4.921791076660156, "class_log_probabilities": [-3.599144220352173, -4.24785852432251, -4.80864143371582, -5.163212299346924], "predictions": [155, 156, 395, 396, 397, 157, 158, 4, 4], "target_tokens": ["[IN:GET_EVENT", "[SL:CATEGORY_EVENT", "@ptr2", "SL:CATEGORY_EVENT]", "IN:GET_EVENT]"], "predicted_tokens": ["[IN:SET_RSVP_YES", "[SL:TITLE_EVENT", "@ptr0", "@ptr1", "@ptr2", "SL:TITLE_EVENT]", "IN:SET_RSVP_YES]"]}
{"loss": 2.809130907058716, "class_log_probabilities": [-1.1143349409103394, -3.0636484622955322, -5.1826491355896, -5.364103317260742], "predictions": [115, 116, 4], "target_tokens": ["[IN:GET_EVENT", "[SL:CATEGORY_EVENT", "@ptr2", "@ptr3", "@ptr4", "SL:CATEGORY_EVENT]", "IN:GET_EVENT]"], "predicted_tokens": ["[IN:GET_TIMER", "IN:GET_TIMER]"]}
{"loss": 1.7543214559555054, "class_log_probabilities": [-3.0728979110717773, -3.1193292140960693, -3.3419406414031982, -4.310081958770752], "predictions": [63, 68, 4], "target_tokens": ["[IN:GET_EVENT", "IN:GET_EVENT]"], "predicted_tokens": ["[IN:PLAY_MUSIC", "IN:PLAY_MUSIC]"]}
{"loss": 0.9735000133514404, "class_log_probabilities": [-0.5297536849975586, -5.918355941772461, -6.1446709632873535, -6.202364444732666], "predictions": [23, 10, 399, 400, 401, 11, 26, 4], "target_tokens": ["[IN:SEND_MESSAGE", "[SL:RECIPIENT", "@ptr4", "@ptr5", "@ptr6", "SL:RECIPIENT]", "IN:SEND_MESSAGE]"], "predicted_tokens": ["[IN:SEND_MESSAGE", "[SL:RECIPIENT", "@ptr4", "@ptr5", "@ptr6", "SL:RECIPIENT]", "IN:SEND_MESSAGE]"]}
{"loss": 1.5962878465652466, "class_log_probabilities": [-2.9941246509552, -3.271780252456665, -3.4987189769744873, -3.6834681034088135], "predictions": [23, 10, 399, 11, 26, 4, 4, 4, 4], "target_tokens": ["[IN:SEND_MESSAGE", "[SL:TYPE_CONTENT", "@ptr2", "SL:TYPE_CONTENT]", "[SL:RECIPIENT", "@ptr4", "@ptr5", "@ptr6", "SL:RECIPIENT]", "IN:SEND_MESSAGE]"], "predicted_tokens": ["[IN:SEND_MESSAGE", "[SL:RECIPIENT", "@ptr4", "SL:RECIPIENT]", "IN:SEND_MESSAGE]"]}
{"loss": 2.069082736968994, "class_log_probabilities": [-1.2175078392028809, -4.246367931365967, -4.609415531158447, -4.640676498413086], "predictions": [23, 8, 400, 9, 10, 402, 403, 404, 405, 406, 11, 26, 4], "target_tokens": ["[IN:SEND_MESSAGE", "[SL:TYPE_CONTENT", "@ptr4", "SL:TYPE_CONTENT]", "[SL:RECIPIENT", "@ptr6", "@ptr7", "@ptr8", "@ptr9", "@ptr10", "SL:RECIPIENT]", "IN:SEND_MESSAGE]"], "predicted_tokens": ["[IN:SEND_MESSAGE", "[SL:TYPE_CONTENT", "@ptr5", "SL:TYPE_CONTENT]", "[SL:RECIPIENT", "@ptr7", "@ptr8", "@ptr9", "@ptr10", "@ptr11", "SL:RECIPIENT]", "IN:SEND_MESSAGE]"]}
{"loss": 1.7070834636688232, "class_log_probabilities": [-2.120634078979492, -2.654914140701294, -4.418653964996338, -4.455113410949707], "predictions": [75, 6, 398, 399, 7, 76, 401, 77, 78, 4, 4], "target_tokens": ["[IN:CREATE_CALL", "[SL:CONTACT", "@ptr2", "@ptr3", "SL:CONTACT]", "[SL:NAME_APP", "@ptr5", "SL:NAME_APP]", "IN:CREATE_CALL]"], "predicted_tokens": ["[IN:CREATE_CALL", "[SL:CONTACT", "@ptr3", "@ptr4", "SL:CONTACT]", "[SL:NAME_APP", "@ptr6", "SL:NAME_APP]", "IN:CREATE_CALL]"]}
{"loss": 1.4450844526290894, "class_log_probabilities": [-1.2859337329864502, -2.08589768409729, -5.727411270141602, -6.238158226013184], "predictions": [75, 6, 397, 398, 399, 400, 401, 402, 7, 78, 4, 4], "target_tokens": ["[IN:CREATE_CALL", "[SL:CONTACT", "@ptr2", "@ptr3", "@ptr4", "@ptr5", "@ptr6", "SL:CONTACT]", "IN:CREATE_CALL]"], "predicted_tokens": ["[IN:CREATE_CALL", "[SL:CONTACT", "@ptr2", "@ptr3", "@ptr4", "@ptr5", "@ptr6", "@ptr7", "SL:CONTACT]", "IN:CREATE_CALL]"]}
{"loss": 0.9796915650367737, "class_log_probabilities": [-1.093753695487976, -2.4173812866210938, -5.226905822753906, -5.259175777435303], "predictions": [75, 6, 397, 398, 399, 400, 401, 402, 7, 78, 4, 4], "target_tokens": ["[IN:CREATE_CALL", "[SL:CONTACT", "@ptr2", "@ptr3", "@ptr4", "@ptr5", "@ptr6", "@ptr7", "SL:CONTACT]", "IN:CREATE_CALL]"], "predicted_tokens": ["[IN:CREATE_CALL", "[SL:CONTACT", "@ptr2", "@ptr3", "@ptr4", "@ptr5", "@ptr6", "@ptr7", "SL:CONTACT]", "IN:CREATE_CALL]"]}
{"loss": 1.0231209993362427, "class_log_probabilities": [-1.6541856527328491, -3.726278305053711, -3.828979730606079, -4.154666423797607], "predictions": [75, 6, 399, 400, 401, 402, 403, 404, 405, 406, 7, 78, 4], "target_tokens": ["[IN:CREATE_CALL", "[SL:CONTACT", "@ptr4", "@ptr5", "@ptr6", "@ptr7", "@ptr8", "@ptr9", "@ptr10", "@ptr11", "SL:CONTACT]", "IN:CREATE_CALL]"], "predicted_tokens": ["[IN:CREATE_CALL", "[SL:CONTACT", "@ptr4", "@ptr5", "@ptr6", "@ptr7", "@ptr8", "@ptr9", "@ptr10", "@ptr11", "SL:CONTACT]", "IN:CREATE_CALL]"]}
{"loss": 1.5976327657699585, "class_log_probabilities": [-0.6314402222633362, -4.576201915740967, -4.862128734588623, -5.07718563079834], "predictions": [81, 6, 398, 7, 82, 4], "target_tokens": ["[IN:END_CALL", "[SL:CONTACT", "@ptr2", "SL:CONTACT]", "IN:END_CALL]"], "predicted_tokens": ["[IN:END_CALL", "[SL:CONTACT", "@ptr3", "SL:CONTACT]", "IN:END_CALL]"]}
{"loss": 3.8403923511505127, "class_log_probabilities": [-0.17653152346611023, -7.46211576461792, -7.472305774688721, -8.098261833190918], "predictions": [81, 82, 4], "target_tokens": ["[IN:HOLD_CALL", "IN:HOLD_CALL]"], "predicted_tokens": ["[IN:END_CALL", "IN:END_CALL]"]}
{"loss": 0.9675445556640625, "class_log_probabilities": [-0.5952105522155762, -5.889494895935059, -6.136667728424072, -7.235782623291016], "predictions": [171, 6, 70, 71, 395, 72, 73, 7, 172, 4], "target_tokens": ["[IN:GET_AVAILABILITY", "[SL:CONTACT", "[IN:GET_CONTACT", "[SL:TYPE_RELATION", "@ptr0", "SL:TYPE_RELATION]", "IN:GET_CONTACT]", "SL:CONTACT]", "IN:GET_AVAILABILITY]"], "predicted_tokens": ["[IN:GET_AVAILABILITY", "[SL:CONTACT", "[IN:GET_CONTACT", "[SL:TYPE_RELATION", "@ptr0", "SL:TYPE_RELATION]", "IN:GET_CONTACT]", "SL:CONTACT]", "IN:GET_AVAILABILITY]"]}
{"loss": 0.993493378162384, "class_log_probabilities": [-0.18691913783550262, -5.836118698120117, -6.284740447998047, -6.394774913787842], "predictions": [69, 74, 4, 4], "target_tokens": ["[IN:GET_CALL_TIME", "IN:GET_CALL_TIME]"], "predicted_tokens": ["[IN:GET_CALL_TIME", "IN:GET_CALL_TIME]"]}
{"loss": 2.1433053016662598, "class_log_probabilities": [-0.8911024332046509, -4.810504913330078, -7.692547798156738, -8.657668113708496], "predictions": [75, 6, 70, 71, 398, 72, 73, 7, 78, 4, 4, 4, 4, 4, 4], "target_tokens": ["[IN:CREATE_CALL", "[SL:CONTACT", "[IN:GET_CONTACT", "[SL:CONTACT_RELATED", "@ptr3", "@ptr4", "SL:CONTACT_RELATED]", "[SL:TYPE_RELATION", "@ptr2", "SL:TYPE_RELATION]", "IN:GET_CONTACT]", "SL:CONTACT]", "IN:CREATE_CALL]"], "predicted_tokens": ["[IN:CREATE_CALL", "[SL:CONTACT", "[IN:GET_CONTACT", "[SL:TYPE_RELATION", "@ptr3", "SL:TYPE_RELATION]", "IN:GET_CONTACT]", "SL:CONTACT]", "IN:CREATE_CALL]"]}
{"loss": 0.9612458348274231, "class_log_probabilities": [-0.35064107179641724, -8.041695594787598, -8.455940246582031, -8.583648681640625], "predictions": [75, 6, 396, 7, 78, 4, 4, 4], "target_tokens": ["[IN:CREATE_CALL", "[SL:CONTACT", "@ptr1", "SL:CONTACT]", "IN:CREATE_CALL]"], "predicted_tokens": ["[IN:CREATE_CALL", "[SL:CONTACT", "@ptr1", "SL:CONTACT]", "IN:CREATE_CALL]"]}
{"loss": 2.1972525119781494, "class_log_probabilities": [-1.2112401723861694, -3.040412187576294, -3.9484148025512695, -5.648015022277832], "predictions": [75, 6, 70, 71, 397, 72, 73, 7, 78, 4, 4, 4, 4], "target_tokens": ["[IN:CREATE_CALL", "[SL:CONTACT", "[IN:GET_CONTACT", "[SL:CONTACT_RELATED", "@ptr3", "@ptr4", "SL:CONTACT_RELATED]", "[SL:TYPE_RELATION", "@ptr2", "SL:TYPE_RELATION]", "IN:GET_CONTACT]", "SL:CONTACT]", "IN:CREATE_CALL]"], "predicted_tokens": ["[IN:CREATE_CALL", "[SL:CONTACT", "[IN:GET_CONTACT", "[SL:TYPE_RELATION", "@ptr2", "SL:TYPE_RELATION]", "IN:GET_CONTACT]", "SL:CONTACT]", "IN:CREATE_CALL]"]}
{"loss": 0.9778239130973816, "class_log_probabilities": [-0.15707674622535706, -8.24416732788086, -8.452417373657227, -8.555370330810547], "predictions": [81, 82, 4, 4], "target_tokens": ["[IN:END_CALL", "IN:END_CALL]"], "predicted_tokens": ["[IN:END_CALL", "IN:END_CALL]"]}
{"loss": 0.9596733450889587, "class_log_probabilities": [-0.38725006580352783, -7.638389587402344, -7.9501118659973145, -8.115716934204102], "predictions": [75, 6, 398, 7, 78, 4, 4, 4], "target_tokens": ["[IN:CREATE_CALL", "[SL:CONTACT", "@ptr3", "SL:CONTACT]", "IN:CREATE_CALL]"], "predicted_tokens": ["[IN:CREATE_CALL", "[SL:CONTACT", "@ptr3", "SL:CONTACT]", "IN:CREATE_CALL]"]}
{"loss": 2.699601411819458, "class_log_probabilities": [-0.9416820406913757, -4.757333755493164, -4.795987606048584, -5.215062141418457], "predictions": [63, 66, 396, 397, 67, 66, 399, 400, 401, 67, 68, 4, 4], "target_tokens": ["[IN:PLAY_MUSIC", "[SL:MUSIC_ALBUM_TITLE", "@ptr1", "@ptr2", "SL:MUSIC_ALBUM_TITLE]", "[SL:MUSIC_PROVIDER_NAME", "@ptr4", "@ptr5", "@ptr6", "SL:MUSIC_PROVIDER_NAME]", "IN:PLAY_MUSIC]"], "predicted_tokens": ["[IN:PLAY_MUSIC", "[SL:MUSIC_ARTIST_NAME", "@ptr1", "@ptr2", "SL:MUSIC_ARTIST_NAME]", "[SL:MUSIC_ARTIST_NAME", "@ptr4", "@ptr5", "@ptr6", "SL:MUSIC_ARTIST_NAME]", "IN:PLAY_MUSIC]"]}
{"loss": 2.813066244125366, "class_log_probabilities": [-2.0075087547302246, -2.349926233291626, -4.173166275024414, -4.2236647605896], "predictions": [13, 14, 397, 15, 16, 399, 400, 401, 402, 17, 18, 4, 4], "target_tokens": ["[IN:GET_WEATHER", "[SL:LOCATION", "@ptr2", "SL:LOCATION]", "[SL:DATE_TIME", "@ptr3", "@ptr4", "@ptr5", "@ptr6", "SL:DATE_TIME]", "IN:GET_WEATHER]"], "predicted_tokens": ["[IN:GET_WEATHER", "[SL:LOCATION", "@ptr2", "SL:LOCATION]", "[SL:DATE_TIME", "@ptr4", "@ptr5", "@ptr6", "@ptr7", "SL:DATE_TIME]", "IN:GET_WEATHER]"]}
{"loss": 2.317782402038574, "class_log_probabilities": [-0.7917962074279785, -3.295665740966797, -4.671329975128174, -5.742591381072998], "predictions": [13, 16, 397, 398, 399, 400, 17, 14, 402, 15, 18, 4, 4], "target_tokens": ["[IN:GET_WEATHER", "[SL:DATE_TIME", "@ptr1", "@ptr2", "@ptr3", "@ptr4", "SL:DATE_TIME]", "[SL:LOCATION", "@ptr6", "SL:LOCATION]", "IN:GET_WEATHER]"], "predicted_tokens": ["[IN:GET_WEATHER", "[SL:DATE_TIME", "@ptr2", "@ptr3", "@ptr4", "@ptr5", "SL:DATE_TIME]", "[SL:LOCATION", "@ptr7", "SL:LOCATION]", "IN:GET_WEATHER]"]}
{"loss": 2.3192851543426514, "class_log_probabilities": [-1.2355650663375854, -1.28507399559021, -2.445060968399048, -6.349063873291016], "predictions": [13, 14, 399, 400, 401, 15, 18, 4, 4], "target_tokens": ["[IN:GET_WEATHER", "[SL:LOCATION", "@ptr3", "@ptr4", "@ptr5", "SL:LOCATION]", "IN:GET_WEATHER]"], "predicted_tokens": ["[IN:GET_WEATHER", "[SL:LOCATION", "@ptr4", "@ptr5", "@ptr6", "SL:LOCATION]", "IN:GET_WEATHER]"]}
{"loss": 0.9615489840507507, "class_log_probabilities": [-0.8030913472175598, -4.531039237976074, -5.416462421417236, -5.9737162590026855], "predictions": [13, 16, 396, 397, 17, 18, 4, 4], "target_tokens": ["[IN:GET_WEATHER", "[SL:DATE_TIME", "@ptr1", "@ptr2", "SL:DATE_TIME]", "IN:GET_WEATHER]"], "predicted_tokens": ["[IN:GET_WEATHER", "[SL:DATE_TIME", "@ptr1", "@ptr2", "SL:DATE_TIME]", "IN:GET_WEATHER]"]}
{"loss": 3.2381272315979004, "class_log_probabilities": [-0.5832374691963196, -5.123798370361328, -6.820553302764893, -6.917820930480957], "predictions": [13, 16, 398, 399, 400, 17, 18, 4, 4], "target_tokens": ["[IN:GET_WEATHER", "[SL:DATE_TIME", "@ptr2", "@ptr3", "@ptr4", "SL:DATE_TIME]", "IN:GET_WEATHER]"], "predicted_tokens": ["[IN:GET_WEATHER", "[SL:DATE_TIME", "@ptr3", "@ptr4", "@ptr5", "SL:DATE_TIME]", "IN:GET_WEATHER]"]}
{"loss": 0.9651774168014526, "class_log_probabilities": [-0.5868530869483948, -6.1331586837768555, -6.700862884521484, -6.812283992767334], "predictions": [13, 14, 398, 399, 400, 401, 15, 18, 4], "target_tokens": ["[IN:GET_WEATHER", "[SL:LOCATION", "@ptr3", "@ptr4", "@ptr5", "@ptr6", "SL:LOCATION]", "IN:GET_WEATHER]"], "predicted_tokens": ["[IN:GET_WEATHER", "[SL:LOCATION", "@ptr3", "@ptr4", "@ptr5", "@ptr6", "SL:LOCATION]", "IN:GET_WEATHER]"]}
{"loss": 3.6311302185058594, "class_log_probabilities": [-1.3905160427093506, -3.466270923614502, -3.5407636165618896, -3.77538800239563], "predictions": [255, 16, 402, 403, 404, 17, 256, 4, 4], "target_tokens": ["[IN:SNOOZE_ALARM", "[SL:DATE_TIME", "@ptr4", "@ptr5", "@ptr6", "@ptr7", "SL:DATE_TIME]", "IN:SNOOZE_ALARM]"], "predicted_tokens": ["[IN:PAUSE_TIMER", "[SL:DATE_TIME", "@ptr7", "@ptr8", "@ptr9", "SL:DATE_TIME]", "IN:PAUSE_TIMER]"]}
{"loss": 0.9585566520690918, "class_log_probabilities": [-0.1956547051668167, -7.714929580688477, -7.894200325012207, -8.007987022399902], "predictions": [45, 46, 4], "target_tokens": ["[IN:CREATE_ALARM", "IN:CREATE_ALARM]"], "predicted_tokens": ["[IN:CREATE_ALARM", "IN:CREATE_ALARM]"]}
{"loss": 0.9799869656562805, "class_log_probabilities": [-0.16286370158195496, -7.689453125, -7.91657018661499, -8.076001167297363], "predictions": [213, 214, 4], "target_tokens": ["[IN:SILENCE_ALARM", "IN:SILENCE_ALARM]"], "predicted_tokens": ["[IN:SILENCE_ALARM", "IN:SILENCE_ALARM]"]}
{"loss": 2.506657123565674, "class_log_probabilities": [-2.1573028564453125, -2.202073335647583, -3.0881118774414062, -3.7347679138183594], "predictions": [89, 16, 402, 403, 404, 17, 92, 4, 4, 4], "target_tokens": ["[IN:CREATE_ALARM", "[SL:DATE_TIME", "@ptr6", "@ptr7", "@ptr8", "@ptr9", "SL:DATE_TIME]", "IN:CREATE_ALARM]"], "predicted_tokens": ["[IN:CREATE_TIMER", "[SL:DATE_TIME", "@ptr7", "@ptr8", "@ptr9", "SL:DATE_TIME]", "IN:CREATE_TIMER]"]}
{"loss": 2.684455156326294, "class_log_probabilities": [-2.517164468765259, -2.785367965698242, -3.9032442569732666, -4.252134799957275], "predictions": [49, 34, 397, 35, 16, 398, 399, 17, 50, 4, 4], "target_tokens": ["[IN:CREATE_ALARM", "[SL:DATE_TIME", "@ptr3", "@ptr4", "SL:DATE_TIME]", "IN:CREATE_ALARM]"], "predicted_tokens": ["[IN:CREATE_REMINDER", "[SL:PERSON_REMINDED", "@ptr2", "SL:PERSON_REMINDED]", "[SL:DATE_TIME", "@ptr3", "@ptr4", "SL:DATE_TIME]", "IN:CREATE_REMINDER]"]}
{"loss": 2.3417484760284424, "class_log_probabilities": [-2.0191965103149414, -2.0568814277648926, -4.129960060119629, -4.386768341064453], "predictions": [45, 16, 399, 400, 401, 402, 403, 17, 46, 4, 4], "target_tokens": ["[IN:CREATE_ALARM", "[SL:DATE_TIME", "@ptr3", "@ptr4", "@ptr5", "@ptr6", "@ptr7", "SL:DATE_TIME]", "IN:CREATE_ALARM]"], "predicted_tokens": ["[IN:CREATE_ALARM", "[SL:DATE_TIME", "@ptr4", "@ptr5", "@ptr6", "@ptr7", "@ptr8", "SL:DATE_TIME]", "IN:CREATE_ALARM]"]}
{"loss": 2.627692222595215, "class_log_probabilities": [-3.7382891178131104, -5.459722995758057, -9.81954574584961, -43.91453552246094], "predictions": [45, 16, 402, 403, 405, 407, 17, 46, 4, 4, 4, 4, 4, 4, 4, 4, 4, 4, 4, 4, 4, 4, 4, 4, 4, 4, 4, 4, 4, 4, 4, 4, 4, 4, 4, 4], "target_tokens": ["[IN:CREATE_ALARM", "[SL:DATE_TIME", "@ptr6", "@ptr7", "@ptr8", "@ptr9", "@ptr10", "@ptr11", "@ptr12", "@ptr13", "@ptr14", "@ptr15", "@ptr16", "SL:DATE_TIME]", "IN:CREATE_ALARM]"], "predicted_tokens": ["[IN:CREATE_ALARM", "[SL:DATE_TIME", "@ptr7", "@ptr8", "@ptr10", "@ptr12", "SL:DATE_TIME]", "IN:CREATE_ALARM]"]}
{"loss": 2.1445679664611816, "class_log_probabilities": [-2.4568965435028076, -3.000516653060913, -7.259509563446045, -11.486376762390137], "predictions": [45, 16, 395, 396, 17, 16, 400, 401, 402, 403, 404, 405, 406, 407, 17, 46, 4, 4, 4, 4, 4, 4, 4], "target_tokens": ["[IN:CREATE_ALARM", "[SL:DATE_TIME", "@ptr0", "@ptr1", "@ptr4", "@ptr5", "@ptr6", "@ptr7", "@ptr8", "@ptr9", "@ptr10", "SL:DATE_TIME]", "IN:CREATE_ALARM]"], "predicted_tokens": ["[IN:CREATE_ALARM", "[SL:DATE_TIME", "@ptr0", "@ptr1", "SL:DATE_TIME]", "[SL:DATE_TIME", "@ptr5", "@ptr6", "@ptr7", "@ptr8", "@ptr9", "@ptr10", "@ptr11", "@ptr12", "SL:DATE_TIME]", "IN:CREATE_ALARM]"]}
{"loss": 4.055016040802002, "class_log_probabilities": [-1.8640697002410889, -4.05369758605957, -4.193179607391357, -5.09776496887207], "predictions": [45, 16, 402, 403, 404, 405, 17, 46, 4], "target_tokens": ["[IN:UPDATE_ALARM", "[SL:DATE_TIME", "@ptr5", "@ptr6", "@ptr7", "@ptr8", "SL:DATE_TIME]", "IN:UPDATE_ALARM]"], "predicted_tokens": ["[IN:CREATE_ALARM", "[SL:DATE_TIME", "@ptr7", "@ptr8", "@ptr9", "@ptr10", "SL:DATE_TIME]", "IN:CREATE_ALARM]"]}
{"loss": 3.2060229778289795, "class_log_probabilities": [-3.971574306488037, -4.2652997970581055, -4.404469013214111, -4.559013843536377], "predictions": [227, 16, 402, 403, 404, 17, 228, 4, 4], "target_tokens": ["[IN:UPDATE_ALARM", "[SL:DATE_TIME", "@ptr5", "@ptr6", "@ptr7", "@ptr8", "SL:DATE_TIME]", "IN:UPDATE_ALARM]"], "predicted_tokens": ["[IN:UPDATE_TIMER", "[SL:DATE_TIME", "@ptr7", "@ptr8", "@ptr9", "SL:DATE_TIME]", "IN:UPDATE_TIMER]"]}
{"loss": 0.9910080432891846, "class_log_probabilities": [-0.15033379197120667, -6.852569103240967, -7.663967132568359, -7.703759670257568], "predictions": [5, 12, 4, 4], "target_tokens": ["[IN:GET_MESSAGE", "IN:GET_MESSAGE]"], "predicted_tokens": ["[IN:GET_MESSAGE", "IN:GET_MESSAGE]"]}
{"loss": 0.9714615345001221, "class_log_probabilities": [-0.19994059205055237, -7.157753944396973, -7.882884502410889, -8.006078720092773], "predictions": [5, 12, 4, 4, 4, 4], "target_tokens": ["[IN:GET_MESSAGE", "IN:GET_MESSAGE]"], "predicted_tokens": ["[IN:GET_MESSAGE", "IN:GET_MESSAGE]"]}
{"loss": 2.4215140342712402, "class_log_probabilities": [-0.42291194200515747, -3.5048065185546875, -6.422015190124512, -6.769749164581299], "predictions": [23, 10, 398, 11, 26, 4, 4], "target_tokens": ["[IN:SEND_MESSAGE", "[SL:RECIPIENT", "@ptr3", "SL:RECIPIENT]", "[SL:CONTENT_EXACT", "@ptr8", "@ptr9", "SL:CONTENT_EXACT]", "IN:SEND_MESSAGE]"], "predicted_tokens": ["[IN:SEND_MESSAGE", "[SL:RECIPIENT", "@ptr3", "SL:RECIPIENT]", "IN:SEND_MESSAGE]"]}
{"loss": 2.1475164890289307, "class_log_probabilities": [-1.1815334558486938, -3.698744297027588, -4.230125427246094, -5.050438404083252], "predictions": [45, 16, 399, 400, 401, 17, 46, 4, 4, 4, 4], "target_tokens": ["[IN:CREATE_ALARM", "[SL:DATE_TIME", "@ptr3", "@ptr4", "@ptr5", "@ptr6", "SL:DATE_TIME]", "IN:CREATE_ALARM]"], "predicted_tokens": ["[IN:CREATE_ALARM", "[SL:DATE_TIME", "@ptr4", "@ptr5", "@ptr6", "SL:DATE_TIME]", "IN:CREATE_ALARM]"]}
{"loss": 5.132004737854004, "class_log_probabilities": [-2.5591115951538086, -4.254499912261963, -4.501357078552246, -4.55423641204834], "predictions": [75, 6, 413, 399, 7, 78, 4, 4], "target_tokens": ["[IN:GET_CALL", "[SL:AMOUNT", "@ptr9", "SL:AMOUNT]", "[SL:CONTACT", "@ptr11", "@ptr12", "SL:CONTACT]", "IN:GET_CALL]"], "predicted_tokens": ["[IN:CREATE_CALL", "[SL:CONTACT", "@ptr18", "@ptr4", "SL:CONTACT]", "IN:CREATE_CALL]"]}
{"loss": 0.9579824209213257, "class_log_probabilities": [-0.46774789690971375, -7.040249824523926, -7.6574811935424805, -7.793605804443359], "predictions": [75, 6, 397, 398, 7, 78, 4, 4, 4], "target_tokens": ["[IN:CREATE_CALL", "[SL:CONTACT", "@ptr2", "@ptr3", "SL:CONTACT]", "IN:CREATE_CALL]"], "predicted_tokens": ["[IN:CREATE_CALL", "[SL:CONTACT", "@ptr2", "@ptr3", "SL:CONTACT]", "IN:CREATE_CALL]"]}
{"loss": 2.5376439094543457, "class_log_probabilities": [-1.6039139032363892, -3.752708673477173, -5.8103203773498535, -6.020867824554443], "predictions": [89, 90, 397, 91, 16, 399, 400, 401, 402, 403, 17, 92, 4, 4], "target_tokens": ["[IN:CREATE_ALARM", "[SL:ALARM_NAME", "@ptr1", "@ptr2", "@ptr3", "SL:ALARM_NAME]", "[SL:DATE_TIME", "@ptr4", "@ptr5", "@ptr6", "@ptr7", "SL:DATE_TIME]", "IN:CREATE_ALARM]"], "predicted_tokens": ["[IN:CREATE_TIMER", "[SL:METHOD_TIMER", "@ptr2", "SL:METHOD_TIMER]", "[SL:DATE_TIME", "@ptr4", "@ptr5", "@ptr6", "@ptr7", "@ptr8", "SL:DATE_TIME]", "IN:CREATE_TIMER]"]}
{"loss": 4.737975597381592, "class_log_probabilities": [-1.9556852579116821, -3.301771640777588, -3.417407274246216, -8.088106155395508], "predictions": [241, 242, 4, 4, 4, 4, 4, 4], "target_tokens": ["[IN:SNOOZE_ALARM", "IN:SNOOZE_ALARM]"], "predicted_tokens": ["[IN:SKIP_TRACK_MUSIC", "IN:SKIP_TRACK_MUSIC]"]}
{"loss": 3.7399232387542725, "class_log_probabilities": [-2.090425491333008, -2.7880022525787354, -4.45856237411499, -4.656908988952637], "predictions": [227, 16, 404, 406, 17, 228, 4, 4], "target_tokens": ["[IN:UPDATE_ALARM", "[SL:DATE_TIME", "@ptr7", "@ptr8", "@ptr9", "@ptr10", "SL:DATE_TIME]", "IN:UPDATE_ALARM]"], "predicted_tokens": ["[IN:UPDATE_TIMER", "[SL:DATE_TIME", "@ptr9", "@ptr11", "SL:DATE_TIME]", "IN:UPDATE_TIMER]"]}
{"loss": 4.566925048828125, "class_log_probabilities": [-4.313141345977783, -4.492481231689453, -5.303915977478027, -5.476412296295166], "predictions": [117, 118, 4, 4, 4, 4], "target_tokens": ["[IN:GET_ALARM", "[SL:ORDINAL", "@ptr3", "@ptr4", "@ptr5", "SL:ORDINAL]", "IN:GET_ALARM]"], "predicted_tokens": ["[IN:GET_REMINDER_DATE_TIME", "IN:GET_REMINDER_DATE_TIME]"]}
{"loss": 3.9497241973876953, "class_log_probabilities": [-0.5069822072982788, -4.754873275756836, -6.853764057159424, -7.059230804443359], "predictions": [13, 16, 400, 401, 17, 18, 4, 4], "target_tokens": ["[IN:GET_WEATHER", "[SL:DATE_TIME", "@ptr3", "@ptr4", "@ptr5", "SL:DATE_TIME]", "IN:GET_WEATHER]"], "predicted_tokens": ["[IN:GET_WEATHER", "[SL:DATE_TIME", "@ptr5", "@ptr6", "SL:DATE_TIME]", "IN:GET_WEATHER]"]}
{"loss": 3.1802923679351807, "class_log_probabilities": [-0.9271686673164368, -2.8359415531158447, -3.4242827892303467, -3.708054780960083], "predictions": [13, 16, 403, 404, 405, 17, 18, 4], "target_tokens": ["[IN:GET_WEATHER", "[SL:DATE_TIME", "@ptr6", "@ptr7", "@ptr8", "SL:DATE_TIME]", "IN:GET_WEATHER]"], "predicted_tokens": ["[IN:GET_WEATHER", "[SL:DATE_TIME", "@ptr8", "@ptr9", "@ptr10", "SL:DATE_TIME]", "IN:GET_WEATHER]"]}
{"loss": 1.7298246622085571, "class_log_probabilities": [-1.075749397277832, -2.321014404296875, -3.596367597579956, -5.2615647315979], "predictions": [13, 79, 398, 80, 16, 401, 402, 17, 18, 4, 4], "target_tokens": ["[IN:GET_WEATHER", "[SL:WEATHER_ATTRIBUTE", "@ptr3", "SL:WEATHER_ATTRIBUTE]", "[SL:DATE_TIME", "@ptr5", "@ptr6", "SL:DATE_TIME]", "IN:GET_WEATHER]"], "predicted_tokens": ["[IN:GET_WEATHER", "[SL:WEATHER_ATTRIBUTE", "@ptr3", "SL:WEATHER_ATTRIBUTE]", "[SL:DATE_TIME", "@ptr6", "@ptr7", "SL:DATE_TIME]", "IN:GET_WEATHER]"]}
{"loss": 3.1599690914154053, "class_log_probabilities": [-2.0986316204071045, -2.772624969482422, -3.891292095184326, -4.207003593444824], "predictions": [13, 14, 399, 15, 16, 402, 403, 404, 405, 406, 407, 408, 17, 18, 4, 4], "target_tokens": ["[IN:GET_WEATHER", "[SL:DATE_TIME", "@ptr6", "@ptr7", "@ptr8", "@ptr9", "@ptr10", "@ptr11", "SL:DATE_TIME]", "[SL:LOCATION", "@ptr4", "SL:LOCATION]", "IN:GET_WEATHER]"], "predicted_tokens": ["[IN:GET_WEATHER", "[SL:LOCATION", "@ptr4", "SL:LOCATION]", "[SL:DATE_TIME", "@ptr7", "@ptr8", "@ptr9", "@ptr10", "@ptr11", "@ptr12", "@ptr13", "SL:DATE_TIME]", "IN:GET_WEATHER]"]}
{"loss": 4.294585227966309, "class_log_probabilities": [-1.6525249481201172, -2.3222320079803467, -2.875110149383545, -3.5721595287323], "predictions": [13, 16, 395, 396, 397, 17, 14, 403, 15, 79, 406, 80, 18, 4, 4, 4], "target_tokens": ["[IN:GET_WEATHER", "[SL:WEATHER_ATTRIBUTE", "@ptr9", "@ptr10", "SL:WEATHER_ATTRIBUTE]", "[SL:DATE_TIME", "@ptr0", "@ptr1", "@ptr2", "SL:DATE_TIME]", "[SL:LOCATION", "@ptr7", "SL:LOCATION]", "IN:GET_WEATHER]"], "predicted_tokens": ["[IN:GET_WEATHER", "[SL:DATE_TIME", "@ptr0", "@ptr1", "@ptr2", "SL:DATE_TIME]", "[SL:LOCATION", "@ptr8", "SL:LOCATION]", "[SL:WEATHER_ATTRIBUTE", "@ptr11", "SL:WEATHER_ATTRIBUTE]", "IN:GET_WEATHER]"]}
{"loss": 3.4237990379333496, "class_log_probabilities": [-0.6756042838096619, -4.5349650382995605, -6.426513671875, -7.072636604309082], "predictions": [13, 16, 395, 396, 397, 17, 79, 402, 80, 18, 4, 4, 4, 4], "target_tokens": ["[IN:GET_WEATHER", "[SL:WEATHER_ATTRIBUTE", "@ptr6", "SL:WEATHER_ATTRIBUTE]", "[SL:DATE_TIME", "@ptr0", "@ptr1", "@ptr2", "SL:DATE_TIME]", "IN:GET_WEATHER]"], "predicted_tokens": ["[IN:GET_WEATHER", "[SL:DATE_TIME", "@ptr0", "@ptr1", "@ptr2", "SL:DATE_TIME]", "[SL:WEATHER_ATTRIBUTE", "@ptr7", "SL:WEATHER_ATTRIBUTE]", "IN:GET_WEATHER]"]}
{"loss": 1.03145170211792, "class_log_probabilities": [-1.068459153175354, -3.348132610321045, -3.919616222381592, -4.006239414215088], "predictions": [13, 135, 398, 136, 18, 4, 4, 4, 4], "target_tokens": ["[IN:GET_WEATHER", "[SL:WEATHER_TEMPERATURE_UNIT", "@ptr3", "SL:WEATHER_TEMPERATURE_UNIT]", "IN:GET_WEATHER]"], "predicted_tokens": ["[IN:GET_WEATHER", "[SL:WEATHER_TEMPERATURE_UNIT", "@ptr3", "SL:WEATHER_TEMPERATURE_UNIT]", "IN:GET_WEATHER]"]}
{"loss": 3.57220458984375, "class_log_probabilities": [-8.960573196411133, -9.457476615905762, -10.367149353027344, -10.443275451660156], "predictions": [13, 79, 397, 398, 399, 80, 14, 404, 405, 406, 15, 18, 4, 4, 4], "target_tokens": ["[IN:GET_WEATHER", "[SL:LOCATION", "@ptr5", "@ptr6", "@ptr7", "@ptr8", "@ptr9", "SL:LOCATION]", "IN:GET_WEATHER]"], "predicted_tokens": ["[IN:GET_WEATHER", "[SL:WEATHER_ATTRIBUTE", "@ptr2", "@ptr3", "@ptr4", "SL:WEATHER_ATTRIBUTE]", "[SL:LOCATION", "@ptr9", "@ptr10", "@ptr11", "SL:LOCATION]", "IN:GET_WEATHER]"]}
{"loss": 1.2016775608062744, "class_log_probabilities": [-2.913405179977417, -3.151212453842163, -3.171287775039673, -3.7111899852752686], "predictions": [13, 14, 399, 15, 18, 4, 4, 4, 4, 4, 4, 4, 4, 4, 4], "target_tokens": ["[IN:GET_WEATHER", "[SL:LOCATION", "@ptr4", "@ptr5", "@ptr6", "@ptr7", "@ptr8", "@ptr9", "@ptr10", "@ptr11", "SL:LOCATION]", "IN:GET_WEATHER]"], "predicted_tokens": ["[IN:GET_WEATHER", "[SL:LOCATION", "@ptr4", "SL:LOCATION]", "IN:GET_WEATHER]"]}
{"loss": 1.1848543882369995, "class_log_probabilities": [-1.0427063703536987, -2.054227113723755, -6.781017780303955, -7.82835054397583], "predictions": [13, 14, 397, 398, 15, 18, 4, 4], "target_tokens": ["[IN:GET_WEATHER", "[SL:LOCATION", "@ptr2", "SL:LOCATION]", "IN:GET_WEATHER]"], "predicted_tokens": ["[IN:GET_WEATHER", "[SL:LOCATION", "@ptr2", "@ptr3", "SL:LOCATION]", "IN:GET_WEATHER]"]}
{"loss": 0.9706879258155823, "class_log_probabilities": [-0.5439838171005249, -2.859466314315796, -6.779799938201904, -7.273409843444824], "predictions": [13, 14, 398, 15, 18, 4, 4], "target_tokens": ["[IN:GET_WEATHER", "[SL:LOCATION", "@ptr3", "SL:LOCATION]", "IN:GET_WEATHER]"], "predicted_tokens": ["[IN:GET_WEATHER", "[SL:LOCATION", "@ptr3", "SL:LOCATION]", "IN:GET_WEATHER]"]}
{"loss": 3.996570348739624, "class_log_probabilities": [-0.5493191480636597, -3.252821445465088, -4.288162708282471, -4.435245513916016], "predictions": [13, 14, 403, 404, 405, 15, 18, 4, 4], "target_tokens": ["[IN:GET_WEATHER", "[SL:WEATHER_ATTRIBUTE", "@ptr10", "SL:WEATHER_ATTRIBUTE]", "[SL:LOCATION", "@ptr7", "@ptr8", "@ptr9", "SL:LOCATION]", "IN:GET_WEATHER]"], "predicted_tokens": ["[IN:GET_WEATHER", "[SL:LOCATION", "@ptr8", "@ptr9", "@ptr10", "SL:LOCATION]", "IN:GET_WEATHER]"]}
{"loss": 2.103360176086426, "class_log_probabilities": [-2.253352403640747, -2.88736891746521, -3.1433143615722656, -4.1152143478393555], "predictions": [13, 14, 399, 400, 401, 402, 403, 404, 405, 406, 407, 15, 18, 4, 4], "target_tokens": ["[IN:GET_WEATHER", "[SL:LOCATION", "@ptr3", "@ptr4", "@ptr5", "@ptr6", "@ptr7", "@ptr8", "@ptr9", "@ptr10", "SL:LOCATION]", "IN:GET_WEATHER]"], "predicted_tokens": ["[IN:GET_WEATHER", "[SL:LOCATION", "@ptr4", "@ptr5", "@ptr6", "@ptr7", "@ptr8", "@ptr9", "@ptr10", "@ptr11", "@ptr12", "SL:LOCATION]", "IN:GET_WEATHER]"]}
{"loss": 1.66557776927948, "class_log_probabilities": [-1.194620966911316, -1.950197696685791, -3.267326593399048, -3.428499937057495], "predictions": [13, 16, 403, 404, 17, 14, 406, 15, 18, 4, 4], "target_tokens": ["[IN:GET_WEATHER", "[SL:DATE_TIME", "@ptr8", "@ptr9", "SL:DATE_TIME]", "[SL:LOCATION", "@ptr11", "@ptr12", "@ptr13", "SL:LOCATION]", "IN:GET_WEATHER]"], "predicted_tokens": ["[IN:GET_WEATHER", "[SL:DATE_TIME", "@ptr8", "@ptr9", "SL:DATE_TIME]", "[SL:LOCATION", "@ptr11", "SL:LOCATION]", "IN:GET_WEATHER]"]}
{"loss": 0.9802279472351074, "class_log_probabilities": [-0.32945460081100464, -4.0266852378845215, -5.222851276397705, -6.377310752868652], "predictions": [213, 214, 4], "target_tokens": ["[IN:SILENCE_ALARM", "IN:SILENCE_ALARM]"], "predicted_tokens": ["[IN:SILENCE_ALARM", "IN:SILENCE_ALARM]"]}
{"loss": 2.788252592086792, "class_log_probabilities": [-3.4966557025909424, -3.8611814975738525, -4.184830665588379, -4.816152095794678], "predictions": [89, 90, 396, 91, 16, 401, 402, 403, 404, 17, 92, 4, 4], "target_tokens": ["[IN:CREATE_ALARM", "[SL:DATE_TIME", "@ptr5", "@ptr6", "@ptr7", "SL:DATE_TIME]", "IN:CREATE_ALARM]"], "predicted_tokens": ["[IN:CREATE_TIMER", "[SL:METHOD_TIMER", "@ptr1", "SL:METHOD_TIMER]", "[SL:DATE_TIME", "@ptr6", "@ptr7", "@ptr8", "@ptr9", "SL:DATE_TIME]", "IN:CREATE_TIMER]"]}
{"loss": 2.369159460067749, "class_log_probabilities": [-1.2253597974777222, -2.978715181350708, -4.223028659820557, -5.228851795196533], "predictions": [45, 16, 399, 400, 401, 402, 403, 404, 405, 17, 46, 4], "target_tokens": ["[IN:CREATE_ALARM", "[SL:DATE_TIME", "@ptr3", "@ptr4", "@ptr5", "@ptr6", "@ptr7", "@ptr8", "SL:DATE_TIME]", "IN:CREATE_ALARM]"], "predicted_tokens": ["[IN:CREATE_ALARM", "[SL:DATE_TIME", "@ptr4", "@ptr5", "@ptr6", "@ptr7", "@ptr8", "@ptr9", "@ptr10", "SL:DATE_TIME]", "IN:CREATE_ALARM]"]}
{"loss": 1.9678595066070557, "class_log_probabilities": [-1.077358603477478, -3.7757034301757812, -3.9959166049957275, -4.556066036224365], "predictions": [45, 16, 399, 400, 401, 402, 403, 404, 405, 406, 407, 17, 46, 4, 4], "target_tokens": ["[IN:CREATE_ALARM", "[SL:DATE_TIME", "@ptr3", "@ptr4", "@ptr5", "@ptr6", "@ptr7", "@ptr8", "@ptr9", "@ptr10", "SL:DATE_TIME]", "IN:CREATE_ALARM]"], "predicted_tokens": ["[IN:CREATE_ALARM", "[SL:DATE_TIME", "@ptr4", "@ptr5", "@ptr6", "@ptr7", "@ptr8", "@ptr9", "@ptr10", "@ptr11", "@ptr12", "SL:DATE_TIME]", "IN:CREATE_ALARM]"]}
{"loss": 2.8963966369628906, "class_log_probabilities": [-3.192113161087036, -3.801607131958008, -5.284205436706543, -5.323089122772217], "predictions": [49, 16, 401, 402, 403, 404, 405, 406, 17, 50, 4, 4, 4, 4], "target_tokens": ["[IN:CREATE_ALARM", "[SL:AMOUNT", "@ptr5", "@ptr6", "SL:AMOUNT]", "[SL:DATE_TIME", "@ptr7", "@ptr8", "@ptr9", "@ptr10", "@ptr11", "@ptr12", "@ptr13", "@ptr14", "@ptr15", "@ptr16", "@ptr17", "@ptr18", "@ptr19", "@ptr20", "@ptr21", "SL:DATE_TIME]", "IN:CREATE_ALARM]"], "predicted_tokens": ["[IN:CREATE_REMINDER", "[SL:DATE_TIME", "@ptr6", "@ptr7", "@ptr8", "@ptr9", "@ptr10", "@ptr11", "SL:DATE_TIME]", "IN:CREATE_REMINDER]"]}
{"loss": 2.6450893878936768, "class_log_probabilities": [-3.5384771823883057, -5.1341233253479, -5.576108455657959, -6.442421913146973], "predictions": [49, 16, 401, 402, 403, 404, 405, 406, 17, 50, 4, 4, 4, 4, 4], "target_tokens": ["[IN:CREATE_ALARM", "[SL:AMOUNT", "@ptr5", "@ptr6", "SL:AMOUNT]", "[SL:DATE_TIME", "@ptr7", "@ptr8", "@ptr9", "@ptr10", "@ptr11", "@ptr12", "@ptr13", "@ptr14", "@ptr15", "SL:DATE_TIME]", "IN:CREATE_ALARM]"], "predicted_tokens": ["[IN:CREATE_REMINDER", "[SL:DATE_TIME", "@ptr6", "@ptr7", "@ptr8", "@ptr9", "@ptr10", "@ptr11", "SL:DATE_TIME]", "IN:CREATE_REMINDER]"]}
{"loss": 3.7588930130004883, "class_log_probabilities": [-1.4465596675872803, -3.1665210723876953, -4.366198539733887, -5.457108974456787], "predictions": [45, 16, 398, 399, 400, 401, 402, 403, 404, 405, 17, 46, 4, 4], "target_tokens": ["[IN:CREATE_ALARM", "[SL:ALARM_NAME", "@ptr1", "SL:ALARM_NAME]", "[SL:DATE_TIME", "@ptr2", "@ptr3", "@ptr4", "@ptr5", "SL:DATE_TIME]", "[SL:DATE_TIME", "@ptr6", "@ptr7", "@ptr8", "@ptr9", "SL:DATE_TIME]", "IN:CREATE_ALARM]"], "predicted_tokens": ["[IN:CREATE_ALARM", "[SL:DATE_TIME", "@ptr3", "@ptr4", "@ptr5", "@ptr6", "@ptr7", "@ptr8", "@ptr9", "@ptr10", "SL:DATE_TIME]", "IN:CREATE_ALARM]"]}
{"loss": 2.020685911178589, "class_log_probabilities": [-3.1905288696289062, -3.3430628776550293, -3.761265516281128, -4.151121139526367], "predictions": [45, 16, 401, 402, 403, 404, 405, 406, 407, 408, 17, 46, 4, 4], "target_tokens": ["[IN:CREATE_ALARM", "[SL:ALARM_NAME", "@ptr3", "@ptr4", "@ptr5", "SL:ALARM_NAME]", "[SL:DATE_TIME", "@ptr6", "@ptr7", "@ptr8", "@ptr9", "@ptr10", "@ptr11", "@ptr12", "@ptr13", "SL:DATE_TIME]", "IN:CREATE_ALARM]"], "predicted_tokens": ["[IN:CREATE_ALARM", "[SL:DATE_TIME", "@ptr6", "@ptr7", "@ptr8", "@ptr9", "@ptr10", "@ptr11", "@ptr12", "@ptr13", "SL:DATE_TIME]", "IN:CREATE_ALARM]"]}
{"loss": 5.028233051300049, "class_log_probabilities": [-0.3435091972351074, -6.201587677001953, -6.737585067749023, -8.971848487854004], "predictions": [117, 34, 398, 35, 118, 4, 4, 4], "target_tokens": ["[IN:GET_ALARM", "IN:GET_ALARM]"], "predicted_tokens": ["[IN:GET_REMINDER_DATE_TIME", "[SL:PERSON_REMINDED", "@ptr3", "SL:PERSON_REMINDED]", "IN:GET_REMINDER_DATE_TIME]"]}
{"loss": 3.395612955093384, "class_log_probabilities": [-1.327359676361084, -2.576211452484131, -4.987159729003906, -5.011405944824219], "predictions": [225, 90, 397, 91, 226, 4], "target_tokens": ["[IN:DELETE_ALARM", "[SL:AMOUNT", "@ptr3", "SL:AMOUNT]", "IN:DELETE_ALARM]"], "predicted_tokens": ["[IN:DELETE_TIMER", "[SL:METHOD_TIMER", "@ptr2", "SL:METHOD_TIMER]", "IN:DELETE_TIMER]"]}
{"loss": 3.7459869384765625, "class_log_probabilities": [-1.1422315835952759, -3.3210864067077637, -4.089961528778076, -4.194976329803467], "predictions": [45, 16, 402, 403, 404, 405, 17, 46, 4, 4, 4, 4], "target_tokens": ["[IN:CREATE_ALARM", "[SL:DATE_TIME", "@ptr5", "@ptr6", "@ptr7", "@ptr8", "SL:DATE_TIME]", "[SL:ALARM_NAME", "@ptr4", "SL:ALARM_NAME]", "IN:CREATE_ALARM]"], "predicted_tokens": ["[IN:CREATE_ALARM", "[SL:DATE_TIME", "@ptr7", "@ptr8", "@ptr9", "@ptr10", "SL:DATE_TIME]", "IN:CREATE_ALARM]"]}
{"loss": 1.0325385332107544, "class_log_probabilities": [-1.3692785501480103, -2.3903403282165527, -4.34625244140625, -4.597768783569336], "predictions": [107, 203, 396, 397, 204, 110, 4], "target_tokens": ["[IN:UPDATE_CALL", "[SL:CONTACT_REMOVED", "@ptr1", "@ptr2", "SL:CONTACT_REMOVED]", "IN:UPDATE_CALL]"], "predicted_tokens": ["[IN:UPDATE_CALL", "[SL:CONTACT_REMOVED", "@ptr1", "@ptr2", "SL:CONTACT_REMOVED]", "IN:UPDATE_CALL]"]}
{"loss": 0.9576914310455322, "class_log_probabilities": [-0.1972425878047943, -7.983200550079346, -8.300018310546875, -8.385988235473633], "predictions": [171, 172, 4, 4], "target_tokens": ["[IN:GET_AVAILABILITY", "IN:GET_AVAILABILITY]"], "predicted_tokens": ["[IN:GET_AVAILABILITY", "IN:GET_AVAILABILITY]"]}
{"loss": 3.5494794845581055, "class_log_probabilities": [-1.9860867261886597, -4.331815719604492, -4.759413242340088, -7.020948886871338], "predictions": [185, 16, 395, 396, 397, 17, 6, 70, 71, 403, 72, 73, 7, 186, 4, 4, 4, 4, 4, 4], "target_tokens": ["[IN:GET_CALL", "[SL:CONTACT", "[IN:GET_CONTACT", "[SL:CONTACT_RELATED", "@ptr8", "@ptr9", "SL:CONTACT_RELATED]", "[SL:TYPE_RELATION", "@ptr7", "SL:TYPE_RELATION]", "IN:GET_CONTACT]", "SL:CONTACT]", "[SL:DATE_TIME", "@ptr0", "@ptr1", "@ptr2", "SL:DATE_TIME]", "IN:GET_CALL]"], "predicted_tokens": ["[IN:GET_CALL", "[SL:DATE_TIME", "@ptr0", "@ptr1", "@ptr2", "SL:DATE_TIME]", "[SL:CONTACT", "[IN:GET_CONTACT", "[SL:TYPE_RELATION", "@ptr8", "SL:TYPE_RELATION]", "IN:GET_CONTACT]", "SL:CONTACT]", "IN:GET_CALL]"]}
{"loss": 1.113444209098816, "class_log_probabilities": [-1.2521892786026, -1.5740128755569458, -4.739770412445068, -7.044206619262695], "predictions": [75, 6, 399, 400, 7, 78, 4, 4, 4], "target_tokens": ["[IN:CREATE_CALL", "[SL:CONTACT", "@ptr4", "SL:CONTACT]", "IN:CREATE_CALL]"], "predicted_tokens": ["[IN:CREATE_CALL", "[SL:CONTACT", "@ptr4", "@ptr5", "SL:CONTACT]", "IN:CREATE_CALL]"]}
{"loss": 1.9699690341949463, "class_log_probabilities": [-0.6597403287887573, -5.853919506072998, -6.393209934234619, -6.957476615905762], "predictions": [75, 6, 70, 71, 398, 72, 73, 7, 78, 4, 4, 4, 4], "target_tokens": ["[IN:CREATE_CALL", "[SL:CONTACT", "[IN:GET_CONTACT", "[SL:CONTACT_RELATED", "@ptr4", "@ptr5", "SL:CONTACT_RELATED]", "[SL:TYPE_RELATION", "@ptr3", "SL:TYPE_RELATION]", "IN:GET_CONTACT]", "SL:CONTACT]", "IN:CREATE_CALL]"], "predicted_tokens": ["[IN:CREATE_CALL", "[SL:CONTACT", "[IN:GET_CONTACT", "[SL:TYPE_RELATION", "@ptr3", "SL:TYPE_RELATION]", "IN:GET_CONTACT]", "SL:CONTACT]", "IN:CREATE_CALL]"]}
{"loss": 0.9867917895317078, "class_log_probabilities": [-0.45805174112319946, -4.246034622192383, -4.778204441070557, -4.919172286987305], "predictions": [245, 246, 4], "target_tokens": ["[IN:UPDATE_METHOD_CALL", "IN:UPDATE_METHOD_CALL]"], "predicted_tokens": ["[IN:UPDATE_METHOD_CALL", "IN:UPDATE_METHOD_CALL]"]}
{"loss": 1.6927223205566406, "class_log_probabilities": [-2.1897225379943848, -3.390876054763794, -3.7322232723236084, -4.667930603027344], "predictions": [63, 64, 396, 65, 206, 399, 400, 401, 402, 403, 404, 405, 406, 407, 104, 68, 4, 4, 4, 4, 4], "target_tokens": ["[IN:PLAY_MUSIC", "[SL:MUSIC_TYPE", "@ptr3", "SL:MUSIC_TYPE]", "[SL:MUSIC_ALBUM_TITLE", "@ptr4", "@ptr5", "@ptr6", "@ptr7", "@ptr8", "@ptr9", "@ptr10", "@ptr11", "@ptr12", "SL:MUSIC_ALBUM_TITLE]", "[SL:MUSIC_PROVIDER_NAME", "@ptr14", "SL:MUSIC_PROVIDER_NAME]", "IN:PLAY_MUSIC]"], "predicted_tokens": ["[IN:PLAY_MUSIC", "[SL:MUSIC_TYPE", "@ptr1", "SL:MUSIC_TYPE]", "[SL:MUSIC_ALBUM_TITLE", "@ptr4", "@ptr5", "@ptr6", "@ptr7", "@ptr8", "@ptr9", "@ptr10", "@ptr11", "@ptr12", "SL:MUSIC_PROVIDER_NAME]", "IN:PLAY_MUSIC]"]}
{"loss": 1.9733102321624756, "class_log_probabilities": [-2.1621267795562744, -3.642127752304077, -4.140000820159912, -7.4104766845703125], "predictions": [63, 66, 399, 67, 68, 4, 4, 4, 4], "target_tokens": ["[IN:PLAY_MUSIC", "[SL:MUSIC_GENRE", "@ptr4", "SL:MUSIC_GENRE]", "[SL:MUSIC_TYPE", "@ptr3", "SL:MUSIC_TYPE]", "IN:PLAY_MUSIC]"], "predicted_tokens": ["[IN:PLAY_MUSIC", "[SL:MUSIC_ARTIST_NAME", "@ptr4", "SL:MUSIC_ARTIST_NAME]", "IN:PLAY_MUSIC]"]}
{"loss": 1.8747258186340332, "class_log_probabilities": [-1.4330838918685913, -3.984327793121338, -4.186291694641113, -5.013566017150879], "predictions": [75, 6, 70, 71, 397, 72, 73, 7, 78, 4, 4, 4, 4, 4, 4], "target_tokens": ["[IN:CREATE_CALL", "[SL:CONTACT", "[IN:GET_CONTACT", "[SL:CONTACT_RELATED", "@ptr4", "@ptr5", "@ptr6", "@ptr7", "SL:CONTACT_RELATED]", "[SL:TYPE_RELATION", "@ptr2", "SL:TYPE_RELATION]", "IN:GET_CONTACT]", "SL:CONTACT]", "IN:CREATE_CALL]"], "predicted_tokens": ["[IN:CREATE_CALL", "[SL:CONTACT", "[IN:GET_CONTACT", "[SL:TYPE_RELATION", "@ptr2", "SL:TYPE_RELATION]", "IN:GET_CONTACT]", "SL:CONTACT]", "IN:CREATE_CALL]"]}
{"loss": 3.01815128326416, "class_log_probabilities": [-1.5739099979400635, -2.170687198638916, -4.784771919250488, -5.090724945068359], "predictions": [75, 6, 70, 71, 397, 72, 6, 401, 402, 7, 73, 7, 78, 4, 4, 4, 4, 4], "target_tokens": ["[IN:CREATE_CALL", "[SL:CONTACT", "[IN:GET_CONTACT", "[SL:CONTACT_RELATED", "@ptr5", "@ptr6", "SL:CONTACT_RELATED]", "[SL:TYPE_RELATION", "@ptr2", "@ptr3", "SL:TYPE_RELATION]", "IN:GET_CONTACT]", "SL:CONTACT]", "IN:CREATE_CALL]"], "predicted_tokens": ["[IN:CREATE_CALL", "[SL:CONTACT", "[IN:GET_CONTACT", "[SL:TYPE_RELATION", "@ptr2", "SL:TYPE_RELATION]", "[SL:CONTACT", "@ptr6", "@ptr7", "SL:CONTACT]", "IN:GET_CONTACT]", "SL:CONTACT]", "IN:CREATE_CALL]"]}
{"loss": 1.6813466548919678, "class_log_probabilities": [-0.7431684136390686, -3.0053603649139404, -4.691658973693848, -5.043241500854492], "predictions": [75, 6, 397, 398, 399, 7, 78, 4], "target_tokens": ["[IN:CREATE_CALL", "[SL:CONTACT", "@ptr2", "@ptr3", "SL:CONTACT]", "IN:CREATE_CALL]"], "predicted_tokens": ["[IN:CREATE_CALL", "[SL:CONTACT", "@ptr2", "@ptr3", "@ptr4", "SL:CONTACT]", "IN:CREATE_CALL]"]}
{"loss": 3.0236783027648926, "class_log_probabilities": [-1.4734158515930176, -3.1541359424591064, -3.8100361824035645, -4.319963455200195], "predictions": [61, 83, 398, 399, 84, 16, 401, 402, 403, 404, 17, 62, 4], "target_tokens": ["[IN:GET_EVENT", "[SL:CATEGORY_EVENT", "@ptr1", "@ptr2", "@ptr3", "SL:CATEGORY_EVENT]", "[SL:DATE_TIME", "@ptr4", "@ptr5", "@ptr6", "@ptr7", "SL:DATE_TIME]", "IN:GET_EVENT]"], "predicted_tokens": ["[IN:GET_EVENT", "[SL:CATEGORY_EVENT", "@ptr3", "@ptr4", "SL:CATEGORY_EVENT]", "[SL:DATE_TIME", "@ptr6", "@ptr7", "@ptr8", "@ptr9", "SL:DATE_TIME]", "IN:GET_EVENT]"]}
{"loss": 1.6362890005111694, "class_log_probabilities": [-1.7079858779907227, -2.7296056747436523, -3.8484392166137695, -3.9175004959106445], "predictions": [61, 83, 398, 399, 400, 84, 62, 4, 4], "target_tokens": ["[IN:GET_EVENT", "[SL:CATEGORY_EVENT", "@ptr2", "@ptr3", "@ptr4", "SL:CATEGORY_EVENT]", "IN:GET_EVENT]"], "predicted_tokens": ["[IN:GET_EVENT", "[SL:CATEGORY_EVENT", "@ptr3", "@ptr4", "@ptr5", "SL:CATEGORY_EVENT]", "IN:GET_EVENT]"]}
{"loss": 1.4018774032592773, "class_log_probabilities": [-1.4436440467834473, -4.055958271026611, -5.206547737121582, -5.324699401855469], "predictions": [70, 93, 396, 397, 94, 73, 4, 4, 4, 4], "target_tokens": ["[IN:GET_CONTACT", "[SL:CONTACT_RELATED", "@ptr1", "@ptr2", "SL:CONTACT_RELATED]", "[SL:TYPE_RELATION", "@ptr0", "SL:TYPE_RELATION]", "IN:GET_CONTACT]"], "predicted_tokens": ["[IN:GET_CONTACT", "[SL:CONTACT_RELATED", "@ptr1", "@ptr2", "SL:CONTACT_RELATED]", "IN:GET_CONTACT]"]}
{"loss": 2.4388325214385986, "class_log_probabilities": [-1.6983387470245361, -2.4555320739746094, -3.814513683319092, -4.542980194091797], "predictions": [33, 34, 401, 35, 16, 402, 403, 404, 17, 38, 4, 4, 4, 4], "target_tokens": ["[IN:DELETE_REMINDER", "[SL:PERSON_REMINDED", "@ptr4", "@ptr5", "SL:PERSON_REMINDED]", "[SL:DATE_TIME", "@ptr6", "@ptr7", "@ptr8", "SL:DATE_TIME]", "IN:DELETE_REMINDER]"], "predicted_tokens": ["[IN:DELETE_REMINDER", "[SL:PERSON_REMINDED", "@ptr6", "SL:PERSON_REMINDED]", "[SL:DATE_TIME", "@ptr7", "@ptr8", "@ptr9", "SL:DATE_TIME]", "IN:DELETE_REMINDER]"]}
{"loss": 1.210633635520935, "class_log_probabilities": [-0.780576765537262, -3.152726173400879, -5.007724285125732, -5.33045768737793], "predictions": [75, 6, 397, 398, 399, 400, 401, 7, 78, 4], "target_tokens": ["[IN:CREATE_CALL", "[SL:CONTACT", "@ptr2", "@ptr3", "@ptr4", "@ptr5", "SL:CONTACT]", "IN:CREATE_CALL]"], "predicted_tokens": ["[IN:CREATE_CALL", "[SL:CONTACT", "@ptr2", "@ptr3", "@ptr4", "@ptr5", "@ptr6", "SL:CONTACT]", "IN:CREATE_CALL]"]}
{"loss": 1.0023175477981567, "class_log_probabilities": [-1.2539653778076172, -4.166423797607422, -4.933605670928955, -6.025813579559326], "predictions": [75, 6, 70, 71, 397, 398, 72, 73, 7, 78, 4, 4, 4, 4], "target_tokens": ["[IN:CREATE_CALL", "[SL:CONTACT", "[IN:GET_CONTACT", "[SL:TYPE_RELATION", "@ptr2", "@ptr3", "SL:TYPE_RELATION]", "IN:GET_CONTACT]", "SL:CONTACT]", "IN:CREATE_CALL]"], "predicted_tokens": ["[IN:CREATE_CALL", "[SL:CONTACT", "[IN:GET_CONTACT", "[SL:TYPE_RELATION", "@ptr2", "@ptr3", "SL:TYPE_RELATION]", "IN:GET_CONTACT]", "SL:CONTACT]", "IN:CREATE_CALL]"]}
{"loss": 0.9711119532585144, "class_log_probabilities": [-0.16851025819778442, -8.173828125, -8.221888542175293, -8.262869834899902], "predictions": [81, 82, 4], "target_tokens": ["[IN:END_CALL", "IN:END_CALL]"], "predicted_tokens": ["[IN:END_CALL", "IN:END_CALL]"]}
{"loss": 1.9488922357559204, "class_log_probabilities": [-2.265247106552124, -3.9100911617279053, -4.489584922790527, -4.879563331604004], "predictions": [31, 32, 4], "target_tokens": ["[IN:SET_AVAILABLE", "IN:SET_AVAILABLE]"], "predicted_tokens": ["[IN:SET_UNAVAILABLE", "IN:SET_UNAVAILABLE]"]}
{"loss": 0.9645555019378662, "class_log_probabilities": [-0.3197767734527588, -4.101483345031738, -6.037945747375488, -6.448225021362305], "predictions": [189, 190, 4], "target_tokens": ["[IN:SET_AVAILABLE", "IN:SET_AVAILABLE]"], "predicted_tokens": ["[IN:SET_AVAILABLE", "IN:SET_AVAILABLE]"]}
{"loss": 1.1696871519088745, "class_log_probabilities": [-1.1428260803222656, -1.595251202583313, -5.8963236808776855, -8.623139381408691], "predictions": [171, 172, 4, 4, 4, 4], "target_tokens": ["[IN:GET_AVAILABILITY", "IN:GET_AVAILABILITY]"], "predicted_tokens": ["[IN:GET_AVAILABILITY", "IN:GET_AVAILABILITY]"]}
{"loss": 1.0346826314926147, "class_log_probabilities": [-0.6021361947059631, -3.1606979370117188, -4.5376296043396, -6.260326862335205], "predictions": [171, 172, 4, 4, 4, 4, 4], "target_tokens": ["[IN:GET_AVAILABILITY", "IN:GET_AVAILABILITY]"], "predicted_tokens": ["[IN:GET_AVAILABILITY", "IN:GET_AVAILABILITY]"]}
{"loss": 0.9552621841430664, "class_log_probabilities": [-0.3139816224575043, -5.146066188812256, -6.706152439117432, -7.579099655151367], "predictions": [171, 172, 4], "target_tokens": ["[IN:GET_AVAILABILITY", "IN:GET_AVAILABILITY]"], "predicted_tokens": ["[IN:GET_AVAILABILITY", "IN:GET_AVAILABILITY]"]}
{"loss": 0.9674127697944641, "class_log_probabilities": [-0.18554538488388062, -7.522010803222656, -7.790508270263672, -7.921638011932373], "predictions": [81, 82, 4], "target_tokens": ["[IN:END_CALL", "IN:END_CALL]"], "predicted_tokens": ["[IN:END_CALL", "IN:END_CALL]"]}
{"loss": 0.9680562615394592, "class_log_probabilities": [-0.6354563236236572, -5.067451477050781, -5.92704439163208, -7.153905391693115], "predictions": [75, 6, 397, 398, 7, 78, 4, 4], "target_tokens": ["[IN:CREATE_CALL", "[SL:CONTACT", "@ptr2", "@ptr3", "SL:CONTACT]", "IN:CREATE_CALL]"], "predicted_tokens": ["[IN:CREATE_CALL", "[SL:CONTACT", "@ptr2", "@ptr3", "SL:CONTACT]", "IN:CREATE_CALL]"]}
{"loss": 0.9622213244438171, "class_log_probabilities": [-0.31571686267852783, -5.488306045532227, -5.770519256591797, -7.1396260261535645], "predictions": [215, 216, 4], "target_tokens": ["[IN:SWITCH_CALL", "IN:SWITCH_CALL]"], "predicted_tokens": ["[IN:SWITCH_CALL", "IN:SWITCH_CALL]"]}
{"loss": 0.9826540946960449, "class_log_probabilities": [-0.15756163001060486, -7.521531105041504, -8.075554847717285, -8.15380859375], "predictions": [215, 216, 4, 4], "target_tokens": ["[IN:SWITCH_CALL", "IN:SWITCH_CALL]"], "predicted_tokens": ["[IN:SWITCH_CALL", "IN:SWITCH_CALL]"]}
{"loss": 2.8692386150360107, "class_log_probabilities": [-0.1970905214548111, -6.712056636810303, -7.437831878662109, -7.501649379730225], "predictions": [31, 32, 4], "target_tokens": ["[IN:SET_AVAILABLE", "IN:SET_AVAILABLE]"], "predicted_tokens": ["[IN:SET_UNAVAILABLE", "IN:SET_UNAVAILABLE]"]}
{"loss": 0.9666175246238708, "class_log_probabilities": [-0.17833897471427917, -8.174368858337402, -8.233824729919434, -8.248004913330078], "predictions": [81, 82, 4], "target_tokens": ["[IN:END_CALL", "IN:END_CALL]"], "predicted_tokens": ["[IN:END_CALL", "IN:END_CALL]"]}
{"loss": 0.9588733315467834, "class_log_probabilities": [-0.22534605860710144, -5.481654167175293, -7.210989475250244, -7.3394670486450195], "predictions": [31, 32, 4], "target_tokens": ["[IN:SET_UNAVAILABLE", "IN:SET_UNAVAILABLE]"], "predicted_tokens": ["[IN:SET_UNAVAILABLE", "IN:SET_UNAVAILABLE]"]}
{"loss": 2.0866055488586426, "class_log_probabilities": [-0.4583761692047119, -5.0120625495910645, -5.175538539886475, -6.395843029022217], "predictions": [75, 6, 406, 7, 78, 4, 4], "target_tokens": ["[IN:CREATE_CALL", "[SL:CONTACT", "@ptr8", "SL:CONTACT]", "IN:CREATE_CALL]"], "predicted_tokens": ["[IN:CREATE_CALL", "[SL:CONTACT", "@ptr11", "SL:CONTACT]", "IN:CREATE_CALL]"]}
{"loss": 1.9390721321105957, "class_log_probabilities": [-0.4153707027435303, -5.877076148986816, -5.893793106079102, -6.926579475402832], "predictions": [75, 6, 398, 7, 78, 4], "target_tokens": ["[IN:CREATE_CALL", "[SL:CONTACT", "@ptr2", "SL:CONTACT]", "IN:CREATE_CALL]"], "predicted_tokens": ["[IN:CREATE_CALL", "[SL:CONTACT", "@ptr3", "SL:CONTACT]", "IN:CREATE_CALL]"]}
{"loss": 0.959211528301239, "class_log_probabilities": [-0.4097624123096466, -7.217887878417969, -7.618106365203857, -7.668590068817139], "predictions": [75, 6, 397, 7, 78, 4, 4, 4], "target_tokens": ["[IN:CREATE_CALL", "[SL:CONTACT", "@ptr2", "SL:CONTACT]", "IN:CREATE_CALL]"], "predicted_tokens": ["[IN:CREATE_CALL", "[SL:CONTACT", "@ptr2", "SL:CONTACT]", "IN:CREATE_CALL]"]}
{"loss": 0.9624224305152893, "class_log_probabilities": [-0.4441414177417755, -5.00150203704834, -6.6618547439575195, -7.213984966278076], "predictions": [75, 6, 398, 399, 7, 78, 4, 4], "target_tokens": ["[IN:CREATE_CALL", "[SL:CONTACT", "@ptr3", "@ptr4", "SL:CONTACT]", "IN:CREATE_CALL]"], "predicted_tokens": ["[IN:CREATE_CALL", "[SL:CONTACT", "@ptr3", "@ptr4", "SL:CONTACT]", "IN:CREATE_CALL]"]}
{"loss": 2.3034839630126953, "class_log_probabilities": [-1.3853684663772583, -2.303173303604126, -3.452238082885742, -5.395724296569824], "predictions": [75, 6, 70, 71, 398, 72, 73, 7, 78, 4, 4, 4, 4], "target_tokens": ["[IN:CREATE_CALL", "[SL:CONTACT", "[IN:GET_CONTACT", "[SL:CONTACT_RELATED", "@ptr3", "@ptr4", "SL:CONTACT_RELATED]", "[SL:TYPE_RELATION", "@ptr2", "SL:TYPE_RELATION]", "IN:GET_CONTACT]", "SL:CONTACT]", "IN:CREATE_CALL]"], "predicted_tokens": ["[IN:CREATE_CALL", "[SL:CONTACT", "[IN:GET_CONTACT", "[SL:TYPE_RELATION", "@ptr3", "SL:TYPE_RELATION]", "IN:GET_CONTACT]", "SL:CONTACT]", "IN:CREATE_CALL]"]}
{"loss": 1.0902881622314453, "class_log_probabilities": [-2.2444727420806885, -2.339683771133423, -3.0668861865997314, -3.2633895874023438], "predictions": [75, 6, 70, 71, 398, 72, 73, 7, 78, 4, 4, 4, 4], "target_tokens": ["[IN:CREATE_CALL", "[SL:CONTACT", "[IN:GET_CONTACT", "[SL:TYPE_RELATION", "@ptr3", "SL:TYPE_RELATION]", "IN:GET_CONTACT]", "SL:CONTACT]", "IN:CREATE_CALL]"], "predicted_tokens": ["[IN:CREATE_CALL", "[SL:CONTACT", "[IN:GET_CONTACT", "[SL:TYPE_RELATION", "@ptr3", "SL:TYPE_RELATION]", "IN:GET_CONTACT]", "SL:CONTACT]", "IN:CREATE_CALL]"]}
{"loss": 2.34093976020813, "class_log_probabilities": [-1.2569268941879272, -4.147909164428711, -4.805184841156006, -5.568612098693848], "predictions": [75, 6, 70, 71, 397, 398, 72, 73, 7, 78, 4, 4, 4, 4], "target_tokens": ["[IN:ANSWER_CALL", "[SL:CONTACT", "[IN:GET_CONTACT", "[SL:CONTACT_RELATED", "@ptr4", "@ptr5", "SL:CONTACT_RELATED]", "[SL:TYPE_RELATION", "@ptr2", "@ptr3", "SL:TYPE_RELATION]", "IN:GET_CONTACT]", "SL:CONTACT]", "IN:ANSWER_CALL]"], "predicted_tokens": ["[IN:CREATE_CALL", "[SL:CONTACT", "[IN:GET_CONTACT", "[SL:TYPE_RELATION", "@ptr2", "@ptr3", "SL:TYPE_RELATION]", "IN:GET_CONTACT]", "SL:CONTACT]", "IN:CREATE_CALL]"]}
{"loss": 1.3526746034622192, "class_log_probabilities": [-3.297039747238159, -3.446256637573242, -3.666985034942627, -4.344849109649658], "predictions": [23, 10, 398, 399, 400, 11, 24, 402, 403, 404, 405, 406, 407, 408, 409, 411, 25, 26, 4], "target_tokens": ["[IN:SEND_MESSAGE", "[SL:RECIPIENT", "@ptr3", "@ptr4", "SL:RECIPIENT]", "[SL:CONTENT_EXACT", "@ptr7", "@ptr8", "@ptr9", "@ptr10", "@ptr11", "@ptr12", "@ptr13", "@ptr14", "SL:CONTENT_EXACT]", "IN:SEND_MESSAGE]"], "predicted_tokens": ["[IN:SEND_MESSAGE", "[SL:RECIPIENT", "@ptr3", "@ptr4", "@ptr5", "SL:RECIPIENT]", "[SL:CONTENT_EXACT", "@ptr7", "@ptr8", "@ptr9", "@ptr10", "@ptr11", "@ptr12", "@ptr13", "@ptr14", "@ptr16", "SL:CONTENT_EXACT]", "IN:SEND_MESSAGE]"]}
{"loss": 1.580952525138855, "class_log_probabilities": [-5.689743995666504, -6.37648344039917, -7.148538112640381, -7.2845778465271], "predictions": [23, 10, 70, 71, 399, 72, 73, 11, 24, 401, 402, 403, 404, 405, 406, 407, 408, 409, 411, 412, 25, 26, 4, 4, 4, 4, 4], "target_tokens": ["[IN:SEND_MESSAGE", "[SL:RECIPIENT", "[IN:GET_CONTACT", "[SL:TYPE_RELATION", "@ptr3", "@ptr4", "SL:TYPE_RELATION]", "IN:GET_CONTACT]", "SL:RECIPIENT]", "[SL:CONTENT_EXACT", "@ptr6", "@ptr7", "@ptr8", "@ptr9", "@ptr10", "@ptr11", "@ptr12", "@ptr13", "@ptr14", "@ptr15", "@ptr16", "SL:CONTENT_EXACT]", "IN:SEND_MESSAGE]"], "predicted_tokens": ["[IN:SEND_MESSAGE", "[SL:RECIPIENT", "[IN:GET_CONTACT", "[SL:TYPE_RELATION", "@ptr4", "SL:TYPE_RELATION]", "IN:GET_CONTACT]", "SL:RECIPIENT]", "[SL:CONTENT_EXACT", "@ptr6", "@ptr7", "@ptr8", "@ptr9", "@ptr10", "@ptr11", "@ptr12", "@ptr13", "@ptr14", "@ptr16", "@ptr17", "SL:CONTENT_EXACT]", "IN:SEND_MESSAGE]"]}
{"loss": 1.2827047109603882, "class_log_probabilities": [-3.6242825984954834, -4.080594539642334, -5.069592475891113, -5.533075332641602], "predictions": [23, 10, 399, 11, 24, 403, 404, 405, 406, 407, 408, 409, 411, 25, 26, 4, 4, 4], "target_tokens": ["[IN:SEND_MESSAGE", "[SL:RECIPIENT", "@ptr4", "SL:RECIPIENT]", "[SL:CONTENT_EXACT", "@ptr8", "@ptr9", "@ptr10", "@ptr11", "@ptr12", "@ptr13", "@ptr14", "@ptr15", "@ptr16", "SL:CONTENT_EXACT]", "IN:SEND_MESSAGE]"], "predicted_tokens": ["[IN:SEND_MESSAGE", "[SL:RECIPIENT", "@ptr4", "SL:RECIPIENT]", "[SL:CONTENT_EXACT", "@ptr8", "@ptr9", "@ptr10", "@ptr11", "@ptr12", "@ptr13", "@ptr14", "@ptr16", "SL:CONTENT_EXACT]", "IN:SEND_MESSAGE]"]}
{"loss": 2.655700206756592, "class_log_probabilities": [-0.9683845043182373, -4.384578704833984, -6.000580310821533, -6.313014984130859], "predictions": [39, 40, 396, 41, 56, 399, 400, 401, 402, 57, 42, 4, 4], "target_tokens": ["[IN:GET_STORIES_NEWS", "[SL:NEWS_SOURCE", "@ptr4", "@ptr5", "@ptr6", "SL:NEWS_SOURCE]", "IN:GET_STORIES_NEWS]"], "predicted_tokens": ["[IN:GET_STORIES_NEWS", "[SL:NEWS_TYPE", "@ptr1", "SL:NEWS_TYPE]", "[SL:NEWS_TOPIC", "@ptr4", "@ptr5", "@ptr6", "@ptr7", "SL:NEWS_TOPIC]", "IN:GET_STORIES_NEWS]"]}
{"loss": 1.6063621044158936, "class_log_probabilities": [-2.1156232357025146, -4.573183536529541, -4.701866626739502, -5.424471378326416], "predictions": [49, 36, 75, 6, 397, 7, 78, 37, 16, 405, 406, 17, 50, 4, 4, 4, 4, 4, 4, 4, 4, 4], "target_tokens": ["[IN:CREATE_REMINDER", "[SL:PERSON_REMINDED", "@ptr2", "SL:PERSON_REMINDED]", "[SL:TODO", "[IN:CREATE_CALL", "[SL:CONTACT", "@ptr5", "@ptr6", "@ptr7", "@ptr8", "SL:CONTACT]", "IN:CREATE_CALL]", "SL:TODO]", "[SL:DATE_TIME", "@ptr9", "@ptr10", "SL:DATE_TIME]", "IN:CREATE_REMINDER]"], "predicted_tokens": ["[IN:CREATE_REMINDER", "[SL:TODO", "[IN:CREATE_CALL", "[SL:CONTACT", "@ptr2", "SL:CONTACT]", "IN:CREATE_CALL]", "SL:TODO]", "[SL:DATE_TIME", "@ptr10", "@ptr11", "SL:DATE_TIME]", "IN:CREATE_REMINDER]"]}
{"loss": 2.139451503753662, "class_log_probabilities": [-2.050272226333618, -3.0105741024017334, -3.3686985969543457, -4.057696342468262], "predictions": [23, 10, 400, 401, 402, 403, 404, 11, 26, 4], "target_tokens": ["[IN:CREATE_REMINDER", "[SL:PERSON_REMINDED", "@ptr5", "SL:PERSON_REMINDED]", "[SL:TODO", "@ptr6", "@ptr7", "@ptr8", "@ptr9", "SL:TODO]", "IN:CREATE_REMINDER]"], "predicted_tokens": ["[IN:SEND_MESSAGE", "[SL:RECIPIENT", "@ptr5", "@ptr6", "@ptr7", "@ptr8", "@ptr9", "SL:RECIPIENT]", "IN:SEND_MESSAGE]"]}
{"loss": 3.013202667236328, "class_log_probabilities": [-4.108438014984131, -4.459512233734131, -4.516429901123047, -5.000890254974365], "predictions": [49, 36, 75, 6, 70, 71, 401, 72, 73, 7, 78, 37, 16, 404, 405, 406, 17, 50, 4], "target_tokens": ["[IN:CREATE_REMINDER", "[SL:PERSON_REMINDED", "@ptr1", "SL:PERSON_REMINDED]", "[SL:TODO", "[IN:GET_TODO", "[SL:TODO", "[IN:CREATE_CALL", "[SL:CONTACT", "[IN:GET_CONTACT", "[SL:CONTACT_RELATED", "@ptr6", "@ptr7", "SL:CONTACT_RELATED]", "[SL:TYPE_RELATION", "@ptr5", "SL:TYPE_RELATION]", "IN:GET_CONTACT]", "SL:CONTACT]", "IN:CREATE_CALL]", "SL:TODO]", "[SL:DATE_TIME", "@ptr8", "@ptr9", "SL:DATE_TIME]", "[SL:TODO", "@ptr10", "@ptr11", "@ptr12", "@ptr13", "@ptr14", "SL:TODO]", "IN:GET_TODO]", "SL:TODO]", "IN:CREATE_REMINDER]"], "predicted_tokens": ["[IN:CREATE_REMINDER", "[SL:TODO", "[IN:CREATE_CALL", "[SL:CONTACT", "[IN:GET_CONTACT", "[SL:TYPE_RELATION", "@ptr6", "SL:TYPE_RELATION]", "IN:GET_CONTACT]", "SL:CONTACT]", "IN:CREATE_CALL]", "SL:TODO]", "[SL:DATE_TIME", "@ptr9", "@ptr10", "@ptr11", "SL:DATE_TIME]", "IN:CREATE_REMINDER]"]}
{"loss": 2.0536653995513916, "class_log_probabilities": [-2.615237236022949, -3.908097267150879, -6.551601886749268, -7.633840560913086], "predictions": [75, 6, 400, 7, 78, 4, 4, 4, 4, 4, 4, 4, 4, 4, 4, 4, 4, 4], "target_tokens": ["[IN:CREATE_REMINDER", "[SL:PERSON_REMINDED", "@ptr1", "SL:PERSON_REMINDED]", "[SL:TODO", "[IN:CREATE_CALL", "[SL:CONTACT", "@ptr5", "SL:CONTACT]", "IN:CREATE_CALL]", "SL:TODO]", "[SL:DATE_TIME", "@ptr6", "@ptr7", "@ptr8", "@ptr9", "@ptr10", "@ptr11", "@ptr12", "@ptr13", "SL:DATE_TIME]", "IN:CREATE_REMINDER]"], "predicted_tokens": ["[IN:CREATE_CALL", "[SL:CONTACT", "@ptr5", "SL:CONTACT]", "IN:CREATE_CALL]"]}
{"loss": 1.872430682182312, "class_log_probabilities": [-8.898731231689453, -9.462185859680176, -10.931314468383789, -59.56486129760742], "predictions": [49, 36, 143, 36, 398, 399, 400, 401, 402, 403, 404, 405, 406, 37, 16, 407, 408, 411, 17, 50, 4, 4, 4, 4, 4, 4, 4, 4, 4, 4, 4, 4, 4, 4, 4, 4, 4, 4, 4, 4, 4, 4, 4, 4, 4, 4, 4, 4, 4, 4, 4, 4, 4, 4, 4, 4, 4, 4, 4, 4, 4, 4, 4, 4, 4, 4, 4, 4, 4, 4, 4, 4, 4, 4, 4, 4, 4, 4, 4, 4, 4, 4, 4, 4, 4, 4, 4, 4, 4, 4, 4, 4, 4, 4, 4, 4, 4, 4, 4, 4], "target_tokens": ["[IN:CREATE_REMINDER", "[SL:PERSON_REMINDED", "@ptr1", "SL:PERSON_REMINDED]", "[SL:TODO", "@ptr3", "@ptr4", "@ptr5", "@ptr6", "@ptr7", "@ptr8", "@ptr9", "@ptr10", "SL:TODO]", "[SL:DATE_TIME", "@ptr11", "@ptr12", "@ptr13", "@ptr14", "SL:DATE_TIME]", "IN:CREATE_REMINDER]"], "predicted_tokens": ["[IN:CREATE_REMINDER", "[SL:TODO", "[IN:GET_TODO", "[SL:TODO", "@ptr3", "@ptr4", "@ptr5", "@ptr6", "@ptr7", "@ptr8", "@ptr9", "@ptr10", "@ptr11", "SL:TODO]", "[SL:DATE_TIME", "@ptr12", "@ptr13", "@ptr16", "SL:DATE_TIME]", "IN:CREATE_REMINDER]"]}
{"loss": 2.9126739501953125, "class_log_probabilities": [-1.9145513772964478, -2.686034917831421, -3.711728572845459, -3.7590219974517822], "predictions": [33, 16, 401, 402, 403, 404, 405, 17, 38, 4], "target_tokens": ["[IN:DELETE_REMINDER", "[SL:DATE_TIME", "@ptr4", "@ptr5", "@ptr6", "@ptr7", "@ptr8", "@ptr9", "SL:DATE_TIME]", "IN:DELETE_REMINDER]"], "predicted_tokens": ["[IN:DELETE_REMINDER", "[SL:DATE_TIME", "@ptr6", "@ptr7", "@ptr8", "@ptr9", "@ptr10", "SL:DATE_TIME]", "IN:DELETE_REMINDER]"]}
{"loss": 1.5099724531173706, "class_log_probabilities": [-1.4126802682876587, -2.5735931396484375, -3.4243733882904053, -6.219934940338135], "predictions": [47, 34, 395, 35, 16, 402, 403, 404, 17, 48, 4, 4, 4, 4], "target_tokens": ["[IN:GET_REMINDER", "[SL:PERSON_REMINDED", "@ptr0", "SL:PERSON_REMINDED]", "[SL:DATE_TIME", "@ptr6", "@ptr7", "@ptr8", "SL:DATE_TIME]", "IN:GET_REMINDER]"], "predicted_tokens": ["[IN:GET_REMINDER", "[SL:PERSON_REMINDED", "@ptr0", "SL:PERSON_REMINDED]", "[SL:DATE_TIME", "@ptr7", "@ptr8", "@ptr9", "SL:DATE_TIME]", "IN:GET_REMINDER]"]}
{"loss": 2.474961280822754, "class_log_probabilities": [-2.3279008865356445, -3.2129476070404053, -3.545837640762329, -4.777078628540039], "predictions": [49, 36, 397, 398, 399, 400, 401, 402, 37, 16, 403, 404, 405, 406, 17, 50, 4, 4, 4, 4], "target_tokens": ["[IN:CREATE_REMINDER", "[SL:PERSON_REMINDED", "@ptr2", "SL:PERSON_REMINDED]", "[SL:TODO", "@ptr3", "@ptr4", "@ptr5", "@ptr6", "SL:TODO]", "[SL:DATE_TIME", "@ptr7", "@ptr8", "@ptr9", "@ptr10", "SL:DATE_TIME]", "IN:CREATE_REMINDER]"], "predicted_tokens": ["[IN:CREATE_REMINDER", "[SL:TODO", "@ptr2", "@ptr3", "@ptr4", "@ptr5", "@ptr6", "@ptr7", "SL:TODO]", "[SL:DATE_TIME", "@ptr8", "@ptr9", "@ptr10", "@ptr11", "SL:DATE_TIME]", "IN:CREATE_REMINDER]"]}
{"loss": 2.30619740486145, "class_log_probabilities": [-3.324829578399658, -3.925767183303833, -4.448713302612305, -5.257631301879883], "predictions": [33, 36, 400, 401, 402, 403, 404, 405, 406, 407, 37, 34, 408, 35, 38, 4, 4, 4, 4], "target_tokens": ["[IN:DELETE_REMINDER", "[SL:PERSON_REMINDED", "@ptr11", "@ptr12", "SL:PERSON_REMINDED]", "[SL:TODO", "@ptr4", "@ptr5", "@ptr6", "@ptr7", "@ptr8", "@ptr9", "@ptr10", "SL:TODO]", "IN:DELETE_REMINDER]"], "predicted_tokens": ["[IN:DELETE_REMINDER", "[SL:TODO", "@ptr5", "@ptr6", "@ptr7", "@ptr8", "@ptr9", "@ptr10", "@ptr11", "@ptr12", "SL:TODO]", "[SL:PERSON_REMINDED", "@ptr13", "SL:PERSON_REMINDED]", "IN:DELETE_REMINDER]"]}
{"loss": 1.72199285030365, "class_log_probabilities": [-2.635383367538452, -3.5004117488861084, -3.546971559524536, -4.269093990325928], "predictions": [183, 16, 399, 400, 17, 184, 4, 4], "target_tokens": ["[IN:CREATE_REMINDER", "[SL:DATE_TIME", "@ptr3", "@ptr4", "@ptr5", "SL:DATE_TIME]", "IN:CREATE_REMINDER]"], "predicted_tokens": ["[IN:ADD_TIME_TIMER", "[SL:DATE_TIME", "@ptr4", "@ptr5", "SL:DATE_TIME]", "IN:ADD_TIME_TIMER]"]}
{"loss": 2.1771531105041504, "class_log_probabilities": [-2.6785776615142822, -4.770258903503418, -4.912065029144287, -5.269222259521484], "predictions": [49, 36, 143, 16, 401, 402, 403, 404, 405, 406, 17, 50, 4, 4, 4, 4, 4], "target_tokens": ["[IN:CREATE_REMINDER", "[SL:TODO", "@ptr4", "SL:TODO]", "[SL:DATE_TIME", "@ptr5", "@ptr6", "@ptr7", "@ptr8", "@ptr9", "@ptr10", "SL:DATE_TIME]", "IN:CREATE_REMINDER]"], "predicted_tokens": ["[IN:CREATE_REMINDER", "[SL:TODO", "[IN:GET_TODO", "[SL:DATE_TIME", "@ptr6", "@ptr7", "@ptr8", "@ptr9", "@ptr10", "@ptr11", "SL:DATE_TIME]", "IN:CREATE_REMINDER]"]}
{"loss": 4.1223530769348145, "class_log_probabilities": [-0.7542450428009033, -3.7055301666259766, -4.683110237121582, -5.73878288269043], "predictions": [33, 16, 399, 400, 401, 17, 120, 403, 121, 38, 4, 4], "target_tokens": ["[IN:DELETE_REMINDER", "[SL:AMOUNT", "@ptr6", "SL:AMOUNT]", "[SL:DATE_TIME", "@ptr3", "@ptr4", "@ptr5", "SL:DATE_TIME]", "IN:DELETE_REMINDER]"], "predicted_tokens": ["[IN:DELETE_REMINDER", "[SL:DATE_TIME", "@ptr4", "@ptr5", "@ptr6", "SL:DATE_TIME]", "[SL:AMOUNT", "@ptr8", "SL:AMOUNT]", "IN:DELETE_REMINDER]"]}
{"loss": 2.501718044281006, "class_log_probabilities": [-5.902743816375732, -6.323086261749268, -6.3439483642578125, -6.372252464294434], "predictions": [49, 34, 397, 35, 36, 143, 243, 398, 399, 400, 401, 15, 16, 402, 403, 404, 17, 50, 4], "target_tokens": ["[IN:CREATE_REMINDER", "[SL:PERSON_REMINDED", "@ptr1", "SL:PERSON_REMINDED]", "[SL:TODO", "@ptr3", "@ptr4", "@ptr5", "SL:TODO]", "[SL:DATE_TIME", "@ptr6", "@ptr7", "@ptr8", "SL:DATE_TIME]", "IN:CREATE_REMINDER]"], "predicted_tokens": ["[IN:CREATE_REMINDER", "[SL:PERSON_REMINDED", "@ptr2", "SL:PERSON_REMINDED]", "[SL:TODO", "[IN:GET_TODO", "[SL:ATTENDEE", "@ptr3", "@ptr4", "@ptr5", "@ptr6", "SL:LOCATION]", "[SL:DATE_TIME", "@ptr7", "@ptr8", "@ptr9", "SL:DATE_TIME]", "IN:CREATE_REMINDER]"]}
{"loss": 2.21878981590271, "class_log_probabilities": [-3.8374059200286865, -4.492312431335449, -4.501613140106201, -4.65226411819458], "predictions": [33, 34, 401, 35, 36, 403, 404, 405, 37, 38, 4], "target_tokens": ["[IN:DELETE_REMINDER", "[SL:PERSON_REMINDED", "@ptr4", "@ptr5", "SL:PERSON_REMINDED]", "[SL:TODO", "@ptr8", "@ptr9", "SL:TODO]", "IN:DELETE_REMINDER]"], "predicted_tokens": ["[IN:DELETE_REMINDER", "[SL:PERSON_REMINDED", "@ptr6", "SL:PERSON_REMINDED]", "[SL:TODO", "@ptr8", "@ptr9", "@ptr10", "SL:TODO]", "IN:DELETE_REMINDER]"]}
{"loss": 4.304284572601318, "class_log_probabilities": [-10.250571250915527, -10.322643280029297, -10.648934364318848, -11.594038963317871], "predictions": [49, 34, 397, 35, 36, 400, 401, 402, 403, 404, 405, 37, 34, 408, 35, 50, 4, 4], "target_tokens": ["[IN:GET_REMINDER", "[SL:METHOD_RETRIEVAL_REMINDER", "@ptr0", "SL:METHOD_RETRIEVAL_REMINDER]", "[SL:AMOUNT", "@ptr10", "SL:AMOUNT]", "[SL:PERSON_REMINDED", "@ptr11", "@ptr12", "SL:PERSON_REMINDED]", "[SL:TODO", "@ptr4", "@ptr5", "SL:TODO]", "IN:GET_REMINDER]"], "predicted_tokens": ["[IN:CREATE_REMINDER", "[SL:PERSON_REMINDED", "@ptr2", "SL:PERSON_REMINDED]", "[SL:TODO", "@ptr5", "@ptr6", "@ptr7", "@ptr8", "@ptr9", "@ptr10", "SL:TODO]", "[SL:PERSON_REMINDED", "@ptr13", "SL:PERSON_REMINDED]", "IN:CREATE_REMINDER]"]}
{"loss": 2.394571304321289, "class_log_probabilities": [-8.38029956817627, -8.5941162109375, -8.901520729064941, -11.893011093139648], "predictions": [49, 36, 75, 6, 402, 7, 6, 405, 7, 78, 37, 16, 408, 409, 412, 17, 50, 4, 4, 4, 4], "target_tokens": ["[IN:CREATE_REMINDER", "[SL:PERSON_REMINDED", "@ptr6", "SL:PERSON_REMINDED]", "[SL:TODO", "[IN:CREATE_CALL", "[SL:CONTACT", "@ptr9", "@ptr10", "@ptr11", "SL:CONTACT]", "IN:CREATE_CALL]", "SL:TODO]", "[SL:DATE_TIME", "@ptr12", "@ptr13", "@ptr14", "@ptr15", "SL:DATE_TIME]", "IN:CREATE_REMINDER]"], "predicted_tokens": ["[IN:CREATE_REMINDER", "[SL:TODO", "[IN:CREATE_CALL", "[SL:CONTACT", "@ptr7", "SL:CONTACT]", "[SL:CONTACT", "@ptr10", "SL:CONTACT]", "IN:CREATE_CALL]", "SL:TODO]", "[SL:DATE_TIME", "@ptr13", "@ptr14", "@ptr17", "SL:DATE_TIME]", "IN:CREATE_REMINDER]"]}
{"loss": 2.01517653465271, "class_log_probabilities": [-6.487260818481445, -7.135025501251221, -73.95185852050781, -74.21638488769531], "predictions": [49, 34, 397, 35, 36, 398, 399, 400, 401, 402, 403, 404, 405, 406, 407, 37, 16, 408, 409, 411, 17, 50, 4, 4, 4, 4, 4, 4, 4, 4, 4, 4, 4, 4, 4, 4, 4, 4, 4, 4, 4, 4, 4, 4, 4, 4, 4, 4, 4, 4, 4, 4, 4, 4, 4, 4, 4, 4, 4, 4, 4, 4, 4, 4, 4, 4, 4, 4, 4, 4, 4, 4, 4, 4, 4, 4, 4, 4, 4, 4, 4, 4, 4, 4, 4, 4, 4, 4, 4, 4, 4, 4, 4, 4, 4, 4, 4, 4, 4, 4], "target_tokens": ["[IN:CREATE_REMINDER", "[SL:PERSON_REMINDED", "@ptr2", "SL:PERSON_REMINDED]", "[SL:TODO", "@ptr4", "@ptr5", "@ptr6", "@ptr7", "@ptr8", "@ptr9", "@ptr10", "SL:TODO]", "[SL:DATE_TIME", "@ptr11", "@ptr12", "SL:DATE_TIME]", "IN:CREATE_REMINDER]"], "predicted_tokens": ["[IN:CREATE_REMINDER", "[SL:PERSON_REMINDED", "@ptr2", "SL:PERSON_REMINDED]", "[SL:TODO", "@ptr3", "@ptr4", "@ptr5", "@ptr6", "@ptr7", "@ptr8", "@ptr9", "@ptr10", "@ptr11", "@ptr12", "SL:TODO]", "[SL:DATE_TIME", "@ptr13", "@ptr14", "@ptr16", "SL:DATE_TIME]", "IN:CREATE_REMINDER]"]}
{"loss": 0.9909623265266418, "class_log_probabilities": [-0.14715193212032318, -7.125515937805176, -7.498847961425781, -7.5766682624816895], "predictions": [33, 38, 4], "target_tokens": ["[IN:DELETE_REMINDER", "IN:DELETE_REMINDER]"], "predicted_tokens": ["[IN:DELETE_REMINDER", "IN:DELETE_REMINDER]"]}
{"loss": 2.117206335067749, "class_log_probabilities": [-6.24045467376709, -6.292664051055908, -6.39755392074585, -6.901192665100098], "predictions": [33, 34, 400, 35, 36, 402, 403, 404, 405, 406, 407, 408, 37, 16, 412, 17, 38, 4, 4, 4], "target_tokens": ["[IN:DELETE_REMINDER", "[SL:PERSON_REMINDED", "@ptr4", "@ptr5", "SL:PERSON_REMINDED]", "[SL:TODO", "@ptr7", "@ptr8", "@ptr9", "@ptr10", "@ptr11", "@ptr12", "SL:TODO]", "[SL:DATE_TIME", "@ptr13", "@ptr14", "@ptr15", "@ptr16", "SL:DATE_TIME]", "IN:DELETE_REMINDER]"], "predicted_tokens": ["[IN:DELETE_REMINDER", "[SL:PERSON_REMINDED", "@ptr5", "SL:PERSON_REMINDED]", "[SL:TODO", "@ptr7", "@ptr8", "@ptr9", "@ptr10", "@ptr11", "@ptr12", "@ptr13", "SL:TODO]", "[SL:DATE_TIME", "@ptr17", "SL:DATE_TIME]", "IN:DELETE_REMINDER]"]}
{"loss": 3.2833666801452637, "class_log_probabilities": [-3.755460739135742, -4.898416996002197, -5.6456828117370605, -6.678045272827148], "predictions": [47, 16, 401, 402, 17, 199, 407, 200, 48, 4, 4], "target_tokens": ["[IN:GET_REMINDER", "[SL:METHOD_RETRIEVAL_REMINDER", "@ptr0", "SL:METHOD_RETRIEVAL_REMINDER]", "[SL:DATE_TIME", "@ptr5", "@ptr6", "SL:DATE_TIME]", "IN:GET_REMINDER]"], "predicted_tokens": ["[IN:GET_REMINDER", "[SL:DATE_TIME", "@ptr6", "@ptr7", "SL:DATE_TIME]", "[SL:METHOD_RETRIEVAL_REMINDER", "@ptr12", "SL:METHOD_RETRIEVAL_REMINDER]", "IN:GET_REMINDER]"]}
{"loss": 3.0450265407562256, "class_log_probabilities": [-11.842630386352539, -11.980817794799805, -13.0990629196167, -14.42587947845459], "predictions": [49, 36, 143, 36, 395, 396, 424, 399, 400, 401, 402, 403, 404, 37, 16, 405, 406, 407, 408, 17, 50, 4, 4, 4], "target_tokens": ["[IN:UPDATE_REMINDER_DATE_TIME", "[SL:PERSON_REMINDED", "@ptr4", "SL:PERSON_REMINDED]", "[SL:TODO", "@ptr6", "@ptr7", "SL:TODO]", "[SL:DATE_TIME", "@ptr8", "@ptr9", "@ptr10", "@ptr11", "@ptr12", "SL:DATE_TIME]", "[SL:DATE_TIME", "@ptr13", "@ptr14", "@ptr15", "@ptr16", "@ptr17", "SL:DATE_TIME]", "IN:UPDATE_REMINDER_DATE_TIME]"], "predicted_tokens": ["[IN:CREATE_REMINDER", "[SL:TODO", "[IN:GET_TODO", "[SL:TODO", "@ptr0", "@ptr1", "@ptr29", "@ptr4", "@ptr5", "@ptr6", "@ptr7", "@ptr8", "@ptr9", "SL:TODO]", "[SL:DATE_TIME", "@ptr10", "@ptr11", "@ptr12", "@ptr13", "SL:DATE_TIME]", "IN:CREATE_REMINDER]"]}
{"loss": 4.040422439575195, "class_log_probabilities": [-6.092451572418213, -6.827957630157471, -10.018613815307617, -10.330307006835938], "predictions": [111, 36, 400, 401, 402, 37, 16, 404, 405, 407, 17, 112, 4, 4, 4, 4, 4, 4], "target_tokens": ["[IN:UPDATE_REMINDER_DATE_TIME", "[SL:TODO", "@ptr4", "@ptr5", "@ptr6", "SL:TODO]", "[SL:DATE_TIME", "@ptr7", "@ptr8", "@ptr9", "@ptr10", "SL:DATE_TIME]", "[SL:DATE_TIME", "@ptr11", "@ptr12", "@ptr13", "@ptr14", "SL:DATE_TIME]", "IN:UPDATE_REMINDER_DATE_TIME]"], "predicted_tokens": ["[IN:UPDATE_REMINDER_DATE_TIME", "[SL:TODO", "@ptr5", "@ptr6", "@ptr7", "SL:TODO]", "[SL:DATE_TIME", "@ptr9", "@ptr10", "@ptr12", "SL:DATE_TIME]", "IN:UPDATE_REMINDER_DATE_TIME]"]}
{"loss": 2.14060640335083, "class_log_probabilities": [-0.8782453536987305, -1.5406969785690308, -5.26393461227417, -6.331354141235352], "predictions": [33, 36, 401, 402, 403, 404, 37, 38, 4, 4, 4], "target_tokens": ["[IN:DELETE_REMINDER", "[SL:TODO", "@ptr5", "@ptr6", "@ptr7", "@ptr8", "SL:TODO]", "IN:DELETE_REMINDER]"], "predicted_tokens": ["[IN:DELETE_REMINDER", "[SL:TODO", "@ptr6", "@ptr7", "@ptr8", "@ptr9", "SL:TODO]", "IN:DELETE_REMINDER]"]}
{"loss": 3.151175022125244, "class_log_probabilities": [-2.1949355602264404, -3.1880462169647217, -4.52298641204834, -7.407740592956543], "predictions": [49, 36, 397, 398, 399, 400, 401, 402, 37, 16, 403, 404, 405, 17, 50, 4, 4, 4, 4], "target_tokens": ["[IN:CREATE_REMINDER", "[SL:PERSON_REMINDED", "@ptr2", "SL:PERSON_REMINDED]", "[SL:DATE_TIME", "@ptr7", "@ptr8", "@ptr9", "SL:DATE_TIME]", "[SL:TODO", "@ptr3", "@ptr4", "@ptr5", "@ptr6", "SL:TODO]", "IN:CREATE_REMINDER]"], "predicted_tokens": ["[IN:CREATE_REMINDER", "[SL:TODO", "@ptr2", "@ptr3", "@ptr4", "@ptr5", "@ptr6", "@ptr7", "SL:TODO]", "[SL:DATE_TIME", "@ptr8", "@ptr9", "@ptr10", "SL:DATE_TIME]", "IN:CREATE_REMINDER]"]}
{"loss": 2.929518222808838, "class_log_probabilities": [-7.040916442871094, -78.71324157714844, -78.90231323242188, -79.15481567382812], "predictions": [111, 36, 75, 6, 401, 7, 78, 37, 16, 408, 409, 411, 17, 50, 4, 4, 4, 4, 4, 4, 4, 4, 4, 4, 4, 4, 4, 4, 4, 4, 4, 4, 4, 4, 4, 4, 4, 4, 4, 4, 4, 4, 4, 4, 4, 4, 4, 4, 4, 4, 4, 4, 4, 4, 4, 4, 4, 4, 4, 4, 4, 4, 4, 4, 4, 4, 4, 4, 4, 4, 4, 4, 4, 4, 4, 4, 4, 4, 4, 4, 4, 4, 4, 4, 4, 4, 4, 4, 4, 4, 4, 4, 4, 4, 4, 4, 4, 4, 4, 4], "target_tokens": ["[IN:UPDATE_REMINDER_DATE_TIME", "[SL:PERSON_REMINDED", "@ptr4", "@ptr5", "SL:PERSON_REMINDED]", "[SL:TODO", "[IN:CREATE_CALL", "[SL:CONTACT", "@ptr9", "@ptr10", "SL:CONTACT]", "IN:CREATE_CALL]", "SL:TODO]", "[SL:DATE_TIME", "@ptr11", "@ptr12", "@ptr13", "@ptr14", "@ptr15", "SL:DATE_TIME]", "IN:UPDATE_REMINDER_DATE_TIME]"], "predicted_tokens": ["[IN:UPDATE_REMINDER_DATE_TIME", "[SL:TODO", "[IN:CREATE_CALL", "[SL:CONTACT", "@ptr6", "SL:CONTACT]", "IN:CREATE_CALL]", "SL:TODO]", "[SL:DATE_TIME", "@ptr13", "@ptr14", "@ptr16", "SL:DATE_TIME]", "IN:CREATE_REMINDER]"]}
{"loss": 2.0780951976776123, "class_log_probabilities": [-5.5456414222717285, -5.6794281005859375, -6.212707996368408, -6.3388166427612305], "predictions": [127, 16, 402, 403, 404, 405, 406, 407, 17, 128, 4, 4], "target_tokens": ["[IN:GET_CONTACT", "[SL:DATE_TIME", "@ptr7", "@ptr8", "@ptr9", "@ptr10", "@ptr11", "@ptr12", "SL:DATE_TIME]", "IN:GET_CONTACT]"], "predicted_tokens": ["[IN:GET_SUNRISE", "[SL:DATE_TIME", "@ptr7", "@ptr8", "@ptr9", "@ptr10", "@ptr11", "@ptr12", "SL:DATE_TIME]", "IN:GET_SUNRISE]"]}
{"loss": 2.6956677436828613, "class_log_probabilities": [-4.04447603225708, -4.578521251678467, -4.895829677581787, -5.369839191436768], "predictions": [45, 249, 399, 400, 401, 402, 250, 16, 404, 405, 406, 407, 408, 17, 46, 4, 4], "target_tokens": ["[IN:CREATE_REMINDER", "[SL:TODO", "@ptr3", "@ptr4", "@ptr5", "@ptr6", "SL:TODO]", "[SL:DATE_TIME", "@ptr7", "@ptr8", "@ptr9", "@ptr10", "@ptr11", "SL:DATE_TIME]", "IN:CREATE_REMINDER]"], "predicted_tokens": ["[IN:CREATE_ALARM", "[SL:ALARM_NAME", "@ptr4", "@ptr5", "@ptr6", "@ptr7", "SL:ALARM_NAME]", "[SL:DATE_TIME", "@ptr9", "@ptr10", "@ptr11", "@ptr12", "@ptr13", "SL:DATE_TIME]", "IN:CREATE_ALARM]"]}
{"loss": 1.6961323022842407, "class_log_probabilities": [-6.0979461669921875, -6.909276485443115, -7.408214569091797, -8.300115585327148], "predictions": [49, 34, 397, 35, 36, 399, 400, 401, 402, 403, 404, 405, 406, 408, 37, 50, 4, 4], "target_tokens": ["[IN:CREATE_REMINDER", "[SL:PERSON_REMINDED", "@ptr1", "SL:PERSON_REMINDED]", "[SL:TODO", "@ptr3", "@ptr4", "@ptr5", "@ptr6", "@ptr7", "@ptr8", "@ptr9", "@ptr10", "@ptr11", "@ptr12", "SL:TODO]", "IN:CREATE_REMINDER]"], "predicted_tokens": ["[IN:CREATE_REMINDER", "[SL:PERSON_REMINDED", "@ptr2", "SL:PERSON_REMINDED]", "[SL:TODO", "@ptr4", "@ptr5", "@ptr6", "@ptr7", "@ptr8", "@ptr9", "@ptr10", "@ptr11", "@ptr13", "SL:TODO]", "IN:CREATE_REMINDER]"]}
{"loss": 1.6118041276931763, "class_log_probabilities": [-5.053454875946045, -7.432114124298096, -8.54771614074707, -9.488388061523438], "predictions": [49, 36, 398, 399, 400, 401, 402, 403, 404, 405, 406, 407, 37, 34, 408, 35, 50, 4, 4, 4, 4, 4, 4, 4], "target_tokens": ["[IN:CREATE_REMINDER", "[SL:PERSON_REMINDED", "@ptr1", "SL:PERSON_REMINDED]", "[SL:TODO", "@ptr3", "@ptr4", "@ptr5", "@ptr6", "@ptr7", "@ptr8", "@ptr9", "@ptr10", "@ptr11", "SL:TODO]", "[SL:DATE_TIME", "@ptr12", "@ptr13", "@ptr14", "SL:DATE_TIME]", "IN:CREATE_REMINDER]"], "predicted_tokens": ["[IN:CREATE_REMINDER", "[SL:TODO", "@ptr3", "@ptr4", "@ptr5", "@ptr6", "@ptr7", "@ptr8", "@ptr9", "@ptr10", "@ptr11", "@ptr12", "SL:TODO]", "[SL:PERSON_REMINDED", "@ptr13", "SL:PERSON_REMINDED]", "IN:CREATE_REMINDER]"]}
{"loss": 1.659586787223816, "class_log_probabilities": [-1.133100986480713, -3.9196126461029053, -5.8781046867370605, -9.146252632141113], "predictions": [49, 36, 397, 398, 399, 400, 37, 16, 401, 402, 403, 17, 50, 4, 4, 4], "target_tokens": ["[IN:CREATE_REMINDER", "[SL:PERSON_REMINDED", "@ptr2", "SL:PERSON_REMINDED]", "[SL:TODO", "@ptr3", "@ptr4", "@ptr5", "SL:TODO]", "[SL:DATE_TIME", "@ptr6", "@ptr7", "SL:DATE_TIME]", "IN:CREATE_REMINDER]"], "predicted_tokens": ["[IN:CREATE_REMINDER", "[SL:TODO", "@ptr2", "@ptr3", "@ptr4", "@ptr5", "SL:TODO]", "[SL:DATE_TIME", "@ptr6", "@ptr7", "@ptr8", "SL:DATE_TIME]", "IN:CREATE_REMINDER]"]}
{"loss": 2.8166918754577637, "class_log_probabilities": [-1.8713247776031494, -3.033613920211792, -3.6916966438293457, -5.913285732269287], "predictions": [47, 16, 395, 396, 397, 398, 17, 34, 407, 35, 48, 4, 4, 4, 4], "target_tokens": ["[IN:GET_REMINDER", "[SL:PERSON_REMINDED", "@ptr10", "SL:PERSON_REMINDED]", "[SL:DATE_TIME", "@ptr0", "@ptr1", "@ptr2", "SL:DATE_TIME]", "IN:GET_REMINDER]"], "predicted_tokens": ["[IN:GET_REMINDER", "[SL:DATE_TIME", "@ptr0", "@ptr1", "@ptr2", "@ptr3", "SL:DATE_TIME]", "[SL:PERSON_REMINDED", "@ptr12", "SL:PERSON_REMINDED]", "IN:GET_REMINDER]"]}
{"loss": 1.4048025608062744, "class_log_probabilities": [-1.3378233909606934, -2.549835681915283, -2.9675087928771973, -3.3643152713775635], "predictions": [33, 36, 401, 402, 403, 37, 38, 4, 4], "target_tokens": ["[IN:DELETE_REMINDER", "[SL:TODO", "@ptr5", "@ptr6", "@ptr7", "SL:TODO]", "IN:DELETE_REMINDER]"], "predicted_tokens": ["[IN:DELETE_REMINDER", "[SL:TODO", "@ptr6", "@ptr7", "@ptr8", "SL:TODO]", "IN:DELETE_REMINDER]"]}
{"loss": 2.031248092651367, "class_log_probabilities": [-5.175199031829834, -5.207982063293457, -5.336857318878174, -6.299860954284668], "predictions": [49, 36, 398, 399, 400, 401, 402, 403, 404, 405, 37, 16, 408, 17, 50, 4], "target_tokens": ["[IN:CREATE_REMINDER", "[SL:PERSON_REMINDED", "@ptr1", "SL:PERSON_REMINDED]", "[SL:TODO", "@ptr3", "@ptr4", "@ptr5", "@ptr6", "@ptr7", "@ptr8", "@ptr9", "@ptr10", "SL:TODO]", "[SL:DATE_TIME", "@ptr11", "@ptr12", "SL:DATE_TIME]", "IN:CREATE_REMINDER]"], "predicted_tokens": ["[IN:CREATE_REMINDER", "[SL:TODO", "@ptr3", "@ptr4", "@ptr5", "@ptr6", "@ptr7", "@ptr8", "@ptr9", "@ptr10", "SL:TODO]", "[SL:DATE_TIME", "@ptr13", "SL:DATE_TIME]", "IN:CREATE_REMINDER]"]}
{"loss": 1.9886881113052368, "class_log_probabilities": [-3.677412986755371, -3.961437463760376, -4.158061981201172, -4.290318489074707], "predictions": [47, 34, 395, 35, 36, 143, 36, 401, 402, 37, 16, 404, 17, 48, 4, 4, 4, 4], "target_tokens": ["[IN:GET_REMINDER", "[SL:PERSON_REMINDED", "@ptr0", "SL:PERSON_REMINDED]", "[SL:TODO", "@ptr5", "@ptr6", "SL:TODO]", "[SL:DATE_TIME", "@ptr9", "@ptr10", "@ptr11", "@ptr12", "@ptr13", "@ptr14", "SL:DATE_TIME]", "IN:GET_REMINDER]"], "predicted_tokens": ["[IN:GET_REMINDER", "[SL:PERSON_REMINDED", "@ptr0", "SL:PERSON_REMINDED]", "[SL:TODO", "[IN:GET_TODO", "[SL:TODO", "@ptr6", "@ptr7", "SL:TODO]", "[SL:DATE_TIME", "@ptr9", "SL:DATE_TIME]", "IN:GET_REMINDER]"]}
{"loss": 2.517026901245117, "class_log_probabilities": [-2.518653392791748, -4.0957841873168945, -5.589337348937988, -10.447517395019531], "predictions": [49, 36, 398, 399, 400, 401, 402, 37, 16, 403, 404, 405, 17, 50, 4, 4, 4, 4, 4, 4], "target_tokens": ["[IN:CREATE_REMINDER", "[SL:PERSON_REMINDED", "@ptr1", "SL:PERSON_REMINDED]", "[SL:TODO", "@ptr3", "@ptr4", "@ptr5", "@ptr6", "SL:TODO]", "[SL:DATE_TIME", "@ptr7", "@ptr8", "@ptr9", "SL:DATE_TIME]", "IN:CREATE_REMINDER]"], "predicted_tokens": ["[IN:CREATE_REMINDER", "[SL:TODO", "@ptr3", "@ptr4", "@ptr5", "@ptr6", "@ptr7", "SL:TODO]", "[SL:DATE_TIME", "@ptr8", "@ptr9", "@ptr10", "SL:DATE_TIME]", "IN:CREATE_REMINDER]"]}
{"loss": 1.8274571895599365, "class_log_probabilities": [-4.18428373336792, -4.189355850219727, -4.446510314941406, -4.757259845733643], "predictions": [45, 249, 397, 398, 399, 400, 250, 16, 402, 403, 404, 405, 406, 17, 46, 4, 4], "target_tokens": ["[IN:CREATE_REMINDER", "[SL:PERSON_REMINDED", "@ptr2", "SL:PERSON_REMINDED]", "[SL:TODO", "@ptr3", "@ptr4", "@ptr5", "SL:TODO]", "[SL:DATE_TIME", "@ptr6", "@ptr7", "@ptr8", "@ptr9", "SL:DATE_TIME]", "IN:CREATE_REMINDER]"], "predicted_tokens": ["[IN:CREATE_ALARM", "[SL:ALARM_NAME", "@ptr2", "@ptr3", "@ptr4", "@ptr5", "SL:ALARM_NAME]", "[SL:DATE_TIME", "@ptr7", "@ptr8", "@ptr9", "@ptr10", "@ptr11", "SL:DATE_TIME]", "IN:CREATE_ALARM]"]}
{"loss": 3.234738826751709, "class_log_probabilities": [-2.4286482334136963, -3.6052722930908203, -3.6182894706726074, -3.761347770690918], "predictions": [23, 10, 397, 11, 10, 403, 405, 11, 26, 4, 4], "target_tokens": ["[IN:CREATE_REMINDER", "[SL:PERSON_REMINDED", "@ptr2", "SL:PERSON_REMINDED]", "[SL:TODO", "[IN:SEND_MESSAGE", "[SL:METHOD_MESSAGE", "@ptr5", "SL:METHOD_MESSAGE]", "[SL:RECIPIENT", "@ptr7", "@ptr8", "SL:RECIPIENT]", "[SL:CONTENT_EXACT", "@ptr10", "SL:CONTENT_EXACT]", "IN:SEND_MESSAGE]", "SL:TODO]", "IN:CREATE_REMINDER]"], "predicted_tokens": ["[IN:SEND_MESSAGE", "[SL:RECIPIENT", "@ptr2", "SL:RECIPIENT]", "[SL:RECIPIENT", "@ptr8", "@ptr10", "SL:RECIPIENT]", "IN:SEND_MESSAGE]"]}
{"loss": 4.12816047668457, "class_log_probabilities": [-6.163575172424316, -6.187472820281982, -6.74267578125, -7.355605602264404], "predictions": [49, 16, 401, 402, 403, 404, 17, 34, 405, 35, 50, 4, 4, 4], "target_tokens": ["[IN:DELETE_REMINDER", "[SL:AMOUNT", "@ptr4", "SL:AMOUNT]", "[SL:DATE_TIME", "@ptr5", "@ptr6", "@ptr7", "SL:DATE_TIME]", "IN:DELETE_REMINDER]"], "predicted_tokens": ["[IN:CREATE_REMINDER", "[SL:DATE_TIME", "@ptr6", "@ptr7", "@ptr8", "@ptr9", "SL:DATE_TIME]", "[SL:PERSON_REMINDED", "@ptr10", "SL:PERSON_REMINDED]", "IN:CREATE_REMINDER]"]}
{"loss": 1.6425117254257202, "class_log_probabilities": [-1.40371572971344, -2.609931707382202, -3.4488236904144287, -4.797421932220459], "predictions": [33, 36, 400, 401, 402, 403, 404, 405, 406, 37, 38, 4, 4, 4], "target_tokens": ["[IN:DELETE_REMINDER", "[SL:TODO", "@ptr4", "@ptr5", "@ptr6", "@ptr7", "@ptr8", "@ptr9", "SL:TODO]", "IN:DELETE_REMINDER]"], "predicted_tokens": ["[IN:DELETE_REMINDER", "[SL:TODO", "@ptr5", "@ptr6", "@ptr7", "@ptr8", "@ptr9", "@ptr10", "@ptr11", "SL:TODO]", "IN:DELETE_REMINDER]"]}
{"loss": 2.584486722946167, "class_log_probabilities": [-2.8705358505249023, -3.0628817081451416, -5.112304210662842, -5.962655067443848], "predictions": [33, 34, 403, 35, 38, 4, 4, 4, 4, 4, 4, 4], "target_tokens": ["[IN:DELETE_REMINDER", "[SL:PERSON_REMINDED", "@ptr5", "@ptr6", "SL:PERSON_REMINDED]", "[SL:TODO", "@ptr4", "SL:TODO]", "IN:DELETE_REMINDER]"], "predicted_tokens": ["[IN:DELETE_REMINDER", "[SL:PERSON_REMINDED", "@ptr8", "SL:PERSON_REMINDED]", "IN:DELETE_REMINDER]"]}
{"loss": 1.709534764289856, "class_log_probabilities": [-0.6722133755683899, -3.927619457244873, -5.229327201843262, -6.218264102935791], "predictions": [33, 36, 399, 400, 401, 37, 38, 4, 4], "target_tokens": ["[IN:DELETE_REMINDER", "[SL:TODO", "@ptr4", "@ptr5", "SL:TODO]", "IN:DELETE_REMINDER]"], "predicted_tokens": ["[IN:DELETE_REMINDER", "[SL:TODO", "@ptr4", "@ptr5", "@ptr6", "SL:TODO]", "IN:DELETE_REMINDER]"]}
{"loss": 2.805854082107544, "class_log_probabilities": [-29.164953231811523, -29.834383010864258, -30.027650833129883, -30.17989158630371], "predictions": [49, 36, 143, 36, 143, 36, 143, 36, 143, 36, 143, 36, 143, 36, 143, 36, 143, 36, 143, 36, 143, 36, 143, 36, 143, 36, 143, 36, 143, 36, 143, 36, 143, 36, 143, 36, 143, 36, 143, 36, 143, 36, 143, 36, 143, 36, 143, 36, 143, 36, 143, 36, 143, 36, 143, 36, 143, 36, 143, 36, 143, 36, 143, 36, 143, 36, 143, 36, 143, 36, 143, 36, 143, 36, 143, 36, 143, 36, 143, 36, 143, 36, 143, 36, 143, 36, 143, 36, 143, 36, 143, 36, 143, 36, 143, 36, 143, 36, 143, 36], "target_tokens": ["[IN:CREATE_REMINDER", "[SL:TODO", "[IN:GET_TODO", "[SL:TODO", "@ptr4", "@ptr5", "@ptr6", "SL:TODO]", "[SL:DATE_TIME", "@ptr7", "@ptr8", "@ptr9", "@ptr10", "@ptr11", "@ptr12", "SL:DATE_TIME]", "IN:GET_TODO]", "SL:TODO]", "[SL:PERSON_REMINDED", "@ptr0", "SL:PERSON_REMINDED]", "[SL:DATE_TIME", "@ptr19", "@ptr20", "@ptr21", "@ptr22", "SL:DATE_TIME]", "IN:CREATE_REMINDER]"], "predicted_tokens": ["[IN:CREATE_REMINDER", "[SL:TODO", "[IN:GET_TODO", "[SL:TODO", "[IN:GET_TODO", "[SL:TODO", "[IN:GET_TODO", "[SL:TODO", "[IN:GET_TODO", "[SL:TODO", "[IN:GET_TODO", "[SL:TODO", "[IN:GET_TODO", "[SL:TODO", "[IN:GET_TODO", "[SL:TODO", "[IN:GET_TODO", "[SL:TODO", "[IN:GET_TODO", "[SL:TODO", "[IN:GET_TODO", "[SL:TODO", "[IN:GET_TODO", "[SL:TODO", "[IN:GET_TODO", "[SL:TODO", "[IN:GET_TODO", "[SL:TODO", "[IN:GET_TODO", "[SL:TODO", "[IN:GET_TODO", "[SL:TODO", "[IN:GET_TODO", "[SL:TODO", "[IN:GET_TODO", "[SL:TODO", "[IN:GET_TODO", "[SL:TODO", "[IN:GET_TODO", "[SL:TODO", "[IN:GET_TODO", "[SL:TODO", "[IN:GET_TODO", "[SL:TODO", "[IN:GET_TODO", "[SL:TODO", "[IN:GET_TODO", "[SL:TODO", "[IN:GET_TODO", "[SL:TODO", "[IN:GET_TODO", "[SL:TODO", "[IN:GET_TODO", "[SL:TODO", "[IN:GET_TODO", "[SL:TODO", "[IN:GET_TODO", "[SL:TODO", "[IN:GET_TODO", "[SL:TODO", "[IN:GET_TODO", "[SL:TODO", "[IN:GET_TODO", "[SL:TODO", "[IN:GET_TODO", "[SL:TODO", "[IN:GET_TODO", "[SL:TODO", "[IN:GET_TODO", "[SL:TODO", "[IN:GET_TODO", "[SL:TODO", "[IN:GET_TODO", "[SL:TODO", "[IN:GET_TODO", "[SL:TODO", "[IN:GET_TODO", "[SL:TODO", "[IN:GET_TODO", "[SL:TODO", "[IN:GET_TODO", "[SL:TODO", "[IN:GET_TODO", "[SL:TODO", "[IN:GET_TODO", "[SL:TODO", "[IN:GET_TODO", "[SL:TODO", "[IN:GET_TODO", "[SL:TODO", "[IN:GET_TODO", "[SL:TODO", "[IN:GET_TODO", "[SL:TODO", "[IN:GET_TODO", "[SL:TODO", "[IN:GET_TODO", "[SL:TODO", "[IN:GET_TODO", "[SL:TODO"]}
{"loss": 2.035398483276367, "class_log_probabilities": [-5.463258266448975, -5.994695663452148, -6.742075443267822, -6.7908477783203125], "predictions": [49, 36, 143, 36, 398, 399, 400, 401, 402, 403, 404, 15, 16, 406, 407, 408, 17, 50, 4, 4], "target_tokens": ["[IN:CREATE_REMINDER", "[SL:PERSON_REMINDED", "@ptr1", "SL:PERSON_REMINDED]", "[SL:TODO", "@ptr3", "@ptr4", "@ptr5", "@ptr6", "@ptr7", "@ptr8", "SL:TODO]", "[SL:DATE_TIME", "@ptr9", "@ptr10", "@ptr11", "SL:DATE_TIME]", "IN:CREATE_REMINDER]"], "predicted_tokens": ["[IN:CREATE_REMINDER", "[SL:TODO", "[IN:GET_TODO", "[SL:TODO", "@ptr3", "@ptr4", "@ptr5", "@ptr6", "@ptr7", "@ptr8", "@ptr9", "SL:LOCATION]", "[SL:DATE_TIME", "@ptr11", "@ptr12", "@ptr13", "SL:DATE_TIME]", "IN:CREATE_REMINDER]"]}
{"loss": 2.3215367794036865, "class_log_probabilities": [-2.2174179553985596, -2.8352272510528564, -4.099247455596924, -4.851382732391357], "predictions": [39, 43, 400, 401, 44, 42, 4, 4, 4, 4], "target_tokens": ["[IN:GET_STORIES_NEWS", "[SL:NEWS_TYPE", "@ptr1", "SL:NEWS_TYPE]", "[SL:NEWS_TOPIC", "@ptr4", "@ptr5", "SL:NEWS_TOPIC]", "IN:GET_STORIES_NEWS]"], "predicted_tokens": ["[IN:GET_STORIES_NEWS", "[SL:NEWS_CATEGORY", "@ptr5", "@ptr6", "SL:NEWS_CATEGORY]", "IN:GET_STORIES_NEWS]"]}
{"loss": 1.3983063697814941, "class_log_probabilities": [-1.0637716054916382, -3.484070301055908, -5.0944929122924805, -5.634679794311523], "predictions": [81, 6, 398, 399, 7, 82, 4, 4], "target_tokens": ["[IN:END_CALL", "[SL:CONTACT", "@ptr2", "@ptr3", "@ptr4", "SL:CONTACT]", "IN:END_CALL]"], "predicted_tokens": ["[IN:END_CALL", "[SL:CONTACT", "@ptr3", "@ptr4", "SL:CONTACT]", "IN:END_CALL]"]}
{"loss": 0.9893274307250977, "class_log_probabilities": [-0.15252619981765747, -7.765124797821045, -7.897422790527344, -8.005483627319336], "predictions": [95, 96, 4], "target_tokens": ["[IN:IGNORE_CALL", "IN:IGNORE_CALL]"], "predicted_tokens": ["[IN:IGNORE_CALL", "IN:IGNORE_CALL]"]}
{"loss": 0.9756647944450378, "class_log_probabilities": [-0.30477410554885864, -7.345547676086426, -7.607655048370361, -7.702941417694092], "predictions": [107, 108, 396, 109, 110, 4], "target_tokens": ["[IN:UPDATE_CALL", "[SL:CONTACT_ADDED", "@ptr1", "SL:CONTACT_ADDED]", "IN:UPDATE_CALL]"], "predicted_tokens": ["[IN:UPDATE_CALL", "[SL:CONTACT_ADDED", "@ptr1", "SL:CONTACT_ADDED]", "IN:UPDATE_CALL]"]}
{"loss": 1.06535005569458, "class_log_probabilities": [-1.2279093265533447, -1.2660807371139526, -6.157083988189697, -6.34454870223999], "predictions": [153, 6, 399, 7, 154, 4], "target_tokens": ["[IN:ANSWER_CALL", "[SL:CONTACT", "@ptr4", "SL:CONTACT]", "IN:ANSWER_CALL]"], "predicted_tokens": ["[IN:ANSWER_CALL", "[SL:CONTACT", "@ptr4", "SL:CONTACT]", "IN:ANSWER_CALL]"]}
{"loss": 2.505927324295044, "class_log_probabilities": [-0.8272030353546143, -5.074268817901611, -6.564004898071289, -6.744046211242676], "predictions": [13, 14, 397, 398, 399, 400, 15, 16, 401, 402, 17, 18, 4], "target_tokens": ["[IN:GET_WEATHER", "[SL:LOCATION", "@ptr2", "@ptr3", "@ptr4", "SL:LOCATION]", "[SL:DATE_TIME", "@ptr5", "@ptr6", "SL:DATE_TIME]", "IN:GET_WEATHER]"], "predicted_tokens": ["[IN:GET_WEATHER", "[SL:LOCATION", "@ptr2", "@ptr3", "@ptr4", "@ptr5", "SL:LOCATION]", "[SL:DATE_TIME", "@ptr6", "@ptr7", "SL:DATE_TIME]", "IN:GET_WEATHER]"]}
{"loss": 1.4064249992370605, "class_log_probabilities": [-1.3340749740600586, -2.7719781398773193, -3.5989181995391846, -4.085960865020752], "predictions": [267, 64, 398, 65, 268, 4], "target_tokens": ["[IN:LIKE_MUSIC", "[SL:MUSIC_TYPE", "@ptr2", "SL:MUSIC_TYPE]", "IN:LIKE_MUSIC]"], "predicted_tokens": ["[IN:LIKE_MUSIC", "[SL:MUSIC_TYPE", "@ptr3", "SL:MUSIC_TYPE]", "IN:LIKE_MUSIC]"]}
{"loss": 3.1902542114257812, "class_log_probabilities": [-0.7507119178771973, -4.402134895324707, -4.90263032913208, -5.650079727172852], "predictions": [61, 16, 395, 396, 17, 14, 401, 402, 403, 404, 405, 15, 62, 4], "target_tokens": ["[IN:GET_EVENT", "[SL:LOCATION", "@ptr5", "@ptr6", "@ptr7", "@ptr8", "@ptr9", "@ptr10", "SL:LOCATION]", "[SL:DATE_TIME", "@ptr0", "@ptr1", "SL:DATE_TIME]", "IN:GET_EVENT]"], "predicted_tokens": ["[IN:GET_EVENT", "[SL:DATE_TIME", "@ptr0", "@ptr1", "SL:DATE_TIME]", "[SL:LOCATION", "@ptr6", "@ptr7", "@ptr8", "@ptr9", "@ptr10", "SL:LOCATION]", "IN:GET_EVENT]"]}
{"loss": 4.4558587074279785, "class_log_probabilities": [-2.131805181503296, -2.2312779426574707, -2.827073574066162, -2.941110610961914], "predictions": [61, 16, 395, 396, 397, 398, 17, 14, 400, 401, 402, 403, 15, 62, 4], "target_tokens": ["[IN:GET_EVENT", "[SL:CATEGORY_EVENT", "@ptr10", "SL:CATEGORY_EVENT]", "[SL:LOCATION", "@ptr4", "@ptr5", "@ptr6", "@ptr7", "SL:LOCATION]", "[SL:DATE_TIME", "@ptr0", "@ptr1", "SL:DATE_TIME]", "IN:GET_EVENT]"], "predicted_tokens": ["[IN:GET_EVENT", "[SL:DATE_TIME", "@ptr0", "@ptr1", "@ptr2", "@ptr3", "SL:DATE_TIME]", "[SL:LOCATION", "@ptr5", "@ptr6", "@ptr7", "@ptr8", "SL:LOCATION]", "IN:GET_EVENT]"]}
{"loss": 2.718552589416504, "class_log_probabilities": [-3.1977970600128174, -3.2804932594299316, -3.4806172847747803, -4.766943454742432], "predictions": [61, 14, 403, 405, 15, 16, 406, 17, 62, 4, 4], "target_tokens": ["[IN:GET_EVENT", "[SL:LOCATION", "@ptr7", "@ptr8", "SL:LOCATION]", "[SL:DATE_TIME", "@ptr9", "@ptr10", "SL:DATE_TIME]", "IN:GET_EVENT]"], "predicted_tokens": ["[IN:GET_EVENT", "[SL:LOCATION", "@ptr8", "@ptr10", "SL:LOCATION]", "[SL:DATE_TIME", "@ptr11", "SL:DATE_TIME]", "IN:GET_EVENT]"]}
{"loss": 2.255753517150879, "class_log_probabilities": [-2.2413489818573, -3.232628583908081, -4.858357906341553, -5.117075443267822], "predictions": [61, 14, 398, 399, 15, 16, 401, 402, 403, 405, 17, 62, 4, 4], "target_tokens": ["[IN:GET_EVENT", "[SL:LOCATION", "@ptr4", "SL:LOCATION]", "[SL:DATE_TIME", "@ptr5", "@ptr6", "@ptr7", "@ptr8", "@ptr9", "SL:DATE_TIME]", "IN:GET_EVENT]"], "predicted_tokens": ["[IN:GET_EVENT", "[SL:LOCATION", "@ptr3", "@ptr4", "SL:LOCATION]", "[SL:DATE_TIME", "@ptr6", "@ptr7", "@ptr8", "@ptr10", "SL:DATE_TIME]", "IN:GET_EVENT]"]}
{"loss": 2.7276597023010254, "class_log_probabilities": [-0.8476486802101135, -2.321878433227539, -5.301869869232178, -6.061429023742676], "predictions": [61, 83, 396, 84, 16, 400, 401, 402, 17, 62, 4], "target_tokens": ["[IN:GET_EVENT", "[SL:CATEGORY_EVENT", "@ptr1", "SL:CATEGORY_EVENT]", "[SL:DATE_TIME", "@ptr4", "@ptr5", "SL:DATE_TIME]", "IN:GET_EVENT]"], "predicted_tokens": ["[IN:GET_EVENT", "[SL:CATEGORY_EVENT", "@ptr1", "SL:CATEGORY_EVENT]", "[SL:DATE_TIME", "@ptr5", "@ptr6", "@ptr7", "SL:DATE_TIME]", "IN:GET_EVENT]"]}
{"loss": 2.2573862075805664, "class_log_probabilities": [-0.6491881608963013, -5.774640083312988, -5.879467964172363, -6.70956563949585], "predictions": [61, 16, 399, 400, 401, 402, 403, 17, 62, 4, 4], "target_tokens": ["[IN:GET_EVENT", "[SL:DATE_TIME", "@ptr5", "@ptr6", "@ptr7", "SL:DATE_TIME]", "IN:GET_EVENT]"], "predicted_tokens": ["[IN:GET_EVENT", "[SL:DATE_TIME", "@ptr4", "@ptr5", "@ptr6", "@ptr7", "@ptr8", "SL:DATE_TIME]", "IN:GET_EVENT]"]}
{"loss": 1.7940340042114258, "class_log_probabilities": [-3.884080648422241, -4.0776686668396, -4.622030735015869, -5.13199520111084], "predictions": [61, 83, 396, 397, 398, 399, 400, 401, 402, 15, 16, 403, 404, 405, 17, 62, 4, 4, 4], "target_tokens": ["[IN:GET_EVENT", "[SL:CATEGORY_EVENT", "@ptr1", "@ptr2", "SL:CATEGORY_EVENT]", "[SL:LOCATION", "@ptr4", "@ptr5", "@ptr6", "SL:LOCATION]", "[SL:DATE_TIME", "@ptr7", "@ptr8", "@ptr9", "SL:DATE_TIME]", "IN:GET_EVENT]"], "predicted_tokens": ["[IN:GET_EVENT", "[SL:CATEGORY_EVENT", "@ptr1", "@ptr2", "@ptr3", "@ptr4", "@ptr5", "@ptr6", "@ptr7", "SL:LOCATION]", "[SL:DATE_TIME", "@ptr8", "@ptr9", "@ptr10", "SL:DATE_TIME]", "IN:GET_EVENT]"]}
{"loss": 2.263420820236206, "class_log_probabilities": [-0.9997721910476685, -3.5117545127868652, -5.942485332489014, -6.161440372467041], "predictions": [70, 71, 396, 397, 72, 6, 399, 400, 401, 402, 7, 73, 4], "target_tokens": ["[IN:GET_CONTACT", "[SL:CONTACT", "@ptr4", "@ptr5", "@ptr6", "@ptr7", "SL:CONTACT]", "[SL:TYPE_RELATION", "@ptr1", "@ptr2", "SL:TYPE_RELATION]", "IN:GET_CONTACT]"], "predicted_tokens": ["[IN:GET_CONTACT", "[SL:TYPE_RELATION", "@ptr1", "@ptr2", "SL:TYPE_RELATION]", "[SL:CONTACT", "@ptr4", "@ptr5", "@ptr6", "@ptr7", "SL:CONTACT]", "IN:GET_CONTACT]"]}
{"loss": 3.0100464820861816, "class_log_probabilities": [-3.735961437225342, -4.071785926818848, -4.235764980316162, -4.551385402679443], "predictions": [39, 40, 397, 41, 133, 400, 401, 402, 403, 404, 134, 42, 4, 4, 4, 4], "target_tokens": ["[IN:GET_STORIES_NEWS", "[SL:DATE_TIME", "@ptr2", "SL:DATE_TIME]", "[SL:NEWS_TYPE", "@ptr1", "SL:NEWS_TYPE]", "[SL:NEWS_SOURCE", "@ptr4", "@ptr5", "@ptr6", "@ptr7", "SL:NEWS_SOURCE]", "IN:GET_STORIES_NEWS]"], "predicted_tokens": ["[IN:GET_STORIES_NEWS", "[SL:NEWS_TYPE", "@ptr2", "SL:NEWS_TYPE]", "[SL:NEWS_SOURCE", "@ptr5", "@ptr6", "@ptr7", "@ptr8", "@ptr9", "SL:NEWS_SOURCE]", "IN:GET_STORIES_NEWS]"]}
{"loss": 2.257580518722534, "class_log_probabilities": [-0.824239194393158, -2.955387592315674, -4.859039783477783, -5.487335205078125], "predictions": [63, 101, 397, 398, 399, 400, 102, 103, 402, 104, 68, 4], "target_tokens": ["[IN:PLAY_MUSIC", "[SL:MUSIC_RADIO_ID", "@ptr4", "@ptr5", "SL:MUSIC_RADIO_ID]", "[SL:MUSIC_PROVIDER_NAME", "@ptr7", "SL:MUSIC_PROVIDER_NAME]", "IN:PLAY_MUSIC]"], "predicted_tokens": ["[IN:PLAY_MUSIC", "[SL:MUSIC_TRACK_TITLE", "@ptr2", "@ptr3", "@ptr4", "@ptr5", "SL:MUSIC_TRACK_TITLE]", "[SL:MUSIC_PROVIDER_NAME", "@ptr7", "SL:MUSIC_PROVIDER_NAME]", "IN:PLAY_MUSIC]"]}
{"loss": 1.7559921741485596, "class_log_probabilities": [-4.095109462738037, -4.619113445281982, -4.708007335662842, -4.983947277069092], "predictions": [61, 6, 395, 396, 7, 83, 399, 400, 84, 62, 4, 4], "target_tokens": ["[IN:GET_INFO_CONTACT", "[SL:CONTACT", "@ptr0", "@ptr1", "SL:CONTACT]", "IN:GET_INFO_CONTACT]"], "predicted_tokens": ["[IN:GET_EVENT", "[SL:CONTACT", "@ptr0", "@ptr1", "SL:CONTACT]", "[SL:CATEGORY_EVENT", "@ptr4", "@ptr5", "SL:CATEGORY_EVENT]", "IN:GET_EVENT]"]}
{"loss": 2.9301555156707764, "class_log_probabilities": [-3.0142462253570557, -3.6184637546539307, -4.391047954559326, -4.40717077255249], "predictions": [55, 56, 395, 396, 397, 398, 399, 400, 57, 58, 4, 4, 4], "target_tokens": ["[IN:GET_LIFE_EVENT_TIME", "[SL:CONTACT", "@ptr0", "@ptr1", "@ptr2", "SL:CONTACT]", "[SL:LIFE_EVENT", "@ptr3", "@ptr4", "SL:LIFE_EVENT]", "IN:GET_LIFE_EVENT_TIME]"], "predicted_tokens": ["[IN:QUESTION_NEWS", "[SL:NEWS_TOPIC", "@ptr0", "@ptr1", "@ptr2", "@ptr3", "@ptr4", "@ptr5", "SL:NEWS_TOPIC]", "IN:QUESTION_NEWS]"]}
{"loss": 0.9672577977180481, "class_log_probabilities": [-0.40327563881874084, -6.9023332595825195, -7.446535587310791, -7.722286224365234], "predictions": [105, 6, 395, 396, 7, 106, 4], "target_tokens": ["[IN:GET_INFO_CONTACT", "[SL:CONTACT", "@ptr0", "@ptr1", "SL:CONTACT]", "IN:GET_INFO_CONTACT]"], "predicted_tokens": ["[IN:GET_INFO_CONTACT", "[SL:CONTACT", "@ptr0", "@ptr1", "SL:CONTACT]", "IN:GET_INFO_CONTACT]"]}
{"loss": 0.9707859754562378, "class_log_probabilities": [-0.3939777910709381, -6.768795490264893, -7.41672420501709, -8.914462089538574], "predictions": [137, 6, 395, 396, 7, 140, 4, 4, 4], "target_tokens": ["[IN:GET_EMPLOYER", "[SL:CONTACT", "@ptr0", "@ptr1", "SL:CONTACT]", "IN:GET_EMPLOYER]"], "predicted_tokens": ["[IN:GET_EMPLOYER", "[SL:CONTACT", "@ptr0", "@ptr1", "SL:CONTACT]", "IN:GET_EMPLOYER]"]}
{"loss": 3.7079834938049316, "class_log_probabilities": [-1.3973274230957031, -1.5763880014419556, -4.738577842712402, -9.384373664855957], "predictions": [211, 6, 395, 7, 14, 401, 15, 212, 4, 4, 4], "target_tokens": ["[IN:GET_EMPLOYER", "[SL:CONTACT", "@ptr0", "SL:CONTACT]", "[SL:EMPLOYER", "@ptr5", "@ptr6", "SL:EMPLOYER]", "IN:GET_EMPLOYER]"], "predicted_tokens": ["[IN:GET_LOCATION", "[SL:CONTACT", "@ptr0", "SL:CONTACT]", "[SL:LOCATION", "@ptr6", "SL:LOCATION]", "IN:GET_LOCATION]"]}
{"loss": 1.0876412391662598, "class_log_probabilities": [-1.0098841190338135, -1.2403703927993774, -5.4118781089782715, -5.564489364624023], "predictions": [137, 6, 395, 7, 140, 4, 4], "target_tokens": ["[IN:GET_EMPLOYER", "[SL:CONTACT", "@ptr0", "SL:CONTACT]", "IN:GET_EMPLOYER]"], "predicted_tokens": ["[IN:GET_EMPLOYER", "[SL:CONTACT", "@ptr0", "SL:CONTACT]", "IN:GET_EMPLOYER]"]}
{"loss": 2.164470911026001, "class_log_probabilities": [-0.3576998710632324, -6.714692115783691, -7.1230149269104, -7.593878746032715], "predictions": [211, 6, 395, 7, 212, 4], "target_tokens": ["[IN:GET_EMPLOYER", "[SL:CONTACT", "@ptr0", "SL:CONTACT]", "IN:GET_EMPLOYER]"], "predicted_tokens": ["[IN:GET_LOCATION", "[SL:CONTACT", "@ptr0", "SL:CONTACT]", "IN:GET_LOCATION]"]}
{"loss": 1.6964101791381836, "class_log_probabilities": [-0.6263195276260376, -2.9790518283843994, -4.729858875274658, -5.561720371246338], "predictions": [193, 6, 395, 7, 138, 399, 400, 139, 196, 4, 4], "target_tokens": ["[IN:GET_EMPLOYMENT_TIME", "[SL:CONTACT", "@ptr0", "SL:CONTACT]", "[SL:EMPLOYER", "@ptr3", "@ptr4", "SL:EMPLOYER]", "IN:GET_EMPLOYMENT_TIME]"], "predicted_tokens": ["[IN:GET_EMPLOYMENT_TIME", "[SL:CONTACT", "@ptr0", "SL:CONTACT]", "[SL:EMPLOYER", "@ptr4", "@ptr5", "SL:EMPLOYER]", "IN:GET_EMPLOYMENT_TIME]"]}
{"loss": 0.9926428198814392, "class_log_probabilities": [-0.46448832750320435, -5.141519546508789, -6.251704692840576, -6.59550666809082], "predictions": [193, 6, 395, 7, 138, 398, 139, 196, 4, 4, 4], "target_tokens": ["[IN:GET_EMPLOYMENT_TIME", "[SL:CONTACT", "@ptr0", "SL:CONTACT]", "[SL:EMPLOYER", "@ptr3", "SL:EMPLOYER]", "IN:GET_EMPLOYMENT_TIME]"], "predicted_tokens": ["[IN:GET_EMPLOYMENT_TIME", "[SL:CONTACT", "@ptr0", "SL:CONTACT]", "[SL:EMPLOYER", "@ptr3", "SL:EMPLOYER]", "IN:GET_EMPLOYMENT_TIME]"]}
{"loss": 0.9629135131835938, "class_log_probabilities": [-0.4440044164657593, -5.845925331115723, -6.605566024780273, -7.67570686340332], "predictions": [211, 6, 398, 399, 7, 212, 4, 4], "target_tokens": ["[IN:GET_LOCATION", "[SL:CONTACT", "@ptr3", "@ptr4", "SL:CONTACT]", "IN:GET_LOCATION]"], "predicted_tokens": ["[IN:GET_LOCATION", "[SL:CONTACT", "@ptr3", "@ptr4", "SL:CONTACT]", "IN:GET_LOCATION]"]}
{"loss": 2.3181591033935547, "class_log_probabilities": [-1.0727801322937012, -2.479665756225586, -4.868834972381592, -5.533458709716797], "predictions": [211, 6, 395, 7, 14, 399, 400, 15, 212, 4], "target_tokens": ["[IN:GET_LOCATION", "[SL:CONTACT_RELATED", "@ptr0", "SL:CONTACT_RELATED]", "[SL:LOCATION", "@ptr4", "SL:LOCATION]", "IN:GET_LOCATION]"], "predicted_tokens": ["[IN:GET_LOCATION", "[SL:CONTACT", "@ptr0", "SL:CONTACT]", "[SL:LOCATION", "@ptr4", "@ptr5", "SL:LOCATION]", "IN:GET_LOCATION]"]}
{"loss": 1.001578688621521, "class_log_probabilities": [-0.9788206219673157, -2.03564190864563, -3.7490808963775635, -6.1960577964782715], "predictions": [211, 6, 395, 396, 7, 14, 400, 15, 212, 4, 4], "target_tokens": ["[IN:GET_LOCATION", "[SL:CONTACT", "@ptr0", "@ptr1", "SL:CONTACT]", "[SL:LOCATION", "@ptr5", "SL:LOCATION]", "IN:GET_LOCATION]"], "predicted_tokens": ["[IN:GET_LOCATION", "[SL:CONTACT", "@ptr0", "@ptr1", "SL:CONTACT]", "[SL:LOCATION", "@ptr5", "SL:LOCATION]", "IN:GET_LOCATION]"]}
{"loss": 1.7107568979263306, "class_log_probabilities": [-0.49374616146087646, -5.120110988616943, -6.220010757446289, -6.379004955291748], "predictions": [70, 138, 399, 400, 401, 139, 73, 4], "target_tokens": ["[IN:GET_CONTACT", "[SL:EMPLOYER", "@ptr4", "@ptr5", "SL:EMPLOYER]", "IN:GET_CONTACT]"], "predicted_tokens": ["[IN:GET_CONTACT", "[SL:EMPLOYER", "@ptr4", "@ptr5", "@ptr6", "SL:EMPLOYER]", "IN:GET_CONTACT]"]}
{"loss": 3.407667636871338, "class_log_probabilities": [-2.761716842651367, -2.8600339889526367, -3.9517993927001953, -6.0604400634765625], "predictions": [70, 14, 404, 406, 15, 73, 4, 4, 4, 4, 4], "target_tokens": ["[IN:GET_CONTACT", "[SL:EMPLOYER", "@ptr7", "@ptr8", "@ptr9", "@ptr10", "SL:EMPLOYER]", "IN:GET_CONTACT]"], "predicted_tokens": ["[IN:GET_CONTACT", "[SL:LOCATION", "@ptr9", "@ptr11", "SL:LOCATION]", "IN:GET_CONTACT]"]}
{"loss": 2.752490520477295, "class_log_probabilities": [-5.726876258850098, -5.9080986976623535, -6.333800792694092, -6.414459228515625], "predictions": [70, 71, 401, 72, 93, 404, 94, 71, 402, 139, 73, 4, 4, 4, 4, 4], "target_tokens": ["[IN:GET_CONTACT", "[SL:CONTACT_RELATED", "@ptr6", "@ptr7", "SL:CONTACT_RELATED]", "[SL:TYPE_RELATION", "@ptr5", "SL:TYPE_RELATION]", "[SL:EMPLOYER", "@ptr10", "@ptr11", "SL:EMPLOYER]", "IN:GET_CONTACT]"], "predicted_tokens": ["[IN:GET_CONTACT", "[SL:TYPE_RELATION", "@ptr6", "SL:TYPE_RELATION]", "[SL:CONTACT_RELATED", "@ptr9", "SL:CONTACT_RELATED]", "[SL:TYPE_RELATION", "@ptr7", "SL:EMPLOYER]", "IN:GET_CONTACT]"]}
{"loss": 1.1251987218856812, "class_log_probabilities": [-1.1137146949768066, -1.6035597324371338, -5.269569396972656, -6.111659526824951], "predictions": [70, 138, 399, 139, 73, 4, 4], "target_tokens": ["[IN:GET_CONTACT", "[SL:EMPLOYER", "@ptr3", "SL:EMPLOYER]", "IN:GET_CONTACT]"], "predicted_tokens": ["[IN:GET_CONTACT", "[SL:EMPLOYER", "@ptr4", "SL:EMPLOYER]", "IN:GET_CONTACT]"]}
{"loss": 1.9840351343154907, "class_log_probabilities": [-0.47416889667510986, -6.955615997314453, -7.237473487854004, -7.43057918548584], "predictions": [70, 257, 401, 258, 73, 4], "target_tokens": ["[IN:GET_CONTACT", "[SL:SCHOOL", "@ptr5", "SL:SCHOOL]", "IN:GET_CONTACT]"], "predicted_tokens": ["[IN:GET_CONTACT", "[SL:SCHOOL", "@ptr6", "SL:SCHOOL]", "IN:GET_CONTACT]"]}
{"loss": 2.2467000484466553, "class_log_probabilities": [-1.7696142196655273, -3.343797445297241, -4.366876125335693, -7.773576736450195], "predictions": [70, 71, 395, 72, 93, 397, 94, 73, 4, 4, 4, 4, 4, 4], "target_tokens": ["[IN:GET_CONTACT", "[SL:CONTACT_RELATED", "@ptr1", "SL:CONTACT_RELATED]", "[SL:TYPE_RELATION", "@ptr0", "SL:TYPE_RELATION]", "[SL:SCHOOL", "@ptr6", "@ptr7", "SL:SCHOOL]", "IN:GET_CONTACT]"], "predicted_tokens": ["[IN:GET_CONTACT", "[SL:TYPE_RELATION", "@ptr0", "SL:TYPE_RELATION]", "[SL:CONTACT_RELATED", "@ptr2", "SL:CONTACT_RELATED]", "IN:GET_CONTACT]"]}
{"loss": 3.7433512210845947, "class_log_probabilities": [-0.9547458291053772, -3.5297529697418213, -3.567647695541382, -5.297555446624756], "predictions": [75, 6, 402, 7, 78, 4], "target_tokens": ["[IN:GET_CONTACT", "[SL:LOCATION", "@ptr6", "SL:LOCATION]", "IN:GET_CONTACT]"], "predicted_tokens": ["[IN:CREATE_CALL", "[SL:CONTACT", "@ptr7", "SL:CONTACT]", "IN:CREATE_CALL]"]}
{"loss": 2.9028615951538086, "class_log_probabilities": [-2.0783510208129883, -3.1685023307800293, -4.310683250427246, -4.692956924438477], "predictions": [70, 71, 398, 72, 93, 400, 94, 14, 402, 403, 404, 405, 15, 73, 4], "target_tokens": ["[IN:GET_CONTACT", "[SL:CONTACT_RELATED", "@ptr3", "@ptr4", "SL:CONTACT_RELATED]", "[SL:TYPE_RELATION", "@ptr2", "SL:TYPE_RELATION]", "[SL:LOCATION", "@ptr6", "@ptr7", "@ptr8", "@ptr9", "SL:LOCATION]", "IN:GET_CONTACT]"], "predicted_tokens": ["[IN:GET_CONTACT", "[SL:TYPE_RELATION", "@ptr3", "SL:TYPE_RELATION]", "[SL:CONTACT_RELATED", "@ptr5", "SL:CONTACT_RELATED]", "[SL:LOCATION", "@ptr7", "@ptr8", "@ptr9", "@ptr10", "SL:LOCATION]", "IN:GET_CONTACT]"]}
{"loss": 1.5996047258377075, "class_log_probabilities": [-0.5686620473861694, -4.963089942932129, -5.723514080047607, -6.943466663360596], "predictions": [70, 93, 395, 94, 14, 403, 15, 73, 4], "target_tokens": ["[IN:GET_CONTACT", "[SL:CONTACT_RELATED", "@ptr0", "SL:CONTACT_RELATED]", "[SL:LOCATION", "@ptr7", "SL:LOCATION]", "IN:GET_CONTACT]"], "predicted_tokens": ["[IN:GET_CONTACT", "[SL:CONTACT_RELATED", "@ptr0", "SL:CONTACT_RELATED]", "[SL:LOCATION", "@ptr8", "SL:LOCATION]", "IN:GET_CONTACT]"]}
{"loss": 2.2720837593078613, "class_log_probabilities": [-0.6507517099380493, -3.000335931777954, -3.3790030479431152, -4.616528034210205], "predictions": [70, 14, 400, 15, 73, 4, 4], "target_tokens": ["[IN:GET_CONTACT", "[SL:LOCATION", "@ptr5", "@ptr6", "SL:LOCATION]", "IN:GET_CONTACT]"], "predicted_tokens": ["[IN:GET_CONTACT", "[SL:LOCATION", "@ptr5", "SL:LOCATION]", "IN:GET_CONTACT]"]}
{"loss": 2.704197645187378, "class_log_probabilities": [-2.010903835296631, -2.147934675216675, -2.915529727935791, -5.224868297576904], "predictions": [70, 71, 397, 72, 6, 399, 400, 401, 402, 94, 73, 4], "target_tokens": ["[IN:GET_CONTACT", "[SL:CONTACT_RELATED", "@ptr4", "@ptr5", "@ptr6", "SL:CONTACT_RELATED]", "[SL:TYPE_RELATION", "@ptr1", "@ptr2", "SL:TYPE_RELATION]", "IN:GET_CONTACT]"], "predicted_tokens": ["[IN:GET_CONTACT", "[SL:TYPE_RELATION", "@ptr2", "SL:TYPE_RELATION]", "[SL:CONTACT", "@ptr4", "@ptr5", "@ptr6", "@ptr7", "SL:CONTACT_RELATED]", "IN:GET_CONTACT]"]}
{"loss": 2.973679780960083, "class_log_probabilities": [-1.2182953357696533, -2.2420053482055664, -4.306513786315918, -4.587044715881348], "predictions": [70, 71, 398, 72, 6, 400, 401, 402, 7, 73, 4], "target_tokens": ["[IN:GET_CONTACT", "[SL:TYPE_RELATION", "@ptr2", "SL:TYPE_RELATION]", "[SL:CONTACT_RELATED", "@ptr4", "@ptr5", "SL:CONTACT_RELATED]", "IN:GET_CONTACT]"], "predicted_tokens": ["[IN:GET_CONTACT", "[SL:TYPE_RELATION", "@ptr3", "SL:TYPE_RELATION]", "[SL:CONTACT", "@ptr5", "@ptr6", "@ptr7", "SL:CONTACT]", "IN:GET_CONTACT]"]}
{"loss": 1.8168646097183228, "class_log_probabilities": [-1.2182996273040771, -3.6382129192352295, -3.8142952919006348, -3.8682048320770264], "predictions": [70, 71, 397, 72, 6, 399, 7, 73, 4], "target_tokens": ["[IN:GET_CONTACT", "[SL:TYPE_RELATION", "@ptr1", "SL:TYPE_RELATION]", "[SL:CONTACT_RELATED", "@ptr3", "SL:CONTACT_RELATED]", "IN:GET_CONTACT]"], "predicted_tokens": ["[IN:GET_CONTACT", "[SL:TYPE_RELATION", "@ptr2", "SL:TYPE_RELATION]", "[SL:CONTACT", "@ptr4", "SL:CONTACT]", "IN:GET_CONTACT]"]}
{"loss": 1.5470707416534424, "class_log_probabilities": [-2.388993263244629, -2.9208576679229736, -3.761120080947876, -5.150905609130859], "predictions": [51, 52, 398, 399, 400, 401, 402, 53, 113, 402, 114, 54, 4], "target_tokens": ["[IN:GET_RECIPES", "[SL:RECIPES_DISH", "@ptr3", "@ptr4", "@ptr5", "@ptr6", "SL:RECIPES_DISH]", "IN:GET_RECIPES]"], "predicted_tokens": ["[IN:GET_RECIPES", "[SL:RECIPES_DISH", "@ptr3", "@ptr4", "@ptr5", "@ptr6", "@ptr7", "SL:RECIPES_DISH]", "[SL:RECIPES_COOKING_METHOD", "@ptr7", "SL:RECIPES_COOKING_METHOD]", "IN:GET_RECIPES]"]}
{"loss": 2.5425527095794678, "class_log_probabilities": [-4.195486545562744, -5.133602142333984, -5.15476131439209, -5.61732292175293], "predictions": [27, 52, 398, 399, 400, 53, 129, 405, 130, 30, 4, 4], "target_tokens": ["[IN:IS_TRUE_RECIPES", "[SL:RECIPES_INCLUDED_INGREDIENT", "@ptr2", "@ptr3", "@ptr4", "@ptr5", "SL:RECIPES_INCLUDED_INGREDIENT]", "IN:IS_TRUE_RECIPES]"], "predicted_tokens": ["[IN:GET_INFO_RECIPES", "[SL:RECIPES_DISH", "@ptr3", "@ptr4", "@ptr5", "SL:RECIPES_DISH]", "[SL:RECIPES_INCLUDED_INGREDIENT", "@ptr10", "SL:RECIPES_INCLUDED_INGREDIENT]", "IN:GET_INFO_RECIPES]"]}
{"loss": 4.381656169891357, "class_log_probabilities": [-0.1490650475025177, -8.49909496307373, -8.768011093139648, -8.803142547607422], "predictions": [27, 30, 4, 4, 4, 4], "target_tokens": ["[IN:GET_INFO_RECIPES", "[SL:RECIPES_ATTRIBUTE", "@ptr0", "@ptr1", "SL:RECIPES_ATTRIBUTE]", "[SL:RECIPES_CUISINE", "@ptr7", "SL:RECIPES_CUISINE]", "[SL:METHOD_RECIPES", "@ptr6", "SL:METHOD_RECIPES]", "IN:GET_INFO_RECIPES]"], "predicted_tokens": ["[IN:GET_INFO_RECIPES", "IN:GET_INFO_RECIPES]"]}
{"loss": 1.042889952659607, "class_log_probabilities": [-1.3633394241333008, -1.762962818145752, -2.4740054607391357, -7.267326831817627], "predictions": [27, 129, 395, 130, 52, 401, 53, 30, 4, 4, 4, 4, 4], "target_tokens": ["[IN:GET_INFO_RECIPES", "[SL:RECIPES_INCLUDED_INGREDIENT", "@ptr0", "SL:RECIPES_INCLUDED_INGREDIENT]", "[SL:RECIPES_DISH", "@ptr6", "SL:RECIPES_DISH]", "IN:GET_INFO_RECIPES]"], "predicted_tokens": ["[IN:GET_INFO_RECIPES", "[SL:RECIPES_INCLUDED_INGREDIENT", "@ptr0", "SL:RECIPES_INCLUDED_INGREDIENT]", "[SL:RECIPES_DISH", "@ptr6", "SL:RECIPES_DISH]", "IN:GET_INFO_RECIPES]"]}
{"loss": 4.45011043548584, "class_log_probabilities": [-1.1447710990905762, -4.227304458618164, -4.735275745391846, -5.115185260772705], "predictions": [227, 16, 401, 402, 17, 228, 4, 4], "target_tokens": ["[IN:SNOOZE_ALARM", "[SL:DATE_TIME", "@ptr5", "@ptr6", "SL:DATE_TIME]", "IN:SNOOZE_ALARM]"], "predicted_tokens": ["[IN:UPDATE_TIMER", "[SL:DATE_TIME", "@ptr6", "@ptr7", "SL:DATE_TIME]", "IN:UPDATE_TIMER]"]}
{"loss": 1.6706351041793823, "class_log_probabilities": [-3.3970448970794678, -4.843769073486328, -5.2237348556518555, -7.786559104919434], "predictions": [39, 40, 396, 41, 56, 400, 401, 57, 42, 4, 4, 4, 4, 4, 4, 4, 4, 4, 4], "target_tokens": ["[IN:GET_STORIES_NEWS", "[SL:NEWS_TYPE", "@ptr1", "@ptr2", "SL:NEWS_TYPE]", "[SL:NEWS_TOPIC", "@ptr5", "@ptr6", "@ptr7", "@ptr8", "@ptr9", "@ptr10", "@ptr11", "@ptr12", "@ptr13", "@ptr14", "SL:NEWS_TOPIC]", "IN:GET_STORIES_NEWS]"], "predicted_tokens": ["[IN:GET_STORIES_NEWS", "[SL:NEWS_TYPE", "@ptr1", "SL:NEWS_TYPE]", "[SL:NEWS_TOPIC", "@ptr5", "@ptr6", "SL:NEWS_TOPIC]", "IN:GET_STORIES_NEWS]"]}
{"loss": 1.6017049551010132, "class_log_probabilities": [-4.506721496582031, -4.803076267242432, -6.138838291168213, -6.537615776062012], "predictions": [39, 40, 396, 397, 398, 399, 400, 401, 402, 403, 404, 405, 406, 407, 408, 410, 57, 42, 4, 4], "target_tokens": ["[IN:GET_STORIES_NEWS", "[SL:NEWS_TYPE", "@ptr1", "@ptr2", "SL:NEWS_TYPE]", "[SL:NEWS_TOPIC", "@ptr3", "@ptr4", "@ptr5", "@ptr6", "@ptr7", "@ptr8", "@ptr9", "@ptr10", "@ptr11", "@ptr12", "@ptr13", "@ptr14", "@ptr15", "@ptr16", "SL:NEWS_TOPIC]", "IN:GET_STORIES_NEWS]"], "predicted_tokens": ["[IN:GET_STORIES_NEWS", "[SL:NEWS_TYPE", "@ptr1", "@ptr2", "@ptr3", "@ptr4", "@ptr5", "@ptr6", "@ptr7", "@ptr8", "@ptr9", "@ptr10", "@ptr11", "@ptr12", "@ptr13", "@ptr15", "SL:NEWS_TOPIC]", "IN:GET_STORIES_NEWS]"]}
{"loss": 2.3494913578033447, "class_log_probabilities": [-0.8256061673164368, -3.6069607734680176, -4.505705833435059, -5.461252212524414], "predictions": [70, 138, 398, 399, 139, 73, 4], "target_tokens": ["[IN:QUESTION_NEWS", "[SL:NEWS_SOURCE", "@ptr3", "@ptr4", "SL:NEWS_SOURCE]", "IN:QUESTION_NEWS]"], "predicted_tokens": ["[IN:GET_CONTACT", "[SL:EMPLOYER", "@ptr3", "@ptr4", "SL:EMPLOYER]", "IN:GET_CONTACT]"]}
{"loss": 3.1809282302856445, "class_log_probabilities": [-3.369436740875244, -3.5295968055725098, -3.8985559940338135, -4.521393775939941], "predictions": [55, 56, 395, 396, 397, 398, 399, 400, 401, 402, 57, 58, 4, 4, 4], "target_tokens": ["[IN:QUESTION_NEWS", "IN:QUESTION_NEWS]"], "predicted_tokens": ["[IN:QUESTION_NEWS", "[SL:NEWS_TOPIC", "@ptr0", "@ptr1", "@ptr2", "@ptr3", "@ptr4", "@ptr5", "@ptr6", "@ptr7", "SL:NEWS_TOPIC]", "IN:QUESTION_NEWS]"]}
{"loss": 3.1442322731018066, "class_log_probabilities": [-0.6983375549316406, -2.6192469596862793, -3.9162471294403076, -5.017601490020752], "predictions": [225, 90, 399, 91, 226, 4], "target_tokens": ["[IN:DELETE_TIMER", "[SL:METHOD_TIMER", "@ptr1", "@ptr2", "@ptr3", "SL:METHOD_TIMER]", "IN:DELETE_TIMER]"], "predicted_tokens": ["[IN:DELETE_TIMER", "[SL:METHOD_TIMER", "@ptr4", "SL:METHOD_TIMER]", "IN:DELETE_TIMER]"]}
{"loss": 3.2693541049957275, "class_log_probabilities": [-0.8739606142044067, -3.007465124130249, -5.362818241119385, -5.550705909729004], "predictions": [39, 40, 397, 41, 133, 401, 402, 403, 134, 42, 4], "target_tokens": ["[IN:GET_STORIES_NEWS", "[SL:NEWS_REFERENCE", "@ptr3", "SL:NEWS_REFERENCE]", "[SL:NEWS_TYPE", "@ptr2", "SL:NEWS_TYPE]", "[SL:NEWS_SOURCE", "@ptr5", "@ptr6", "@ptr7", "SL:NEWS_SOURCE]", "IN:GET_STORIES_NEWS]"], "predicted_tokens": ["[IN:GET_STORIES_NEWS", "[SL:NEWS_TYPE", "@ptr2", "SL:NEWS_TYPE]", "[SL:NEWS_SOURCE", "@ptr6", "@ptr7", "@ptr8", "SL:NEWS_SOURCE]", "IN:GET_STORIES_NEWS]"]}
{"loss": 3.5100317001342773, "class_log_probabilities": [-6.187753200531006, -6.450558185577393, -6.460193634033203, -7.024727821350098], "predictions": [39, 40, 398, 399, 41, 56, 401, 402, 403, 404, 405, 406, 407, 408, 410, 57, 42, 4], "target_tokens": ["[IN:GET_STORIES_NEWS", "[SL:NEWS_TYPE", "@ptr2", "@ptr3", "SL:NEWS_TYPE]", "[SL:NEWS_CATEGORY", "@ptr10", "@ptr11", "SL:NEWS_CATEGORY]", "[SL:NEWS_TOPIC", "@ptr5", "@ptr6", "@ptr7", "@ptr8", "SL:NEWS_TOPIC]", "IN:GET_STORIES_NEWS]"], "predicted_tokens": ["[IN:GET_STORIES_NEWS", "[SL:NEWS_TYPE", "@ptr3", "@ptr4", "SL:NEWS_TYPE]", "[SL:NEWS_TOPIC", "@ptr6", "@ptr7", "@ptr8", "@ptr9", "@ptr10", "@ptr11", "@ptr12", "@ptr13", "@ptr15", "SL:NEWS_TOPIC]", "IN:GET_STORIES_NEWS]"]}
{"loss": 4.1737236976623535, "class_log_probabilities": [-0.8784046173095703, -4.377838134765625, -5.902978897094727, -5.983270168304443], "predictions": [183, 90, 397, 91, 16, 402, 403, 17, 184, 4], "target_tokens": ["[IN:ADD_TIME_TIMER", "[SL:DATE_TIME", "@ptr6", "@ptr7", "SL:DATE_TIME]", "[SL:METHOD_TIMER", "@ptr0", "@ptr1", "@ptr2", "SL:METHOD_TIMER]", "IN:ADD_TIME_TIMER]"], "predicted_tokens": ["[IN:ADD_TIME_TIMER", "[SL:METHOD_TIMER", "@ptr2", "SL:METHOD_TIMER]", "[SL:DATE_TIME", "@ptr7", "@ptr8", "SL:DATE_TIME]", "IN:ADD_TIME_TIMER]"]}
{"loss": 3.1123404502868652, "class_log_probabilities": [-3.1821632385253906, -3.7093183994293213, -4.404962539672852, -4.430377960205078], "predictions": [89, 90, 398, 399, 91, 16, 402, 403, 404, 405, 406, 17, 92, 4, 4], "target_tokens": ["[IN:RESUME_TIMER", "[SL:METHOD_TIMER", "@ptr2", "@ptr3", "@ptr4", "SL:METHOD_TIMER]", "[SL:DATE_TIME", "@ptr6", "@ptr7", "@ptr8", "@ptr9", "SL:DATE_TIME]", "IN:RESUME_TIMER]"], "predicted_tokens": ["[IN:CREATE_TIMER", "[SL:METHOD_TIMER", "@ptr3", "@ptr4", "SL:METHOD_TIMER]", "[SL:DATE_TIME", "@ptr7", "@ptr8", "@ptr9", "@ptr10", "@ptr11", "SL:DATE_TIME]", "IN:CREATE_TIMER]"]}
{"loss": 2.810413122177124, "class_log_probabilities": [-2.1791746616363525, -2.4044623374938965, -2.6665263175964355, -6.348930835723877], "predictions": [89, 90, 397, 91, 16, 402, 403, 404, 405, 17, 92, 4, 4, 4], "target_tokens": ["[IN:CREATE_TIMER", "[SL:METHOD_TIMER", "@ptr1", "@ptr2", "SL:METHOD_TIMER]", "[SL:DATE_TIME", "@ptr5", "@ptr6", "@ptr7", "@ptr8", "SL:DATE_TIME]", "IN:CREATE_TIMER]"], "predicted_tokens": ["[IN:CREATE_TIMER", "[SL:METHOD_TIMER", "@ptr2", "SL:METHOD_TIMER]", "[SL:DATE_TIME", "@ptr7", "@ptr8", "@ptr9", "@ptr10", "SL:DATE_TIME]", "IN:CREATE_TIMER]"]}
{"loss": 4.048394680023193, "class_log_probabilities": [-4.280248165130615, -5.053616046905518, -5.431572437286377, -6.170673847198486], "predictions": [13, 14, 395, 396, 397, 398, 399, 400, 15, 79, 403, 80, 18, 4, 4, 4], "target_tokens": ["[IN:GET_WEATHER", "[SL:WEATHER_ATTRIBUTE", "@ptr8", "@ptr9", "SL:WEATHER_ATTRIBUTE]", "[SL:WEATHER_ATTRIBUTE", "@ptr10", "SL:WEATHER_ATTRIBUTE]", "[SL:WEATHER_TEMPERATURE_UNIT", "@ptr12", "SL:WEATHER_TEMPERATURE_UNIT]", "[SL:LOCATION", "@ptr0", "@ptr1", "@ptr2", "@ptr3", "@ptr4", "SL:LOCATION]", "IN:GET_WEATHER]"], "predicted_tokens": ["[IN:GET_WEATHER", "[SL:LOCATION", "@ptr0", "@ptr1", "@ptr2", "@ptr3", "@ptr4", "@ptr5", "SL:LOCATION]", "[SL:WEATHER_ATTRIBUTE", "@ptr8", "SL:WEATHER_ATTRIBUTE]", "IN:GET_WEATHER]"]}
{"loss": 3.2891530990600586, "class_log_probabilities": [-3.738548994064331, -4.105672836303711, -4.4310431480407715, -6.375412940979004], "predictions": [13, 14, 407, 397, 15, 135, 400, 136, 18, 4, 4, 4, 4, 4], "target_tokens": ["[IN:GET_WEATHER", "[SL:WEATHER_ATTRIBUTE", "@ptr2", "SL:WEATHER_ATTRIBUTE]", "[SL:LOCATION", "@ptr0", "@ptr1", "SL:LOCATION]", "[SL:WEATHER_TEMPERATURE_UNIT", "@ptr4", "SL:WEATHER_TEMPERATURE_UNIT]", "IN:GET_WEATHER]"], "predicted_tokens": ["[IN:GET_WEATHER", "[SL:LOCATION", "@ptr12", "@ptr2", "SL:LOCATION]", "[SL:WEATHER_TEMPERATURE_UNIT", "@ptr5", "SL:WEATHER_TEMPERATURE_UNIT]", "IN:GET_WEATHER]"]}
{"loss": 3.207667827606201, "class_log_probabilities": [-1.3726924657821655, -2.536494493484497, -2.7102999687194824, -3.871253490447998], "predictions": [13, 14, 398, 399, 15, 16, 401, 402, 403, 17, 135, 406, 136, 18, 4, 4], "target_tokens": ["[IN:GET_WEATHER", "[SL:LOCATION", "@ptr2", "@ptr3", "SL:LOCATION]", "[SL:DATE_TIME", "@ptr5", "@ptr6", "@ptr7", "SL:DATE_TIME]", "[SL:WEATHER_TEMPERATURE_UNIT", "@ptr8", "@ptr9", "SL:WEATHER_TEMPERATURE_UNIT]", "IN:GET_WEATHER]"], "predicted_tokens": ["[IN:GET_WEATHER", "[SL:LOCATION", "@ptr3", "@ptr4", "SL:LOCATION]", "[SL:DATE_TIME", "@ptr6", "@ptr7", "@ptr8", "SL:DATE_TIME]", "[SL:WEATHER_TEMPERATURE_UNIT", "@ptr11", "SL:WEATHER_TEMPERATURE_UNIT]", "IN:GET_WEATHER]"]}
{"loss": 1.9691035747528076, "class_log_probabilities": [-2.8757104873657227, -3.0805437564849854, -4.135229110717773, -4.189640045166016], "predictions": [51, 52, 398, 399, 400, 53, 113, 402, 403, 114, 54, 4, 4, 4], "target_tokens": ["[IN:GET_RECIPES", "[SL:RECIPES_DISH", "@ptr3", "@ptr4", "@ptr5", "SL:RECIPES_DISH]", "[SL:RECIPES_COOKING_METHOD", "@ptr7", "@ptr8", "@ptr9", "@ptr10", "SL:RECIPES_COOKING_METHOD]", "IN:GET_RECIPES]"], "predicted_tokens": ["[IN:GET_RECIPES", "[SL:RECIPES_DISH", "@ptr3", "@ptr4", "@ptr5", "SL:RECIPES_DISH]", "[SL:RECIPES_COOKING_METHOD", "@ptr7", "@ptr8", "SL:RECIPES_COOKING_METHOD]", "IN:GET_RECIPES]"]}
{"loss": 2.7739720344543457, "class_log_probabilities": [-1.3036617040634155, -2.133941888809204, -6.126569747924805, -6.37708044052124], "predictions": [27, 52, 395, 396, 397, 398, 399, 53, 30, 4, 4, 4, 4], "target_tokens": ["[IN:GET_INFO_RECIPES", "[SL:RECIPES_ATTRIBUTE", "@ptr6", "@ptr7", "SL:RECIPES_ATTRIBUTE]", "[SL:RECIPES_DISH", "@ptr0", "@ptr1", "@ptr2", "@ptr3", "@ptr4", "SL:RECIPES_DISH]", "IN:GET_INFO_RECIPES]"], "predicted_tokens": ["[IN:GET_INFO_RECIPES", "[SL:RECIPES_DISH", "@ptr0", "@ptr1", "@ptr2", "@ptr3", "@ptr4", "SL:RECIPES_DISH]", "IN:GET_INFO_RECIPES]"]}
{"loss": 2.523684501647949, "class_log_probabilities": [-0.337758332490921, -6.933112144470215, -8.629182815551758, -9.766636848449707], "predictions": [27, 129, 395, 130, 30, 4, 4, 4, 4], "target_tokens": ["[IN:GET_INFO_RECIPES", "[SL:RECIPES_INCLUDED_INGREDIENT", "@ptr0", "SL:RECIPES_INCLUDED_INGREDIENT]", "[SL:RECIPES_RATING", "@ptr5", "SL:RECIPES_RATING]", "IN:GET_INFO_RECIPES]"], "predicted_tokens": ["[IN:GET_INFO_RECIPES", "[SL:RECIPES_INCLUDED_INGREDIENT", "@ptr0", "SL:RECIPES_INCLUDED_INGREDIENT]", "IN:GET_INFO_RECIPES]"]}
{"loss": 1.1026040315628052, "class_log_probabilities": [-1.5570639371871948, -1.6372253894805908, -3.179166316986084, -7.5737385749816895], "predictions": [51, 52, 399, 53, 54, 4, 4, 4, 4], "target_tokens": ["[IN:GET_RECIPES", "[SL:RECIPES_DISH", "@ptr4", "SL:RECIPES_DISH]", "IN:GET_RECIPES]"], "predicted_tokens": ["[IN:GET_RECIPES", "[SL:RECIPES_DISH", "@ptr4", "SL:RECIPES_DISH]", "IN:GET_RECIPES]"]}
{"loss": 2.9147939682006836, "class_log_probabilities": [-0.8004457950592041, -4.470390319824219, -6.432410717010498, -6.521883010864258], "predictions": [13, 16, 395, 396, 17, 79, 401, 402, 403, 80, 18, 4, 4], "target_tokens": ["[IN:GET_WEATHER", "[SL:WEATHER_ATTRIBUTE", "@ptr6", "@ptr7", "@ptr8", "SL:WEATHER_ATTRIBUTE]", "[SL:DATE_TIME", "@ptr0", "@ptr1", "SL:DATE_TIME]", "IN:GET_WEATHER]"], "predicted_tokens": ["[IN:GET_WEATHER", "[SL:DATE_TIME", "@ptr0", "@ptr1", "SL:DATE_TIME]", "[SL:WEATHER_ATTRIBUTE", "@ptr6", "@ptr7", "@ptr8", "SL:WEATHER_ATTRIBUTE]", "IN:GET_WEATHER]"]}
{"loss": 2.7708632946014404, "class_log_probabilities": [-1.3687678575515747, -4.434123516082764, -4.578307628631592, -4.820770740509033], "predictions": [63, 64, 396, 65, 66, 400, 401, 402, 403, 404, 67, 68, 4], "target_tokens": ["[IN:PLAY_MUSIC", "[SL:MUSIC_ARTIST_NAME", "@ptr5", "@ptr6", "@ptr7", "@ptr8", "SL:MUSIC_ARTIST_NAME]", "[SL:MUSIC_TYPE", "@ptr2", "SL:MUSIC_TYPE]", "IN:PLAY_MUSIC]"], "predicted_tokens": ["[IN:PLAY_MUSIC", "[SL:MUSIC_TYPE", "@ptr1", "SL:MUSIC_TYPE]", "[SL:MUSIC_ARTIST_NAME", "@ptr5", "@ptr6", "@ptr7", "@ptr8", "@ptr9", "SL:MUSIC_ARTIST_NAME]", "IN:PLAY_MUSIC]"]}
{"loss": 2.1455318927764893, "class_log_probabilities": [-0.6422367095947266, -5.700010299682617, -6.781583309173584, -7.020025253295898], "predictions": [13, 14, 398, 399, 400, 401, 15, 18, 4, 4], "target_tokens": ["[IN:GET_WEATHER", "[SL:LOCATION", "@ptr2", "@ptr3", "@ptr4", "@ptr5", "SL:LOCATION]", "IN:GET_WEATHER]"], "predicted_tokens": ["[IN:GET_WEATHER", "[SL:LOCATION", "@ptr3", "@ptr4", "@ptr5", "@ptr6", "SL:LOCATION]", "IN:GET_WEATHER]"]}
{"loss": 2.1362926959991455, "class_log_probabilities": [-0.916919469833374, -4.0045576095581055, -5.057198524475098, -5.6157073974609375], "predictions": [13, 16, 401, 402, 403, 17, 18, 4, 4], "target_tokens": ["[IN:GET_WEATHER", "[SL:WEATHER_ATTRIBUTE", "@ptr3", "SL:WEATHER_ATTRIBUTE]", "[SL:DATE_TIME", "@ptr6", "@ptr7", "SL:DATE_TIME]", "IN:GET_WEATHER]"], "predicted_tokens": ["[IN:GET_WEATHER", "[SL:DATE_TIME", "@ptr6", "@ptr7", "@ptr8", "SL:DATE_TIME]", "IN:GET_WEATHER]"]}
{"loss": 1.7890450954437256, "class_log_probabilities": [-0.49349382519721985, -5.002925872802734, -5.153617858886719, -5.799774646759033], "predictions": [89, 90, 396, 91, 92, 4, 4], "target_tokens": ["[IN:CREATE_TIMER", "[SL:METHOD_TIMER", "@ptr1", "@ptr2", "@ptr3", "@ptr4", "SL:METHOD_TIMER]", "IN:CREATE_TIMER]"], "predicted_tokens": ["[IN:CREATE_TIMER", "[SL:METHOD_TIMER", "@ptr1", "SL:METHOD_TIMER]", "IN:CREATE_TIMER]"]}
{"loss": 2.6489763259887695, "class_log_probabilities": [-1.000078797340393, -4.6610894203186035, -6.19178581237793, -6.720016002655029], "predictions": [13, 79, 396, 80, 16, 399, 400, 401, 17, 18, 4], "target_tokens": ["[IN:GET_WEATHER", "[SL:WEATHER_ATTRIBUTE", "@ptr0", "@ptr2", "SL:WEATHER_ATTRIBUTE]", "[SL:DATE_TIME", "@ptr3", "@ptr4", "@ptr5", "@ptr6", "SL:DATE_TIME]", "IN:GET_WEATHER]"], "predicted_tokens": ["[IN:GET_WEATHER", "[SL:WEATHER_ATTRIBUTE", "@ptr1", "SL:WEATHER_ATTRIBUTE]", "[SL:DATE_TIME", "@ptr4", "@ptr5", "@ptr6", "SL:DATE_TIME]", "IN:GET_WEATHER]"]}
{"loss": 1.966180443763733, "class_log_probabilities": [-0.516492486000061, -7.347589015960693, -7.730306148529053, -7.789429187774658], "predictions": [13, 16, 398, 399, 400, 401, 17, 18, 4, 4], "target_tokens": ["[IN:GET_WEATHER", "[SL:DATE_TIME", "@ptr5", "@ptr6", "SL:DATE_TIME]", "IN:GET_WEATHER]"], "predicted_tokens": ["[IN:GET_WEATHER", "[SL:DATE_TIME", "@ptr3", "@ptr4", "@ptr5", "@ptr6", "SL:DATE_TIME]", "IN:GET_WEATHER]"]}
{"loss": 3.249983310699463, "class_log_probabilities": [-1.4289003610610962, -1.537118673324585, -4.967248916625977, -5.984555721282959], "predictions": [13, 16, 399, 400, 401, 17, 18, 4], "target_tokens": ["[IN:GET_WEATHER", "[SL:DATE_TIME", "@ptr3", "@ptr4", "@ptr5", "SL:DATE_TIME]", "IN:GET_WEATHER]"], "predicted_tokens": ["[IN:GET_WEATHER", "[SL:DATE_TIME", "@ptr4", "@ptr5", "@ptr6", "SL:DATE_TIME]", "IN:GET_WEATHER]"]}
{"loss": 1.5473642349243164, "class_log_probabilities": [-0.9850098490715027, -1.6117345094680786, -4.421167850494385, -4.548551082611084], "predictions": [251, 64, 395, 65, 252, 4], "target_tokens": ["[IN:GET_TRACK_INFO_MUSIC", "[SL:MUSIC_TYPE", "@ptr0", "SL:MUSIC_TYPE]", "IN:GET_TRACK_INFO_MUSIC]"], "predicted_tokens": ["[IN:QUESTION_MUSIC", "[SL:MUSIC_TYPE", "@ptr0", "SL:MUSIC_TYPE]", "IN:QUESTION_MUSIC]"]}
{"loss": 2.9705841541290283, "class_log_probabilities": [-0.7183451652526855, -3.5470855236053467, -5.992212295532227, -7.941319465637207], "predictions": [13, 16, 395, 396, 17, 79, 399, 80, 18, 4], "target_tokens": ["[IN:GET_WEATHER", "[SL:WEATHER_ATTRIBUTE", "@ptr3", "SL:WEATHER_ATTRIBUTE]", "[SL:DATE_TIME", "@ptr0", "@ptr1", "SL:DATE_TIME]", "IN:GET_WEATHER]"], "predicted_tokens": ["[IN:GET_WEATHER", "[SL:DATE_TIME", "@ptr0", "@ptr1", "SL:DATE_TIME]", "[SL:WEATHER_ATTRIBUTE", "@ptr4", "SL:WEATHER_ATTRIBUTE]", "IN:GET_WEATHER]"]}
{"loss": 3.220379114151001, "class_log_probabilities": [-3.1211910247802734, -3.21691632270813, -3.4317402839660645, -3.477386474609375], "predictions": [13, 79, 400, 80, 16, 403, 404, 405, 406, 17, 18, 4, 4], "target_tokens": ["[IN:GET_WEATHER", "[SL:WEATHER_ATTRIBUTE", "@ptr4", "@ptr5", "@ptr6", "SL:WEATHER_ATTRIBUTE]", "[SL:DATE_TIME", "@ptr7", "@ptr8", "@ptr9", "SL:DATE_TIME]", "IN:GET_WEATHER]"], "predicted_tokens": ["[IN:GET_WEATHER", "[SL:WEATHER_ATTRIBUTE", "@ptr5", "SL:WEATHER_ATTRIBUTE]", "[SL:DATE_TIME", "@ptr8", "@ptr9", "@ptr10", "@ptr11", "SL:DATE_TIME]", "IN:GET_WEATHER]"]}
{"loss": 2.0863866806030273, "class_log_probabilities": [-2.524083137512207, -2.94478178024292, -3.2760636806488037, -4.1735615730285645], "predictions": [13, 79, 395, 80, 16, 403, 404, 17, 18, 4, 4], "target_tokens": ["[IN:GET_WEATHER", "[SL:WEATHER_ATTRIBUTE", "@ptr0", "@ptr3", "SL:WEATHER_ATTRIBUTE]", "[SL:DATE_TIME", "@ptr7", "@ptr8", "SL:DATE_TIME]", "IN:GET_WEATHER]"], "predicted_tokens": ["[IN:GET_WEATHER", "[SL:WEATHER_ATTRIBUTE", "@ptr0", "SL:WEATHER_ATTRIBUTE]", "[SL:DATE_TIME", "@ptr8", "@ptr9", "SL:DATE_TIME]", "IN:GET_WEATHER]"]}
{"loss": 1.2061753273010254, "class_log_probabilities": [-1.3838008642196655, -2.9802358150482178, -3.0457053184509277, -5.429793834686279], "predictions": [13, 79, 395, 396, 397, 398, 80, 18, 4], "target_tokens": ["[IN:GET_WEATHER", "[SL:WEATHER_ATTRIBUTE", "@ptr0", "@ptr1", "@ptr2", "SL:WEATHER_ATTRIBUTE]", "IN:GET_WEATHER]"], "predicted_tokens": ["[IN:GET_WEATHER", "[SL:WEATHER_ATTRIBUTE", "@ptr0", "@ptr1", "@ptr2", "@ptr3", "SL:WEATHER_ATTRIBUTE]", "IN:GET_WEATHER]"]}
{"loss": 1.741342306137085, "class_log_probabilities": [-0.8201799392700195, -1.719166874885559, -6.217574119567871, -6.5983967781066895], "predictions": [13, 79, 396, 80, 18, 4, 4], "target_tokens": ["[IN:GET_WEATHER", "[SL:WEATHER_ATTRIBUTE", "@ptr0", "@ptr1", "SL:WEATHER_ATTRIBUTE]", "IN:GET_WEATHER]"], "predicted_tokens": ["[IN:GET_WEATHER", "[SL:WEATHER_ATTRIBUTE", "@ptr1", "SL:WEATHER_ATTRIBUTE]", "IN:GET_WEATHER]"]}
{"loss": 3.739489793777466, "class_log_probabilities": [-0.8153305053710938, -4.5072455406188965, -4.835867881774902, -5.069634914398193], "predictions": [115, 90, 398, 91, 116, 4], "target_tokens": ["[IN:GET_TIMER", "[SL:METHOD_TIMER", "@ptr2", "@ptr3", "SL:METHOD_TIMER]", "[SL:ORDINAL", "@ptr4", "@ptr5", "@ptr6", "SL:ORDINAL]", "IN:GET_TIMER]"], "predicted_tokens": ["[IN:GET_TIMER", "[SL:METHOD_TIMER", "@ptr3", "SL:METHOD_TIMER]", "IN:GET_TIMER]"]}
{"loss": 3.310927629470825, "class_log_probabilities": [-1.1091077327728271, -3.5765416622161865, -4.123002529144287, -4.699857234954834], "predictions": [89, 90, 399, 91, 16, 400, 401, 402, 403, 17, 92, 4, 4], "target_tokens": ["[IN:CREATE_TIMER", "[SL:METHOD_TIMER", "@ptr1", "@ptr2", "@ptr3", "SL:METHOD_TIMER]", "[SL:DATE_TIME", "@ptr4", "@ptr5", "@ptr6", "@ptr7", "SL:DATE_TIME]", "IN:CREATE_TIMER]"], "predicted_tokens": ["[IN:CREATE_TIMER", "[SL:METHOD_TIMER", "@ptr4", "SL:METHOD_TIMER]", "[SL:DATE_TIME", "@ptr5", "@ptr6", "@ptr7", "@ptr8", "SL:DATE_TIME]", "IN:CREATE_TIMER]"]}
{"loss": 1.3407984972000122, "class_log_probabilities": [-1.0950572490692139, -4.73431396484375, -5.432384490966797, -5.781507968902588], "predictions": [39, 40, 395, 41, 56, 400, 401, 402, 403, 57, 42, 4, 4], "target_tokens": ["[IN:GET_STORIES_NEWS", "[SL:NEWS_TYPE", "@ptr0", "SL:NEWS_TYPE]", "[SL:NEWS_TOPIC", "@ptr5", "@ptr6", "@ptr7", "SL:NEWS_TOPIC]", "IN:GET_STORIES_NEWS]"], "predicted_tokens": ["[IN:GET_STORIES_NEWS", "[SL:NEWS_TYPE", "@ptr0", "SL:NEWS_TYPE]", "[SL:NEWS_TOPIC", "@ptr5", "@ptr6", "@ptr7", "@ptr8", "SL:NEWS_TOPIC]", "IN:GET_STORIES_NEWS]"]}
{"loss": 2.4417355060577393, "class_log_probabilities": [-1.747183084487915, -3.1798768043518066, -3.19441294670105, -3.3105032444000244], "predictions": [13, 79, 399, 80, 16, 402, 403, 404, 17, 18, 4], "target_tokens": ["[IN:GET_WEATHER", "[SL:WEATHER_ATTRIBUTE", "@ptr3", "@ptr5", "SL:WEATHER_ATTRIBUTE]", "IN:GET_WEATHER]"], "predicted_tokens": ["[IN:GET_WEATHER", "[SL:WEATHER_ATTRIBUTE", "@ptr4", "SL:WEATHER_ATTRIBUTE]", "[SL:DATE_TIME", "@ptr7", "@ptr8", "@ptr9", "SL:DATE_TIME]", "IN:GET_WEATHER]"]}
{"loss": 3.8266193866729736, "class_log_probabilities": [-0.7208791971206665, -4.700637340545654, -6.516112804412842, -7.4669508934021], "predictions": [13, 16, 395, 396, 397, 17, 79, 399, 80, 18, 4, 4, 4, 4], "target_tokens": ["[IN:GET_WEATHER", "[SL:WEATHER_ATTRIBUTE", "@ptr3", "@ptr5", "SL:WEATHER_ATTRIBUTE]", "[SL:DATE_TIME", "@ptr0", "@ptr1", "@ptr2", "SL:DATE_TIME]", "IN:GET_WEATHER]"], "predicted_tokens": ["[IN:GET_WEATHER", "[SL:DATE_TIME", "@ptr0", "@ptr1", "@ptr2", "SL:DATE_TIME]", "[SL:WEATHER_ATTRIBUTE", "@ptr4", "SL:WEATHER_ATTRIBUTE]", "IN:GET_WEATHER]"]}
{"loss": 3.8845958709716797, "class_log_probabilities": [-2.4065890312194824, -3.16335391998291, -3.3657402992248535, -3.8243508338928223], "predictions": [89, 90, 397, 91, 16, 404, 17, 92, 4, 4, 4], "target_tokens": ["[IN:SUBTRACT_TIME_TIMER", "[SL:METHOD_TIMER", "@ptr4", "@ptr5", "@ptr6", "SL:METHOD_TIMER]", "[SL:DATE_TIME", "@ptr8", "@ptr9", "SL:DATE_TIME]", "IN:SUBTRACT_TIME_TIMER]"], "predicted_tokens": ["[IN:CREATE_TIMER", "[SL:METHOD_TIMER", "@ptr2", "SL:METHOD_TIMER]", "[SL:DATE_TIME", "@ptr9", "SL:DATE_TIME]", "IN:CREATE_TIMER]"]}
{"loss": 1.9725391864776611, "class_log_probabilities": [-4.631843090057373, -11.016090393066406, -12.970490455627441, -13.72761344909668], "predictions": [63, 40, 403, 405, 406, 67, 68, 4, 4, 4, 4, 4, 4, 4, 4, 4, 4, 4], "target_tokens": ["[IN:GET_STORIES_NEWS", "[SL:NEWS_TYPE", "@ptr1", "@ptr2", "SL:NEWS_TYPE]", "[SL:NEWS_TOPIC", "@ptr5", "@ptr6", "@ptr7", "@ptr8", "SL:NEWS_TOPIC]", "IN:GET_STORIES_NEWS]"], "predicted_tokens": ["[IN:PLAY_MUSIC", "[SL:NEWS_TYPE", "@ptr8", "@ptr10", "@ptr11", "SL:MUSIC_ARTIST_NAME]", "IN:PLAY_MUSIC]"]}
{"loss": 2.0153417587280273, "class_log_probabilities": [-1.7406460046768188, -2.9716432094573975, -3.515688180923462, -4.211174488067627], "predictions": [63, 64, 400, 401, 402, 403, 65, 68, 4], "target_tokens": ["[IN:PLAY_MUSIC", "[SL:MUSIC_GENRE", "@ptr5", "@ptr6", "@ptr7", "SL:MUSIC_GENRE]", "[SL:MUSIC_TYPE", "@ptr4", "SL:MUSIC_TYPE]", "IN:PLAY_MUSIC]"], "predicted_tokens": ["[IN:PLAY_MUSIC", "[SL:MUSIC_TYPE", "@ptr5", "@ptr6", "@ptr7", "@ptr8", "SL:MUSIC_TYPE]", "IN:PLAY_MUSIC]"]}
{"loss": 2.6015803813934326, "class_log_probabilities": [-0.42707493901252747, -5.137899875640869, -5.438988208770752, -5.4476637840271], "predictions": [275, 90, 396, 91, 276, 4, 4], "target_tokens": ["[IN:RESUME_TIMER", "[SL:METHOD_TIMER", "@ptr0", "@ptr1", "SL:METHOD_TIMER]", "IN:RESUME_TIMER]"], "predicted_tokens": ["[IN:RESUME_TIMER", "[SL:METHOD_TIMER", "@ptr1", "SL:METHOD_TIMER]", "IN:RESUME_TIMER]"]}
{"loss": 3.5333659648895264, "class_log_probabilities": [-1.3703351020812988, -1.9876959323883057, -5.2775959968566895, -5.985913276672363], "predictions": [219, 90, 398, 91, 16, 400, 401, 402, 17, 220, 4], "target_tokens": ["[IN:SUBTRACT_TIME_TIMER", "[SL:DATE_TIME", "@ptr5", "@ptr6", "SL:DATE_TIME]", "[SL:METHOD_TIMER", "@ptr1", "@ptr2", "@ptr3", "SL:METHOD_TIMER]", "IN:SUBTRACT_TIME_TIMER]"], "predicted_tokens": ["[IN:SUBTRACT_TIME_TIMER", "[SL:METHOD_TIMER", "@ptr3", "SL:METHOD_TIMER]", "[SL:DATE_TIME", "@ptr5", "@ptr6", "@ptr7", "SL:DATE_TIME]", "IN:SUBTRACT_TIME_TIMER]"]}
{"loss": 3.165165662765503, "class_log_probabilities": [-0.43740707635879517, -5.853951930999756, -6.28207540512085, -8.220250129699707], "predictions": [39, 40, 396, 41, 133, 398, 134, 42, 4, 4, 4, 4], "target_tokens": ["[IN:GET_STORIES_NEWS", "[SL:NEWS_SOURCE", "@ptr3", "SL:NEWS_SOURCE]", "[SL:NEWS_TYPE", "@ptr0", "@ptr1", "SL:NEWS_TYPE]", "IN:GET_STORIES_NEWS]"], "predicted_tokens": ["[IN:GET_STORIES_NEWS", "[SL:NEWS_TYPE", "@ptr1", "SL:NEWS_TYPE]", "[SL:NEWS_SOURCE", "@ptr3", "SL:NEWS_SOURCE]", "IN:GET_STORIES_NEWS]"]}
{"loss": 2.912689208984375, "class_log_probabilities": [-0.8675193786621094, -2.287877082824707, -6.288595676422119, -6.312668800354004], "predictions": [89, 90, 397, 91, 92, 4, 4], "target_tokens": ["[IN:CREATE_TIMER", "[SL:TIMER_NAME", "@ptr3", "SL:TIMER_NAME]", "[SL:METHOD_TIMER", "@ptr1", "@ptr2", "SL:METHOD_TIMER]", "IN:CREATE_TIMER]"], "predicted_tokens": ["[IN:CREATE_TIMER", "[SL:METHOD_TIMER", "@ptr2", "SL:METHOD_TIMER]", "IN:CREATE_TIMER]"]}
{"loss": 3.317075490951538, "class_log_probabilities": [-0.9924353361129761, -6.193617343902588, -6.384848594665527, -6.5232253074646], "predictions": [55, 16, 395, 396, 17, 56, 398, 399, 400, 401, 57, 58, 4, 4], "target_tokens": ["[IN:QUESTION_NEWS", "[SL:NEWS_TOPIC", "@ptr3", "@ptr4", "@ptr5", "SL:NEWS_TOPIC]", "[SL:DATE_TIME", "@ptr0", "@ptr1", "SL:DATE_TIME]", "IN:QUESTION_NEWS]"], "predicted_tokens": ["[IN:QUESTION_NEWS", "[SL:DATE_TIME", "@ptr0", "@ptr1", "SL:DATE_TIME]", "[SL:NEWS_TOPIC", "@ptr3", "@ptr4", "@ptr5", "@ptr6", "SL:NEWS_TOPIC]", "IN:QUESTION_NEWS]"]}
{"loss": 3.0513195991516113, "class_log_probabilities": [-0.7685299515724182, -6.648311614990234, -6.9988532066345215, -7.055744171142578], "predictions": [13, 16, 395, 396, 17, 79, 400, 401, 80, 18, 4], "target_tokens": ["[IN:GET_WEATHER", "[SL:WEATHER_ATTRIBUTE", "@ptr5", "SL:WEATHER_ATTRIBUTE]", "[SL:DATE_TIME", "@ptr0", "@ptr1", "SL:DATE_TIME]", "IN:GET_WEATHER]"], "predicted_tokens": ["[IN:GET_WEATHER", "[SL:DATE_TIME", "@ptr0", "@ptr1", "SL:DATE_TIME]", "[SL:WEATHER_ATTRIBUTE", "@ptr5", "@ptr6", "SL:WEATHER_ATTRIBUTE]", "IN:GET_WEATHER]"]}
{"loss": 3.824739694595337, "class_log_probabilities": [-0.9650586247444153, -2.963972568511963, -3.65639328956604, -13.068474769592285], "predictions": [115, 116, 4, 4, 4, 4, 4, 4, 4], "target_tokens": ["[IN:GET_ALARM", "IN:GET_ALARM]"], "predicted_tokens": ["[IN:GET_TIMER", "IN:GET_TIMER]"]}
{"loss": 1.5417098999023438, "class_log_probabilities": [-1.1436861753463745, -2.79436993598938, -3.9609735012054443, -5.197805404663086], "predictions": [39, 40, 396, 41, 56, 400, 401, 402, 57, 42, 4, 4, 4], "target_tokens": ["[IN:GET_STORIES_NEWS", "[SL:NEWS_TYPE", "@ptr1", "SL:NEWS_TYPE]", "[SL:NEWS_TOPIC", "@ptr5", "SL:NEWS_TOPIC]", "IN:GET_STORIES_NEWS]"], "predicted_tokens": ["[IN:GET_STORIES_NEWS", "[SL:NEWS_TYPE", "@ptr1", "SL:NEWS_TYPE]", "[SL:NEWS_TOPIC", "@ptr5", "@ptr6", "@ptr7", "SL:NEWS_TOPIC]", "IN:GET_STORIES_NEWS]"]}
{"loss": 2.3144235610961914, "class_log_probabilities": [-0.8980457186698914, -3.8625786304473877, -4.009983539581299, -5.05897331237793], "predictions": [39, 40, 396, 41, 56, 399, 400, 57, 42, 4, 4, 4, 4], "target_tokens": ["[IN:GET_STORIES_NEWS", "[SL:NEWS_REFERENCE", "@ptr2", "SL:NEWS_REFERENCE]", "[SL:NEWS_TOPIC", "@ptr4", "SL:NEWS_TOPIC]", "[SL:NEWS_TYPE", "@ptr1", "SL:NEWS_TYPE]", "IN:GET_STORIES_NEWS]"], "predicted_tokens": ["[IN:GET_STORIES_NEWS", "[SL:NEWS_TYPE", "@ptr1", "SL:NEWS_TYPE]", "[SL:NEWS_TOPIC", "@ptr4", "@ptr5", "SL:NEWS_TOPIC]", "IN:GET_STORIES_NEWS]"]}
{"loss": 2.4621543884277344, "class_log_probabilities": [-0.7383296489715576, -3.6533138751983643, -3.9116756916046143, -7.166974067687988], "predictions": [13, 16, 398, 399, 17, 18, 4, 4], "target_tokens": ["[IN:GET_WEATHER", "[SL:DATE_TIME", "@ptr2", "@ptr3", "SL:DATE_TIME]", "IN:GET_WEATHER]"], "predicted_tokens": ["[IN:GET_WEATHER", "[SL:DATE_TIME", "@ptr3", "@ptr4", "SL:DATE_TIME]", "IN:GET_WEATHER]"]}
{"loss": 0.9852955937385559, "class_log_probabilities": [-0.539390504360199, -5.5063581466674805, -6.311361789703369, -6.39792013168335], "predictions": [63, 64, 396, 65, 101, 399, 102, 68, 4, 4], "target_tokens": ["[IN:PLAY_MUSIC", "[SL:MUSIC_TYPE", "@ptr1", "SL:MUSIC_TYPE]", "[SL:MUSIC_TRACK_TITLE", "@ptr4", "SL:MUSIC_TRACK_TITLE]", "IN:PLAY_MUSIC]"], "predicted_tokens": ["[IN:PLAY_MUSIC", "[SL:MUSIC_TYPE", "@ptr1", "SL:MUSIC_TYPE]", "[SL:MUSIC_TRACK_TITLE", "@ptr4", "SL:MUSIC_TRACK_TITLE]", "IN:PLAY_MUSIC]"]}
{"loss": 3.4251739978790283, "class_log_probabilities": [-2.9138920307159424, -4.022742748260498, -4.209776401519775, -4.715497016906738], "predictions": [63, 64, 396, 65, 206, 397, 398, 399, 207, 68, 4, 4, 4, 4, 4, 4, 4, 4], "target_tokens": ["[IN:PLAY_MUSIC", "[SL:MUSIC_ALBUM_TITLE", "@ptr9", "@ptr10", "SL:MUSIC_ALBUM_TITLE]", "[SL:MUSIC_TYPE", "@ptr6", "@ptr7", "@ptr8", "SL:MUSIC_TYPE]", "IN:PLAY_MUSIC]"], "predicted_tokens": ["[IN:PLAY_MUSIC", "[SL:MUSIC_TYPE", "@ptr1", "SL:MUSIC_TYPE]", "[SL:MUSIC_ALBUM_TITLE", "@ptr2", "@ptr3", "@ptr4", "SL:MUSIC_ALBUM_TITLE]", "IN:PLAY_MUSIC]"]}
{"loss": 4.361612319946289, "class_log_probabilities": [-1.9125508069992065, -3.081787109375, -3.3650245666503906, -3.6455297470092773], "predictions": [13, 16, 395, 396, 17, 79, 398, 80, 79, 401, 402, 80, 18, 4], "target_tokens": ["[IN:GET_WEATHER", "[SL:WEATHER_ATTRIBUTE", "@ptr3", "@ptr4", "@ptr5", "@ptr6", "SL:WEATHER_ATTRIBUTE]", "[SL:DATE_TIME", "@ptr0", "@ptr1", "SL:DATE_TIME]", "IN:GET_WEATHER]"], "predicted_tokens": ["[IN:GET_WEATHER", "[SL:DATE_TIME", "@ptr0", "@ptr1", "SL:DATE_TIME]", "[SL:WEATHER_ATTRIBUTE", "@ptr3", "SL:WEATHER_ATTRIBUTE]", "[SL:WEATHER_ATTRIBUTE", "@ptr6", "@ptr7", "SL:WEATHER_ATTRIBUTE]", "IN:GET_WEATHER]"]}
{"loss": 3.451702356338501, "class_log_probabilities": [-0.811897873878479, -2.7747585773468018, -6.927330493927002, -7.229706764221191], "predictions": [13, 16, 395, 396, 17, 79, 400, 80, 18, 4, 4, 4, 4], "target_tokens": ["[IN:GET_WEATHER", "[SL:WEATHER_ATTRIBUTE", "@ptr4", "@ptr5", "SL:WEATHER_ATTRIBUTE]", "[SL:DATE_TIME", "@ptr0", "@ptr1", "SL:DATE_TIME]", "IN:GET_WEATHER]"], "predicted_tokens": ["[IN:GET_WEATHER", "[SL:DATE_TIME", "@ptr0", "@ptr1", "SL:DATE_TIME]", "[SL:WEATHER_ATTRIBUTE", "@ptr5", "SL:WEATHER_ATTRIBUTE]", "IN:GET_WEATHER]"]}
{"loss": 3.837743043899536, "class_log_probabilities": [-0.8248705267906189, -4.56986141204834, -5.654358863830566, -6.378164291381836], "predictions": [13, 16, 395, 396, 17, 14, 400, 401, 15, 18, 4], "target_tokens": ["[IN:GET_WEATHER", "[SL:LOCATION", "@ptr4", "@ptr5", "SL:LOCATION]", "IN:GET_WEATHER]"], "predicted_tokens": ["[IN:GET_WEATHER", "[SL:DATE_TIME", "@ptr0", "@ptr1", "SL:DATE_TIME]", "[SL:LOCATION", "@ptr5", "@ptr6", "SL:LOCATION]", "IN:GET_WEATHER]"]}
{"loss": 3.1400609016418457, "class_log_probabilities": [-3.246778964996338, -3.566805124282837, -4.2126970291137695, -4.2776360511779785], "predictions": [273, 90, 401, 91, 274, 4], "target_tokens": ["[IN:RESTART_TIMER", "[SL:METHOD_TIMER", "@ptr4", "@ptr5", "@ptr6", "SL:METHOD_TIMER]", "IN:RESTART_TIMER]"], "predicted_tokens": ["[IN:RESTART_TIMER", "[SL:METHOD_TIMER", "@ptr6", "SL:METHOD_TIMER]", "IN:RESTART_TIMER]"]}
{"loss": 2.1308164596557617, "class_log_probabilities": [-2.546872854232788, -2.655566453933716, -3.2206156253814697, -3.6418919563293457], "predictions": [241, 64, 398, 65, 151, 400, 152, 68, 4], "target_tokens": ["[IN:PLAY_MUSIC", "[SL:MUSIC_GENRE", "@ptr4", "SL:MUSIC_GENRE]", "[SL:MUSIC_TYPE", "@ptr3", "SL:MUSIC_TYPE]", "IN:PLAY_MUSIC]"], "predicted_tokens": ["[IN:SKIP_TRACK_MUSIC", "[SL:MUSIC_TYPE", "@ptr3", "SL:MUSIC_TYPE]", "[SL:MUSIC_GENRE", "@ptr5", "SL:MUSIC_GENRE]", "IN:PLAY_MUSIC]"]}
{"loss": 3.232574224472046, "class_log_probabilities": [-0.9664351344108582, -3.6886215209960938, -3.7955429553985596, -4.456846237182617], "predictions": [89, 90, 397, 91, 92, 4, 4, 4, 4, 4, 4, 4, 4, 4], "target_tokens": ["[IN:CREATE_TIMER", "[SL:METHOD_TIMER", "@ptr1", "@ptr2", "@ptr3", "@ptr4", "SL:METHOD_TIMER]", "[SL:DATE_TIME", "@ptr5", "@ptr6", "SL:DATE_TIME]", "IN:CREATE_TIMER]"], "predicted_tokens": ["[IN:CREATE_TIMER", "[SL:METHOD_TIMER", "@ptr2", "SL:METHOD_TIMER]", "IN:CREATE_TIMER]"]}
{"loss": 2.573629379272461, "class_log_probabilities": [-1.1485306024551392, -2.958587169647217, -3.8669931888580322, -5.433531284332275], "predictions": [45, 16, 400, 401, 402, 403, 404, 405, 406, 17, 46, 4, 4], "target_tokens": ["[IN:CREATE_ALARM", "[SL:DATE_TIME", "@ptr3", "@ptr4", "@ptr5", "@ptr6", "@ptr7", "@ptr8", "@ptr9", "SL:DATE_TIME]", "IN:CREATE_ALARM]"], "predicted_tokens": ["[IN:CREATE_ALARM", "[SL:DATE_TIME", "@ptr5", "@ptr6", "@ptr7", "@ptr8", "@ptr9", "@ptr10", "@ptr11", "SL:DATE_TIME]", "IN:CREATE_ALARM]"]}
{"loss": 3.427000045776367, "class_log_probabilities": [-1.2206270694732666, -4.246480941772461, -5.4869384765625, -5.860531806945801], "predictions": [13, 79, 396, 80, 16, 399, 400, 401, 17, 18, 4], "target_tokens": ["[IN:GET_WEATHER", "[SL:WEATHER_ATTRIBUTE", "@ptr0", "@ptr2", "SL:WEATHER_ATTRIBUTE]", "[SL:DATE_TIME", "@ptr3", "@ptr4", "@ptr5", "SL:DATE_TIME]", "IN:GET_WEATHER]"], "predicted_tokens": ["[IN:GET_WEATHER", "[SL:WEATHER_ATTRIBUTE", "@ptr1", "SL:WEATHER_ATTRIBUTE]", "[SL:DATE_TIME", "@ptr4", "@ptr5", "@ptr6", "SL:DATE_TIME]", "IN:GET_WEATHER]"]}
{"loss": 4.173361301422119, "class_log_probabilities": [-2.4022815227508545, -3.538472890853882, -3.5797348022460938, -5.330594062805176], "predictions": [291, 101, 398, 399, 102, 292, 4, 4], "target_tokens": ["[IN:REWIND_MUSIC", "[SL:ORDINAL", "@ptr3", "SL:ORDINAL]", "[SL:MUSIC_REWIND_TIME", "@ptr2", "SL:MUSIC_REWIND_TIME]", "IN:REWIND_MUSIC]"], "predicted_tokens": ["[IN:LOOP_MUSIC", "[SL:MUSIC_TRACK_TITLE", "@ptr3", "@ptr4", "SL:MUSIC_TRACK_TITLE]", "IN:LOOP_MUSIC]"]}
{"loss": 1.272031307220459, "class_log_probabilities": [-0.801846444606781, -2.6045680046081543, -4.168219566345215, -5.011016368865967], "predictions": [251, 64, 397, 65, 252, 4], "target_tokens": ["[IN:GET_TRACK_INFO_MUSIC", "[SL:MUSIC_TYPE", "@ptr2", "SL:MUSIC_TYPE]", "IN:GET_TRACK_INFO_MUSIC]"], "predicted_tokens": ["[IN:QUESTION_MUSIC", "[SL:MUSIC_TYPE", "@ptr2", "SL:MUSIC_TYPE]", "IN:QUESTION_MUSIC]"]}
{"loss": 2.953723907470703, "class_log_probabilities": [-0.9167419672012329, -2.9938876628875732, -4.483832359313965, -6.216220378875732], "predictions": [13, 16, 395, 396, 17, 79, 401, 80, 18, 4], "target_tokens": ["[IN:GET_WEATHER", "[SL:WEATHER_ATTRIBUTE", "@ptr5", "SL:WEATHER_ATTRIBUTE]", "[SL:DATE_TIME", "@ptr0", "@ptr1", "SL:DATE_TIME]", "IN:GET_WEATHER]"], "predicted_tokens": ["[IN:GET_WEATHER", "[SL:DATE_TIME", "@ptr0", "@ptr1", "SL:DATE_TIME]", "[SL:WEATHER_ATTRIBUTE", "@ptr6", "SL:WEATHER_ATTRIBUTE]", "IN:GET_WEATHER]"]}
{"loss": 1.6503304243087769, "class_log_probabilities": [-3.6442885398864746, -4.077870845794678, -4.20192813873291, -5.699507713317871], "predictions": [39, 40, 400, 41, 43, 401, 44, 42, 4, 4, 4], "target_tokens": ["[IN:GET_STORIES_NEWS", "[SL:NEWS_CATEGORY", "@ptr7", "SL:NEWS_CATEGORY]", "[SL:NEWS_TYPE", "@ptr5", "SL:NEWS_TYPE]", "IN:GET_STORIES_NEWS]"], "predicted_tokens": ["[IN:GET_STORIES_NEWS", "[SL:NEWS_TYPE", "@ptr5", "SL:NEWS_TYPE]", "[SL:NEWS_CATEGORY", "@ptr6", "SL:NEWS_CATEGORY]", "IN:GET_STORIES_NEWS]"]}
{"loss": 2.598789930343628, "class_log_probabilities": [-1.743507742881775, -4.9945068359375, -5.758864402770996, -7.267734527587891], "predictions": [63, 64, 397, 65, 66, 398, 399, 400, 67, 68, 4, 4, 4, 4, 4, 4, 4, 4], "target_tokens": ["[IN:PLAY_MUSIC", "[SL:MUSIC_TRACK_TITLE", "@ptr3", "@ptr4", "@ptr5", "SL:MUSIC_TRACK_TITLE]", "[SL:MUSIC_ARTIST_NAME", "@ptr7", "@ptr8", "SL:MUSIC_ARTIST_NAME]", "[SL:MUSIC_PROVIDER_NAME", "@ptr10", "@ptr11", "@ptr12", "SL:MUSIC_PROVIDER_NAME]", "IN:PLAY_MUSIC]"], "predicted_tokens": ["[IN:PLAY_MUSIC", "[SL:MUSIC_TYPE", "@ptr2", "SL:MUSIC_TYPE]", "[SL:MUSIC_ARTIST_NAME", "@ptr3", "@ptr4", "@ptr5", "SL:MUSIC_ARTIST_NAME]", "IN:PLAY_MUSIC]"]}
{"loss": 2.4974746704101562, "class_log_probabilities": [-3.737266778945923, -4.6495256423950195, -5.440636157989502, -9.053574562072754], "predictions": [105, 6, 395, 396, 397, 7, 106, 4, 4, 4, 4], "target_tokens": ["[IN:QUESTION_NEWS", "[SL:NEWS_TOPIC", "@ptr0", "@ptr1", "@ptr2", "@ptr3", "@ptr4", "@ptr5", "@ptr6", "@ptr7", "@ptr8", "@ptr9", "SL:NEWS_TOPIC]", "IN:QUESTION_NEWS]"], "predicted_tokens": ["[IN:GET_INFO_CONTACT", "[SL:CONTACT", "@ptr0", "@ptr1", "@ptr2", "SL:CONTACT]", "IN:GET_INFO_CONTACT]"]}
{"loss": 2.7538273334503174, "class_log_probabilities": [-1.4225759506225586, -1.6121801137924194, -5.14383602142334, -5.532427787780762], "predictions": [13, 16, 395, 396, 397, 17, 14, 398, 15, 79, 401, 80, 18, 4, 4, 4, 4], "target_tokens": ["[IN:GET_WEATHER", "[SL:WEATHER_ATTRIBUTE", "@ptr6", "@ptr7", "SL:WEATHER_ATTRIBUTE]", "[SL:DATE_TIME", "@ptr0", "@ptr1", "@ptr2", "SL:DATE_TIME]", "[SL:LOCATION", "@ptr3", "SL:LOCATION]", "IN:GET_WEATHER]"], "predicted_tokens": ["[IN:GET_WEATHER", "[SL:DATE_TIME", "@ptr0", "@ptr1", "@ptr2", "SL:DATE_TIME]", "[SL:LOCATION", "@ptr3", "SL:LOCATION]", "[SL:WEATHER_ATTRIBUTE", "@ptr6", "SL:WEATHER_ATTRIBUTE]", "IN:GET_WEATHER]"]}
{"loss": 2.90576434135437, "class_log_probabilities": [-0.7530742287635803, -5.396769046783447, -5.861191749572754, -5.994839191436768], "predictions": [45, 16, 400, 401, 402, 403, 404, 405, 17, 46, 4], "target_tokens": ["[IN:CREATE_ALARM", "[SL:ALARM_NAME", "@ptr1", "@ptr2", "@ptr3", "SL:ALARM_NAME]", "[SL:DATE_TIME", "@ptr4", "@ptr5", "@ptr6", "@ptr7", "@ptr8", "SL:DATE_TIME]", "IN:CREATE_ALARM]"], "predicted_tokens": ["[IN:CREATE_ALARM", "[SL:DATE_TIME", "@ptr5", "@ptr6", "@ptr7", "@ptr8", "@ptr9", "@ptr10", "SL:DATE_TIME]", "IN:CREATE_ALARM]"]}
{"loss": 3.5879404544830322, "class_log_probabilities": [-1.4610038995742798, -3.0409047603607178, -4.956407070159912, -7.531004905700684], "predictions": [89, 16, 401, 402, 403, 404, 405, 17, 92, 4, 4, 4, 4, 4, 4, 4, 4], "target_tokens": ["[IN:CREATE_ALARM", "[SL:DATE_TIME", "@ptr3", "@ptr4", "@ptr5", "@ptr6", "@ptr7", "@ptr8", "@ptr9", "SL:DATE_TIME]", "IN:CREATE_ALARM]"], "predicted_tokens": ["[IN:CREATE_TIMER", "[SL:DATE_TIME", "@ptr6", "@ptr7", "@ptr8", "@ptr9", "@ptr10", "SL:DATE_TIME]", "IN:CREATE_TIMER]"]}
{"loss": 3.5715150833129883, "class_log_probabilities": [-0.6396298408508301, -5.551132678985596, -6.217382907867432, -6.819521427154541], "predictions": [13, 16, 395, 396, 17, 14, 400, 401, 15, 18, 4, 4], "target_tokens": ["[IN:GET_WEATHER", "[SL:LOCATION", "@ptr4", "@ptr5", "SL:LOCATION]", "[SL:DATE_TIME", "@ptr0", "@ptr1", "SL:DATE_TIME]", "IN:GET_WEATHER]"], "predicted_tokens": ["[IN:GET_WEATHER", "[SL:DATE_TIME", "@ptr0", "@ptr1", "SL:DATE_TIME]", "[SL:LOCATION", "@ptr5", "@ptr6", "SL:LOCATION]", "IN:GET_WEATHER]"]}
{"loss": 3.014214277267456, "class_log_probabilities": [-2.334169864654541, -2.4326000213623047, -3.1879212856292725, -3.2127647399902344], "predictions": [47, 120, 401, 121, 48, 4, 4, 4, 4], "target_tokens": ["[IN:GET_ALARM", "[SL:AMOUNT", "@ptr5", "SL:AMOUNT]", "IN:GET_ALARM]"], "predicted_tokens": ["[IN:GET_REMINDER", "[SL:AMOUNT", "@ptr6", "SL:AMOUNT]", "IN:GET_REMINDER]"]}
{"loss": 5.258808135986328, "class_log_probabilities": [-0.5191633105278015, -4.802769184112549, -5.097438335418701, -5.365194320678711], "predictions": [287, 64, 396, 65, 288, 4], "target_tokens": ["[IN:PLAY_MUSIC", "[SL:MUSIC_ARTIST_NAME", "@ptr2", "@ptr3", "SL:MUSIC_ARTIST_NAME]", "[SL:MUSIC_TYPE", "@ptr1", "SL:MUSIC_TYPE]", "IN:PLAY_MUSIC]"], "predicted_tokens": ["[IN:REPLAY_MUSIC", "[SL:MUSIC_TYPE", "@ptr1", "SL:MUSIC_TYPE]", "IN:REPLAY_MUSIC]"]}
{"loss": 1.656506896018982, "class_log_probabilities": [-2.6203725337982178, -3.448634147644043, -3.710434913635254, -3.953137159347534], "predictions": [45, 16, 399, 400, 401, 402, 403, 404, 405, 406, 407, 408, 17, 46, 4, 4], "target_tokens": ["[IN:CREATE_ALARM", "[SL:DATE_TIME", "@ptr3", "@ptr4", "@ptr5", "@ptr6", "@ptr7", "@ptr8", "@ptr9", "@ptr10", "@ptr11", "@ptr12", "@ptr13", "@ptr14", "SL:DATE_TIME]", "IN:CREATE_ALARM]"], "predicted_tokens": ["[IN:CREATE_ALARM", "[SL:DATE_TIME", "@ptr4", "@ptr5", "@ptr6", "@ptr7", "@ptr8", "@ptr9", "@ptr10", "@ptr11", "@ptr12", "@ptr13", "SL:DATE_TIME]", "IN:CREATE_ALARM]"]}
{"loss": 2.7709133625030518, "class_log_probabilities": [-3.5938191413879395, -3.8389344215393066, -4.019006252288818, -4.375589847564697], "predictions": [255, 90, 399, 91, 16, 401, 402, 17, 256, 4], "target_tokens": ["[IN:CREATE_TIMER", "[SL:METHOD_TIMER", "@ptr1", "@ptr2", "@ptr3", "SL:METHOD_TIMER]", "[SL:DATE_TIME", "@ptr4", "@ptr5", "@ptr6", "@ptr7", "SL:DATE_TIME]", "IN:CREATE_TIMER]"], "predicted_tokens": ["[IN:PAUSE_TIMER", "[SL:METHOD_TIMER", "@ptr4", "SL:METHOD_TIMER]", "[SL:DATE_TIME", "@ptr6", "@ptr7", "SL:DATE_TIME]", "IN:PAUSE_TIMER]"]}
{"loss": 1.900866150856018, "class_log_probabilities": [-2.111269235610962, -2.96197772026062, -4.2829179763793945, -4.703413486480713], "predictions": [19, 20, 406, 21, 22, 4], "target_tokens": ["[IN:GET_ALARM", "[SL:ORDINAL", "@ptr9", "SL:ORDINAL]", "IN:GET_ALARM]"], "predicted_tokens": ["[IN:GET_ALARM", "[SL:ORDINAL", "@ptr11", "SL:ORDINAL]", "IN:GET_ALARM]"]}
{"loss": 2.1507482528686523, "class_log_probabilities": [-1.2879018783569336, -2.5338923931121826, -4.373463153839111, -5.426009178161621], "predictions": [89, 16, 399, 400, 401, 402, 403, 404, 405, 17, 92, 4], "target_tokens": ["[IN:CREATE_ALARM", "[SL:DATE_TIME", "@ptr3", "@ptr4", "@ptr5", "@ptr6", "@ptr7", "@ptr8", "SL:DATE_TIME]", "IN:CREATE_ALARM]"], "predicted_tokens": ["[IN:CREATE_TIMER", "[SL:DATE_TIME", "@ptr4", "@ptr5", "@ptr6", "@ptr7", "@ptr8", "@ptr9", "@ptr10", "SL:DATE_TIME]", "IN:CREATE_TIMER]"]}
{"loss": 3.0314033031463623, "class_log_probabilities": [-1.034532070159912, -2.686864137649536, -3.4766876697540283, -4.2584099769592285], "predictions": [63, 64, 397, 65, 151, 398, 399, 400, 152, 68, 4], "target_tokens": ["[IN:PLAY_MUSIC", "[SL:MUSIC_GENRE", "@ptr2", "@ptr3", "@ptr4", "SL:MUSIC_GENRE]", "[SL:MUSIC_TYPE", "@ptr1", "SL:MUSIC_TYPE]", "IN:PLAY_MUSIC]"], "predicted_tokens": ["[IN:PLAY_MUSIC", "[SL:MUSIC_TYPE", "@ptr2", "SL:MUSIC_TYPE]", "[SL:MUSIC_GENRE", "@ptr3", "@ptr4", "@ptr5", "SL:MUSIC_GENRE]", "IN:PLAY_MUSIC]"]}
{"loss": 2.647981643676758, "class_log_probabilities": [-1.0612831115722656, -5.052321910858154, -5.292455673217773, -5.867593288421631], "predictions": [39, 40, 395, 41, 56, 396, 397, 398, 399, 400, 401, 402, 403, 57, 42, 4], "target_tokens": ["[IN:GET_STORIES_NEWS", "[SL:NEWS_CATEGORY", "@ptr1", "@ptr2", "SL:NEWS_CATEGORY]", "[SL:NEWS_TYPE", "@ptr0", "SL:NEWS_TYPE]", "[SL:NEWS_TOPIC", "@ptr4", "@ptr5", "@ptr6", "@ptr7", "SL:NEWS_TOPIC]", "IN:GET_STORIES_NEWS]"], "predicted_tokens": ["[IN:GET_STORIES_NEWS", "[SL:NEWS_TYPE", "@ptr0", "SL:NEWS_TYPE]", "[SL:NEWS_TOPIC", "@ptr1", "@ptr2", "@ptr3", "@ptr4", "@ptr5", "@ptr6", "@ptr7", "@ptr8", "SL:NEWS_TOPIC]", "IN:GET_STORIES_NEWS]"]}
{"loss": 0.9925305247306824, "class_log_probabilities": [-0.600628137588501, -2.8917622566223145, -4.8391618728637695, -5.069762706756592], "predictions": [287, 64, 396, 65, 288, 4], "target_tokens": ["[IN:REPLAY_MUSIC", "[SL:MUSIC_TYPE", "@ptr1", "SL:MUSIC_TYPE]", "IN:REPLAY_MUSIC]"], "predicted_tokens": ["[IN:REPLAY_MUSIC", "[SL:MUSIC_TYPE", "@ptr1", "SL:MUSIC_TYPE]", "IN:REPLAY_MUSIC]"]}
{"loss": 3.6101088523864746, "class_log_probabilities": [-1.1178380250930786, -4.596010684967041, -5.252395153045654, -6.328547954559326], "predictions": [63, 66, 399, 400, 401, 67, 68, 4], "target_tokens": ["[IN:PLAY_MUSIC", "[SL:MUSIC_PLAYLIST_TITLE", "@ptr4", "@ptr5", "SL:MUSIC_PLAYLIST_TITLE]", "[SL:MUSIC_TYPE", "@ptr3", "SL:MUSIC_TYPE]", "IN:PLAY_MUSIC]"], "predicted_tokens": ["[IN:PLAY_MUSIC", "[SL:MUSIC_ARTIST_NAME", "@ptr4", "@ptr5", "@ptr6", "SL:MUSIC_ARTIST_NAME]", "IN:PLAY_MUSIC]"]}
{"loss": 1.6344853639602661, "class_log_probabilities": [-5.858371734619141, -5.935744762420654, -6.435213565826416, -7.030900478363037], "predictions": [85, 86, 397, 398, 399, 400, 87, 88, 4], "target_tokens": ["[IN:CREATE_PLAYLIST_MUSIC", "[SL:MUSIC_TYPE", "@ptr2", "@ptr3", "@ptr4", "@ptr5", "SL:MUSIC_TYPE]", "IN:CREATE_PLAYLIST_MUSIC]"], "predicted_tokens": ["[IN:CREATE_PLAYLIST_MUSIC", "[SL:MUSIC_PLAYLIST_TITLE", "@ptr2", "@ptr3", "@ptr4", "@ptr5", "SL:MUSIC_PLAYLIST_TITLE]", "IN:CREATE_PLAYLIST_MUSIC]"]}
{"loss": 4.2131733894348145, "class_log_probabilities": [-1.304728388786316, -3.64760160446167, -4.92293643951416, -5.052872180938721], "predictions": [89, 90, 397, 91, 16, 398, 399, 400, 17, 92, 4], "target_tokens": ["[IN:CREATE_TIMER", "[SL:DATE_TIME", "@ptr2", "@ptr3", "SL:DATE_TIME]", "[SL:METHOD_TIMER", "@ptr0", "@ptr1", "SL:METHOD_TIMER]", "[SL:TIMER_NAME", "@ptr5", "@ptr6", "SL:TIMER_NAME]", "IN:CREATE_TIMER]"], "predicted_tokens": ["[IN:CREATE_TIMER", "[SL:METHOD_TIMER", "@ptr2", "SL:METHOD_TIMER]", "[SL:DATE_TIME", "@ptr3", "@ptr4", "@ptr5", "SL:DATE_TIME]", "IN:CREATE_TIMER]"]}
{"loss": 0.9803999066352844, "class_log_probabilities": [-0.3172641694545746, -7.496931076049805, -7.565496921539307, -7.740280628204346], "predictions": [287, 64, 398, 65, 288, 4], "target_tokens": ["[IN:REPLAY_MUSIC", "[SL:MUSIC_TYPE", "@ptr3", "SL:MUSIC_TYPE]", "IN:REPLAY_MUSIC]"], "predicted_tokens": ["[IN:REPLAY_MUSIC", "[SL:MUSIC_TYPE", "@ptr3", "SL:MUSIC_TYPE]", "IN:REPLAY_MUSIC]"]}
{"loss": 2.3405401706695557, "class_log_probabilities": [-1.5955075025558472, -5.555078506469727, -7.814001083374023, -9.35257339477539], "predictions": [13, 18, 4, 4, 4, 4, 4, 4, 4, 4, 4, 4, 4], "target_tokens": ["[IN:GET_STORIES_NEWS", "[SL:NEWS_TYPE", "@ptr1", "SL:NEWS_TYPE]", "[SL:NEWS_TOPIC", "@ptr6", "@ptr7", "@ptr8", "@ptr9", "@ptr10", "SL:NEWS_TOPIC]", "IN:GET_STORIES_NEWS]"], "predicted_tokens": ["[IN:GET_WEATHER", "IN:GET_WEATHER]"]}
{"loss": 0.990329921245575, "class_log_probabilities": [-0.3457762598991394, -3.9436960220336914, -7.431804656982422, -7.63609504699707], "predictions": [287, 64, 398, 65, 288, 4], "target_tokens": ["[IN:REPLAY_MUSIC", "[SL:MUSIC_TYPE", "@ptr3", "SL:MUSIC_TYPE]", "IN:REPLAY_MUSIC]"], "predicted_tokens": ["[IN:REPLAY_MUSIC", "[SL:MUSIC_TYPE", "@ptr3", "SL:MUSIC_TYPE]", "IN:REPLAY_MUSIC]"]}
{"loss": 1.9358545541763306, "class_log_probabilities": [-0.897850513458252, -1.8749549388885498, -6.019094944000244, -6.051288604736328], "predictions": [217, 64, 395, 65, 64, 399, 65, 218, 4, 4, 4, 4], "target_tokens": ["[IN:GET_TRACK_INFO_MUSIC", "[SL:MUSIC_TYPE", "@ptr4", "SL:MUSIC_TYPE]", "IN:GET_TRACK_INFO_MUSIC]"], "predicted_tokens": ["[IN:GET_TRACK_INFO_MUSIC", "[SL:MUSIC_TYPE", "@ptr0", "SL:MUSIC_TYPE]", "[SL:MUSIC_TYPE", "@ptr4", "SL:MUSIC_TYPE]", "IN:GET_TRACK_INFO_MUSIC]"]}
{"loss": 1.1479884386062622, "class_log_probabilities": [-1.6121331453323364, -1.9690824747085571, -2.2745096683502197, -6.231633186340332], "predictions": [13, 14, 399, 15, 18, 4, 4], "target_tokens": ["[IN:GET_WEATHER", "[SL:LOCATION", "@ptr3", "SL:LOCATION]", "IN:GET_WEATHER]"], "predicted_tokens": ["[IN:GET_WEATHER", "[SL:LOCATION", "@ptr4", "SL:LOCATION]", "IN:GET_WEATHER]"]}
{"loss": 1.1777199506759644, "class_log_probabilities": [-1.249984860420227, -1.9585374593734741, -1.9984676837921143, -6.714066982269287], "predictions": [13, 79, 396, 80, 18, 4, 4], "target_tokens": ["[IN:GET_WEATHER", "[SL:WEATHER_ATTRIBUTE", "@ptr0", "SL:WEATHER_ATTRIBUTE]", "IN:GET_WEATHER]"], "predicted_tokens": ["[IN:GET_WEATHER", "[SL:WEATHER_ATTRIBUTE", "@ptr1", "SL:WEATHER_ATTRIBUTE]", "IN:GET_WEATHER]"]}
{"loss": 3.9136528968811035, "class_log_probabilities": [-1.7279361486434937, -2.8294789791107178, -3.2118020057678223, -4.5072550773620605], "predictions": [13, 14, 397, 398, 15, 16, 399, 400, 401, 17, 18, 4], "target_tokens": ["[IN:GET_WEATHER", "[SL:DATE_TIME", "@ptr3", "@ptr4", "SL:DATE_TIME]", "[SL:LOCATION", "@ptr2", "SL:LOCATION]", "IN:GET_WEATHER]"], "predicted_tokens": ["[IN:GET_WEATHER", "[SL:LOCATION", "@ptr2", "@ptr3", "SL:LOCATION]", "[SL:DATE_TIME", "@ptr4", "@ptr5", "@ptr6", "SL:DATE_TIME]", "IN:GET_WEATHER]"]}
{"loss": 1.8289318084716797, "class_log_probabilities": [-0.7574771642684937, -3.4330978393554688, -4.618047714233398, -4.6287689208984375], "predictions": [89, 90, 397, 91, 16, 399, 400, 17, 92, 4, 4], "target_tokens": ["[IN:CREATE_TIMER", "[SL:METHOD_TIMER", "@ptr2", "SL:METHOD_TIMER]", "[SL:DATE_TIME", "@ptr3", "@ptr4", "SL:DATE_TIME]", "IN:CREATE_TIMER]"], "predicted_tokens": ["[IN:CREATE_TIMER", "[SL:METHOD_TIMER", "@ptr2", "SL:METHOD_TIMER]", "[SL:DATE_TIME", "@ptr4", "@ptr5", "SL:DATE_TIME]", "IN:CREATE_TIMER]"]}
{"loss": 2.7888097763061523, "class_log_probabilities": [-1.8869260549545288, -4.379408359527588, -4.5194902420043945, -4.897785186767578], "predictions": [287, 64, 396, 65, 66, 399, 400, 401, 402, 403, 404, 67, 288, 4], "target_tokens": ["[IN:PREVIOUS_TRACK_MUSIC", "[SL:ORDINAL", "@ptr2", "SL:ORDINAL]", "[SL:MUSIC_ARTIST_NAME", "@ptr4", "@ptr5", "@ptr6", "@ptr7", "@ptr8", "SL:MUSIC_ARTIST_NAME]", "[SL:MUSIC_TYPE", "@ptr1", "SL:MUSIC_TYPE]", "IN:PREVIOUS_TRACK_MUSIC]"], "predicted_tokens": ["[IN:REPLAY_MUSIC", "[SL:MUSIC_TYPE", "@ptr1", "SL:MUSIC_TYPE]", "[SL:MUSIC_ARTIST_NAME", "@ptr4", "@ptr5", "@ptr6", "@ptr7", "@ptr8", "@ptr9", "SL:MUSIC_ARTIST_NAME]", "IN:REPLAY_MUSIC]"]}
{"loss": 3.0157928466796875, "class_log_probabilities": [-0.3753930926322937, -5.028332233428955, -6.315970420837402, -8.799403190612793], "predictions": [115, 90, 397, 91, 116, 4, 4, 4], "target_tokens": ["[IN:GET_TIMER", "[SL:METHOD_TIMER", "@ptr0", "@ptr1", "@ptr2", "SL:METHOD_TIMER]", "IN:GET_TIMER]"], "predicted_tokens": ["[IN:GET_TIMER", "[SL:METHOD_TIMER", "@ptr2", "SL:METHOD_TIMER]", "IN:GET_TIMER]"]}
{"loss": 0.975928008556366, "class_log_probabilities": [-0.47351813316345215, -3.8025104999542236, -5.006871223449707, -8.841644287109375], "predictions": [217, 64, 395, 65, 218, 4, 4, 4, 4], "target_tokens": ["[IN:GET_TRACK_INFO_MUSIC", "[SL:MUSIC_TYPE", "@ptr0", "SL:MUSIC_TYPE]", "IN:GET_TRACK_INFO_MUSIC]"], "predicted_tokens": ["[IN:GET_TRACK_INFO_MUSIC", "[SL:MUSIC_TYPE", "@ptr0", "SL:MUSIC_TYPE]", "IN:GET_TRACK_INFO_MUSIC]"]}
{"loss": 1.7494359016418457, "class_log_probabilities": [-0.6248268485069275, -6.002699851989746, -6.004886627197266, -7.088862419128418], "predictions": [13, 79, 397, 398, 399, 400, 80, 18, 4, 4], "target_tokens": ["[IN:GET_WEATHER", "[SL:WEATHER_ATTRIBUTE", "@ptr2", "@ptr3", "@ptr4", "SL:WEATHER_ATTRIBUTE]", "IN:GET_WEATHER]"], "predicted_tokens": ["[IN:GET_WEATHER", "[SL:WEATHER_ATTRIBUTE", "@ptr2", "@ptr3", "@ptr4", "@ptr5", "SL:WEATHER_ATTRIBUTE]", "IN:GET_WEATHER]"]}
{"loss": 2.4985191822052, "class_log_probabilities": [-1.9953688383102417, -2.617682695388794, -2.6480050086975098, -3.3791751861572266], "predictions": [45, 16, 399, 400, 401, 402, 403, 404, 405, 407, 17, 46, 4], "target_tokens": ["[IN:CREATE_ALARM", "[SL:DATE_TIME", "@ptr3", "@ptr4", "@ptr5", "@ptr6", "@ptr7", "@ptr8", "@ptr9", "SL:DATE_TIME]", "IN:CREATE_ALARM]"], "predicted_tokens": ["[IN:CREATE_ALARM", "[SL:DATE_TIME", "@ptr4", "@ptr5", "@ptr6", "@ptr7", "@ptr8", "@ptr9", "@ptr10", "@ptr12", "SL:DATE_TIME]", "IN:CREATE_ALARM]"]}
{"loss": 3.2862606048583984, "class_log_probabilities": [-0.49613067507743835, -2.6659915447235107, -4.9288458824157715, -4.9929728507995605], "predictions": [225, 90, 399, 91, 226, 4], "target_tokens": ["[IN:DELETE_TIMER", "[SL:METHOD_TIMER", "@ptr1", "@ptr2", "@ptr3", "SL:METHOD_TIMER]", "IN:DELETE_TIMER]"], "predicted_tokens": ["[IN:DELETE_TIMER", "[SL:METHOD_TIMER", "@ptr4", "SL:METHOD_TIMER]", "IN:DELETE_TIMER]"]}
{"loss": 2.5003347396850586, "class_log_probabilities": [-2.5890486240386963, -3.882998466491699, -4.018894195556641, -4.172286510467529], "predictions": [291, 101, 397, 398, 399, 102, 292, 4], "target_tokens": ["[IN:REPLAY_MUSIC", "[SL:MUSIC_TYPE", "@ptr2", "@ptr3", "@ptr4", "@ptr5", "SL:MUSIC_TYPE]", "IN:REPLAY_MUSIC]"], "predicted_tokens": ["[IN:LOOP_MUSIC", "[SL:MUSIC_TRACK_TITLE", "@ptr2", "@ptr3", "@ptr4", "SL:MUSIC_TRACK_TITLE]", "IN:LOOP_MUSIC]"]}
{"loss": 1.9777905941009521, "class_log_probabilities": [-1.3325506448745728, -1.5895479917526245, -3.5119521617889404, -3.698145627975464], "predictions": [55, 56, 395, 396, 397, 398, 399, 57, 58, 4], "target_tokens": ["[IN:QUESTION_NEWS", "[SL:NEWS_TOPIC", "@ptr2", "@ptr3", "SL:NEWS_TOPIC]", "IN:QUESTION_NEWS]"], "predicted_tokens": ["[IN:QUESTION_NEWS", "[SL:NEWS_TOPIC", "@ptr0", "@ptr1", "@ptr2", "@ptr3", "@ptr4", "SL:NEWS_TOPIC]", "IN:QUESTION_NEWS]"]}
{"loss": 1.6479589939117432, "class_log_probabilities": [-1.3892828226089478, -3.6625325679779053, -4.9473371505737305, -5.358423709869385], "predictions": [45, 16, 399, 400, 401, 402, 403, 404, 405, 406, 17, 46, 4], "target_tokens": ["[IN:CREATE_ALARM", "[SL:DATE_TIME", "@ptr3", "@ptr4", "@ptr5", "@ptr6", "@ptr7", "@ptr8", "@ptr9", "@ptr10", "@ptr11", "SL:DATE_TIME]", "IN:CREATE_ALARM]"], "predicted_tokens": ["[IN:CREATE_ALARM", "[SL:DATE_TIME", "@ptr4", "@ptr5", "@ptr6", "@ptr7", "@ptr8", "@ptr9", "@ptr10", "@ptr11", "SL:DATE_TIME]", "IN:CREATE_ALARM]"]}
{"loss": 0.9958011507987976, "class_log_probabilities": [-0.3236074447631836, -6.396896839141846, -6.457176685333252, -6.7436065673828125], "predictions": [169, 64, 397, 65, 170, 4], "target_tokens": ["[IN:REMOVE_FROM_PLAYLIST_MUSIC", "[SL:MUSIC_TYPE", "@ptr2", "SL:MUSIC_TYPE]", "IN:REMOVE_FROM_PLAYLIST_MUSIC]"], "predicted_tokens": ["[IN:REMOVE_FROM_PLAYLIST_MUSIC", "[SL:MUSIC_TYPE", "@ptr2", "SL:MUSIC_TYPE]", "IN:REMOVE_FROM_PLAYLIST_MUSIC]"]}
{"loss": 2.6140103340148926, "class_log_probabilities": [-2.6432905197143555, -2.9733216762542725, -3.6973891258239746, -4.515411376953125], "predictions": [183, 90, 398, 91, 16, 403, 404, 17, 184, 4, 4], "target_tokens": ["[IN:ADD_TIME_TIMER", "[SL:METHOD_TIMER", "@ptr1", "@ptr2", "@ptr3", "SL:METHOD_TIMER]", "[SL:DATE_TIME", "@ptr6", "@ptr7", "@ptr8", "SL:DATE_TIME]", "IN:ADD_TIME_TIMER]"], "predicted_tokens": ["[IN:ADD_TIME_TIMER", "[SL:METHOD_TIMER", "@ptr3", "SL:METHOD_TIMER]", "[SL:DATE_TIME", "@ptr8", "@ptr9", "SL:DATE_TIME]", "IN:ADD_TIME_TIMER]"]}
{"loss": 2.7677969932556152, "class_log_probabilities": [-1.1205087900161743, -2.186351776123047, -4.861072540283203, -5.320965766906738], "predictions": [45, 16, 399, 400, 401, 402, 403, 17, 46, 4, 4, 4, 4], "target_tokens": ["[IN:CREATE_ALARM", "[SL:DATE_TIME", "@ptr3", "@ptr4", "@ptr5", "@ptr6", "SL:DATE_TIME]", "IN:CREATE_ALARM]"], "predicted_tokens": ["[IN:CREATE_ALARM", "[SL:DATE_TIME", "@ptr4", "@ptr5", "@ptr6", "@ptr7", "@ptr8", "SL:DATE_TIME]", "IN:CREATE_ALARM]"]}
{"loss": 2.1774604320526123, "class_log_probabilities": [-0.3674171566963196, -7.510926246643066, -7.720414638519287, -7.908144950866699], "predictions": [39, 40, 401, 41, 42, 4, 4, 4], "target_tokens": ["[IN:GET_STORIES_NEWS", "[SL:NEWS_TYPE", "@ptr5", "SL:NEWS_TYPE]", "IN:GET_STORIES_NEWS]"], "predicted_tokens": ["[IN:GET_STORIES_NEWS", "[SL:NEWS_TYPE", "@ptr6", "SL:NEWS_TYPE]", "IN:GET_STORIES_NEWS]"]}
{"loss": 3.153808355331421, "class_log_probabilities": [-0.9059807062149048, -2.5675783157348633, -5.474276542663574, -5.527867794036865], "predictions": [89, 90, 396, 91, 16, 398, 399, 17, 92, 4, 4], "target_tokens": ["[IN:CREATE_TIMER", "[SL:METHOD_TIMER", "@ptr0", "@ptr1", "SL:METHOD_TIMER]", "[SL:DATE_TIME", "@ptr2", "@ptr3", "SL:DATE_TIME]", "IN:CREATE_TIMER]"], "predicted_tokens": ["[IN:CREATE_TIMER", "[SL:METHOD_TIMER", "@ptr1", "SL:METHOD_TIMER]", "[SL:DATE_TIME", "@ptr3", "@ptr4", "SL:DATE_TIME]", "IN:CREATE_TIMER]"]}
{"loss": 4.157748699188232, "class_log_probabilities": [-0.7551659345626831, -2.490173578262329, -5.865904331207275, -6.419386386871338], "predictions": [89, 90, 399, 91, 16, 401, 402, 403, 17, 92, 4], "target_tokens": ["[IN:CREATE_TIMER", "[SL:METHOD_TIMER", "@ptr1", "@ptr2", "@ptr3", "SL:METHOD_TIMER]", "[SL:DATE_TIME", "@ptr4", "@ptr5", "@ptr6", "SL:DATE_TIME]", "IN:CREATE_TIMER]"], "predicted_tokens": ["[IN:CREATE_TIMER", "[SL:METHOD_TIMER", "@ptr4", "SL:METHOD_TIMER]", "[SL:DATE_TIME", "@ptr6", "@ptr7", "@ptr8", "SL:DATE_TIME]", "IN:CREATE_TIMER]"]}
{"loss": 3.1099483966827393, "class_log_probabilities": [-5.195632457733154, -5.7415266036987305, -6.0420241355896, -6.370970249176025], "predictions": [55, 40, 398, 399, 41, 56, 403, 404, 405, 407, 57, 58, 4, 4], "target_tokens": ["[IN:GET_STORIES_NEWS", "[SL:NEWS_TYPE", "@ptr2", "@ptr3", "SL:NEWS_TYPE]", "[SL:NEWS_TOPIC", "@ptr6", "@ptr7", "@ptr8", "@ptr9", "SL:NEWS_TOPIC]", "IN:GET_STORIES_NEWS]"], "predicted_tokens": ["[IN:QUESTION_NEWS", "[SL:NEWS_TYPE", "@ptr3", "@ptr4", "SL:NEWS_TYPE]", "[SL:NEWS_TOPIC", "@ptr8", "@ptr9", "@ptr10", "@ptr12", "SL:NEWS_TOPIC]", "IN:QUESTION_NEWS]"]}
{"loss": 2.179865837097168, "class_log_probabilities": [-1.1809078454971313, -2.201143741607666, -5.30804443359375, -5.3409881591796875], "predictions": [85, 86, 398, 87, 88, 4, 4], "target_tokens": ["[IN:CREATE_PLAYLIST_MUSIC", "[SL:MUSIC_PLAYLIST_TITLE", "@ptr3", "SL:MUSIC_PLAYLIST_TITLE]", "[SL:MUSIC_TYPE", "@ptr2", "SL:MUSIC_TYPE]", "IN:CREATE_PLAYLIST_MUSIC]"], "predicted_tokens": ["[IN:CREATE_PLAYLIST_MUSIC", "[SL:MUSIC_PLAYLIST_TITLE", "@ptr3", "SL:MUSIC_PLAYLIST_TITLE]", "IN:CREATE_PLAYLIST_MUSIC]"]}
{"loss": 2.3971099853515625, "class_log_probabilities": [-1.073487401008606, -5.473061561584473, -5.849454402923584, -6.1871018409729], "predictions": [45, 16, 399, 400, 401, 402, 403, 404, 405, 406, 17, 46, 4], "target_tokens": ["[IN:CREATE_ALARM", "[SL:DATE_TIME", "@ptr2", "@ptr3", "@ptr4", "@ptr5", "@ptr6", "@ptr7", "@ptr8", "@ptr9", "@ptr10", "SL:DATE_TIME]", "IN:CREATE_ALARM]"], "predicted_tokens": ["[IN:CREATE_ALARM", "[SL:DATE_TIME", "@ptr4", "@ptr5", "@ptr6", "@ptr7", "@ptr8", "@ptr9", "@ptr10", "@ptr11", "SL:DATE_TIME]", "IN:CREATE_ALARM]"]}
{"loss": 3.0296688079833984, "class_log_probabilities": [-0.7754629850387573, -3.248415231704712, -4.941979885101318, -4.9700775146484375], "predictions": [45, 16, 399, 400, 401, 402, 17, 46, 4, 4, 4, 4], "target_tokens": ["[IN:CREATE_ALARM", "[SL:DATE_TIME", "@ptr3", "@ptr4", "@ptr5", "SL:DATE_TIME]", "IN:CREATE_ALARM]"], "predicted_tokens": ["[IN:CREATE_ALARM", "[SL:DATE_TIME", "@ptr4", "@ptr5", "@ptr6", "@ptr7", "SL:DATE_TIME]", "IN:CREATE_ALARM]"]}
{"loss": 3.769333600997925, "class_log_probabilities": [-0.9326013922691345, -3.2866156101226807, -3.3598101139068604, -3.4446656703948975], "predictions": [115, 90, 397, 91, 116, 4], "target_tokens": ["[IN:GET_TIMER", "[SL:METHOD_TIMER", "@ptr0", "@ptr1", "@ptr2", "@ptr3", "@ptr4", "@ptr5", "SL:METHOD_TIMER]", "IN:GET_TIMER]"], "predicted_tokens": ["[IN:GET_TIMER", "[SL:METHOD_TIMER", "@ptr2", "SL:METHOD_TIMER]", "IN:GET_TIMER]"]}
{"loss": 3.33016300201416, "class_log_probabilities": [-1.086902379989624, -2.715179920196533, -3.654041290283203, -4.256647109985352], "predictions": [165, 129, 396, 130, 279, 399, 280, 166, 4], "target_tokens": ["[IN:IS_TRUE_RECIPES", "[SL:RECIPES_TYPE_NUTRITION", "@ptr3", "SL:RECIPES_TYPE_NUTRITION]", "[SL:RECIPES_INCLUDED_INGREDIENT", "@ptr1", "SL:RECIPES_INCLUDED_INGREDIENT]", "IN:IS_TRUE_RECIPES]"], "predicted_tokens": ["[IN:IS_TRUE_RECIPES", "[SL:RECIPES_INCLUDED_INGREDIENT", "@ptr1", "SL:RECIPES_INCLUDED_INGREDIENT]", "[SL:RECIPES_TYPE_NUTRITION", "@ptr4", "SL:RECIPES_TYPE_NUTRITION]", "IN:IS_TRUE_RECIPES]"]}
{"loss": 4.521933078765869, "class_log_probabilities": [-1.6685762405395508, -3.7388250827789307, -4.576648235321045, -5.337770462036133], "predictions": [27, 30, 4, 4, 4, 4, 4, 4, 4, 4, 4, 4, 4, 4], "target_tokens": ["[IN:GET_INFO_RECIPES", "[SL:RECIPES_DISH", "@ptr4", "@ptr5", "SL:RECIPES_DISH]", "IN:GET_INFO_RECIPES]"], "predicted_tokens": ["[IN:GET_INFO_RECIPES", "IN:GET_INFO_RECIPES]"]}
{"loss": 3.531838893890381, "class_log_probabilities": [-2.874798059463501, -3.0051393508911133, -3.2228951454162598, -3.776205062866211], "predictions": [51, 54, 4, 4, 4, 4, 4, 4], "target_tokens": ["[IN:GET_RECIPES", "[SL:RECIPES_DISH", "@ptr6", "SL:RECIPES_DISH]", "[SL:RECIPES_ATTRIBUTE", "@ptr7", "@ptr8", "@ptr9", "SL:RECIPES_ATTRIBUTE]", "IN:GET_RECIPES]"], "predicted_tokens": ["[IN:GET_RECIPES", "IN:GET_RECIPES]"]}
{"loss": 1.6870448589324951, "class_log_probabilities": [-0.8155642151832581, -3.4162304401397705, -5.176966190338135, -5.7594709396362305], "predictions": [51, 52, 398, 399, 400, 401, 53, 54, 4, 4], "target_tokens": ["[IN:GET_RECIPES", "[SL:RECIPES_DISH", "@ptr3", "@ptr4", "@ptr5", "SL:RECIPES_DISH]", "IN:GET_RECIPES]"], "predicted_tokens": ["[IN:GET_RECIPES", "[SL:RECIPES_DISH", "@ptr3", "@ptr4", "@ptr5", "@ptr6", "SL:RECIPES_DISH]", "IN:GET_RECIPES]"]}
{"loss": 1.1688584089279175, "class_log_probabilities": [-0.9801753759384155, -2.246659278869629, -6.782855033874512, -6.870813369750977], "predictions": [51, 52, 397, 398, 399, 53, 54, 4], "target_tokens": ["[IN:GET_RECIPES", "[SL:RECIPES_DISH", "@ptr2", "@ptr3", "SL:RECIPES_DISH]", "IN:GET_RECIPES]"], "predicted_tokens": ["[IN:GET_RECIPES", "[SL:RECIPES_DISH", "@ptr2", "@ptr3", "@ptr4", "SL:RECIPES_DISH]", "IN:GET_RECIPES]"]}
{"loss": 0.9970574975013733, "class_log_probabilities": [-1.7018755674362183, -4.080655097961426, -5.51625394821167, -6.065335273742676], "predictions": [27, 52, 398, 399, 400, 401, 402, 403, 404, 53, 30, 4], "target_tokens": ["[IN:GET_INFO_RECIPES", "[SL:RECIPES_DISH", "@ptr3", "@ptr4", "@ptr5", "@ptr6", "@ptr7", "@ptr8", "@ptr9", "SL:RECIPES_DISH]", "IN:GET_INFO_RECIPES]"], "predicted_tokens": ["[IN:GET_INFO_RECIPES", "[SL:RECIPES_DISH", "@ptr3", "@ptr4", "@ptr5", "@ptr6", "@ptr7", "@ptr8", "@ptr9", "SL:RECIPES_DISH]", "IN:GET_INFO_RECIPES]"]}
{"loss": 2.978928565979004, "class_log_probabilities": [-4.02012300491333, -4.736527919769287, -5.039407253265381, -5.148261547088623], "predictions": [51, 52, 397, 398, 399, 53, 129, 402, 403, 405, 130, 54, 4], "target_tokens": ["[IN:GET_RECIPES", "[SL:RECIPES_DISH", "@ptr2", "@ptr3", "SL:RECIPES_DISH]", "[SL:RECIPES_EXCLUDED_INGREDIENT", "@ptr7", "@ptr8", "SL:RECIPES_EXCLUDED_INGREDIENT]", "IN:GET_RECIPES]"], "predicted_tokens": ["[IN:GET_RECIPES", "[SL:RECIPES_DISH", "@ptr2", "@ptr3", "@ptr4", "SL:RECIPES_DISH]", "[SL:RECIPES_INCLUDED_INGREDIENT", "@ptr7", "@ptr8", "@ptr10", "SL:RECIPES_INCLUDED_INGREDIENT]", "IN:GET_RECIPES]"]}
{"loss": 1.5910215377807617, "class_log_probabilities": [-0.4340958893299103, -4.463381767272949, -5.323056697845459, -5.337006092071533], "predictions": [23, 269, 401, 402, 270, 26, 4], "target_tokens": ["[IN:SEND_MESSAGE", "[SL:GROUP", "@ptr6", "SL:GROUP]", "IN:SEND_MESSAGE]"], "predicted_tokens": ["[IN:SEND_MESSAGE", "[SL:GROUP", "@ptr6", "@ptr7", "SL:GROUP]", "IN:SEND_MESSAGE]"]}
{"loss": 3.324901580810547, "class_log_probabilities": [-2.9900174140930176, -3.52412486076355, -4.318936347961426, -4.674727439880371], "predictions": [23, 10, 399, 400, 401, 402, 403, 11, 26, 4, 4, 4, 4, 4, 4], "target_tokens": ["[IN:SEND_MESSAGE", "[SL:GROUP", "@ptr4", "@ptr5", "@ptr6", "SL:GROUP]", "[SL:CONTENT_EXACT", "@ptr11", "@ptr12", "@ptr13", "@ptr14", "SL:CONTENT_EXACT]", "IN:SEND_MESSAGE]"], "predicted_tokens": ["[IN:SEND_MESSAGE", "[SL:RECIPIENT", "@ptr4", "@ptr5", "@ptr6", "@ptr7", "@ptr8", "SL:RECIPIENT]", "IN:SEND_MESSAGE]"]}
{"loss": 1.3819864988327026, "class_log_probabilities": [-4.119813442230225, -5.228102207183838, -5.2306976318359375, -5.943988800048828], "predictions": [5, 59, 70, 93, 398, 94, 71, 401, 72, 73, 60, 12, 4, 4, 4, 4], "target_tokens": ["[IN:GET_MESSAGE", "[SL:SENDER", "[IN:GET_CONTACT", "[SL:TYPE_RELATION", "@ptr5", "SL:TYPE_RELATION]", "[SL:CONTACT", "@ptr6", "SL:CONTACT]", "IN:GET_CONTACT]", "SL:SENDER]", "IN:GET_MESSAGE]"], "predicted_tokens": ["[IN:GET_MESSAGE", "[SL:SENDER", "[IN:GET_CONTACT", "[SL:CONTACT_RELATED", "@ptr3", "SL:CONTACT_RELATED]", "[SL:TYPE_RELATION", "@ptr6", "SL:TYPE_RELATION]", "IN:GET_CONTACT]", "SL:SENDER]", "IN:GET_MESSAGE]"]}
{"loss": 1.322977066040039, "class_log_probabilities": [-4.09685754776001, -4.9003520011901855, -7.166131019592285, -9.619070053100586], "predictions": [5, 76, 399, 400, 77, 12, 4, 4, 4, 4, 4], "target_tokens": ["[IN:GET_MESSAGE", "[SL:NAME_APP", "@ptr4", "@ptr5", "SL:NAME_APP]", "IN:GET_MESSAGE]"], "predicted_tokens": ["[IN:GET_MESSAGE", "[SL:NAME_APP", "@ptr4", "@ptr5", "SL:NAME_APP]", "IN:GET_MESSAGE]"]}
{"loss": 0.9580153226852417, "class_log_probabilities": [-0.4524085521697998, -7.335834503173828, -7.921213150024414, -8.024479866027832], "predictions": [75, 6, 397, 398, 7, 78, 4, 4, 4], "target_tokens": ["[IN:CREATE_CALL", "[SL:CONTACT", "@ptr2", "@ptr3", "SL:CONTACT]", "IN:CREATE_CALL]"], "predicted_tokens": ["[IN:CREATE_CALL", "[SL:CONTACT", "@ptr2", "@ptr3", "SL:CONTACT]", "IN:CREATE_CALL]"]}
{"loss": 1.1480960845947266, "class_log_probabilities": [-0.8763307332992554, -2.3282523155212402, -6.057578086853027, -6.91903829574585], "predictions": [75, 6, 397, 398, 399, 400, 7, 78, 4, 4], "target_tokens": ["[IN:CREATE_CALL", "[SL:CONTACT", "@ptr2", "@ptr3", "@ptr4", "SL:CONTACT]", "IN:CREATE_CALL]"], "predicted_tokens": ["[IN:CREATE_CALL", "[SL:CONTACT", "@ptr2", "@ptr3", "@ptr4", "@ptr5", "SL:CONTACT]", "IN:CREATE_CALL]"]}
{"loss": 4.102585792541504, "class_log_probabilities": [-0.7564071416854858, -4.256545543670654, -4.337569713592529, -5.310781955718994], "predictions": [75, 6, 397, 398, 399, 7, 76, 401, 77, 78, 4], "target_tokens": ["[IN:CREATE_CALL", "[SL:GROUP", "@ptr3", "SL:GROUP]", "[SL:NAME_APP", "@ptr5", "SL:NAME_APP]", "IN:CREATE_CALL]"], "predicted_tokens": ["[IN:CREATE_CALL", "[SL:CONTACT", "@ptr2", "@ptr3", "@ptr4", "SL:CONTACT]", "[SL:NAME_APP", "@ptr6", "SL:NAME_APP]", "IN:CREATE_CALL]"]}
{"loss": 2.242475748062134, "class_log_probabilities": [-1.2185463905334473, -2.728358030319214, -3.0070137977600098, -4.565829753875732], "predictions": [75, 6, 70, 71, 397, 72, 6, 400, 7, 73, 7, 78, 4], "target_tokens": ["[IN:CREATE_CALL", "[SL:CONTACT", "[IN:GET_CONTACT", "[SL:CONTACT_RELATED", "@ptr4", "@ptr5", "SL:CONTACT_RELATED]", "[SL:TYPE_RELATION", "@ptr2", "SL:TYPE_RELATION]", "IN:GET_CONTACT]", "SL:CONTACT]", "IN:CREATE_CALL]"], "predicted_tokens": ["[IN:CREATE_CALL", "[SL:CONTACT", "[IN:GET_CONTACT", "[SL:TYPE_RELATION", "@ptr2", "SL:TYPE_RELATION]", "[SL:CONTACT", "@ptr5", "SL:CONTACT]", "IN:GET_CONTACT]", "SL:CONTACT]", "IN:CREATE_CALL]"]}
{"loss": 0.9736639857292175, "class_log_probabilities": [-0.48618945479393005, -6.088248252868652, -7.074044704437256, -7.327555179595947], "predictions": [75, 6, 397, 7, 76, 399, 77, 78, 4], "target_tokens": ["[IN:CREATE_CALL", "[SL:CONTACT", "@ptr2", "SL:CONTACT]", "[SL:NAME_APP", "@ptr4", "SL:NAME_APP]", "IN:CREATE_CALL]"], "predicted_tokens": ["[IN:CREATE_CALL", "[SL:CONTACT", "@ptr2", "SL:CONTACT]", "[SL:NAME_APP", "@ptr4", "SL:NAME_APP]", "IN:CREATE_CALL]"]}
{"loss": 2.9574108123779297, "class_log_probabilities": [-0.5605137944221497, -5.131225109100342, -5.600039482116699, -7.453711986541748], "predictions": [75, 6, 397, 7, 76, 400, 77, 78, 4, 4, 4, 4], "target_tokens": ["[IN:CREATE_CALL", "[SL:NAME_APP", "@ptr4", "SL:NAME_APP]", "[SL:CONTACT", "@ptr2", "SL:CONTACT]", "IN:CREATE_CALL]"], "predicted_tokens": ["[IN:CREATE_CALL", "[SL:CONTACT", "@ptr2", "SL:CONTACT]", "[SL:NAME_APP", "@ptr5", "SL:NAME_APP]", "IN:CREATE_CALL]"]}
{"loss": 2.2687783241271973, "class_log_probabilities": [-3.830476999282837, -4.546405792236328, -4.813004016876221, -4.833530426025391], "predictions": [63, 101, 397, 398, 102, 66, 400, 401, 67, 68, 4, 4, 4, 4, 4], "target_tokens": ["[IN:PLAY_MUSIC", "[SL:MUSIC_ARTIST_NAME", "@ptr5", "@ptr6", "@ptr7", "@ptr8", "@ptr9", "SL:MUSIC_ARTIST_NAME]", "IN:PLAY_MUSIC]"], "predicted_tokens": ["[IN:PLAY_MUSIC", "[SL:MUSIC_TRACK_TITLE", "@ptr2", "@ptr3", "SL:MUSIC_TRACK_TITLE]", "[SL:MUSIC_ARTIST_NAME", "@ptr5", "@ptr6", "SL:MUSIC_ARTIST_NAME]", "IN:PLAY_MUSIC]"]}
{"loss": 1.227520227432251, "class_log_probabilities": [-1.8323038816452026, -2.400193452835083, -2.905684232711792, -3.8098506927490234], "predictions": [235, 103, 396, 397, 104, 64, 401, 65, 236, 4], "target_tokens": ["[IN:SET_DEFAULT_PROVIDER_MUSIC", "[SL:MUSIC_PROVIDER_NAME", "@ptr1", "@ptr2", "SL:MUSIC_PROVIDER_NAME]", "IN:SET_DEFAULT_PROVIDER_MUSIC]"], "predicted_tokens": ["[IN:SET_DEFAULT_PROVIDER_MUSIC", "[SL:MUSIC_PROVIDER_NAME", "@ptr1", "@ptr2", "SL:MUSIC_PROVIDER_NAME]", "[SL:MUSIC_TYPE", "@ptr6", "SL:MUSIC_TYPE]", "IN:SET_DEFAULT_PROVIDER_MUSIC]"]}
{"loss": 1.060977578163147, "class_log_probabilities": [-1.0647467374801636, -1.4456253051757812, -6.3718581199646, -6.599158763885498], "predictions": [75, 6, 399, 400, 7, 76, 403, 77, 78, 4, 4], "target_tokens": ["[IN:CREATE_CALL", "[SL:CONTACT", "@ptr4", "@ptr5", "SL:CONTACT]", "[SL:NAME_APP", "@ptr7", "SL:NAME_APP]", "IN:CREATE_CALL]"], "predicted_tokens": ["[IN:CREATE_CALL", "[SL:CONTACT", "@ptr4", "@ptr5", "SL:CONTACT]", "[SL:NAME_APP", "@ptr8", "SL:NAME_APP]", "IN:CREATE_CALL]"]}
{"loss": 1.9631361961364746, "class_log_probabilities": [-3.3306758403778076, -4.206193447113037, -4.212229251861572, -4.340340614318848], "predictions": [23, 8, 398, 9, 10, 70, 71, 400, 72, 73, 11, 26, 4], "target_tokens": ["[IN:SEND_MESSAGE", "[SL:TYPE_CONTENT", "@ptr2", "SL:TYPE_CONTENT]", "[SL:RECIPIENT", "[IN:GET_CONTACT", "[SL:TYPE_RELATION", "@ptr4", "SL:TYPE_RELATION]", "IN:GET_CONTACT]", "SL:RECIPIENT]", "IN:SEND_MESSAGE]"], "predicted_tokens": ["[IN:SEND_MESSAGE", "[SL:TYPE_CONTENT", "@ptr3", "SL:TYPE_CONTENT]", "[SL:RECIPIENT", "[IN:GET_CONTACT", "[SL:TYPE_RELATION", "@ptr5", "SL:TYPE_RELATION]", "IN:GET_CONTACT]", "SL:RECIPIENT]", "IN:SEND_MESSAGE]"]}
{"loss": 4.534601211547852, "class_log_probabilities": [-1.3966639041900635, -3.9083704948425293, -4.244838714599609, -4.350752830505371], "predictions": [45, 16, 402, 403, 404, 17, 46, 4], "target_tokens": ["[IN:UPDATE_ALARM", "[SL:DATE_TIME", "@ptr5", "@ptr6", "@ptr7", "SL:DATE_TIME]", "IN:UPDATE_ALARM]"], "predicted_tokens": ["[IN:CREATE_ALARM", "[SL:DATE_TIME", "@ptr7", "@ptr8", "@ptr9", "SL:DATE_TIME]", "IN:CREATE_ALARM]"]}
{"loss": 3.136472702026367, "class_log_probabilities": [-0.6228518486022949, -4.118098735809326, -4.238491058349609, -6.684725761413574], "predictions": [75, 6, 397, 398, 399, 400, 7, 78, 4, 4], "target_tokens": ["[IN:CREATE_CALL", "[SL:ORDINAL", "@ptr5", "@ptr6", "SL:ORDINAL]", "[SL:CONTACT", "@ptr2", "@ptr3", "@ptr4", "SL:CONTACT]", "IN:CREATE_CALL]"], "predicted_tokens": ["[IN:CREATE_CALL", "[SL:CONTACT", "@ptr2", "@ptr3", "@ptr4", "@ptr5", "SL:CONTACT]", "IN:CREATE_CALL]"]}
{"loss": 2.2120015621185303, "class_log_probabilities": [-0.6775760054588318, -2.8044230937957764, -7.6324238777160645, -7.74215841293335], "predictions": [75, 6, 397, 398, 7, 76, 400, 77, 78, 4, 4, 4], "target_tokens": ["[IN:CREATE_CALL", "[SL:NAME_APP", "@ptr5", "SL:NAME_APP]", "[SL:CONTACT", "@ptr2", "@ptr3", "SL:CONTACT]", "IN:CREATE_CALL]"], "predicted_tokens": ["[IN:CREATE_CALL", "[SL:CONTACT", "@ptr2", "@ptr3", "SL:CONTACT]", "[SL:NAME_APP", "@ptr5", "SL:NAME_APP]", "IN:CREATE_CALL]"]}
{"loss": 2.0891475677490234, "class_log_probabilities": [-0.7438562512397766, -5.026561260223389, -5.668345928192139, -5.833142280578613], "predictions": [215, 6, 397, 398, 7, 216, 4], "target_tokens": ["[IN:CREATE_CALL", "[SL:CONTACT", "@ptr2", "@ptr3", "SL:CONTACT]", "IN:CREATE_CALL]"], "predicted_tokens": ["[IN:SWITCH_CALL", "[SL:CONTACT", "@ptr2", "@ptr3", "SL:CONTACT]", "IN:SWITCH_CALL]"]}
{"loss": 3.1819846630096436, "class_log_probabilities": [-0.7982248067855835, -3.4531795978546143, -3.674166679382324, -5.831721305847168], "predictions": [23, 10, 400, 401, 402, 403, 11, 26, 4, 4, 4, 4], "target_tokens": ["[IN:SEND_MESSAGE", "[SL:TYPE_CONTENT", "@ptr2", "SL:TYPE_CONTENT]", "[SL:RECIPIENT", "@ptr4", "@ptr5", "@ptr6", "@ptr7", "SL:RECIPIENT]", "IN:SEND_MESSAGE]"], "predicted_tokens": ["[IN:SEND_MESSAGE", "[SL:RECIPIENT", "@ptr5", "@ptr6", "@ptr7", "@ptr8", "SL:RECIPIENT]", "IN:SEND_MESSAGE]"]}
{"loss": 3.0612757205963135, "class_log_probabilities": [-0.18653589487075806, -7.36300802230835, -7.67091178894043, -7.770547389984131], "predictions": [31, 32, 4], "target_tokens": ["[IN:SET_AVAILABLE", "IN:SET_AVAILABLE]"], "predicted_tokens": ["[IN:SET_UNAVAILABLE", "IN:SET_UNAVAILABLE]"]}
{"loss": 2.152121067047119, "class_log_probabilities": [-1.906495213508606, -2.1399402618408203, -4.026799201965332, -4.1888275146484375], "predictions": [185, 16, 402, 403, 404, 406, 17, 186, 4], "target_tokens": ["[IN:GET_CALL", "[SL:DATE_TIME", "@ptr7", "@ptr8", "@ptr9", "@ptr10", "@ptr11", "@ptr12", "SL:DATE_TIME]", "IN:GET_CALL]"], "predicted_tokens": ["[IN:GET_CALL", "[SL:DATE_TIME", "@ptr7", "@ptr8", "@ptr9", "@ptr11", "SL:DATE_TIME]", "IN:GET_CALL]"]}
{"loss": 0.9672258496284485, "class_log_probabilities": [-0.5735953450202942, -6.618792533874512, -7.153712272644043, -7.932549476623535], "predictions": [75, 6, 70, 71, 397, 72, 73, 7, 78, 4, 4, 4], "target_tokens": ["[IN:CREATE_CALL", "[SL:CONTACT", "[IN:GET_CONTACT", "[SL:TYPE_RELATION", "@ptr2", "SL:TYPE_RELATION]", "IN:GET_CONTACT]", "SL:CONTACT]", "IN:CREATE_CALL]"], "predicted_tokens": ["[IN:CREATE_CALL", "[SL:CONTACT", "[IN:GET_CONTACT", "[SL:TYPE_RELATION", "@ptr2", "SL:TYPE_RELATION]", "IN:GET_CONTACT]", "SL:CONTACT]", "IN:CREATE_CALL]"]}
{"loss": 2.252201795578003, "class_log_probabilities": [-1.6905338764190674, -1.867781639099121, -4.216733455657959, -5.877910137176514], "predictions": [75, 6, 70, 71, 398, 72, 73, 7, 78, 4, 4, 4, 4, 4, 4, 4], "target_tokens": ["[IN:CREATE_CALL", "[SL:CONTACT", "[IN:GET_CONTACT", "[SL:CONTACT_RELATED", "@ptr6", "@ptr7", "SL:CONTACT_RELATED]", "[SL:TYPE_RELATION", "@ptr3", "@ptr4", "@ptr5", "SL:TYPE_RELATION]", "IN:GET_CONTACT]", "SL:CONTACT]", "IN:CREATE_CALL]"], "predicted_tokens": ["[IN:CREATE_CALL", "[SL:CONTACT", "[IN:GET_CONTACT", "[SL:TYPE_RELATION", "@ptr3", "SL:TYPE_RELATION]", "IN:GET_CONTACT]", "SL:CONTACT]", "IN:CREATE_CALL]"]}
{"loss": 1.8396682739257812, "class_log_probabilities": [-2.2986538410186768, -2.911973714828491, -3.063037633895874, -3.203680992126465], "predictions": [13, 16, 401, 402, 403, 404, 405, 406, 17, 18, 4, 4, 4], "target_tokens": ["[IN:GET_WEATHER", "[SL:DATE_TIME", "@ptr5", "@ptr6", "@ptr7", "@ptr8", "@ptr9", "@ptr10", "@ptr11", "@ptr12", "SL:DATE_TIME]", "IN:GET_WEATHER]"], "predicted_tokens": ["[IN:GET_WEATHER", "[SL:DATE_TIME", "@ptr6", "@ptr7", "@ptr8", "@ptr9", "@ptr10", "@ptr11", "SL:DATE_TIME]", "IN:GET_WEATHER]"]}
{"loss": 0.9822883009910583, "class_log_probabilities": [-0.15495339035987854, -7.818596839904785, -7.826821804046631, -7.88950252532959], "predictions": [213, 214, 4], "target_tokens": ["[IN:SILENCE_ALARM", "IN:SILENCE_ALARM]"], "predicted_tokens": ["[IN:SILENCE_ALARM", "IN:SILENCE_ALARM]"]}
{"loss": 0.9641463756561279, "class_log_probabilities": [-0.2265038639307022, -6.384941101074219, -6.875375270843506, -8.694616317749023], "predictions": [213, 214, 4, 4], "target_tokens": ["[IN:SILENCE_ALARM", "IN:SILENCE_ALARM]"], "predicted_tokens": ["[IN:SILENCE_ALARM", "IN:SILENCE_ALARM]"]}
{"loss": 1.8842986822128296, "class_log_probabilities": [-1.4410076141357422, -2.195470094680786, -3.372169256210327, -4.894018173217773], "predictions": [19, 20, 399, 21, 22, 4], "target_tokens": ["[IN:GET_ALARM", "[SL:ORDINAL", "@ptr4", "@ptr5", "SL:ORDINAL]", "IN:GET_ALARM]"], "predicted_tokens": ["[IN:GET_ALARM", "[SL:ORDINAL", "@ptr4", "SL:ORDINAL]", "IN:GET_ALARM]"]}
{"loss": 2.438906192779541, "class_log_probabilities": [-1.4387980699539185, -2.9571008682250977, -4.271589279174805, -4.399674892425537], "predictions": [185, 6, 400, 7, 16, 404, 405, 406, 17, 186, 4], "target_tokens": ["[IN:GET_CALL", "[SL:CONTACT", "@ptr4", "SL:CONTACT]", "[SL:DATE_TIME", "@ptr7", "@ptr8", "@ptr9", "@ptr10", "@ptr11", "SL:DATE_TIME]", "IN:GET_CALL]"], "predicted_tokens": ["[IN:GET_CALL", "[SL:CONTACT", "@ptr5", "SL:CONTACT]", "[SL:DATE_TIME", "@ptr9", "@ptr10", "@ptr11", "SL:DATE_TIME]", "IN:GET_CALL]"]}
{"loss": 2.059476137161255, "class_log_probabilities": [-1.3880640268325806, -1.8952045440673828, -3.4721953868865967, -4.286007881164551], "predictions": [45, 16, 401, 402, 403, 404, 406, 17, 46, 4, 4], "target_tokens": ["[IN:CREATE_ALARM", "[SL:DATE_TIME", "@ptr5", "@ptr6", "@ptr7", "@ptr8", "@ptr9", "@ptr10", "SL:DATE_TIME]", "IN:CREATE_ALARM]"], "predicted_tokens": ["[IN:CREATE_ALARM", "[SL:DATE_TIME", "@ptr6", "@ptr7", "@ptr8", "@ptr9", "@ptr11", "SL:DATE_TIME]", "IN:CREATE_ALARM]"]}
{"loss": 2.6431968212127686, "class_log_probabilities": [-1.7951362133026123, -1.7978378534317017, -4.112495422363281, -4.46010684967041], "predictions": [89, 92, 4], "target_tokens": ["[IN:SNOOZE_ALARM", "[SL:DATE_TIME", "@ptr2", "@ptr3", "@ptr4", "@ptr5", "SL:DATE_TIME]", "IN:SNOOZE_ALARM]"], "predicted_tokens": ["[IN:CREATE_TIMER", "IN:CREATE_TIMER]"]}
{"loss": 0.9564865231513977, "class_log_probabilities": [-0.45545002818107605, -6.849865436553955, -7.695220470428467, -8.388696670532227], "predictions": [13, 16, 395, 396, 17, 18, 4, 4], "target_tokens": ["[IN:GET_WEATHER", "[SL:DATE_TIME", "@ptr0", "@ptr1", "SL:DATE_TIME]", "IN:GET_WEATHER]"], "predicted_tokens": ["[IN:GET_WEATHER", "[SL:DATE_TIME", "@ptr0", "@ptr1", "SL:DATE_TIME]", "IN:GET_WEATHER]"]}
{"loss": 2.6876237392425537, "class_log_probabilities": [-2.6362040042877197, -2.7970635890960693, -3.038496255874634, -3.273111343383789], "predictions": [13, 14, 403, 405, 406, 407, 15, 18, 4], "target_tokens": ["[IN:GET_WEATHER", "[SL:LOCATION", "@ptr7", "@ptr8", "@ptr9", "@ptr10", "SL:LOCATION]", "IN:GET_WEATHER]"], "predicted_tokens": ["[IN:GET_WEATHER", "[SL:LOCATION", "@ptr8", "@ptr10", "@ptr11", "@ptr12", "SL:LOCATION]", "IN:GET_WEATHER]"]}
{"loss": 3.285478115081787, "class_log_probabilities": [-1.048813819885254, -3.4068098068237305, -4.634336471557617, -4.7276411056518555], "predictions": [13, 16, 400, 401, 402, 403, 17, 14, 404, 15, 18, 4, 4], "target_tokens": ["[IN:GET_WEATHER", "[SL:DATE_TIME", "@ptr4", "@ptr5", "@ptr6", "SL:DATE_TIME]", "[SL:LOCATION", "@ptr8", "SL:LOCATION]", "IN:GET_WEATHER]"], "predicted_tokens": ["[IN:GET_WEATHER", "[SL:DATE_TIME", "@ptr5", "@ptr6", "@ptr7", "@ptr8", "SL:DATE_TIME]", "[SL:LOCATION", "@ptr9", "SL:LOCATION]", "IN:GET_WEATHER]"]}
{"loss": 2.082832098007202, "class_log_probabilities": [-0.5692552924156189, -5.203224182128906, -6.128910064697266, -7.465337753295898], "predictions": [13, 16, 398, 399, 400, 401, 17, 18, 4, 4], "target_tokens": ["[IN:GET_WEATHER", "[SL:DATE_TIME", "@ptr2", "@ptr3", "@ptr4", "@ptr5", "@ptr6", "@ptr7", "SL:DATE_TIME]", "IN:GET_WEATHER]"], "predicted_tokens": ["[IN:GET_WEATHER", "[SL:DATE_TIME", "@ptr3", "@ptr4", "@ptr5", "@ptr6", "SL:DATE_TIME]", "IN:GET_WEATHER]"]}
{"loss": 2.4697539806365967, "class_log_probabilities": [-1.8766542673110962, -2.308149576187134, -3.99129056930542, -4.483495712280273], "predictions": [49, 16, 401, 402, 403, 404, 405, 407, 17, 50, 4, 4], "target_tokens": ["[IN:CREATE_ALARM", "[SL:DATE_TIME", "@ptr5", "@ptr6", "@ptr7", "@ptr8", "@ptr9", "@ptr10", "SL:DATE_TIME]", "IN:CREATE_ALARM]"], "predicted_tokens": ["[IN:CREATE_REMINDER", "[SL:DATE_TIME", "@ptr6", "@ptr7", "@ptr8", "@ptr9", "@ptr10", "@ptr12", "SL:DATE_TIME]", "IN:CREATE_REMINDER]"]}
{"loss": 2.1096529960632324, "class_log_probabilities": [-2.431387186050415, -3.3020882606506348, -3.9969255924224854, -4.414323806762695], "predictions": [45, 16, 399, 400, 401, 402, 403, 404, 405, 407, 409, 17, 46, 4], "target_tokens": ["[IN:CREATE_ALARM", "[SL:DATE_TIME", "@ptr3", "@ptr4", "@ptr5", "@ptr6", "@ptr7", "@ptr8", "@ptr9", "@ptr10", "@ptr11", "@ptr12", "SL:DATE_TIME]", "IN:CREATE_ALARM]"], "predicted_tokens": ["[IN:CREATE_ALARM", "[SL:DATE_TIME", "@ptr4", "@ptr5", "@ptr6", "@ptr7", "@ptr8", "@ptr9", "@ptr10", "@ptr12", "@ptr14", "SL:DATE_TIME]", "IN:CREATE_ALARM]"]}
{"loss": 2.9141147136688232, "class_log_probabilities": [-1.1365928649902344, -1.5724507570266724, -3.3580682277679443, -3.450559139251709], "predictions": [171, 6, 402, 7, 172, 4, 4, 4], "target_tokens": ["[IN:GET_AVAILABILITY", "[SL:CONTACT", "@ptr6", "@ptr7", "SL:CONTACT]", "IN:GET_AVAILABILITY]"], "predicted_tokens": ["[IN:GET_AVAILABILITY", "[SL:CONTACT", "@ptr7", "SL:CONTACT]", "IN:GET_AVAILABILITY]"]}
{"loss": 3.4785802364349365, "class_log_probabilities": [-1.4238228797912598, -4.601782321929932, -4.780187129974365, -5.383415699005127], "predictions": [81, 6, 396, 397, 7, 82, 4], "target_tokens": ["[IN:UPDATE_CALL", "[SL:CONTACT_REMOVED", "[IN:GET_CONTACT", "[SL:TYPE_RELATION", "@ptr1", "SL:TYPE_RELATION]", "[SL:CONTACT", "@ptr2", "SL:CONTACT]", "IN:GET_CONTACT]", "SL:CONTACT_REMOVED]", "IN:UPDATE_CALL]"], "predicted_tokens": ["[IN:END_CALL", "[SL:CONTACT", "@ptr1", "@ptr2", "SL:CONTACT]", "IN:END_CALL]"]}
{"loss": 1.941429615020752, "class_log_probabilities": [-1.3391547203063965, -4.9746222496032715, -6.094374656677246, -6.289090633392334], "predictions": [63, 64, 396, 65, 66, 398, 399, 67, 68, 4, 4, 4], "target_tokens": ["[IN:PLAY_MUSIC", "[SL:MUSIC_ARTIST_NAME", "@ptr3", "@ptr4", "SL:MUSIC_ARTIST_NAME]", "[SL:MUSIC_PROVIDER_NAME", "@ptr6", "@ptr7", "@ptr8", "SL:MUSIC_PROVIDER_NAME]", "IN:PLAY_MUSIC]"], "predicted_tokens": ["[IN:PLAY_MUSIC", "[SL:MUSIC_TYPE", "@ptr1", "SL:MUSIC_TYPE]", "[SL:MUSIC_ARTIST_NAME", "@ptr3", "@ptr4", "SL:MUSIC_ARTIST_NAME]", "IN:PLAY_MUSIC]"]}
{"loss": 1.2571003437042236, "class_log_probabilities": [-1.2384880781173706, -3.908473253250122, -4.691992282867432, -5.313481330871582], "predictions": [63, 103, 395, 104, 64, 398, 65, 66, 400, 401, 67, 68, 4], "target_tokens": ["[IN:PLAY_MUSIC", "[SL:MUSIC_PROVIDER_NAME", "@ptr0", "SL:MUSIC_PROVIDER_NAME]", "[SL:MUSIC_ARTIST_NAME", "@ptr5", "@ptr6", "SL:MUSIC_ARTIST_NAME]", "IN:PLAY_MUSIC]"], "predicted_tokens": ["[IN:PLAY_MUSIC", "[SL:MUSIC_PROVIDER_NAME", "@ptr0", "SL:MUSIC_PROVIDER_NAME]", "[SL:MUSIC_TYPE", "@ptr3", "SL:MUSIC_TYPE]", "[SL:MUSIC_ARTIST_NAME", "@ptr5", "@ptr6", "SL:MUSIC_ARTIST_NAME]", "IN:PLAY_MUSIC]"]}
{"loss": 2.0005383491516113, "class_log_probabilities": [-4.189352989196777, -4.75020694732666, -5.753056526184082, -6.450942516326904], "predictions": [49, 36, 143, 36, 395, 396, 397, 398, 37, 16, 399, 400, 401, 17, 34, 404, 35, 16, 405, 406, 17, 50, 4, 4, 4, 4], "target_tokens": ["[IN:CREATE_REMINDER", "[SL:TODO", "[IN:GET_TODO", "[SL:TODO", "@ptr2", "@ptr3", "SL:TODO]", "[SL:DATE_TIME", "@ptr5", "@ptr6", "SL:DATE_TIME]", "IN:GET_TODO]", "SL:TODO]", "[SL:PERSON_REMINDED", "@ptr0", "SL:PERSON_REMINDED]", "[SL:DATE_TIME", "@ptr10", "@ptr11", "SL:DATE_TIME]", "IN:CREATE_REMINDER]"], "predicted_tokens": ["[IN:CREATE_REMINDER", "[SL:TODO", "[IN:GET_TODO", "[SL:TODO", "@ptr0", "@ptr1", "@ptr2", "@ptr3", "SL:TODO]", "[SL:DATE_TIME", "@ptr4", "@ptr5", "@ptr6", "SL:DATE_TIME]", "[SL:PERSON_REMINDED", "@ptr9", "SL:PERSON_REMINDED]", "[SL:DATE_TIME", "@ptr10", "@ptr11", "SL:DATE_TIME]", "IN:CREATE_REMINDER]"]}
{"loss": 3.6152448654174805, "class_log_probabilities": [-1.862098217010498, -1.9201805591583252, -2.8366403579711914, -5.027363300323486], "predictions": [75, 6, 398, 7, 78, 4, 4, 4], "target_tokens": ["[IN:SEND_MESSAGE", "[SL:RECIPIENT", "@ptr3", "@ptr4", "@ptr5", "SL:RECIPIENT]", "[SL:CONTENT_EXACT", "@ptr7", "@ptr8", "@ptr9", "SL:CONTENT_EXACT]", "IN:SEND_MESSAGE]"], "predicted_tokens": ["[IN:CREATE_CALL", "[SL:CONTACT", "@ptr3", "SL:CONTACT]", "IN:CREATE_CALL]"]}
{"loss": 1.4362244606018066, "class_log_probabilities": [-9.464570045471191, -11.125903129577637, -19.84687614440918, -28.65005874633789], "predictions": [23, 10, 398, 399, 11, 24, 404, 405, 406, 407, 408, 409, 411, 412, 413, 414, 415, 417, 25, 26, 4, 4, 4, 4, 4, 4, 4, 4, 4, 4, 4, 4, 4, 4, 4, 4, 4, 4, 4, 4, 4, 4], "target_tokens": ["[IN:SEND_MESSAGE", "[SL:RECIPIENT", "@ptr3", "@ptr4", "SL:RECIPIENT]", "[SL:CONTENT_EXACT", "@ptr9", "@ptr10", "@ptr11", "@ptr12", "@ptr13", "@ptr14", "@ptr15", "@ptr16", "@ptr17", "@ptr18", "@ptr19", "@ptr20", "@ptr21", "SL:CONTENT_EXACT]", "IN:SEND_MESSAGE]"], "predicted_tokens": ["[IN:SEND_MESSAGE", "[SL:RECIPIENT", "@ptr3", "@ptr4", "SL:RECIPIENT]", "[SL:CONTENT_EXACT", "@ptr9", "@ptr10", "@ptr11", "@ptr12", "@ptr13", "@ptr14", "@ptr16", "@ptr17", "@ptr18", "@ptr19", "@ptr20", "@ptr22", "SL:CONTENT_EXACT]", "IN:SEND_MESSAGE]"]}
{"loss": 3.082099437713623, "class_log_probabilities": [-3.521420955657959, -4.763363361358643, -5.3097968101501465, -6.022982120513916], "predictions": [23, 10, 398, 399, 11, 24, 401, 402, 403, 404, 405, 25, 26, 4, 4], "target_tokens": ["[IN:SEND_MESSAGE", "[SL:RECIPIENT", "[IN:GET_CONTACT", "[SL:CONTACT_RELATED", "@ptr9", "@ptr10", "SL:CONTACT_RELATED]", "[SL:TYPE_RELATION", "@ptr6", "@ptr7", "@ptr8", "SL:TYPE_RELATION]", "[SL:CONTACT", "@ptr3", "SL:CONTACT]", "IN:GET_CONTACT]", "SL:RECIPIENT]", "IN:SEND_MESSAGE]"], "predicted_tokens": ["[IN:SEND_MESSAGE", "[SL:RECIPIENT", "@ptr3", "@ptr4", "SL:RECIPIENT]", "[SL:CONTENT_EXACT", "@ptr6", "@ptr7", "@ptr8", "@ptr9", "@ptr10", "SL:CONTENT_EXACT]", "IN:SEND_MESSAGE]"]}
{"loss": 0.9799049496650696, "class_log_probabilities": [-0.17970794439315796, -6.546063423156738, -8.633450508117676, -9.043811798095703], "predictions": [5, 12, 4, 4, 4, 4], "target_tokens": ["[IN:GET_MESSAGE", "IN:GET_MESSAGE]"], "predicted_tokens": ["[IN:GET_MESSAGE", "IN:GET_MESSAGE]"]}
{"loss": 2.8617069721221924, "class_log_probabilities": [-0.4912608563899994, -5.506957054138184, -5.71821403503418, -5.9214911460876465], "predictions": [75, 6, 399, 400, 401, 7, 78, 4, 4], "target_tokens": ["[IN:CREATE_CALL", "[SL:CONTACT", "@ptr3", "@ptr4", "@ptr5", "SL:CONTACT]", "IN:CREATE_CALL]"], "predicted_tokens": ["[IN:CREATE_CALL", "[SL:CONTACT", "@ptr4", "@ptr5", "@ptr6", "SL:CONTACT]", "IN:CREATE_CALL]"]}
{"loss": 2.827484607696533, "class_log_probabilities": [-0.44770899415016174, -5.8221211433410645, -6.261604309082031, -6.634275913238525], "predictions": [75, 6, 399, 400, 7, 78, 4], "target_tokens": ["[IN:CREATE_CALL", "[SL:CONTACT", "@ptr3", "@ptr4", "SL:CONTACT]", "IN:CREATE_CALL]"], "predicted_tokens": ["[IN:CREATE_CALL", "[SL:CONTACT", "@ptr4", "@ptr5", "SL:CONTACT]", "IN:CREATE_CALL]"]}
{"loss": 0.972689688205719, "class_log_probabilities": [-0.1757299304008484, -7.830228805541992, -7.852780818939209, -8.368277549743652], "predictions": [107, 110, 4, 4, 4], "target_tokens": ["[IN:UPDATE_CALL", "IN:UPDATE_CALL]"], "predicted_tokens": ["[IN:UPDATE_CALL", "IN:UPDATE_CALL]"]}
{"loss": 0.9589824080467224, "class_log_probabilities": [-0.19392579793930054, -7.677750110626221, -8.507766723632812, -8.608866691589355], "predictions": [171, 172, 4, 4], "target_tokens": ["[IN:GET_AVAILABILITY", "IN:GET_AVAILABILITY]"], "predicted_tokens": ["[IN:GET_AVAILABILITY", "IN:GET_AVAILABILITY]"]}
{"loss": 0.9735317230224609, "class_log_probabilities": [-0.3563820719718933, -5.971819877624512, -6.966887950897217, -6.98036527633667], "predictions": [171, 172, 4, 4, 4, 4, 4, 4, 4], "target_tokens": ["[IN:GET_AVAILABILITY", "IN:GET_AVAILABILITY]"], "predicted_tokens": ["[IN:GET_AVAILABILITY", "IN:GET_AVAILABILITY]"]}
{"loss": 0.9709932804107666, "class_log_probabilities": [-0.17779117822647095, -6.746072769165039, -7.827821731567383, -7.915305137634277], "predictions": [189, 190, 4], "target_tokens": ["[IN:SET_AVAILABLE", "IN:SET_AVAILABLE]"], "predicted_tokens": ["[IN:SET_AVAILABLE", "IN:SET_AVAILABLE]"]}
{"loss": 2.173734426498413, "class_log_probabilities": [-0.7993047833442688, -4.842973232269287, -5.612244129180908, -8.665741920471191], "predictions": [75, 6, 70, 71, 399, 72, 73, 7, 78, 4, 4, 4, 4], "target_tokens": ["[IN:CREATE_CALL", "[SL:CONTACT", "[IN:GET_CONTACT", "[SL:CONTACT_RELATED", "@ptr5", "@ptr6", "SL:CONTACT_RELATED]", "[SL:TYPE_RELATION", "@ptr4", "SL:TYPE_RELATION]", "IN:GET_CONTACT]", "SL:CONTACT]", "IN:CREATE_CALL]"], "predicted_tokens": ["[IN:CREATE_CALL", "[SL:CONTACT", "[IN:GET_CONTACT", "[SL:TYPE_RELATION", "@ptr4", "SL:TYPE_RELATION]", "IN:GET_CONTACT]", "SL:CONTACT]", "IN:CREATE_CALL]"]}
{"loss": 0.972895622253418, "class_log_probabilities": [-0.6358870267868042, -4.215494632720947, -5.876938343048096, -6.319896221160889], "predictions": [75, 6, 70, 71, 400, 72, 73, 7, 78, 4, 4, 4, 4], "target_tokens": ["[IN:CREATE_CALL", "[SL:CONTACT", "[IN:GET_CONTACT", "[SL:TYPE_RELATION", "@ptr5", "SL:TYPE_RELATION]", "IN:GET_CONTACT]", "SL:CONTACT]", "IN:CREATE_CALL]"], "predicted_tokens": ["[IN:CREATE_CALL", "[SL:CONTACT", "[IN:GET_CONTACT", "[SL:TYPE_RELATION", "@ptr5", "SL:TYPE_RELATION]", "IN:GET_CONTACT]", "SL:CONTACT]", "IN:CREATE_CALL]"]}
{"loss": 2.1470799446105957, "class_log_probabilities": [-0.9860996603965759, -2.7990856170654297, -3.096895456314087, -5.646412372589111], "predictions": [107, 108, 70, 71, 396, 72, 73, 109, 110, 4, 4, 4, 4, 4], "target_tokens": ["[IN:UPDATE_CALL", "[SL:CONTACT_ADDED", "[IN:GET_CONTACT", "[SL:CONTACT_RELATED", "@ptr2", "@ptr3", "SL:CONTACT_RELATED]", "[SL:TYPE_RELATION", "@ptr1", "SL:TYPE_RELATION]", "IN:GET_CONTACT]", "SL:CONTACT_ADDED]", "IN:UPDATE_CALL]"], "predicted_tokens": ["[IN:UPDATE_CALL", "[SL:CONTACT_ADDED", "[IN:GET_CONTACT", "[SL:TYPE_RELATION", "@ptr1", "SL:TYPE_RELATION]", "IN:GET_CONTACT]", "SL:CONTACT_ADDED]", "IN:UPDATE_CALL]"]}
{"loss": 1.8160583972930908, "class_log_probabilities": [-1.1862624883651733, -1.9992258548736572, -3.811347484588623, -5.812251091003418], "predictions": [107, 108, 396, 109, 110, 4, 4], "target_tokens": ["[IN:UPDATE_CALL", "[SL:CONTACT_ADDED", "[IN:GET_CONTACT", "[SL:TYPE_RELATION", "@ptr1", "@ptr2", "SL:TYPE_RELATION]", "IN:GET_CONTACT]", "SL:CONTACT_ADDED]", "IN:UPDATE_CALL]"], "predicted_tokens": ["[IN:UPDATE_CALL", "[SL:CONTACT_ADDED", "@ptr1", "SL:CONTACT_ADDED]", "IN:UPDATE_CALL]"]}
{"loss": 1.0641826391220093, "class_log_probabilities": [-2.038717269897461, -2.6391735076904297, -3.5089826583862305, -4.983775615692139], "predictions": [23, 10, 70, 71, 398, 72, 73, 11, 24, 400, 401, 402, 403, 404, 405, 406, 407, 408, 409, 25, 26, 4, 4, 4], "target_tokens": ["[IN:SEND_MESSAGE", "[SL:RECIPIENT", "[IN:GET_CONTACT", "[SL:TYPE_RELATION", "@ptr3", "SL:TYPE_RELATION]", "IN:GET_CONTACT]", "SL:RECIPIENT]", "[SL:CONTENT_EXACT", "@ptr5", "@ptr6", "@ptr7", "@ptr8", "@ptr9", "@ptr10", "@ptr11", "@ptr12", "@ptr13", "SL:CONTENT_EXACT]", "IN:SEND_MESSAGE]"], "predicted_tokens": ["[IN:SEND_MESSAGE", "[SL:RECIPIENT", "[IN:GET_CONTACT", "[SL:TYPE_RELATION", "@ptr3", "SL:TYPE_RELATION]", "IN:GET_CONTACT]", "SL:RECIPIENT]", "[SL:CONTENT_EXACT", "@ptr5", "@ptr6", "@ptr7", "@ptr8", "@ptr9", "@ptr10", "@ptr11", "@ptr12", "@ptr13", "@ptr14", "SL:CONTENT_EXACT]", "IN:SEND_MESSAGE]"]}
{"loss": 1.8272126913070679, "class_log_probabilities": [-2.9724371433258057, -4.758423805236816, -6.228605270385742, -6.906096935272217], "predictions": [23, 10, 398, 11, 24, 403, 404, 25, 26, 4, 4, 4, 4, 4, 4, 4, 4, 4, 4], "target_tokens": ["[IN:SEND_MESSAGE", "[SL:RECIPIENT", "@ptr3", "SL:RECIPIENT]", "[SL:CONTENT_EXACT", "@ptr10", "@ptr11", "@ptr12", "@ptr13", "@ptr14", "@ptr15", "@ptr16", "@ptr17", "@ptr18", "@ptr19", "@ptr20", "@ptr21", "@ptr22", "SL:CONTENT_EXACT]", "IN:SEND_MESSAGE]"], "predicted_tokens": ["[IN:SEND_MESSAGE", "[SL:RECIPIENT", "@ptr3", "SL:RECIPIENT]", "[SL:CONTENT_EXACT", "@ptr8", "@ptr9", "SL:CONTENT_EXACT]", "IN:SEND_MESSAGE]"]}
{"loss": 1.9074265956878662, "class_log_probabilities": [-5.532698154449463, -5.8051981925964355, -5.852105617523193, -6.392599582672119], "predictions": [23, 24, 400, 401, 402, 403, 404, 405, 25, 26, 4, 4, 4, 4, 4], "target_tokens": ["[IN:SEND_MESSAGE", "[SL:CONTENT_EXACT", "@ptr4", "SL:CONTENT_EXACT]", "[SL:RECIPIENT", "@ptr10", "SL:RECIPIENT]", "IN:SEND_MESSAGE]"], "predicted_tokens": ["[IN:SEND_MESSAGE", "[SL:CONTENT_EXACT", "@ptr5", "@ptr6", "@ptr7", "@ptr8", "@ptr9", "@ptr10", "SL:CONTENT_EXACT]", "IN:SEND_MESSAGE]"]}
{"loss": 1.8925671577453613, "class_log_probabilities": [-6.697109699249268, -7.415942192077637, -7.686761379241943, -9.987548828125], "predictions": [63, 86, 397, 398, 399, 400, 401, 402, 403, 404, 87, 103, 406, 104, 68, 4, 4, 4], "target_tokens": ["[IN:CREATE_REMINDER", "[SL:PERSON_REMINDED", "@ptr1", "SL:PERSON_REMINDED]", "[SL:TODO", "@ptr3", "@ptr4", "@ptr5", "@ptr6", "@ptr7", "@ptr8", "@ptr9", "@ptr10", "SL:TODO]", "IN:CREATE_REMINDER]"], "predicted_tokens": ["[IN:PLAY_MUSIC", "[SL:MUSIC_PLAYLIST_TITLE", "@ptr2", "@ptr3", "@ptr4", "@ptr5", "@ptr6", "@ptr7", "@ptr8", "@ptr9", "SL:MUSIC_PLAYLIST_TITLE]", "[SL:MUSIC_PROVIDER_NAME", "@ptr11", "SL:MUSIC_PROVIDER_NAME]", "IN:PLAY_MUSIC]"]}
{"loss": 1.9188604354858398, "class_log_probabilities": [-2.3642773628234863, -2.5402028560638428, -3.4380805492401123, -3.621555805206299], "predictions": [33, 34, 400, 35, 36, 402, 403, 404, 405, 406, 37, 38, 4, 4], "target_tokens": ["[IN:DELETE_REMINDER", "[SL:PERSON_REMINDED", "@ptr3", "@ptr4", "SL:PERSON_REMINDED]", "[SL:TODO", "@ptr7", "@ptr8", "@ptr9", "@ptr10", "@ptr11", "SL:TODO]", "IN:DELETE_REMINDER]"], "predicted_tokens": ["[IN:DELETE_REMINDER", "[SL:PERSON_REMINDED", "@ptr5", "SL:PERSON_REMINDED]", "[SL:TODO", "@ptr7", "@ptr8", "@ptr9", "@ptr10", "@ptr11", "SL:TODO]", "IN:DELETE_REMINDER]"]}
{"loss": 2.4262406826019287, "class_log_probabilities": [-3.653980255126953, -4.720229625701904, -5.252245903015137, -5.537970542907715], "predictions": [49, 36, 75, 6, 400, 7, 6, 401, 7, 78, 37, 16, 404, 405, 406, 407, 17, 50, 4, 4, 4, 4], "target_tokens": ["[IN:CREATE_REMINDER", "[SL:PERSON_REMINDED", "@ptr1", "SL:PERSON_REMINDED]", "[SL:TODO", "[IN:CREATE_CALL", "[SL:CONTACT", "@ptr5", "@ptr6", "@ptr7", "SL:CONTACT]", "IN:CREATE_CALL]", "SL:TODO]", "[SL:DATE_TIME", "@ptr8", "@ptr9", "@ptr10", "SL:DATE_TIME]", "IN:CREATE_REMINDER]"], "predicted_tokens": ["[IN:CREATE_REMINDER", "[SL:TODO", "[IN:CREATE_CALL", "[SL:CONTACT", "@ptr5", "SL:CONTACT]", "[SL:CONTACT", "@ptr6", "SL:CONTACT]", "IN:CREATE_CALL]", "SL:TODO]", "[SL:DATE_TIME", "@ptr9", "@ptr10", "@ptr11", "@ptr12", "SL:DATE_TIME]", "IN:CREATE_REMINDER]"]}
{"loss": 1.923794150352478, "class_log_probabilities": [-3.688281536102295, -3.946226119995117, -5.113447189331055, -5.570754051208496], "predictions": [45, 249, 398, 399, 400, 401, 250, 46, 4, 4], "target_tokens": ["[IN:CREATE_REMINDER", "[SL:PERSON_REMINDED", "@ptr3", "SL:PERSON_REMINDED]", "[SL:TODO", "@ptr4", "@ptr5", "@ptr6", "SL:TODO]", "IN:CREATE_REMINDER]"], "predicted_tokens": ["[IN:CREATE_ALARM", "[SL:ALARM_NAME", "@ptr3", "@ptr4", "@ptr5", "@ptr6", "SL:ALARM_NAME]", "IN:CREATE_ALARM]"]}
{"loss": 4.380195140838623, "class_log_probabilities": [-136.2803955078125, -136.28042602539062, -136.2804412841797, -136.2804718017578], "predictions": [49, 36, 143, 16, 409, 409, 419, 16, 407, 410, 427, 410, 427, 410, 427, 410, 427, 410, 419, 419, 419, 419, 419, 419, 419, 419, 419, 419, 419, 419, 419, 419, 419, 419, 419, 419, 419, 419, 419, 427, 410, 427, 410, 419, 419, 419, 419, 419, 419, 419, 419, 419, 419, 419, 419, 419, 419, 419, 419, 419, 419, 419, 419, 419, 419, 419, 419, 419, 419, 419, 419, 419, 419, 419, 419, 419, 419, 419, 419, 419, 419, 419, 419, 419, 419, 419, 419, 419, 419, 419, 419, 419, 419, 419, 419, 419, 419, 419, 419, 427], "target_tokens": ["[IN:GET_REMINDER", "[SL:METHOD_RETRIEVAL_REMINDER", "@ptr0", "SL:METHOD_RETRIEVAL_REMINDER]", "[SL:AMOUNT", "@ptr5", "SL:AMOUNT]", "[SL:TODO", "@ptr9", "@ptr10", "@ptr11", "@ptr12", "@ptr13", "@ptr14", "@ptr15", "@ptr16", "@ptr17", "@ptr18", "SL:TODO]", "IN:GET_REMINDER]"], "predicted_tokens": ["[IN:CREATE_REMINDER", "[SL:TODO", "[IN:GET_TODO", "[SL:DATE_TIME", "@ptr14", "@ptr14", "@ptr24", "[SL:DATE_TIME", "@ptr12", "@ptr15", "@ptr32", "@ptr15", "@ptr32", "@ptr15", "@ptr32", "@ptr15", "@ptr32", "@ptr15", "@ptr24", "@ptr24", "@ptr24", "@ptr24", "@ptr24", "@ptr24", "@ptr24", "@ptr24", "@ptr24", "@ptr24", "@ptr24", "@ptr24", "@ptr24", "@ptr24", "@ptr24", "@ptr24", "@ptr24", "@ptr24", "@ptr24", "@ptr24", "@ptr24", "@ptr32", "@ptr15", "@ptr32", "@ptr15", "@ptr24", "@ptr24", "@ptr24", "@ptr24", "@ptr24", "@ptr24", "@ptr24", "@ptr24", "@ptr24", "@ptr24", "@ptr24", "@ptr24", "@ptr24", "@ptr24", "@ptr24", "@ptr24", "@ptr24", "@ptr24", "@ptr24", "@ptr24", "@ptr24", "@ptr24", "@ptr24", "@ptr24", "@ptr24", "@ptr24", "@ptr24", "@ptr24", "@ptr24", "@ptr24", "@ptr24", "@ptr24", "@ptr24", "@ptr24", "@ptr24", "@ptr24", "@ptr24", "@ptr24", "@ptr24", "@ptr24", "@ptr24", "@ptr24", "@ptr24", "@ptr24", "@ptr24", "@ptr24", "@ptr24", "@ptr24", "@ptr24", "@ptr24", "@ptr24", "@ptr24", "@ptr24", "@ptr24", "@ptr24", "@ptr24", "@ptr32"]}
{"loss": 1.6348689794540405, "class_log_probabilities": [-9.819154739379883, -12.305513381958008, -32.009803771972656, -32.309383392333984], "predictions": [47, 34, 395, 35, 36, 143, 36, 403, 404, 405, 406, 37, 16, 407, 17, 144, 37, 144, 37, 144, 37, 144, 37, 48, 4, 4, 4, 4, 4, 4, 4, 4, 4, 4, 4, 4, 4, 4, 4, 4, 4, 4, 4, 4, 4, 4, 4, 4, 4, 4, 4, 4, 4, 4, 4, 4, 4, 4, 4, 4, 4, 4, 4, 4, 4, 4, 4, 4, 4, 4, 4, 4, 4, 4, 4, 4, 4, 4, 4, 4, 4, 4, 4, 4, 4, 4, 4, 4, 4, 4, 4, 4, 4, 4, 4, 4, 4, 4, 4, 4], "target_tokens": ["[IN:GET_REMINDER", "[SL:PERSON_REMINDED", "@ptr0", "SL:PERSON_REMINDED]", "[SL:TODO", "[IN:CREATE_CALL", "[SL:CONTACT", "@ptr9", "SL:CONTACT]", "IN:CREATE_CALL]", "SL:TODO]", "[SL:DATE_TIME", "@ptr10", "@ptr11", "SL:DATE_TIME]", "IN:GET_REMINDER]"], "predicted_tokens": ["[IN:GET_REMINDER", "[SL:PERSON_REMINDED", "@ptr0", "SL:PERSON_REMINDED]", "[SL:TODO", "[IN:GET_TODO", "[SL:TODO", "@ptr8", "@ptr9", "@ptr10", "@ptr11", "SL:TODO]", "[SL:DATE_TIME", "@ptr12", "SL:DATE_TIME]", "IN:GET_TODO]", "SL:TODO]", "IN:GET_TODO]", "SL:TODO]", "IN:GET_TODO]", "SL:TODO]", "IN:GET_TODO]", "SL:TODO]", "IN:GET_REMINDER]"]}
{"loss": 2.597496509552002, "class_log_probabilities": [-9.792657852172852, -10.596009254455566, -11.546217918395996, -127.37505340576172], "predictions": [49, 36, 397, 398, 399, 400, 401, 402, 403, 404, 405, 406, 407, 408, 409, 411, 37, 16, 413, 17, 50, 4, 4, 4, 4, 4, 4, 4, 4, 4, 4, 4, 4, 4, 4, 4, 4, 4, 4, 4, 4, 4, 4, 4, 4, 4, 4, 4, 4, 4, 4, 4, 4, 4, 4, 4, 4, 4, 4, 4, 4, 4, 4, 4, 4, 4, 4, 4, 4, 4, 4, 4, 4, 4, 4, 4, 4, 4, 4, 4, 4, 4, 4, 4, 4, 4, 4, 4, 4, 4, 4, 4, 4, 4, 4, 4, 4, 4, 4, 4], "target_tokens": ["[IN:CREATE_REMINDER", "[SL:TODO", "[IN:GET_TODO", "[SL:TODO", "@ptr6", "@ptr7", "@ptr8", "@ptr9", "@ptr10", "@ptr11", "@ptr12", "SL:TODO]", "[SL:DATE_TIME", "@ptr15", "@ptr16", "@ptr17", "SL:DATE_TIME]", "[SL:TODO", "@ptr14", "SL:TODO]", "IN:GET_TODO]", "SL:TODO]", "IN:CREATE_REMINDER]"], "predicted_tokens": ["[IN:CREATE_REMINDER", "[SL:TODO", "@ptr2", "@ptr3", "@ptr4", "@ptr5", "@ptr6", "@ptr7", "@ptr8", "@ptr9", "@ptr10", "@ptr11", "@ptr12", "@ptr13", "@ptr14", "@ptr16", "SL:TODO]", "[SL:DATE_TIME", "@ptr18", "SL:DATE_TIME]", "IN:CREATE_REMINDER]"]}
{"loss": 3.4930272102355957, "class_log_probabilities": [-4.463227272033691, -7.472911834716797, -8.52889633178711, -8.771125793457031], "predictions": [213, 214, 4, 4, 4, 4, 4, 4, 4, 4, 4, 4, 4, 4, 4], "target_tokens": ["[IN:GET_REMINDER_DATE_TIME", "[SL:TODO", "@ptr5", "@ptr6", "@ptr7", "SL:TODO]", "IN:GET_REMINDER_DATE_TIME]"], "predicted_tokens": ["[IN:SILENCE_ALARM", "IN:SILENCE_ALARM]"]}
{"loss": 2.2311277389526367, "class_log_probabilities": [-1.641648292541504, -3.8791112899780273, -4.119563102722168, -4.233857154846191], "predictions": [117, 34, 399, 35, 36, 401, 402, 403, 404, 405, 406, 37, 118, 4, 4], "target_tokens": ["[IN:GET_REMINDER_DATE_TIME", "[SL:PERSON_REMINDED", "@ptr3", "@ptr4", "SL:PERSON_REMINDED]", "[SL:TODO", "@ptr5", "@ptr6", "@ptr7", "@ptr8", "@ptr9", "@ptr10", "SL:TODO]", "IN:GET_REMINDER_DATE_TIME]"], "predicted_tokens": ["[IN:GET_REMINDER_DATE_TIME", "[SL:PERSON_REMINDED", "@ptr4", "SL:PERSON_REMINDED]", "[SL:TODO", "@ptr6", "@ptr7", "@ptr8", "@ptr9", "@ptr10", "@ptr11", "SL:TODO]", "IN:GET_REMINDER_DATE_TIME]"]}
{"loss": 3.170271873474121, "class_log_probabilities": [-2.054274082183838, -3.6174445152282715, -4.1594438552856445, -5.147463798522949], "predictions": [49, 36, 402, 403, 404, 405, 406, 407, 37, 34, 409, 35, 50, 4, 4], "target_tokens": ["[IN:GET_REMINDER", "[SL:METHOD_RETRIEVAL_REMINDER", "@ptr0", "SL:METHOD_RETRIEVAL_REMINDER]", "[SL:PERSON_REMINDED", "@ptr12", "@ptr13", "SL:PERSON_REMINDED]", "[SL:TODO", "@ptr6", "@ptr7", "@ptr8", "@ptr9", "@ptr10", "@ptr11", "SL:TODO]", "IN:GET_REMINDER]"], "predicted_tokens": ["[IN:CREATE_REMINDER", "[SL:TODO", "@ptr7", "@ptr8", "@ptr9", "@ptr10", "@ptr11", "@ptr12", "SL:TODO]", "[SL:PERSON_REMINDED", "@ptr14", "SL:PERSON_REMINDED]", "IN:CREATE_REMINDER]"]}
{"loss": 2.23630690574646, "class_log_probabilities": [-3.189815044403076, -3.335212469100952, -4.89827823638916, -4.954475402832031], "predictions": [111, 34, 401, 35, 36, 403, 404, 405, 406, 37, 16, 409, 17, 112, 4, 4, 4], "target_tokens": ["[IN:UPDATE_REMINDER_DATE_TIME", "[SL:PERSON_REMINDED", "@ptr4", "@ptr5", "SL:PERSON_REMINDED]", "[SL:TODO", "@ptr7", "@ptr8", "@ptr9", "@ptr10", "@ptr11", "SL:TODO]", "[SL:DATE_TIME", "@ptr12", "@ptr13", "@ptr14", "SL:DATE_TIME]", "IN:UPDATE_REMINDER_DATE_TIME]"], "predicted_tokens": ["[IN:UPDATE_REMINDER_DATE_TIME", "[SL:PERSON_REMINDED", "@ptr6", "SL:PERSON_REMINDED]", "[SL:TODO", "@ptr8", "@ptr9", "@ptr10", "@ptr11", "SL:TODO]", "[SL:DATE_TIME", "@ptr14", "SL:DATE_TIME]", "IN:UPDATE_REMINDER_DATE_TIME]"]}
{"loss": 3.6708123683929443, "class_log_probabilities": [-3.9060144424438477, -3.9647271633148193, -4.850708961486816, -4.898081302642822], "predictions": [47, 36, 398, 399, 37, 16, 401, 402, 403, 17, 34, 405, 35, 48, 4, 4, 4], "target_tokens": ["[IN:GET_REMINDER", "[SL:PERSON_REMINDED", "@ptr8", "@ptr9", "SL:PERSON_REMINDED]", "[SL:DATE_TIME", "@ptr5", "@ptr6", "@ptr7", "SL:DATE_TIME]", "IN:GET_REMINDER]"], "predicted_tokens": ["[IN:GET_REMINDER", "[SL:TODO", "@ptr3", "@ptr4", "SL:TODO]", "[SL:DATE_TIME", "@ptr6", "@ptr7", "@ptr8", "SL:DATE_TIME]", "[SL:PERSON_REMINDED", "@ptr10", "SL:PERSON_REMINDED]", "IN:GET_REMINDER]"]}
{"loss": 1.9314895868301392, "class_log_probabilities": [-6.826011657714844, -7.2385149002075195, -8.132338523864746, -8.140727043151855], "predictions": [49, 34, 397, 35, 36, 398, 399, 400, 401, 402, 403, 37, 16, 404, 405, 406, 407, 409, 412, 17, 50, 4, 4], "target_tokens": ["[IN:CREATE_REMINDER", "[SL:PERSON_REMINDED", "@ptr1", "SL:PERSON_REMINDED]", "[SL:TODO", "@ptr3", "@ptr4", "@ptr5", "@ptr6", "@ptr7", "SL:TODO]", "[SL:DATE_TIME", "@ptr8", "@ptr9", "@ptr10", "@ptr11", "@ptr12", "@ptr13", "@ptr14", "@ptr15", "SL:DATE_TIME]", "IN:CREATE_REMINDER]"], "predicted_tokens": ["[IN:CREATE_REMINDER", "[SL:PERSON_REMINDED", "@ptr2", "SL:PERSON_REMINDED]", "[SL:TODO", "@ptr3", "@ptr4", "@ptr5", "@ptr6", "@ptr7", "@ptr8", "SL:TODO]", "[SL:DATE_TIME", "@ptr9", "@ptr10", "@ptr11", "@ptr12", "@ptr14", "@ptr17", "SL:DATE_TIME]", "IN:CREATE_REMINDER]"]}
{"loss": 2.0506904125213623, "class_log_probabilities": [-4.853464126586914, -5.07966423034668, -6.030560493469238, -7.361512184143066], "predictions": [49, 34, 397, 35, 36, 398, 399, 400, 401, 402, 403, 404, 37, 16, 413, 17, 50, 4, 4, 4, 4], "target_tokens": ["[IN:CREATE_REMINDER", "[SL:TODO", "@ptr3", "@ptr4", "@ptr5", "@ptr6", "@ptr7", "@ptr8", "@ptr9", "@ptr10", "@ptr11", "@ptr12", "@ptr13", "@ptr14", "@ptr15", "SL:TODO]", "[SL:DATE_TIME", "@ptr16", "@ptr17", "@ptr18", "SL:DATE_TIME]", "IN:CREATE_REMINDER]"], "predicted_tokens": ["[IN:CREATE_REMINDER", "[SL:PERSON_REMINDED", "@ptr2", "SL:PERSON_REMINDED]", "[SL:TODO", "@ptr3", "@ptr4", "@ptr5", "@ptr6", "@ptr7", "@ptr8", "@ptr9", "SL:TODO]", "[SL:DATE_TIME", "@ptr18", "SL:DATE_TIME]", "IN:CREATE_REMINDER]"]}
{"loss": 3.1248960494995117, "class_log_probabilities": [-2.9250969886779785, -3.3743674755096436, -5.0816240310668945, -5.1977314949035645], "predictions": [47, 36, 143, 16, 401, 402, 403, 17, 34, 406, 35, 48, 4, 4, 4, 4], "target_tokens": ["[IN:GET_REMINDER", "[SL:PERSON_REMINDED", "@ptr10", "@ptr11", "SL:PERSON_REMINDED]", "[SL:DATE_TIME", "@ptr5", "@ptr6", "@ptr7", "SL:DATE_TIME]", "IN:GET_REMINDER]"], "predicted_tokens": ["[IN:GET_REMINDER", "[SL:TODO", "[IN:GET_TODO", "[SL:DATE_TIME", "@ptr6", "@ptr7", "@ptr8", "SL:DATE_TIME]", "[SL:PERSON_REMINDED", "@ptr11", "SL:PERSON_REMINDED]", "IN:GET_REMINDER]"]}
{"loss": 2.031428337097168, "class_log_probabilities": [-6.810621738433838, -7.7339372634887695, -8.774896621704102, -94.34518432617188], "predictions": [49, 36, 143, 36, 400, 401, 402, 403, 404, 37, 16, 407, 408, 410, 17, 50, 4, 4, 4, 4, 4, 4, 4, 4, 4, 4, 4, 4, 4, 4, 4, 4, 4, 4, 4, 4, 4, 4, 4, 4, 4, 4, 4, 4, 4, 4, 4, 4, 4, 4, 4, 4, 4, 4, 4, 4, 4, 4, 4, 4, 4, 4, 4, 4, 4, 4, 4, 4, 4, 4, 4, 4, 4, 4, 4, 4, 4, 4, 4, 4, 4, 4, 4, 4, 4, 4, 4, 4, 4, 4, 4, 4, 4, 4, 4, 4, 4, 4, 4, 4], "target_tokens": ["[IN:CREATE_REMINDER", "[SL:TODO", "@ptr4", "@ptr5", "@ptr6", "@ptr7", "@ptr8", "@ptr9", "SL:TODO]", "[SL:DATE_TIME", "@ptr10", "@ptr11", "@ptr12", "@ptr13", "@ptr14", "SL:DATE_TIME]", "IN:CREATE_REMINDER]"], "predicted_tokens": ["[IN:CREATE_REMINDER", "[SL:TODO", "[IN:GET_TODO", "[SL:TODO", "@ptr5", "@ptr6", "@ptr7", "@ptr8", "@ptr9", "SL:TODO]", "[SL:DATE_TIME", "@ptr12", "@ptr13", "@ptr15", "SL:DATE_TIME]", "IN:CREATE_REMINDER]"]}
{"loss": 2.792099952697754, "class_log_probabilities": [-5.979370594024658, -9.503311157226562, -11.007386207580566, -45.17270278930664], "predictions": [49, 36, 143, 36, 75, 6, 399, 7, 78, 37, 16, 401, 402, 17, 50, 4, 4, 4, 4, 4, 4, 4, 4, 4, 4, 4, 4, 4, 4, 4, 4, 4, 4, 4, 4, 4, 4, 4, 4, 4, 4, 4, 4, 4, 4, 4, 4, 4, 4, 4, 4, 4, 4, 4, 4, 4, 4, 4, 4], "target_tokens": ["[IN:CREATE_REMINDER", "[SL:TODO", "[IN:GET_TODO", "[SL:TODO", "[IN:SEND_MESSAGE", "[SL:METHOD_MESSAGE", "@ptr1", "@ptr2", "@ptr3", "SL:METHOD_MESSAGE]", "[SL:RECIPIENT", "[IN:GET_CONTACT", "[SL:TYPE_RELATION", "@ptr4", "SL:TYPE_RELATION]", "IN:GET_CONTACT]", "SL:RECIPIENT]", "IN:SEND_MESSAGE]", "SL:TODO]", "[SL:DATE_TIME", "@ptr5", "@ptr6", "SL:DATE_TIME]", "[SL:TODO", "@ptr8", "SL:TODO]", "IN:GET_TODO]", "SL:TODO]", "[SL:DATE_TIME", "@ptr14", "@ptr15", "@ptr16", "@ptr17", "SL:DATE_TIME]", "IN:CREATE_REMINDER]"], "predicted_tokens": ["[IN:CREATE_REMINDER", "[SL:TODO", "[IN:GET_TODO", "[SL:TODO", "[IN:CREATE_CALL", "[SL:CONTACT", "@ptr4", "SL:CONTACT]", "IN:CREATE_CALL]", "SL:TODO]", "[SL:DATE_TIME", "@ptr6", "@ptr7", "SL:DATE_TIME]", "IN:CREATE_REMINDER]"]}
{"loss": 2.8722751140594482, "class_log_probabilities": [-5.4336466789245605, -6.054412841796875, -6.716193199157715, -7.465490341186523], "predictions": [33, 36, 143, 16, 402, 403, 404, 405, 17, 34, 406, 35, 38, 4, 4, 4, 4], "target_tokens": ["[IN:DELETE_REMINDER", "[SL:PERSON_REMINDED", "@ptr9", "@ptr10", "SL:PERSON_REMINDED]", "[SL:TODO", "@ptr6", "@ptr7", "@ptr8", "SL:TODO]", "IN:DELETE_REMINDER]"], "predicted_tokens": ["[IN:DELETE_REMINDER", "[SL:TODO", "[IN:GET_TODO", "[SL:DATE_TIME", "@ptr7", "@ptr8", "@ptr9", "@ptr10", "SL:DATE_TIME]", "[SL:PERSON_REMINDED", "@ptr11", "SL:PERSON_REMINDED]", "IN:DELETE_REMINDER]"]}
{"loss": 1.0155328512191772, "class_log_probabilities": [-1.6393593549728394, -3.110877513885498, -4.2643232345581055, -4.628774642944336], "predictions": [63, 64, 396, 65, 151, 397, 152, 68, 4, 4], "target_tokens": ["[IN:PLAY_MUSIC", "[SL:MUSIC_TYPE", "@ptr1", "SL:MUSIC_TYPE]", "[SL:MUSIC_GENRE", "@ptr2", "SL:MUSIC_GENRE]", "IN:PLAY_MUSIC]"], "predicted_tokens": ["[IN:PLAY_MUSIC", "[SL:MUSIC_TYPE", "@ptr1", "SL:MUSIC_TYPE]", "[SL:MUSIC_GENRE", "@ptr2", "SL:MUSIC_GENRE]", "IN:PLAY_MUSIC]"]}
{"loss": 1.2464896440505981, "class_log_probabilities": [-0.9209322929382324, -4.156512260437012, -4.85748815536499, -5.834826469421387], "predictions": [61, 16, 401, 402, 403, 404, 405, 406, 407, 17, 62, 4], "target_tokens": ["[IN:GET_EVENT", "[SL:DATE_TIME", "@ptr6", "@ptr7", "@ptr8", "@ptr9", "@ptr10", "@ptr11", "SL:DATE_TIME]", "IN:GET_EVENT]"], "predicted_tokens": ["[IN:GET_EVENT", "[SL:DATE_TIME", "@ptr6", "@ptr7", "@ptr8", "@ptr9", "@ptr10", "@ptr11", "@ptr12", "SL:DATE_TIME]", "IN:GET_EVENT]"]}
{"loss": 1.665921926498413, "class_log_probabilities": [-2.348156213760376, -3.001211643218994, -3.876300573348999, -4.624068260192871], "predictions": [61, 14, 400, 401, 402, 403, 404, 405, 406, 15, 16, 408, 17, 62, 4, 4], "target_tokens": ["[IN:GET_EVENT", "[SL:LOCATION", "@ptr5", "@ptr6", "@ptr7", "@ptr8", "@ptr9", "@ptr10", "SL:LOCATION]", "[SL:DATE_TIME", "@ptr12", "@ptr13", "@ptr14", "SL:DATE_TIME]", "IN:GET_EVENT]"], "predicted_tokens": ["[IN:GET_EVENT", "[SL:LOCATION", "@ptr5", "@ptr6", "@ptr7", "@ptr8", "@ptr9", "@ptr10", "@ptr11", "SL:LOCATION]", "[SL:DATE_TIME", "@ptr13", "SL:DATE_TIME]", "IN:GET_EVENT]"]}
{"loss": 3.54811429977417, "class_log_probabilities": [-1.145427942276001, -2.5391459465026855, -2.8245902061462402, -6.095196723937988], "predictions": [61, 16, 400, 401, 402, 17, 62, 4, 4], "target_tokens": ["[IN:GET_EVENT", "[SL:DATE_TIME", "@ptr3", "@ptr4", "@ptr5", "SL:DATE_TIME]", "IN:GET_EVENT]"], "predicted_tokens": ["[IN:GET_EVENT", "[SL:DATE_TIME", "@ptr5", "@ptr6", "@ptr7", "SL:DATE_TIME]", "IN:GET_EVENT]"]}
{"loss": 1.4886775016784668, "class_log_probabilities": [-2.134172201156616, -3.1532034873962402, -3.215634346008301, -3.69370436668396], "predictions": [61, 16, 400, 401, 402, 404, 17, 62, 4, 4], "target_tokens": ["[IN:GET_EVENT", "[SL:DATE_TIME", "@ptr5", "@ptr6", "@ptr7", "SL:DATE_TIME]", "IN:GET_EVENT]"], "predicted_tokens": ["[IN:GET_EVENT", "[SL:DATE_TIME", "@ptr5", "@ptr6", "@ptr7", "@ptr9", "SL:DATE_TIME]", "IN:GET_EVENT]"]}
{"loss": 2.7094616889953613, "class_log_probabilities": [-3.3957269191741943, -3.625849485397339, -3.8501172065734863, -5.876587867736816], "predictions": [61, 83, 396, 84, 16, 398, 399, 17, 14, 401, 402, 403, 15, 62, 4, 4], "target_tokens": ["[IN:GET_EVENT", "[SL:CATEGORY_EVENT", "@ptr0", "@ptr1", "SL:CATEGORY_EVENT]", "[SL:DATE_TIME", "@ptr2", "@ptr3", "SL:DATE_TIME]", "[SL:LOCATION", "@ptr5", "@ptr6", "@ptr7", "SL:LOCATION]", "IN:GET_EVENT]"], "predicted_tokens": ["[IN:GET_EVENT", "[SL:CATEGORY_EVENT", "@ptr1", "SL:CATEGORY_EVENT]", "[SL:DATE_TIME", "@ptr3", "@ptr4", "SL:DATE_TIME]", "[SL:LOCATION", "@ptr6", "@ptr7", "@ptr8", "SL:LOCATION]", "IN:GET_EVENT]"]}
{"loss": 2.9088432788848877, "class_log_probabilities": [-1.7459157705307007, -2.348500967025757, -3.966928482055664, -4.335546970367432], "predictions": [61, 14, 400, 15, 16, 404, 405, 17, 62, 4, 4, 4], "target_tokens": ["[IN:GET_EVENT", "[SL:LOCATION", "@ptr5", "@ptr6", "SL:LOCATION]", "[SL:DATE_TIME", "@ptr7", "@ptr8", "SL:DATE_TIME]", "IN:GET_EVENT]"], "predicted_tokens": ["[IN:GET_EVENT", "[SL:LOCATION", "@ptr5", "SL:LOCATION]", "[SL:DATE_TIME", "@ptr9", "@ptr10", "SL:DATE_TIME]", "IN:GET_EVENT]"]}
{"loss": 3.381211757659912, "class_log_probabilities": [-4.283632278442383, -4.457977294921875, -4.503104209899902, -4.522349834442139], "predictions": [61, 83, 395, 84, 14, 403, 404, 15, 16, 405, 406, 407, 408, 17, 62, 4], "target_tokens": ["[IN:GET_EVENT", "[SL:CATEGORY_EVENT", "@ptr0", "SL:CATEGORY_EVENT]", "[SL:CATEGORY_EVENT", "@ptr5", "SL:CATEGORY_EVENT]", "[SL:LOCATION", "@ptr7", "SL:LOCATION]", "[SL:DATE_TIME", "@ptr9", "@ptr10", "@ptr11", "SL:DATE_TIME]", "IN:GET_EVENT]"], "predicted_tokens": ["[IN:GET_EVENT", "[SL:CATEGORY_EVENT", "@ptr0", "SL:CATEGORY_EVENT]", "[SL:LOCATION", "@ptr8", "@ptr9", "SL:LOCATION]", "[SL:DATE_TIME", "@ptr10", "@ptr11", "@ptr12", "@ptr13", "SL:DATE_TIME]", "IN:GET_EVENT]"]}
{"loss": 0.9583920240402222, "class_log_probabilities": [-0.6597416400909424, -5.070374965667725, -6.203460693359375, -6.210052490234375], "predictions": [105, 6, 395, 396, 397, 7, 106, 4], "target_tokens": ["[IN:GET_INFO_CONTACT", "[SL:CONTACT", "@ptr0", "@ptr1", "@ptr2", "SL:CONTACT]", "IN:GET_INFO_CONTACT]"], "predicted_tokens": ["[IN:GET_INFO_CONTACT", "[SL:CONTACT", "@ptr0", "@ptr1", "@ptr2", "SL:CONTACT]", "IN:GET_INFO_CONTACT]"]}
{"loss": 2.039813995361328, "class_log_probabilities": [-0.7025374174118042, -3.451307773590088, -3.9775853157043457, -4.6294660568237305], "predictions": [193, 6, 395, 396, 7, 138, 401, 139, 196, 4], "target_tokens": ["[IN:GET_EMPLOYER", "[SL:CONTACT", "@ptr0", "@ptr1", "SL:CONTACT]", "[SL:EMPLOYER", "@ptr5", "SL:EMPLOYER]", "IN:GET_EMPLOYER]"], "predicted_tokens": ["[IN:GET_EMPLOYMENT_TIME", "[SL:CONTACT", "@ptr0", "@ptr1", "SL:CONTACT]", "[SL:EMPLOYER", "@ptr6", "SL:EMPLOYER]", "IN:GET_EMPLOYMENT_TIME]"]}
{"loss": 2.6811606884002686, "class_log_probabilities": [-1.492968201637268, -3.323745012283325, -4.323057174682617, -4.485512733459473], "predictions": [253, 6, 395, 7, 257, 398, 258, 254, 4], "target_tokens": ["[IN:GET_EMPLOYER", "[SL:CONTACT", "@ptr0", "SL:CONTACT]", "IN:GET_EMPLOYER]"], "predicted_tokens": ["[IN:GET_UNDERGRAD", "[SL:CONTACT", "@ptr0", "SL:CONTACT]", "[SL:SCHOOL", "@ptr3", "SL:SCHOOL]", "IN:GET_UNDERGRAD]"]}
{"loss": 2.322976589202881, "class_log_probabilities": [-0.3763800263404846, -6.517518520355225, -6.940029144287109, -7.111049652099609], "predictions": [211, 6, 395, 396, 7, 212, 4], "target_tokens": ["[IN:GET_EMPLOYER", "[SL:CONTACT", "@ptr0", "@ptr1", "SL:CONTACT]", "IN:GET_EMPLOYER]"], "predicted_tokens": ["[IN:GET_LOCATION", "[SL:CONTACT", "@ptr0", "@ptr1", "SL:CONTACT]", "IN:GET_LOCATION]"]}
{"loss": 3.087294578552246, "class_log_probabilities": [-0.577331006526947, -4.273138999938965, -4.751688003540039, -5.792549133300781], "predictions": [125, 71, 395, 72, 93, 397, 94, 126, 4, 4], "target_tokens": ["[IN:GET_AGE", "[SL:CONTACT_RELATED", "@ptr1", "@ptr2", "SL:CONTACT_RELATED]", "[SL:TYPE_RELATION", "@ptr0", "SL:TYPE_RELATION]", "IN:GET_AGE]"], "predicted_tokens": ["[IN:GET_AGE", "[SL:TYPE_RELATION", "@ptr0", "SL:TYPE_RELATION]", "[SL:CONTACT_RELATED", "@ptr2", "SL:CONTACT_RELATED]", "IN:GET_AGE]"]}
{"loss": 3.0349206924438477, "class_log_probabilities": [-2.340343475341797, -2.972872018814087, -3.303086042404175, -3.411508798599243], "predictions": [70, 138, 403, 404, 405, 139, 73, 4, 4], "target_tokens": ["[IN:GET_CONTACT", "[SL:EMPLOYER", "@ptr6", "@ptr7", "@ptr8", "@ptr9", "SL:EMPLOYER]", "IN:GET_CONTACT]"], "predicted_tokens": ["[IN:GET_CONTACT", "[SL:EMPLOYER", "@ptr8", "@ptr9", "@ptr10", "SL:EMPLOYER]", "IN:GET_CONTACT]"]}
{"loss": 1.3352022171020508, "class_log_probabilities": [-3.286024570465088, -3.6122024059295654, -5.075716972351074, -5.171175479888916], "predictions": [70, 138, 396, 139, 73, 4, 4, 4, 4], "target_tokens": ["[IN:GET_CONTACT", "[SL:EMPLOYER", "@ptr1", "SL:EMPLOYER]", "IN:GET_CONTACT]"], "predicted_tokens": ["[IN:GET_CONTACT", "[SL:EMPLOYER", "@ptr1", "SL:EMPLOYER]", "IN:GET_CONTACT]"]}
{"loss": 3.5445432662963867, "class_log_probabilities": [-1.9753217697143555, -3.3164584636688232, -3.4341113567352295, -3.993507146835327], "predictions": [70, 71, 397, 72, 93, 399, 94, 73, 4, 4, 4, 4], "target_tokens": ["[IN:GET_CONTACT", "[SL:CONTACT_RELATED", "@ptr4", "@ptr5", "SL:CONTACT_RELATED]", "[SL:TYPE_RELATION", "@ptr1", "@ptr2", "SL:TYPE_RELATION]", "IN:GET_CONTACT]"], "predicted_tokens": ["[IN:GET_CONTACT", "[SL:TYPE_RELATION", "@ptr2", "SL:TYPE_RELATION]", "[SL:CONTACT_RELATED", "@ptr4", "SL:CONTACT_RELATED]", "IN:GET_CONTACT]"]}
{"loss": 2.7089362144470215, "class_log_probabilities": [-1.7633161544799805, -2.1546528339385986, -4.57716703414917, -6.5696563720703125], "predictions": [51, 145, 399, 146, 129, 406, 130, 54, 4, 4, 4, 4], "target_tokens": ["[IN:GET_RECIPES", "[SL:RECIPES_RATING", "@ptr6", "@ptr7", "SL:RECIPES_RATING]", "[SL:RECIPES_TYPE", "@ptr4", "SL:RECIPES_TYPE]", "[SL:RECIPES_INCLUDED_INGREDIENT", "@ptr10", "SL:RECIPES_INCLUDED_INGREDIENT]", "IN:GET_RECIPES]"], "predicted_tokens": ["[IN:GET_RECIPES", "[SL:RECIPES_TYPE", "@ptr4", "SL:RECIPES_TYPE]", "[SL:RECIPES_INCLUDED_INGREDIENT", "@ptr11", "SL:RECIPES_INCLUDED_INGREDIENT]", "IN:GET_RECIPES]"]}
{"loss": 2.683746337890625, "class_log_probabilities": [-1.2607029676437378, -1.8720192909240723, -6.07185173034668, -6.270333290100098], "predictions": [27, 129, 398, 130, 28, 402, 29, 30, 4, 4], "target_tokens": ["[IN:GET_INFO_RECIPES", "[SL:RECIPES_ATTRIBUTE", "@ptr6", "SL:RECIPES_ATTRIBUTE]", "[SL:RECIPES_INCLUDED_INGREDIENT", "@ptr3", "SL:RECIPES_INCLUDED_INGREDIENT]", "IN:GET_INFO_RECIPES]"], "predicted_tokens": ["[IN:GET_INFO_RECIPES", "[SL:RECIPES_INCLUDED_INGREDIENT", "@ptr3", "SL:RECIPES_INCLUDED_INGREDIENT]", "[SL:RECIPES_ATTRIBUTE", "@ptr7", "SL:RECIPES_ATTRIBUTE]", "IN:GET_INFO_RECIPES]"]}
{"loss": 2.959625720977783, "class_log_probabilities": [-1.1534403562545776, -3.9291679859161377, -5.020588397979736, -8.469137191772461], "predictions": [49, 16, 399, 400, 401, 17, 50, 4, 4, 4, 4], "target_tokens": ["[IN:CREATE_ALARM", "[SL:DATE_TIME", "@ptr4", "@ptr5", "SL:DATE_TIME]", "IN:CREATE_ALARM]"], "predicted_tokens": ["[IN:CREATE_REMINDER", "[SL:DATE_TIME", "@ptr4", "@ptr5", "@ptr6", "SL:DATE_TIME]", "IN:CREATE_REMINDER]"]}
{"loss": 0.9701116681098938, "class_log_probabilities": [-0.2027803659439087, -6.246147155761719, -6.846375942230225, -7.6557207107543945], "predictions": [115, 116, 4, 4, 4], "target_tokens": ["[IN:GET_TIMER", "IN:GET_TIMER]"], "predicted_tokens": ["[IN:GET_TIMER", "IN:GET_TIMER]"]}
{"loss": 3.663111686706543, "class_log_probabilities": [-1.703198790550232, -2.31123685836792, -4.627748966217041, -5.468240737915039], "predictions": [39, 16, 395, 396, 17, 40, 398, 41, 42, 4, 4, 4, 4, 4], "target_tokens": ["[IN:GET_STORIES_NEWS", "[SL:NEWS_REFERENCE", "@ptr4", "SL:NEWS_REFERENCE]", "[SL:NEWS_TYPE", "@ptr3", "SL:NEWS_TYPE]", "[SL:NEWS_TOPIC", "@ptr7", "SL:NEWS_TOPIC]", "[SL:DATE_TIME", "@ptr0", "@ptr1", "SL:DATE_TIME]", "IN:GET_STORIES_NEWS]"], "predicted_tokens": ["[IN:GET_STORIES_NEWS", "[SL:DATE_TIME", "@ptr0", "@ptr1", "SL:DATE_TIME]", "[SL:NEWS_TYPE", "@ptr3", "SL:NEWS_TYPE]", "IN:GET_STORIES_NEWS]"]}
{"loss": 2.183616876602173, "class_log_probabilities": [-9.0731201171875, -9.19647216796875, -11.085864067077637, -11.255796432495117], "predictions": [55, 40, 396, 397, 398, 399, 400, 401, 402, 403, 404, 405, 406, 407, 408, 411, 57, 58, 4, 4], "target_tokens": ["[IN:GET_STORIES_NEWS", "[SL:NEWS_TOPIC", "@ptr2", "@ptr3", "@ptr4", "@ptr5", "@ptr6", "@ptr7", "@ptr8", "@ptr9", "@ptr10", "@ptr11", "@ptr12", "@ptr13", "@ptr14", "@ptr15", "SL:NEWS_TOPIC]", "[SL:NEWS_TYPE", "@ptr0", "@ptr1", "SL:NEWS_TYPE]", "IN:GET_STORIES_NEWS]"], "predicted_tokens": ["[IN:QUESTION_NEWS", "[SL:NEWS_TYPE", "@ptr1", "@ptr2", "@ptr3", "@ptr4", "@ptr5", "@ptr6", "@ptr7", "@ptr8", "@ptr9", "@ptr10", "@ptr11", "@ptr12", "@ptr13", "@ptr16", "SL:NEWS_TOPIC]", "IN:QUESTION_NEWS]"]}
{"loss": 1.852466344833374, "class_log_probabilities": [-1.5598783493041992, -1.5756038427352905, -4.568994998931885, -5.10115909576416], "predictions": [45, 16, 398, 399, 17, 46, 4, 4], "target_tokens": ["[IN:CREATE_ALARM", "[SL:DATE_TIME", "@ptr2", "@ptr3", "SL:DATE_TIME]", "IN:CREATE_ALARM]"], "predicted_tokens": ["[IN:CREATE_ALARM", "[SL:DATE_TIME", "@ptr3", "@ptr4", "SL:DATE_TIME]", "IN:CREATE_ALARM]"]}
{"loss": 5.337682247161865, "class_log_probabilities": [-2.6710503101348877, -2.7564659118652344, -5.607099533081055, -5.704844951629639], "predictions": [27, 129, 395, 396, 130, 52, 397, 398, 53, 175, 401, 176, 30, 4], "target_tokens": ["[IN:GET_INFO_RECIPES", "[SL:RECIPES_ATTRIBUTE", "@ptr6", "@ptr7", "SL:RECIPES_ATTRIBUTE]", "[SL:RECIPES_UNIT_NUTRITION", "@ptr5", "SL:RECIPES_UNIT_NUTRITION]", "[SL:RECIPES_UNIT_MEASUREMENT", "@ptr3", "SL:RECIPES_UNIT_MEASUREMENT]", "[SL:RECIPES_DISH", "@ptr0", "@ptr1", "SL:RECIPES_DISH]", "IN:GET_INFO_RECIPES]"], "predicted_tokens": ["[IN:GET_INFO_RECIPES", "[SL:RECIPES_INCLUDED_INGREDIENT", "@ptr0", "@ptr1", "SL:RECIPES_INCLUDED_INGREDIENT]", "[SL:RECIPES_DISH", "@ptr2", "@ptr3", "SL:RECIPES_DISH]", "[SL:RECIPES_UNIT_NUTRITION", "@ptr6", "SL:RECIPES_UNIT_NUTRITION]", "IN:GET_INFO_RECIPES]"]}
{"loss": 2.78728985786438, "class_log_probabilities": [-0.5736300945281982, -5.6509270668029785, -6.209925651550293, -6.5621514320373535], "predictions": [89, 16, 401, 402, 403, 17, 92, 4], "target_tokens": ["[IN:CREATE_TIMER", "[SL:METHOD_TIMER", "@ptr1", "@ptr2", "SL:METHOD_TIMER]", "[SL:DATE_TIME", "@ptr5", "@ptr6", "@ptr7", "SL:DATE_TIME]", "IN:CREATE_TIMER]"], "predicted_tokens": ["[IN:CREATE_TIMER", "[SL:DATE_TIME", "@ptr6", "@ptr7", "@ptr8", "SL:DATE_TIME]", "IN:CREATE_TIMER]"]}
{"loss": 2.9420833587646484, "class_log_probabilities": [-5.066146373748779, -5.559584617614746, -5.658955097198486, -6.024116039276123], "predictions": [13, 16, 396, 397, 17, 14, 398, 15, 135, 402, 136, 79, 403, 136, 18, 4, 4], "target_tokens": ["[IN:GET_WEATHER", "[SL:WEATHER_ATTRIBUTE", "@ptr4", "SL:WEATHER_ATTRIBUTE]", "[SL:LOCATION", "@ptr3", "SL:LOCATION]", "[SL:DATE_TIME", "@ptr0", "@ptr1", "@ptr2", "SL:DATE_TIME]", "[SL:WEATHER_TEMPERATURE_UNIT", "@ptr7", "SL:WEATHER_TEMPERATURE_UNIT]", "IN:GET_WEATHER]"], "predicted_tokens": ["[IN:GET_WEATHER", "[SL:DATE_TIME", "@ptr1", "@ptr2", "SL:DATE_TIME]", "[SL:LOCATION", "@ptr3", "SL:LOCATION]", "[SL:WEATHER_TEMPERATURE_UNIT", "@ptr7", "SL:WEATHER_TEMPERATURE_UNIT]", "[SL:WEATHER_ATTRIBUTE", "@ptr8", "SL:WEATHER_TEMPERATURE_UNIT]", "IN:GET_WEATHER]"]}
{"loss": 3.1094071865081787, "class_log_probabilities": [-1.4265977144241333, -2.3958771228790283, -3.1716604232788086, -3.7538864612579346], "predictions": [27, 30, 4, 4, 4, 4, 4], "target_tokens": ["[IN:GET_INFO_RECIPES", "[SL:RECIPES_DISH", "@ptr6", "@ptr7", "SL:RECIPES_DISH]", "[SL:RECIPES_ATTRIBUTE", "@ptr8", "SL:RECIPES_ATTRIBUTE]", "IN:GET_INFO_RECIPES]"], "predicted_tokens": ["[IN:GET_INFO_RECIPES", "IN:GET_INFO_RECIPES]"]}
{"loss": 4.472135543823242, "class_log_probabilities": [-0.9959964156150818, -1.7336516380310059, -3.742556571960449, -4.4554362297058105], "predictions": [27, 52, 395, 396, 397, 53, 175, 401, 176, 30, 4, 4], "target_tokens": ["[IN:GET_INFO_RECIPES", "[SL:RECIPES_ATTRIBUTE", "@ptr6", "@ptr7", "SL:RECIPES_ATTRIBUTE]", "[SL:RECIPES_UNIT_NUTRITION", "@ptr5", "SL:RECIPES_UNIT_NUTRITION]", "[SL:RECIPES_DISH", "@ptr0", "@ptr1", "SL:RECIPES_DISH]", "IN:GET_INFO_RECIPES]"], "predicted_tokens": ["[IN:GET_INFO_RECIPES", "[SL:RECIPES_DISH", "@ptr0", "@ptr1", "@ptr2", "SL:RECIPES_DISH]", "[SL:RECIPES_UNIT_NUTRITION", "@ptr6", "SL:RECIPES_UNIT_NUTRITION]", "IN:GET_INFO_RECIPES]"]}
{"loss": 4.1923699378967285, "class_log_probabilities": [-2.431373357772827, -2.85225772857666, -2.96234130859375, -3.258497714996338], "predictions": [27, 129, 398, 130, 30, 4, 4, 4, 4, 4], "target_tokens": ["[IN:GET_INFO_RECIPES", "[SL:RECIPES_ATTRIBUTE", "@ptr4", "@ptr5", "@ptr6", "SL:RECIPES_ATTRIBUTE]", "[SL:RECIPES_COOKING_METHOD", "@ptr2", "SL:RECIPES_COOKING_METHOD]", "[SL:RECIPES_DISH", "@ptr3", "SL:RECIPES_DISH]", "IN:GET_INFO_RECIPES]"], "predicted_tokens": ["[IN:GET_INFO_RECIPES", "[SL:RECIPES_INCLUDED_INGREDIENT", "@ptr3", "SL:RECIPES_INCLUDED_INGREDIENT]", "IN:GET_INFO_RECIPES]"]}
{"loss": 2.8315627574920654, "class_log_probabilities": [-1.0880519151687622, -2.5553507804870605, -4.659304618835449, -4.952517986297607], "predictions": [27, 52, 395, 396, 53, 175, 400, 176, 30, 4, 4, 4, 4, 4], "target_tokens": ["[IN:GET_INFO_RECIPES", "[SL:RECIPES_UNIT_NUTRITION", "@ptr4", "SL:RECIPES_UNIT_NUTRITION]", "[SL:RECIPES_DISH", "@ptr0", "@ptr1", "SL:RECIPES_DISH]", "IN:GET_INFO_RECIPES]"], "predicted_tokens": ["[IN:GET_INFO_RECIPES", "[SL:RECIPES_DISH", "@ptr0", "@ptr1", "SL:RECIPES_DISH]", "[SL:RECIPES_UNIT_NUTRITION", "@ptr5", "SL:RECIPES_UNIT_NUTRITION]", "IN:GET_INFO_RECIPES]"]}
{"loss": 1.653110384941101, "class_log_probabilities": [-0.5388653874397278, -4.821979522705078, -5.307071208953857, -5.320542335510254], "predictions": [27, 52, 397, 53, 30, 4], "target_tokens": ["[IN:GET_INFO_RECIPES", "[SL:RECIPES_INCLUDED_INGREDIENT", "@ptr2", "SL:RECIPES_INCLUDED_INGREDIENT]", "IN:GET_INFO_RECIPES]"], "predicted_tokens": ["[IN:GET_INFO_RECIPES", "[SL:RECIPES_DISH", "@ptr2", "SL:RECIPES_DISH]", "IN:GET_INFO_RECIPES]"]}
{"loss": 1.4999345541000366, "class_log_probabilities": [-2.561522960662842, -2.7406222820281982, -3.236457586288452, -5.576459884643555], "predictions": [63, 64, 395, 65, 101, 401, 402, 403, 102, 68, 4, 4], "target_tokens": ["[IN:QUESTION_MUSIC", "[SL:MUSIC_TYPE", "@ptr0", "SL:MUSIC_TYPE]", "IN:QUESTION_MUSIC]"], "predicted_tokens": ["[IN:PLAY_MUSIC", "[SL:MUSIC_TYPE", "@ptr0", "SL:MUSIC_TYPE]", "[SL:MUSIC_TRACK_TITLE", "@ptr6", "@ptr7", "@ptr8", "SL:MUSIC_TRACK_TITLE]", "IN:PLAY_MUSIC]"]}
{"loss": 2.1503701210021973, "class_log_probabilities": [-6.277458667755127, -6.324584007263184, -7.397869110107422, -10.261781692504883], "predictions": [23, 24, 398, 399, 400, 401, 402, 403, 404, 405, 406, 407, 408, 25, 26, 4, 4, 4, 4, 4], "target_tokens": ["[IN:GET_WEATHER", "[SL:LOCATION", "@ptr7", "@ptr8", "@ptr9", "@ptr10", "@ptr11", "SL:LOCATION]", "IN:GET_WEATHER]"], "predicted_tokens": ["[IN:SEND_MESSAGE", "[SL:CONTENT_EXACT", "@ptr3", "@ptr4", "@ptr5", "@ptr6", "@ptr7", "@ptr8", "@ptr9", "@ptr10", "@ptr11", "@ptr12", "@ptr13", "SL:CONTENT_EXACT]", "IN:SEND_MESSAGE]"]}
{"loss": 3.3289432525634766, "class_log_probabilities": [-0.8936924338340759, -2.4758055210113525, -5.517452239990234, -6.2195844650268555], "predictions": [225, 90, 398, 91, 226, 4, 4, 4, 4, 4], "target_tokens": ["[IN:DELETE_TIMER", "[SL:AMOUNT", "@ptr4", "SL:AMOUNT]", "IN:DELETE_TIMER]"], "predicted_tokens": ["[IN:DELETE_TIMER", "[SL:METHOD_TIMER", "@ptr3", "SL:METHOD_TIMER]", "IN:DELETE_TIMER]"]}
{"loss": 2.7088305950164795, "class_log_probabilities": [-4.320705890655518, -4.709624290466309, -4.762328147888184, -4.851565361022949], "predictions": [63, 66, 398, 399, 400, 401, 67, 103, 403, 104, 68, 4], "target_tokens": ["[IN:PLAY_MUSIC", "[SL:MUSIC_GENRE", "@ptr5", "@ptr6", "SL:MUSIC_GENRE]", "[SL:MUSIC_TYPE", "@ptr2", "SL:MUSIC_TYPE]", "[SL:MUSIC_PROVIDER_NAME", "@ptr8", "SL:MUSIC_PROVIDER_NAME]", "IN:PLAY_MUSIC]"], "predicted_tokens": ["[IN:PLAY_MUSIC", "[SL:MUSIC_ARTIST_NAME", "@ptr3", "@ptr4", "@ptr5", "@ptr6", "SL:MUSIC_ARTIST_NAME]", "[SL:MUSIC_PROVIDER_NAME", "@ptr8", "SL:MUSIC_PROVIDER_NAME]", "IN:PLAY_MUSIC]"]}
{"loss": 3.093247413635254, "class_log_probabilities": [-0.7707890868186951, -3.219569206237793, -4.408061981201172, -4.857057571411133], "predictions": [45, 16, 399, 400, 401, 17, 46, 4, 4, 4, 4], "target_tokens": ["[IN:CREATE_ALARM", "[SL:DATE_TIME", "@ptr3", "@ptr4", "@ptr5", "SL:DATE_TIME]", "IN:CREATE_ALARM]"], "predicted_tokens": ["[IN:CREATE_ALARM", "[SL:DATE_TIME", "@ptr4", "@ptr5", "@ptr6", "SL:DATE_TIME]", "IN:CREATE_ALARM]"]}
{"loss": 3.0493037700653076, "class_log_probabilities": [-1.1450035572052002, -1.775444507598877, -5.835996150970459, -6.217499732971191], "predictions": [13, 16, 395, 396, 17, 79, 399, 80, 18, 4], "target_tokens": ["[IN:GET_WEATHER", "[SL:WEATHER_ATTRIBUTE", "@ptr3", "SL:WEATHER_ATTRIBUTE]", "[SL:DATE_TIME", "@ptr0", "@ptr1", "SL:DATE_TIME]", "IN:GET_WEATHER]"], "predicted_tokens": ["[IN:GET_WEATHER", "[SL:DATE_TIME", "@ptr0", "@ptr1", "SL:DATE_TIME]", "[SL:WEATHER_ATTRIBUTE", "@ptr4", "SL:WEATHER_ATTRIBUTE]", "IN:GET_WEATHER]"]}
{"loss": 4.406360149383545, "class_log_probabilities": [-2.8955886363983154, -3.154615640640259, -3.509737253189087, -3.9183270931243896], "predictions": [13, 16, 396, 397, 17, 79, 399, 400, 80, 18, 4, 4], "target_tokens": ["[IN:GET_WEATHER", "[SL:WEATHER_ATTRIBUTE", "@ptr3", "@ptr4", "SL:WEATHER_ATTRIBUTE]", "[SL:DATE_TIME", "@ptr0", "@ptr1", "SL:DATE_TIME]", "IN:GET_WEATHER]"], "predicted_tokens": ["[IN:GET_WEATHER", "[SL:DATE_TIME", "@ptr1", "@ptr2", "SL:DATE_TIME]", "[SL:WEATHER_ATTRIBUTE", "@ptr4", "@ptr5", "SL:WEATHER_ATTRIBUTE]", "IN:GET_WEATHER]"]}
{"loss": 0.959541380405426, "class_log_probabilities": [-0.37804633378982544, -7.983290195465088, -8.09591293334961, -8.406713485717773], "predictions": [13, 79, 396, 80, 18, 4], "target_tokens": ["[IN:GET_WEATHER", "[SL:WEATHER_ATTRIBUTE", "@ptr1", "SL:WEATHER_ATTRIBUTE]", "IN:GET_WEATHER]"], "predicted_tokens": ["[IN:GET_WEATHER", "[SL:WEATHER_ATTRIBUTE", "@ptr1", "SL:WEATHER_ATTRIBUTE]", "IN:GET_WEATHER]"]}
{"loss": 2.200896978378296, "class_log_probabilities": [-0.7058966755867004, -5.016726493835449, -6.4897379875183105, -9.35092544555664], "predictions": [39, 40, 395, 41, 56, 396, 397, 57, 42, 4, 4, 4, 4], "target_tokens": ["[IN:GET_STORIES_NEWS", "[SL:NEWS_CATEGORY", "@ptr1", "@ptr2", "SL:NEWS_CATEGORY]", "[SL:NEWS_TYPE", "@ptr0", "SL:NEWS_TYPE]", "IN:GET_STORIES_NEWS]"], "predicted_tokens": ["[IN:GET_STORIES_NEWS", "[SL:NEWS_TYPE", "@ptr0", "SL:NEWS_TYPE]", "[SL:NEWS_TOPIC", "@ptr1", "@ptr2", "SL:NEWS_TOPIC]", "IN:GET_STORIES_NEWS]"]}
{"loss": 2.4986681938171387, "class_log_probabilities": [-0.5874735116958618, -4.416093349456787, -7.385704040527344, -7.389302730560303], "predictions": [13, 14, 396, 15, 79, 398, 80, 18, 4, 4, 4, 4], "target_tokens": ["[IN:GET_WEATHER", "[SL:WEATHER_ATTRIBUTE", "@ptr3", "SL:WEATHER_ATTRIBUTE]", "[SL:LOCATION", "@ptr1", "SL:LOCATION]", "IN:GET_WEATHER]"], "predicted_tokens": ["[IN:GET_WEATHER", "[SL:LOCATION", "@ptr1", "SL:LOCATION]", "[SL:WEATHER_ATTRIBUTE", "@ptr3", "SL:WEATHER_ATTRIBUTE]", "IN:GET_WEATHER]"]}
{"loss": 4.032833576202393, "class_log_probabilities": [-1.2434194087982178, -1.4829410314559937, -5.468852519989014, -6.862442970275879], "predictions": [13, 16, 395, 396, 17, 79, 397, 80, 18, 4, 4, 4, 4], "target_tokens": ["[IN:GET_WEATHER", "[SL:WEATHER_ATTRIBUTE", "@ptr2", "@ptr4", "SL:WEATHER_ATTRIBUTE]", "[SL:DATE_TIME", "@ptr0", "@ptr1", "SL:DATE_TIME]", "IN:GET_WEATHER]"], "predicted_tokens": ["[IN:GET_WEATHER", "[SL:DATE_TIME", "@ptr0", "@ptr1", "SL:DATE_TIME]", "[SL:WEATHER_ATTRIBUTE", "@ptr2", "SL:WEATHER_ATTRIBUTE]", "IN:GET_WEATHER]"]}
{"loss": 4.065967082977295, "class_log_probabilities": [-0.8815097212791443, -2.1699697971343994, -6.194421291351318, -6.593249320983887], "predictions": [33, 16, 399, 17, 38, 4], "target_tokens": ["[IN:DELETE_ALARM", "[SL:ORDINAL", "@ptr3", "SL:ORDINAL]", "IN:DELETE_ALARM]"], "predicted_tokens": ["[IN:DELETE_REMINDER", "[SL:DATE_TIME", "@ptr4", "SL:DATE_TIME]", "IN:DELETE_REMINDER]"]}
{"loss": 0.9610198140144348, "class_log_probabilities": [-0.3795512914657593, -6.317585468292236, -7.256484031677246, -7.714234352111816], "predictions": [13, 79, 398, 80, 18, 4, 4], "target_tokens": ["[IN:GET_WEATHER", "[SL:WEATHER_ATTRIBUTE", "@ptr3", "SL:WEATHER_ATTRIBUTE]", "IN:GET_WEATHER]"], "predicted_tokens": ["[IN:GET_WEATHER", "[SL:WEATHER_ATTRIBUTE", "@ptr3", "SL:WEATHER_ATTRIBUTE]", "IN:GET_WEATHER]"]}
{"loss": 3.4266488552093506, "class_log_probabilities": [-0.8293063044548035, -2.829824924468994, -3.133683204650879, -3.9606893062591553], "predictions": [115, 90, 404, 91, 116, 4], "target_tokens": ["[IN:GET_TIMER", "[SL:METHOD_TIMER", "@ptr6", "@ptr7", "@ptr8", "SL:METHOD_TIMER]", "IN:GET_TIMER]"], "predicted_tokens": ["[IN:GET_TIMER", "[SL:METHOD_TIMER", "@ptr9", "SL:METHOD_TIMER]", "IN:GET_TIMER]"]}
{"loss": 2.6878135204315186, "class_log_probabilities": [-0.7065410017967224, -6.053576469421387, -6.562179088592529, -6.6493706703186035], "predictions": [13, 14, 398, 15, 79, 400, 80, 18, 4], "target_tokens": ["[IN:GET_WEATHER", "[SL:WEATHER_ATTRIBUTE", "@ptr4", "SL:WEATHER_ATTRIBUTE]", "[SL:LOCATION", "@ptr3", "SL:LOCATION]", "IN:GET_WEATHER]"], "predicted_tokens": ["[IN:GET_WEATHER", "[SL:LOCATION", "@ptr3", "SL:LOCATION]", "[SL:WEATHER_ATTRIBUTE", "@ptr5", "SL:WEATHER_ATTRIBUTE]", "IN:GET_WEATHER]"]}
{"loss": 0.9612176418304443, "class_log_probabilities": [-0.3717723488807678, -6.836946964263916, -7.260435581207275, -7.688050746917725], "predictions": [13, 79, 398, 80, 18, 4, 4], "target_tokens": ["[IN:GET_WEATHER", "[SL:WEATHER_ATTRIBUTE", "@ptr3", "SL:WEATHER_ATTRIBUTE]", "IN:GET_WEATHER]"], "predicted_tokens": ["[IN:GET_WEATHER", "[SL:WEATHER_ATTRIBUTE", "@ptr3", "SL:WEATHER_ATTRIBUTE]", "IN:GET_WEATHER]"]}
{"loss": 4.740626335144043, "class_log_probabilities": [-0.9588290452957153, -3.334033489227295, -3.487623453140259, -6.908278465270996], "predictions": [13, 16, 395, 396, 397, 17, 79, 400, 80, 18, 4, 4], "target_tokens": ["[IN:GET_WEATHER", "[SL:WEATHER_ATTRIBUTE", "@ptr3", "@ptr5", "SL:WEATHER_ATTRIBUTE]", "[SL:DATE_TIME", "@ptr0", "@ptr1", "SL:DATE_TIME]", "IN:GET_WEATHER]"], "predicted_tokens": ["[IN:GET_WEATHER", "[SL:DATE_TIME", "@ptr0", "@ptr1", "@ptr2", "SL:DATE_TIME]", "[SL:WEATHER_ATTRIBUTE", "@ptr5", "SL:WEATHER_ATTRIBUTE]", "IN:GET_WEATHER]"]}
{"loss": 3.398838758468628, "class_log_probabilities": [-1.2032196521759033, -3.0233187675476074, -3.4349277019500732, -4.924556732177734], "predictions": [13, 14, 399, 15, 16, 401, 402, 403, 17, 18, 4, 4], "target_tokens": ["[IN:GET_WEATHER", "[SL:LOCATION", "@ptr3", "SL:LOCATION]", "[SL:DATE_TIME", "@ptr4", "@ptr5", "@ptr6", "@ptr7", "SL:DATE_TIME]", "IN:GET_WEATHER]"], "predicted_tokens": ["[IN:GET_WEATHER", "[SL:LOCATION", "@ptr4", "SL:LOCATION]", "[SL:DATE_TIME", "@ptr6", "@ptr7", "@ptr8", "SL:DATE_TIME]", "IN:GET_WEATHER]"]}
{"loss": 4.5149245262146, "class_log_probabilities": [-0.7831427454948425, -3.5481693744659424, -7.050743103027344, -7.129067420959473], "predictions": [13, 16, 395, 396, 17, 14, 397, 15, 79, 401, 80, 18, 4, 4], "target_tokens": ["[IN:GET_WEATHER", "[SL:WEATHER_ATTRIBUTE", "@ptr6", "SL:WEATHER_ATTRIBUTE]", "[SL:LOCATION", "@ptr2", "@ptr3", "SL:LOCATION]", "[SL:DATE_TIME", "@ptr0", "@ptr1", "@ptr3", "SL:DATE_TIME]", "IN:GET_WEATHER]"], "predicted_tokens": ["[IN:GET_WEATHER", "[SL:DATE_TIME", "@ptr0", "@ptr1", "SL:DATE_TIME]", "[SL:LOCATION", "@ptr2", "SL:LOCATION]", "[SL:WEATHER_ATTRIBUTE", "@ptr6", "SL:WEATHER_ATTRIBUTE]", "IN:GET_WEATHER]"]}
{"loss": 3.830627202987671, "class_log_probabilities": [-1.066766381263733, -2.639343023300171, -4.144523620605469, -5.087682247161865], "predictions": [89, 90, 399, 91, 16, 401, 402, 403, 17, 92, 4, 4], "target_tokens": ["[IN:CREATE_TIMER", "[SL:METHOD_TIMER", "@ptr1", "@ptr2", "@ptr3", "SL:METHOD_TIMER]", "[SL:DATE_TIME", "@ptr4", "@ptr5", "@ptr6", "@ptr7", "SL:DATE_TIME]", "IN:CREATE_TIMER]"], "predicted_tokens": ["[IN:CREATE_TIMER", "[SL:METHOD_TIMER", "@ptr4", "SL:METHOD_TIMER]", "[SL:DATE_TIME", "@ptr6", "@ptr7", "@ptr8", "SL:DATE_TIME]", "IN:CREATE_TIMER]"]}
{"loss": 2.416487216949463, "class_log_probabilities": [-0.5848127007484436, -6.813994407653809, -6.881979465484619, -7.312356948852539], "predictions": [63, 64, 396, 65, 66, 399, 400, 67, 68, 4, 4], "target_tokens": ["[IN:PLAY_MUSIC", "[SL:MUSIC_ARTIST_NAME", "@ptr4", "@ptr5", "SL:MUSIC_ARTIST_NAME]", "[SL:MUSIC_TYPE", "@ptr1", "SL:MUSIC_TYPE]", "IN:PLAY_MUSIC]"], "predicted_tokens": ["[IN:PLAY_MUSIC", "[SL:MUSIC_TYPE", "@ptr1", "SL:MUSIC_TYPE]", "[SL:MUSIC_ARTIST_NAME", "@ptr4", "@ptr5", "SL:MUSIC_ARTIST_NAME]", "IN:PLAY_MUSIC]"]}
{"loss": 1.1991456747055054, "class_log_probabilities": [-0.9126487374305725, -4.040660858154297, -4.888683319091797, -6.4064555168151855], "predictions": [55, 56, 397, 398, 399, 400, 401, 402, 403, 404, 405, 406, 57, 58, 4, 4], "target_tokens": ["[IN:QUESTION_NEWS", "[SL:NEWS_TOPIC", "@ptr2", "@ptr3", "@ptr4", "@ptr5", "@ptr6", "@ptr7", "@ptr8", "@ptr9", "@ptr10", "SL:NEWS_TOPIC]", "IN:QUESTION_NEWS]"], "predicted_tokens": ["[IN:QUESTION_NEWS", "[SL:NEWS_TOPIC", "@ptr2", "@ptr3", "@ptr4", "@ptr5", "@ptr6", "@ptr7", "@ptr8", "@ptr9", "@ptr10", "@ptr11", "SL:NEWS_TOPIC]", "IN:QUESTION_NEWS]"]}
{"loss": 3.9999964237213135, "class_log_probabilities": [-0.6447765827178955, -6.575438976287842, -7.270977973937988, -7.646036624908447], "predictions": [13, 16, 395, 396, 17, 79, 397, 80, 18, 4, 4], "target_tokens": ["[IN:GET_WEATHER", "[SL:WEATHER_ATTRIBUTE", "@ptr2", "@ptr5", "SL:WEATHER_ATTRIBUTE]", "[SL:DATE_TIME", "@ptr0", "@ptr1", "SL:DATE_TIME]", "IN:GET_WEATHER]"], "predicted_tokens": ["[IN:GET_WEATHER", "[SL:DATE_TIME", "@ptr0", "@ptr1", "SL:DATE_TIME]", "[SL:WEATHER_ATTRIBUTE", "@ptr2", "SL:WEATHER_ATTRIBUTE]", "IN:GET_WEATHER]"]}
{"loss": 0.9615010619163513, "class_log_probabilities": [-0.4907935857772827, -6.005679130554199, -7.279385566711426, -7.558934211730957], "predictions": [13, 79, 396, 397, 398, 80, 18, 4, 4], "target_tokens": ["[IN:GET_WEATHER", "[SL:WEATHER_ATTRIBUTE", "@ptr1", "@ptr2", "@ptr3", "SL:WEATHER_ATTRIBUTE]", "IN:GET_WEATHER]"], "predicted_tokens": ["[IN:GET_WEATHER", "[SL:WEATHER_ATTRIBUTE", "@ptr1", "@ptr2", "@ptr3", "SL:WEATHER_ATTRIBUTE]", "IN:GET_WEATHER]"]}
{"loss": 3.2456352710723877, "class_log_probabilities": [-0.6351647973060608, -5.4409356117248535, -5.6904754638671875, -7.4942498207092285], "predictions": [13, 16, 395, 396, 17, 79, 401, 402, 80, 18, 4], "target_tokens": ["[IN:GET_WEATHER", "[SL:WEATHER_ATTRIBUTE", "@ptr6", "SL:WEATHER_ATTRIBUTE]", "[SL:DATE_TIME", "@ptr0", "@ptr1", "SL:DATE_TIME]", "IN:GET_WEATHER]"], "predicted_tokens": ["[IN:GET_WEATHER", "[SL:DATE_TIME", "@ptr0", "@ptr1", "SL:DATE_TIME]", "[SL:WEATHER_ATTRIBUTE", "@ptr6", "@ptr7", "SL:WEATHER_ATTRIBUTE]", "IN:GET_WEATHER]"]}
{"loss": 4.183706283569336, "class_log_probabilities": [-0.5965372323989868, -3.845750570297241, -4.201624870300293, -4.593928813934326], "predictions": [225, 90, 396, 91, 226, 4], "target_tokens": ["[IN:DELETE_TIMER", "[SL:AMOUNT", "@ptr9", "SL:AMOUNT]", "[SL:METHOD_TIMER", "@ptr3", "@ptr4", "@ptr5", "SL:METHOD_TIMER]", "IN:DELETE_TIMER]"], "predicted_tokens": ["[IN:DELETE_TIMER", "[SL:METHOD_TIMER", "@ptr1", "SL:METHOD_TIMER]", "IN:DELETE_TIMER]"]}
{"loss": 1.7768248319625854, "class_log_probabilities": [-0.9266192317008972, -2.704299211502075, -6.661555290222168, -6.945806980133057], "predictions": [13, 79, 398, 399, 400, 80, 18, 4], "target_tokens": ["[IN:GET_WEATHER", "[SL:WEATHER_ATTRIBUTE", "@ptr3", "@ptr4", "SL:WEATHER_ATTRIBUTE]", "IN:GET_WEATHER]"], "predicted_tokens": ["[IN:GET_WEATHER", "[SL:WEATHER_ATTRIBUTE", "@ptr3", "@ptr4", "@ptr5", "SL:WEATHER_ATTRIBUTE]", "IN:GET_WEATHER]"]}
{"loss": 0.9995986819267273, "class_log_probabilities": [-0.5473674535751343, -2.446420431137085, -5.883270263671875, -6.797775745391846], "predictions": [217, 64, 395, 65, 218, 4, 4, 4, 4], "target_tokens": ["[IN:GET_TRACK_INFO_MUSIC", "[SL:MUSIC_TYPE", "@ptr0", "SL:MUSIC_TYPE]", "IN:GET_TRACK_INFO_MUSIC]"], "predicted_tokens": ["[IN:GET_TRACK_INFO_MUSIC", "[SL:MUSIC_TYPE", "@ptr0", "SL:MUSIC_TYPE]", "IN:GET_TRACK_INFO_MUSIC]"]}
{"loss": 1.4679832458496094, "class_log_probabilities": [-0.7331161499023438, -2.1631267070770264, -3.6374006271362305, -4.848284721374512], "predictions": [213, 214, 4], "target_tokens": ["[IN:DELETE_ALARM", "IN:DELETE_ALARM]"], "predicted_tokens": ["[IN:SILENCE_ALARM", "IN:SILENCE_ALARM]"]}
{"loss": 3.264704465866089, "class_log_probabilities": [-0.719285786151886, -2.862576484680176, -4.917099952697754, -5.093750953674316], "predictions": [241, 64, 398, 65, 242, 4], "target_tokens": ["[IN:SKIP_TRACK_MUSIC", "[SL:ORDINAL", "@ptr4", "@ptr5", "SL:ORDINAL]", "[SL:MUSIC_TYPE", "@ptr3", "SL:MUSIC_TYPE]", "IN:SKIP_TRACK_MUSIC]"], "predicted_tokens": ["[IN:SKIP_TRACK_MUSIC", "[SL:MUSIC_TYPE", "@ptr3", "SL:MUSIC_TYPE]", "IN:SKIP_TRACK_MUSIC]"]}
{"loss": 1.7570836544036865, "class_log_probabilities": [-1.3058156967163086, -2.8769030570983887, -4.48724889755249, -4.69122314453125], "predictions": [63, 151, 397, 152, 68, 4, 4, 4, 4], "target_tokens": ["[IN:PLAY_MUSIC", "[SL:MUSIC_GENRE", "@ptr2", "SL:MUSIC_GENRE]", "[SL:MUSIC_TYPE", "@ptr1", "SL:MUSIC_TYPE]", "IN:PLAY_MUSIC]"], "predicted_tokens": ["[IN:PLAY_MUSIC", "[SL:MUSIC_GENRE", "@ptr2", "SL:MUSIC_GENRE]", "IN:PLAY_MUSIC]"]}
{"loss": 1.6348023414611816, "class_log_probabilities": [-1.1354036331176758, -2.4863829612731934, -5.809615135192871, -7.224207878112793], "predictions": [45, 16, 398, 399, 400, 401, 402, 403, 17, 46, 4, 4, 4, 4], "target_tokens": ["[IN:CREATE_ALARM", "[SL:DATE_TIME", "@ptr2", "@ptr3", "@ptr4", "@ptr5", "@ptr6", "@ptr7", "SL:DATE_TIME]", "IN:CREATE_ALARM]"], "predicted_tokens": ["[IN:CREATE_ALARM", "[SL:DATE_TIME", "@ptr3", "@ptr4", "@ptr5", "@ptr6", "@ptr7", "@ptr8", "SL:DATE_TIME]", "IN:CREATE_ALARM]"]}
{"loss": 0.9688234329223633, "class_log_probabilities": [-0.40848758816719055, -6.5055718421936035, -6.971924781799316, -7.199965953826904], "predictions": [63, 64, 396, 65, 68, 4], "target_tokens": ["[IN:PLAY_MUSIC", "[SL:MUSIC_TYPE", "@ptr1", "SL:MUSIC_TYPE]", "IN:PLAY_MUSIC]"], "predicted_tokens": ["[IN:PLAY_MUSIC", "[SL:MUSIC_TYPE", "@ptr1", "SL:MUSIC_TYPE]", "IN:PLAY_MUSIC]"]}
{"loss": 4.124358177185059, "class_log_probabilities": [-0.8065561056137085, -3.0102767944335938, -6.234055995941162, -6.682092189788818], "predictions": [183, 90, 398, 91, 16, 401, 402, 17, 184, 4, 4], "target_tokens": ["[IN:CREATE_TIMER", "[SL:METHOD_TIMER", "@ptr1", "@ptr2", "@ptr3", "SL:METHOD_TIMER]", "[SL:DATE_TIME", "@ptr4", "@ptr5", "@ptr6", "SL:DATE_TIME]", "IN:CREATE_TIMER]"], "predicted_tokens": ["[IN:ADD_TIME_TIMER", "[SL:METHOD_TIMER", "@ptr3", "SL:METHOD_TIMER]", "[SL:DATE_TIME", "@ptr6", "@ptr7", "SL:DATE_TIME]", "IN:ADD_TIME_TIMER]"]}
{"loss": 1.4915796518325806, "class_log_probabilities": [-0.7120196223258972, -2.764085054397583, -3.877060651779175, -4.604391574859619], "predictions": [347, 64, 400, 65, 348, 4], "target_tokens": ["[IN:DISLIKE_MUSIC", "[SL:MUSIC_TYPE", "@ptr4", "SL:MUSIC_TYPE]", "IN:DISLIKE_MUSIC]"], "predicted_tokens": ["[IN:DISLIKE_MUSIC", "[SL:MUSIC_TYPE", "@ptr5", "SL:MUSIC_TYPE]", "IN:DISLIKE_MUSIC]"]}
{"loss": 2.857058525085449, "class_log_probabilities": [-0.4914078414440155, -4.6670098304748535, -6.381103992462158, -7.24565315246582], "predictions": [13, 16, 401, 402, 403, 17, 18, 4, 4], "target_tokens": ["[IN:GET_WEATHER", "[SL:DATE_TIME", "@ptr5", "@ptr6", "@ptr7", "SL:DATE_TIME]", "IN:GET_WEATHER]"], "predicted_tokens": ["[IN:GET_WEATHER", "[SL:DATE_TIME", "@ptr6", "@ptr7", "@ptr8", "SL:DATE_TIME]", "IN:GET_WEATHER]"]}
{"loss": 4.398623943328857, "class_log_probabilities": [-1.7832521200180054, -4.124885082244873, -4.126819133758545, -4.141946792602539], "predictions": [183, 184, 4, 4, 4, 4, 4, 4, 4, 4, 4], "target_tokens": ["[IN:ADD_TIME_TIMER", "[SL:DATE_TIME", "@ptr7", "@ptr8", "SL:DATE_TIME]", "[SL:METHOD_TIMER", "@ptr4", "@ptr5", "@ptr6", "SL:METHOD_TIMER]", "IN:ADD_TIME_TIMER]"], "predicted_tokens": ["[IN:ADD_TIME_TIMER", "IN:ADD_TIME_TIMER]"]}
{"loss": 2.922452449798584, "class_log_probabilities": [-1.82005774974823, -2.6256814002990723, -3.3392727375030518, -3.5062029361724854], "predictions": [39, 16, 395, 396, 17, 133, 397, 398, 399, 134, 40, 401, 402, 41, 42, 4, 4], "target_tokens": ["[IN:GET_STORIES_NEWS", "[SL:DATE_TIME", "@ptr0", "@ptr1", "SL:DATE_TIME]", "[SL:NEWS_TYPE", "@ptr4", "@ptr5", "@ptr6", "SL:NEWS_TYPE]", "[SL:NEWS_SOURCE", "@ptr2", "@ptr3", "SL:NEWS_SOURCE]", "IN:GET_STORIES_NEWS]"], "predicted_tokens": ["[IN:GET_STORIES_NEWS", "[SL:DATE_TIME", "@ptr0", "@ptr1", "SL:DATE_TIME]", "[SL:NEWS_SOURCE", "@ptr2", "@ptr3", "@ptr4", "SL:NEWS_SOURCE]", "[SL:NEWS_TYPE", "@ptr6", "@ptr7", "SL:NEWS_TYPE]", "IN:GET_STORIES_NEWS]"]}
{"loss": 0.97343510389328, "class_log_probabilities": [-0.30928856134414673, -7.793173789978027, -7.809565544128418, -8.068880081176758], "predictions": [63, 64, 398, 65, 68, 4], "target_tokens": ["[IN:PLAY_MUSIC", "[SL:MUSIC_TYPE", "@ptr3", "SL:MUSIC_TYPE]", "IN:PLAY_MUSIC]"], "predicted_tokens": ["[IN:PLAY_MUSIC", "[SL:MUSIC_TYPE", "@ptr3", "SL:MUSIC_TYPE]", "IN:PLAY_MUSIC]"]}
{"loss": 2.440716028213501, "class_log_probabilities": [-2.3163156509399414, -2.8823463916778564, -3.205967903137207, -3.643627166748047], "predictions": [13, 14, 397, 398, 15, 16, 403, 17, 18, 4, 4], "target_tokens": ["[IN:GET_WEATHER", "[SL:LOCATION", "@ptr2", "SL:LOCATION]", "[SL:DATE_TIME", "@ptr7", "@ptr8", "@ptr9", "@ptr10", "SL:DATE_TIME]", "IN:GET_WEATHER]"], "predicted_tokens": ["[IN:GET_WEATHER", "[SL:LOCATION", "@ptr2", "@ptr3", "SL:LOCATION]", "[SL:DATE_TIME", "@ptr8", "SL:DATE_TIME]", "IN:GET_WEATHER]"]}
{"loss": 3.1007208824157715, "class_log_probabilities": [-0.46326079964637756, -3.5756280422210693, -5.059101104736328, -6.150845527648926], "predictions": [89, 90, 399, 91, 92, 4, 4], "target_tokens": ["[IN:CREATE_TIMER", "[SL:METHOD_TIMER", "@ptr2", "@ptr3", "@ptr4", "SL:METHOD_TIMER]", "IN:CREATE_TIMER]"], "predicted_tokens": ["[IN:CREATE_TIMER", "[SL:METHOD_TIMER", "@ptr4", "SL:METHOD_TIMER]", "IN:CREATE_TIMER]"]}
{"loss": 1.8925191164016724, "class_log_probabilities": [-3.4412624835968018, -3.9588253498077393, -4.2700910568237305, -4.4577250480651855], "predictions": [63, 64, 400, 401, 402, 403, 404, 102, 68, 4, 4, 4, 4], "target_tokens": ["[IN:PLAY_MUSIC", "[SL:MUSIC_TRACK_TITLE", "@ptr5", "SL:MUSIC_TRACK_TITLE]", "[SL:MUSIC_ARTIST_NAME", "@ptr7", "@ptr8", "@ptr9", "SL:MUSIC_ARTIST_NAME]", "IN:PLAY_MUSIC]"], "predicted_tokens": ["[IN:PLAY_MUSIC", "[SL:MUSIC_TYPE", "@ptr5", "@ptr6", "@ptr7", "@ptr8", "@ptr9", "SL:MUSIC_TRACK_TITLE]", "IN:PLAY_MUSIC]"]}
{"loss": 3.757781505584717, "class_log_probabilities": [-0.9524708390235901, -5.2355265617370605, -5.9611687660217285, -6.647306442260742], "predictions": [63, 64, 396, 65, 66, 399, 400, 401, 402, 67, 68, 4], "target_tokens": ["[IN:PLAY_MUSIC", "[SL:MUSIC_GENRE", "@ptr6", "SL:MUSIC_GENRE]", "[SL:MUSIC_TYPE", "@ptr3", "SL:MUSIC_TYPE]", "IN:PLAY_MUSIC]"], "predicted_tokens": ["[IN:PLAY_MUSIC", "[SL:MUSIC_TYPE", "@ptr1", "SL:MUSIC_TYPE]", "[SL:MUSIC_ARTIST_NAME", "@ptr4", "@ptr5", "@ptr6", "@ptr7", "SL:MUSIC_ARTIST_NAME]", "IN:PLAY_MUSIC]"]}
{"loss": 2.841318130493164, "class_log_probabilities": [-1.048164963722229, -2.0395727157592773, -3.0783908367156982, -3.4480197429656982], "predictions": [255, 256, 4, 4, 4, 4], "target_tokens": ["[IN:PAUSE_TIMER", "[SL:METHOD_TIMER", "@ptr1", "@ptr2", "@ptr3", "SL:METHOD_TIMER]", "IN:PAUSE_TIMER]"], "predicted_tokens": ["[IN:PAUSE_TIMER", "IN:PAUSE_TIMER]"]}
{"loss": 1.752218246459961, "class_log_probabilities": [-0.7750067114830017, -3.3166773319244385, -5.444691181182861, -5.968963623046875], "predictions": [51, 52, 398, 399, 400, 53, 54, 4], "target_tokens": ["[IN:GET_RECIPES", "[SL:RECIPES_DISH", "@ptr3", "@ptr4", "SL:RECIPES_DISH]", "IN:GET_RECIPES]"], "predicted_tokens": ["[IN:GET_RECIPES", "[SL:RECIPES_DISH", "@ptr3", "@ptr4", "@ptr5", "SL:RECIPES_DISH]", "IN:GET_RECIPES]"]}
{"loss": 2.023080587387085, "class_log_probabilities": [-1.4648586511611938, -4.9461236000061035, -5.589500904083252, -6.938511848449707], "predictions": [27, 30, 4, 4, 4, 4, 4, 4, 4, 4], "target_tokens": ["[IN:GET_INFO_RECIPES", "[SL:RECIPES_DISH", "@ptr3", "@ptr4", "@ptr5", "SL:RECIPES_DISH]", "IN:GET_INFO_RECIPES]"], "predicted_tokens": ["[IN:GET_INFO_RECIPES", "IN:GET_INFO_RECIPES]"]}
{"loss": 0.9910092353820801, "class_log_probabilities": [-0.6047532558441162, -2.3427257537841797, -4.5606608390808105, -6.9106879234313965], "predictions": [27, 129, 402, 130, 30, 4, 4, 4, 4], "target_tokens": ["[IN:GET_INFO_RECIPES", "[SL:RECIPES_INCLUDED_INGREDIENT", "@ptr7", "SL:RECIPES_INCLUDED_INGREDIENT]", "IN:GET_INFO_RECIPES]"], "predicted_tokens": ["[IN:GET_INFO_RECIPES", "[SL:RECIPES_INCLUDED_INGREDIENT", "@ptr7", "SL:RECIPES_INCLUDED_INGREDIENT]", "IN:GET_INFO_RECIPES]"]}
{"loss": 3.3917112350463867, "class_log_probabilities": [-1.119462490081787, -1.8150880336761475, -5.565494537353516, -5.762485504150391], "predictions": [27, 52, 399, 53, 28, 401, 29, 30, 4, 4], "target_tokens": ["[IN:GET_INFO_RECIPES", "[SL:RECIPES_ATTRIBUTE", "@ptr5", "SL:RECIPES_ATTRIBUTE]", "[SL:RECIPES_DISH", "@ptr3", "SL:RECIPES_DISH]", "IN:GET_INFO_RECIPES]"], "predicted_tokens": ["[IN:GET_INFO_RECIPES", "[SL:RECIPES_DISH", "@ptr4", "SL:RECIPES_DISH]", "[SL:RECIPES_ATTRIBUTE", "@ptr6", "SL:RECIPES_ATTRIBUTE]", "IN:GET_INFO_RECIPES]"]}
{"loss": 1.5954469442367554, "class_log_probabilities": [-1.6712980270385742, -2.5258102416992188, -5.042466163635254, -5.274873733520508], "predictions": [51, 52, 405, 53, 54, 4], "target_tokens": ["[IN:GET_RECIPES", "[SL:RECIPES_DISH", "@ptr9", "SL:RECIPES_DISH]", "IN:GET_RECIPES]"], "predicted_tokens": ["[IN:GET_RECIPES", "[SL:RECIPES_DISH", "@ptr10", "SL:RECIPES_DISH]", "IN:GET_RECIPES]"]}
{"loss": 3.1705589294433594, "class_log_probabilities": [-0.9223217964172363, -4.130128860473633, -4.993299961090088, -5.0676798820495605], "predictions": [51, 129, 402, 403, 404, 130, 54, 4, 4, 4, 4], "target_tokens": ["[IN:GET_RECIPES", "[SL:RECIPES_INCLUDED_INGREDIENT", "@ptr7", "@ptr8", "SL:RECIPES_INCLUDED_INGREDIENT]", "[SL:RECIPES_MEAL", "@ptr3", "@ptr4", "SL:RECIPES_MEAL]", "IN:GET_RECIPES]"], "predicted_tokens": ["[IN:GET_RECIPES", "[SL:RECIPES_INCLUDED_INGREDIENT", "@ptr7", "@ptr8", "@ptr9", "SL:RECIPES_INCLUDED_INGREDIENT]", "IN:GET_RECIPES]"]}
{"loss": 2.9680120944976807, "class_log_probabilities": [-0.7557191252708435, -3.9605579376220703, -5.843340873718262, -6.114949703216553], "predictions": [27, 129, 395, 396, 397, 130, 28, 400, 29, 30, 4, 4], "target_tokens": ["[IN:GET_INFO_RECIPES", "[SL:RECIPES_ATTRIBUTE", "@ptr4", "SL:RECIPES_ATTRIBUTE]", "[SL:RECIPES_INCLUDED_INGREDIENT", "@ptr0", "@ptr1", "SL:RECIPES_INCLUDED_INGREDIENT]", "IN:GET_INFO_RECIPES]"], "predicted_tokens": ["[IN:GET_INFO_RECIPES", "[SL:RECIPES_INCLUDED_INGREDIENT", "@ptr0", "@ptr1", "@ptr2", "SL:RECIPES_INCLUDED_INGREDIENT]", "[SL:RECIPES_ATTRIBUTE", "@ptr5", "SL:RECIPES_ATTRIBUTE]", "IN:GET_INFO_RECIPES]"]}
{"loss": 2.3290395736694336, "class_log_probabilities": [-2.666975975036621, -2.955278158187866, -4.260522842407227, -4.757437229156494], "predictions": [23, 10, 401, 11, 10, 401, 403, 404, 405, 406, 407, 11, 26, 4, 4, 4, 4], "target_tokens": ["[IN:SEND_MESSAGE", "[SL:RECIPIENT", "@ptr6", "@ptr7", "@ptr8", "@ptr9", "@ptr10", "@ptr11", "@ptr12", "SL:RECIPIENT]", "[SL:NAME_APP", "@ptr14", "@ptr15", "@ptr16", "@ptr17", "SL:NAME_APP]", "IN:SEND_MESSAGE]"], "predicted_tokens": ["[IN:SEND_MESSAGE", "[SL:RECIPIENT", "@ptr6", "SL:RECIPIENT]", "[SL:RECIPIENT", "@ptr6", "@ptr8", "@ptr9", "@ptr10", "@ptr11", "@ptr12", "SL:RECIPIENT]", "IN:SEND_MESSAGE]"]}
{"loss": 0.9693601131439209, "class_log_probabilities": [-0.5565645694732666, -5.95347785949707, -6.4562764167785645, -6.462337970733643], "predictions": [23, 10, 398, 11, 76, 400, 77, 26, 4], "target_tokens": ["[IN:SEND_MESSAGE", "[SL:RECIPIENT", "@ptr3", "SL:RECIPIENT]", "[SL:NAME_APP", "@ptr5", "SL:NAME_APP]", "IN:SEND_MESSAGE]"], "predicted_tokens": ["[IN:SEND_MESSAGE", "[SL:RECIPIENT", "@ptr3", "SL:RECIPIENT]", "[SL:NAME_APP", "@ptr5", "SL:NAME_APP]", "IN:SEND_MESSAGE]"]}
{"loss": 1.4453173875808716, "class_log_probabilities": [-0.7287766337394714, -3.229625701904297, -3.4152536392211914, -5.756743431091309], "predictions": [23, 10, 399, 400, 401, 11, 76, 404, 77, 26, 4], "target_tokens": ["[IN:SEND_MESSAGE", "[SL:RECIPIENT", "@ptr4", "@ptr5", "SL:RECIPIENT]", "[SL:NAME_APP", "@ptr8", "SL:NAME_APP]", "IN:SEND_MESSAGE]"], "predicted_tokens": ["[IN:SEND_MESSAGE", "[SL:RECIPIENT", "@ptr4", "@ptr5", "@ptr6", "SL:RECIPIENT]", "[SL:NAME_APP", "@ptr9", "SL:NAME_APP]", "IN:SEND_MESSAGE]"]}
{"loss": 0.9593639969825745, "class_log_probabilities": [-0.4380452036857605, -7.661088943481445, -7.897611618041992, -8.31882095336914], "predictions": [75, 6, 397, 398, 7, 78, 4, 4, 4], "target_tokens": ["[IN:CREATE_CALL", "[SL:CONTACT", "@ptr2", "@ptr3", "SL:CONTACT]", "IN:CREATE_CALL]"], "predicted_tokens": ["[IN:CREATE_CALL", "[SL:CONTACT", "@ptr2", "@ptr3", "SL:CONTACT]", "IN:CREATE_CALL]"]}
{"loss": 0.9633272886276245, "class_log_probabilities": [-0.5573555827140808, -5.985681533813477, -6.248154163360596, -7.002622604370117], "predictions": [75, 6, 397, 398, 399, 400, 7, 78, 4, 4], "target_tokens": ["[IN:CREATE_CALL", "[SL:CONTACT", "@ptr2", "@ptr3", "@ptr4", "@ptr5", "SL:CONTACT]", "IN:CREATE_CALL]"], "predicted_tokens": ["[IN:CREATE_CALL", "[SL:CONTACT", "@ptr2", "@ptr3", "@ptr4", "@ptr5", "SL:CONTACT]", "IN:CREATE_CALL]"]}
{"loss": 2.3421823978424072, "class_log_probabilities": [-3.1339824199676514, -3.589045763015747, -3.724623918533325, -4.142101287841797], "predictions": [75, 6, 397, 398, 399, 400, 401, 7, 6, 403, 405, 7, 78, 4, 4, 4, 4], "target_tokens": ["[IN:CREATE_CALL", "[SL:CONTACT", "@ptr2", "@ptr3", "SL:CONTACT]", "[SL:CONTACT", "@ptr4", "@ptr5", "SL:CONTACT]", "[SL:CONTACT", "@ptr7", "@ptr8", "@ptr9", "SL:CONTACT]", "IN:CREATE_CALL]"], "predicted_tokens": ["[IN:CREATE_CALL", "[SL:CONTACT", "@ptr2", "@ptr3", "@ptr4", "@ptr5", "@ptr6", "SL:CONTACT]", "[SL:CONTACT", "@ptr8", "@ptr10", "SL:CONTACT]", "IN:CREATE_CALL]"]}
{"loss": 3.086125612258911, "class_log_probabilities": [-0.41030919551849365, -7.312282562255859, -7.549483299255371, -7.650773048400879], "predictions": [75, 6, 397, 7, 78, 4, 4, 4], "target_tokens": ["[IN:CREATE_CALL", "[SL:GROUP", "@ptr2", "SL:GROUP]", "IN:CREATE_CALL]"], "predicted_tokens": ["[IN:CREATE_CALL", "[SL:CONTACT", "@ptr2", "SL:CONTACT]", "IN:CREATE_CALL]"]}
{"loss": 0.974879801273346, "class_log_probabilities": [-0.5980325937271118, -5.270054340362549, -5.428262233734131, -6.123476505279541], "predictions": [321, 156, 398, 399, 157, 322, 4], "target_tokens": ["[IN:SET_RSVP_NO", "[SL:TITLE_EVENT", "@ptr3", "@ptr4", "SL:TITLE_EVENT]", "IN:SET_RSVP_NO]"], "predicted_tokens": ["[IN:SET_RSVP_NO", "[SL:TITLE_EVENT", "@ptr3", "@ptr4", "SL:TITLE_EVENT]", "IN:SET_RSVP_NO]"]}
{"loss": 1.8859624862670898, "class_log_probabilities": [-0.8196481466293335, -3.860004186630249, -3.971620559692383, -5.266060829162598], "predictions": [321, 156, 401, 402, 157, 322, 4], "target_tokens": ["[IN:SET_RSVP_NO", "[SL:TITLE_EVENT", "@ptr6", "SL:TITLE_EVENT]", "IN:SET_RSVP_NO]"], "predicted_tokens": ["[IN:SET_RSVP_NO", "[SL:TITLE_EVENT", "@ptr6", "@ptr7", "SL:TITLE_EVENT]", "IN:SET_RSVP_NO]"]}
{"loss": 2.666860580444336, "class_log_probabilities": [-5.026975154876709, -5.232079029083252, -5.281850337982178, -5.956963062286377], "predictions": [89, 90, 396, 91, 16, 405, 407, 17, 92, 4], "target_tokens": ["[IN:ADD_TIME_TIMER", "[SL:METHOD_TIMER", "@ptr1", "@ptr2", "@ptr3", "SL:METHOD_TIMER]", "[SL:DATE_TIME", "@ptr8", "@ptr9", "SL:DATE_TIME]", "IN:ADD_TIME_TIMER]"], "predicted_tokens": ["[IN:CREATE_TIMER", "[SL:METHOD_TIMER", "@ptr1", "SL:METHOD_TIMER]", "[SL:DATE_TIME", "@ptr10", "@ptr12", "SL:DATE_TIME]", "IN:CREATE_TIMER]"]}
{"loss": 1.5605874061584473, "class_log_probabilities": [-1.0919102430343628, -3.0042612552642822, -4.979910373687744, -5.534618854522705], "predictions": [75, 6, 396, 397, 398, 399, 400, 401, 402, 7, 76, 405, 77, 78, 4], "target_tokens": ["[IN:CREATE_CALL", "[SL:CONTACT", "@ptr5", "@ptr6", "@ptr7", "SL:CONTACT]", "[SL:NAME_APP", "@ptr10", "SL:NAME_APP]", "IN:CREATE_CALL]"], "predicted_tokens": ["[IN:CREATE_CALL", "[SL:CONTACT", "@ptr1", "@ptr2", "@ptr3", "@ptr4", "@ptr5", "@ptr6", "@ptr7", "SL:CONTACT]", "[SL:NAME_APP", "@ptr10", "SL:NAME_APP]", "IN:CREATE_CALL]"]}
{"loss": 2.8229551315307617, "class_log_probabilities": [-0.6399123668670654, -6.071606159210205, -6.0978102684021, -6.223278045654297], "predictions": [63, 64, 397, 65, 66, 399, 67, 68, 4], "target_tokens": ["[IN:PLAY_MUSIC", "[SL:MUSIC_ARTIST_NAME", "@ptr4", "SL:MUSIC_ARTIST_NAME]", "IN:PLAY_MUSIC]"], "predicted_tokens": ["[IN:PLAY_MUSIC", "[SL:MUSIC_TYPE", "@ptr2", "SL:MUSIC_TYPE]", "[SL:MUSIC_ARTIST_NAME", "@ptr4", "SL:MUSIC_ARTIST_NAME]", "IN:PLAY_MUSIC]"]}
{"loss": 1.669438362121582, "class_log_probabilities": [-1.4766807556152344, -1.6756706237792969, -4.453849792480469, -6.0778045654296875], "predictions": [63, 64, 396, 65, 66, 398, 399, 67, 68, 4, 4, 4, 4, 4, 4], "target_tokens": ["[IN:PLAY_MUSIC", "[SL:MUSIC_ARTIST_NAME", "@ptr3", "@ptr4", "SL:MUSIC_ARTIST_NAME]", "[SL:MUSIC_PROVIDER_NAME", "@ptr6", "@ptr7", "@ptr8", "SL:MUSIC_PROVIDER_NAME]", "IN:PLAY_MUSIC]"], "predicted_tokens": ["[IN:PLAY_MUSIC", "[SL:MUSIC_TYPE", "@ptr1", "SL:MUSIC_TYPE]", "[SL:MUSIC_ARTIST_NAME", "@ptr3", "@ptr4", "SL:MUSIC_ARTIST_NAME]", "IN:PLAY_MUSIC]"]}
{"loss": 2.6397013664245605, "class_log_probabilities": [-0.9628185033798218, -3.802454948425293, -5.465011119842529, -5.7357683181762695], "predictions": [63, 101, 396, 397, 398, 399, 400, 401, 402, 102, 68, 4], "target_tokens": ["[IN:PLAY_MUSIC", "[SL:MUSIC_ALBUM_TITLE", "@ptr1", "@ptr2", "@ptr3", "SL:MUSIC_ALBUM_TITLE]", "[SL:MUSIC_PROVIDER_NAME", "@ptr5", "@ptr6", "@ptr7", "@ptr8", "SL:MUSIC_PROVIDER_NAME]", "IN:PLAY_MUSIC]"], "predicted_tokens": ["[IN:PLAY_MUSIC", "[SL:MUSIC_TRACK_TITLE", "@ptr1", "@ptr2", "@ptr3", "@ptr4", "@ptr5", "@ptr6", "@ptr7", "SL:MUSIC_TRACK_TITLE]", "IN:PLAY_MUSIC]"]}
{"loss": 2.2176997661590576, "class_log_probabilities": [-0.1890043318271637, -6.284671306610107, -6.677207946777344, -8.282125473022461], "predictions": [61, 62, 4, 4, 4, 4], "target_tokens": ["[IN:GET_EVENT", "[SL:USER_ATTENDEE_EVENT", "@ptr3", "SL:USER_ATTENDEE_EVENT]", "IN:GET_EVENT]"], "predicted_tokens": ["[IN:GET_EVENT", "IN:GET_EVENT]"]}
{"loss": 1.0162030458450317, "class_log_probabilities": [-1.139528751373291, -1.4926409721374512, -7.314753532409668, -7.7120137214660645], "predictions": [75, 6, 397, 398, 399, 7, 76, 401, 77, 78, 4, 4, 4], "target_tokens": ["[IN:CREATE_CALL", "[SL:CONTACT", "@ptr2", "@ptr3", "@ptr4", "SL:CONTACT]", "[SL:NAME_APP", "@ptr6", "SL:NAME_APP]", "IN:CREATE_CALL]"], "predicted_tokens": ["[IN:CREATE_CALL", "[SL:CONTACT", "@ptr2", "@ptr3", "@ptr4", "SL:CONTACT]", "[SL:NAME_APP", "@ptr6", "SL:NAME_APP]", "IN:CREATE_CALL]"]}
{"loss": 1.0309550762176514, "class_log_probabilities": [-1.368283748626709, -1.573552131652832, -6.026058673858643, -6.142655372619629], "predictions": [75, 6, 398, 399, 400, 401, 7, 76, 403, 77, 78, 4, 4], "target_tokens": ["[IN:CREATE_CALL", "[SL:CONTACT", "@ptr3", "@ptr4", "@ptr5", "@ptr6", "SL:CONTACT]", "[SL:NAME_APP", "@ptr8", "SL:NAME_APP]", "IN:CREATE_CALL]"], "predicted_tokens": ["[IN:CREATE_CALL", "[SL:CONTACT", "@ptr3", "@ptr4", "@ptr5", "@ptr6", "SL:CONTACT]", "[SL:NAME_APP", "@ptr8", "SL:NAME_APP]", "IN:CREATE_CALL]"]}
{"loss": 1.9687360525131226, "class_log_probabilities": [-3.7831039428710938, -4.042065620422363, -4.098334789276123, -4.297787189483643], "predictions": [23, 10, 70, 71, 400, 72, 73, 11, 26, 4, 4, 4, 4], "target_tokens": ["[IN:SEND_MESSAGE", "[SL:TYPE_CONTENT", "@ptr2", "SL:TYPE_CONTENT]", "[SL:RECIPIENT", "[IN:GET_CONTACT", "[SL:TYPE_RELATION", "@ptr4", "SL:TYPE_RELATION]", "IN:GET_CONTACT]", "SL:RECIPIENT]", "IN:SEND_MESSAGE]"], "predicted_tokens": ["[IN:SEND_MESSAGE", "[SL:RECIPIENT", "[IN:GET_CONTACT", "[SL:TYPE_RELATION", "@ptr5", "SL:TYPE_RELATION]", "IN:GET_CONTACT]", "SL:RECIPIENT]", "IN:SEND_MESSAGE]"]}
{"loss": 1.25927734375, "class_log_probabilities": [-0.6853928565979004, -3.5289013385772705, -4.5413079261779785, -6.340220928192139], "predictions": [75, 6, 398, 399, 400, 401, 402, 7, 78, 4], "target_tokens": ["[IN:CREATE_CALL", "[SL:CONTACT", "@ptr3", "@ptr4", "@ptr5", "@ptr6", "SL:CONTACT]", "IN:CREATE_CALL]"], "predicted_tokens": ["[IN:CREATE_CALL", "[SL:CONTACT", "@ptr3", "@ptr4", "@ptr5", "@ptr6", "@ptr7", "SL:CONTACT]", "IN:CREATE_CALL]"]}
{"loss": 1.4968100786209106, "class_log_probabilities": [-0.4740278720855713, -4.445542812347412, -4.554550647735596, -5.0788044929504395], "predictions": [61, 83, 396, 397, 398, 84, 62, 4], "target_tokens": ["[IN:GET_EVENT", "[SL:CATEGORY_EVENT", "@ptr1", "@ptr2", "SL:CATEGORY_EVENT]", "IN:GET_EVENT]"], "predicted_tokens": ["[IN:GET_EVENT", "[SL:CATEGORY_EVENT", "@ptr1", "@ptr2", "@ptr3", "SL:CATEGORY_EVENT]", "IN:GET_EVENT]"]}
{"loss": 3.7419850826263428, "class_log_probabilities": [-3.071319818496704, -3.43684983253479, -3.763758659362793, -4.9394025802612305], "predictions": [295, 156, 399, 400, 401, 402, 403, 404, 157, 296, 4, 4], "target_tokens": ["[IN:GET_DATE_TIME_EVENT", "[SL:ORDINAL", "@ptr7", "@ptr8", "SL:ORDINAL]", "IN:GET_DATE_TIME_EVENT]"], "predicted_tokens": ["[IN:GET_DATE_TIME_EVENT", "[SL:TITLE_EVENT", "@ptr4", "@ptr5", "@ptr6", "@ptr7", "@ptr8", "@ptr9", "SL:TITLE_EVENT]", "IN:GET_DATE_TIME_EVENT]"]}
{"loss": 1.5694832801818848, "class_log_probabilities": [-0.4917006492614746, -4.435968399047852, -5.643789291381836, -5.871359348297119], "predictions": [23, 8, 402, 9, 26, 4], "target_tokens": ["[IN:SEND_MESSAGE", "[SL:TYPE_CONTENT", "@ptr6", "SL:TYPE_CONTENT]", "IN:SEND_MESSAGE]"], "predicted_tokens": ["[IN:SEND_MESSAGE", "[SL:TYPE_CONTENT", "@ptr7", "SL:TYPE_CONTENT]", "IN:SEND_MESSAGE]"]}
{"loss": 3.3491625785827637, "class_log_probabilities": [-1.3849188089370728, -1.762364149093628, -4.71163272857666, -5.5353193283081055], "predictions": [23, 10, 400, 401, 11, 26, 4, 4], "target_tokens": ["[IN:SEND_MESSAGE", "[SL:TYPE_CONTENT", "@ptr2", "SL:TYPE_CONTENT]", "[SL:RECIPIENT", "@ptr4", "@ptr5", "SL:RECIPIENT]", "IN:SEND_MESSAGE]"], "predicted_tokens": ["[IN:SEND_MESSAGE", "[SL:RECIPIENT", "@ptr5", "@ptr6", "SL:RECIPIENT]", "IN:SEND_MESSAGE]"]}
{"loss": 2.0762815475463867, "class_log_probabilities": [-0.4544919431209564, -5.869197845458984, -6.237661361694336, -6.259103775024414], "predictions": [23, 8, 399, 9, 26, 4], "target_tokens": ["[IN:SEND_MESSAGE", "[SL:TYPE_CONTENT", "@ptr3", "SL:TYPE_CONTENT]", "IN:SEND_MESSAGE]"], "predicted_tokens": ["[IN:SEND_MESSAGE", "[SL:TYPE_CONTENT", "@ptr4", "SL:TYPE_CONTENT]", "IN:SEND_MESSAGE]"]}
{"loss": 1.6841516494750977, "class_log_probabilities": [-0.42568108439445496, -5.208107948303223, -6.473568916320801, -6.544708728790283], "predictions": [23, 8, 399, 9, 26, 4], "target_tokens": ["[IN:SEND_MESSAGE", "[SL:TYPE_CONTENT", "@ptr3", "SL:TYPE_CONTENT]", "IN:SEND_MESSAGE]"], "predicted_tokens": ["[IN:SEND_MESSAGE", "[SL:TYPE_CONTENT", "@ptr4", "SL:TYPE_CONTENT]", "IN:SEND_MESSAGE]"]}
{"loss": 2.373311996459961, "class_log_probabilities": [-1.3530097007751465, -2.726414442062378, -4.856506824493408, -5.4990763664245605], "predictions": [75, 6, 397, 398, 399, 7, 76, 401, 77, 78, 4], "target_tokens": ["[IN:CREATE_CALL", "[SL:CONTACT", "@ptr2", "@ptr3", "SL:CONTACT]", "[SL:NAME_APP", "@ptr5", "SL:NAME_APP]", "IN:CREATE_CALL]"], "predicted_tokens": ["[IN:CREATE_CALL", "[SL:CONTACT", "@ptr2", "@ptr3", "@ptr4", "SL:CONTACT]", "[SL:NAME_APP", "@ptr6", "SL:NAME_APP]", "IN:CREATE_CALL]"]}
{"loss": 2.2891781330108643, "class_log_probabilities": [-1.2100626230239868, -3.105778694152832, -4.991045951843262, -5.248394012451172], "predictions": [13, 16, 398, 399, 400, 17, 79, 402, 80, 18, 4], "target_tokens": ["[IN:GET_SUNSET", "[SL:DATE_TIME", "@ptr3", "@ptr4", "SL:DATE_TIME]", "IN:GET_SUNSET]"], "predicted_tokens": ["[IN:GET_WEATHER", "[SL:DATE_TIME", "@ptr3", "@ptr4", "@ptr5", "SL:DATE_TIME]", "[SL:WEATHER_ATTRIBUTE", "@ptr7", "SL:WEATHER_ATTRIBUTE]", "IN:GET_WEATHER]"]}
{"loss": 1.3476630449295044, "class_log_probabilities": [-1.004542350769043, -3.1337807178497314, -4.070533275604248, -4.795439720153809], "predictions": [63, 64, 396, 65, 68, 4, 4, 4, 4], "target_tokens": ["[IN:PLAY_MUSIC", "[SL:MUSIC_TYPE", "@ptr1", "SL:MUSIC_TYPE]", "[SL:MUSIC_TRACK_TITLE", "@ptr2", "SL:MUSIC_TRACK_TITLE]", "IN:PLAY_MUSIC]"], "predicted_tokens": ["[IN:PLAY_MUSIC", "[SL:MUSIC_TYPE", "@ptr1", "SL:MUSIC_TYPE]", "IN:PLAY_MUSIC]"]}
{"loss": 1.453818440437317, "class_log_probabilities": [-2.4869368076324463, -3.96842622756958, -3.9717676639556885, -4.313176155090332], "predictions": [63, 64, 396, 65, 66, 399, 400, 401, 67, 68, 4], "target_tokens": ["[IN:PLAY_MUSIC", "[SL:MUSIC_ALBUM_TITLE", "@ptr2", "SL:MUSIC_ALBUM_TITLE]", "[SL:MUSIC_ARTIST_NAME", "@ptr4", "@ptr5", "@ptr6", "SL:MUSIC_ARTIST_NAME]", "IN:PLAY_MUSIC]"], "predicted_tokens": ["[IN:PLAY_MUSIC", "[SL:MUSIC_TYPE", "@ptr1", "SL:MUSIC_TYPE]", "[SL:MUSIC_ARTIST_NAME", "@ptr4", "@ptr5", "@ptr6", "SL:MUSIC_ARTIST_NAME]", "IN:PLAY_MUSIC]"]}
{"loss": 1.8480745553970337, "class_log_probabilities": [-5.048409938812256, -5.352655410766602, -5.719585418701172, -6.108994007110596], "predictions": [13, 14, 402, 15, 14, 402, 403, 404, 405, 406, 407, 408, 17, 18, 4, 4], "target_tokens": ["[IN:GET_WEATHER", "[SL:LOCATION", "@ptr6", "SL:LOCATION]", "[SL:DATE_TIME", "@ptr7", "@ptr8", "@ptr9", "@ptr10", "@ptr11", "@ptr12", "SL:DATE_TIME]", "IN:GET_WEATHER]"], "predicted_tokens": ["[IN:GET_WEATHER", "[SL:LOCATION", "@ptr7", "SL:LOCATION]", "[SL:LOCATION", "@ptr7", "@ptr8", "@ptr9", "@ptr10", "@ptr11", "@ptr12", "@ptr13", "SL:DATE_TIME]", "IN:GET_WEATHER]"]}
{"loss": 1.9600911140441895, "class_log_probabilities": [-0.578347384929657, -2.723357677459717, -4.35385799407959, -7.028869152069092], "predictions": [13, 14, 400, 15, 18, 4, 4, 4], "target_tokens": ["[IN:GET_WEATHER", "[SL:LOCATION", "@ptr4", "SL:LOCATION]", "IN:GET_WEATHER]"], "predicted_tokens": ["[IN:GET_WEATHER", "[SL:LOCATION", "@ptr5", "SL:LOCATION]", "IN:GET_WEATHER]"]}
{"loss": 4.190117359161377, "class_log_probabilities": [-0.6788316965103149, -5.530068874359131, -5.695572376251221, -9.452342987060547], "predictions": [49, 36, 398, 399, 400, 401, 402, 37, 50, 4, 4, 4, 4], "target_tokens": ["[IN:CREATE_ALARM", "IN:CREATE_ALARM]"], "predicted_tokens": ["[IN:CREATE_REMINDER", "[SL:TODO", "@ptr3", "@ptr4", "@ptr5", "@ptr6", "@ptr7", "SL:TODO]", "IN:CREATE_REMINDER]"]}
{"loss": 1.785160779953003, "class_log_probabilities": [-2.8420655727386475, -2.8538546562194824, -3.2641665935516357, -3.3665812015533447], "predictions": [45, 16, 399, 400, 401, 402, 403, 404, 405, 406, 17, 46, 4, 4], "target_tokens": ["[IN:CREATE_ALARM", "[SL:DATE_TIME", "@ptr3", "@ptr4", "@ptr5", "@ptr6", "@ptr7", "@ptr8", "@ptr9", "@ptr10", "@ptr11", "SL:DATE_TIME]", "IN:CREATE_ALARM]"], "predicted_tokens": ["[IN:CREATE_ALARM", "[SL:DATE_TIME", "@ptr4", "@ptr5", "@ptr6", "@ptr7", "@ptr8", "@ptr9", "@ptr10", "@ptr11", "SL:DATE_TIME]", "IN:CREATE_ALARM]"]}
{"loss": 1.9830701351165771, "class_log_probabilities": [-3.603055715560913, -3.8658628463745117, -4.011562347412109, -4.196945667266846], "predictions": [45, 16, 399, 400, 401, 402, 403, 404, 405, 407, 17, 46, 4, 4], "target_tokens": ["[IN:CREATE_ALARM", "[SL:DATE_TIME", "@ptr3", "@ptr4", "@ptr5", "@ptr6", "@ptr7", "@ptr8", "@ptr9", "@ptr10", "@ptr11", "@ptr12", "SL:DATE_TIME]", "IN:CREATE_ALARM]"], "predicted_tokens": ["[IN:CREATE_ALARM", "[SL:DATE_TIME", "@ptr4", "@ptr5", "@ptr6", "@ptr7", "@ptr8", "@ptr9", "@ptr10", "@ptr12", "SL:DATE_TIME]", "IN:CREATE_ALARM]"]}
{"loss": 1.1636810302734375, "class_log_probabilities": [-0.9096512794494629, -2.2425241470336914, -6.52581787109375, -6.7224555015563965], "predictions": [75, 6, 397, 398, 399, 7, 78, 4], "target_tokens": ["[IN:CREATE_CALL", "[SL:CONTACT", "@ptr2", "@ptr3", "SL:CONTACT]", "IN:CREATE_CALL]"], "predicted_tokens": ["[IN:CREATE_CALL", "[SL:CONTACT", "@ptr2", "@ptr3", "@ptr4", "SL:CONTACT]", "IN:CREATE_CALL]"]}
{"loss": 1.4196805953979492, "class_log_probabilities": [-0.8368654847145081, -4.376547813415527, -5.532254695892334, -6.075628757476807], "predictions": [63, 66, 396, 397, 398, 399, 67, 103, 401, 104, 68, 4], "target_tokens": ["[IN:PLAY_MUSIC", "[SL:MUSIC_ALBUM_TITLE", "@ptr1", "@ptr2", "@ptr3", "@ptr4", "SL:MUSIC_ALBUM_TITLE]", "[SL:MUSIC_PROVIDER_NAME", "@ptr6", "SL:MUSIC_PROVIDER_NAME]", "IN:PLAY_MUSIC]"], "predicted_tokens": ["[IN:PLAY_MUSIC", "[SL:MUSIC_ARTIST_NAME", "@ptr1", "@ptr2", "@ptr3", "@ptr4", "SL:MUSIC_ARTIST_NAME]", "[SL:MUSIC_PROVIDER_NAME", "@ptr6", "SL:MUSIC_PROVIDER_NAME]", "IN:PLAY_MUSIC]"]}
{"loss": 1.6763346195220947, "class_log_probabilities": [-0.6608902215957642, -6.742866516113281, -7.0506815910339355, -7.327918529510498], "predictions": [45, 16, 397, 398, 399, 400, 401, 17, 46, 4], "target_tokens": ["[IN:CREATE_ALARM", "[SL:DATE_TIME", "@ptr2", "@ptr3", "@ptr4", "@ptr5", "SL:DATE_TIME]", "IN:CREATE_ALARM]"], "predicted_tokens": ["[IN:CREATE_ALARM", "[SL:DATE_TIME", "@ptr2", "@ptr3", "@ptr4", "@ptr5", "@ptr6", "SL:DATE_TIME]", "IN:CREATE_ALARM]"]}
{"loss": 3.14872145652771, "class_log_probabilities": [-2.555718421936035, -3.3611063957214355, -3.762634038925171, -4.763861656188965], "predictions": [111, 16, 401, 402, 403, 404, 405, 17, 112, 4], "target_tokens": ["[IN:SNOOZE_ALARM", "[SL:DATE_TIME", "@ptr5", "@ptr6", "@ptr7", "@ptr8", "SL:DATE_TIME]", "IN:SNOOZE_ALARM]"], "predicted_tokens": ["[IN:UPDATE_REMINDER_DATE_TIME", "[SL:DATE_TIME", "@ptr6", "@ptr7", "@ptr8", "@ptr9", "@ptr10", "SL:DATE_TIME]", "IN:UPDATE_REMINDER_DATE_TIME]"]}
{"loss": 4.57301139831543, "class_log_probabilities": [-2.0986082553863525, -3.969379186630249, -4.198554039001465, -4.212038516998291], "predictions": [227, 90, 397, 91, 16, 400, 401, 17, 228, 4, 4], "target_tokens": ["[IN:UPDATE_ALARM", "[SL:DATE_TIME", "@ptr3", "@ptr4", "@ptr5", "SL:DATE_TIME]", "IN:UPDATE_ALARM]"], "predicted_tokens": ["[IN:UPDATE_TIMER", "[SL:METHOD_TIMER", "@ptr2", "SL:METHOD_TIMER]", "[SL:DATE_TIME", "@ptr5", "@ptr6", "SL:DATE_TIME]", "IN:UPDATE_TIMER]"]}
{"loss": 0.9675798416137695, "class_log_probabilities": [-0.22811275720596313, -6.412839889526367, -6.47433614730835, -6.780625820159912], "predictions": [19, 22, 4], "target_tokens": ["[IN:GET_ALARM", "IN:GET_ALARM]"], "predicted_tokens": ["[IN:GET_ALARM", "IN:GET_ALARM]"]}
{"loss": 2.396191358566284, "class_log_probabilities": [-1.0958483219146729, -2.174086332321167, -3.46510648727417, -5.250804901123047], "predictions": [13, 14, 399, 15, 16, 401, 402, 403, 17, 18, 4], "target_tokens": ["[IN:GET_WEATHER", "[SL:LOCATION", "@ptr3", "SL:LOCATION]", "[SL:DATE_TIME", "@ptr4", "@ptr5", "@ptr6", "@ptr7", "SL:DATE_TIME]", "IN:GET_WEATHER]"], "predicted_tokens": ["[IN:GET_WEATHER", "[SL:LOCATION", "@ptr4", "SL:LOCATION]", "[SL:DATE_TIME", "@ptr6", "@ptr7", "@ptr8", "SL:DATE_TIME]", "IN:GET_WEATHER]"]}
{"loss": 1.8809404373168945, "class_log_probabilities": [-0.4096256196498871, -6.578311443328857, -7.6889872550964355, -7.742115497589111], "predictions": [13, 14, 399, 15, 18, 4], "target_tokens": ["[IN:GET_WEATHER", "[SL:LOCATION", "@ptr3", "SL:LOCATION]", "IN:GET_WEATHER]"], "predicted_tokens": ["[IN:GET_WEATHER", "[SL:LOCATION", "@ptr4", "SL:LOCATION]", "IN:GET_WEATHER]"]}
{"loss": 1.2351081371307373, "class_log_probabilities": [-0.9972937107086182, -2.8510642051696777, -6.777441024780273, -7.112388610839844], "predictions": [13, 16, 396, 397, 398, 17, 18, 4], "target_tokens": ["[IN:GET_WEATHER", "[SL:DATE_TIME", "@ptr1", "@ptr2", "SL:DATE_TIME]", "IN:GET_WEATHER]"], "predicted_tokens": ["[IN:GET_WEATHER", "[SL:DATE_TIME", "@ptr1", "@ptr2", "@ptr3", "SL:DATE_TIME]", "IN:GET_WEATHER]"]}
{"loss": 2.978208065032959, "class_log_probabilities": [-1.3049148321151733, -2.5450234413146973, -2.838925838470459, -4.054615497589111], "predictions": [13, 16, 402, 403, 404, 405, 406, 407, 17, 18, 4], "target_tokens": ["[IN:GET_WEATHER", "[SL:DATE_TIME", "@ptr5", "@ptr6", "@ptr7", "@ptr8", "@ptr9", "SL:DATE_TIME]", "IN:GET_WEATHER]"], "predicted_tokens": ["[IN:GET_WEATHER", "[SL:DATE_TIME", "@ptr7", "@ptr8", "@ptr9", "@ptr10", "@ptr11", "@ptr12", "SL:DATE_TIME]", "IN:GET_WEATHER]"]}
{"loss": 2.432809829711914, "class_log_probabilities": [-1.6434229612350464, -3.622962713241577, -4.718596458435059, -5.2771501541137695], "predictions": [45, 16, 401, 402, 403, 404, 405, 406, 17, 46, 4, 4, 4, 4, 4, 4, 4, 4], "target_tokens": ["[IN:CREATE_ALARM", "[SL:DATE_TIME", "@ptr5", "@ptr6", "@ptr7", "@ptr8", "@ptr9", "SL:DATE_TIME]", "IN:CREATE_ALARM]"], "predicted_tokens": ["[IN:CREATE_ALARM", "[SL:DATE_TIME", "@ptr6", "@ptr7", "@ptr8", "@ptr9", "@ptr10", "@ptr11", "SL:DATE_TIME]", "IN:CREATE_ALARM]"]}
{"loss": 1.9819200038909912, "class_log_probabilities": [-4.640498161315918, -5.392542362213135, -5.535654544830322, -6.172245979309082], "predictions": [49, 36, 399, 400, 401, 402, 403, 37, 16, 405, 406, 407, 408, 409, 17, 50, 4, 4, 4], "target_tokens": ["[IN:CREATE_ALARM", "[SL:ALARM_NAME", "@ptr5", "@ptr6", "@ptr7", "SL:ALARM_NAME]", "[SL:DATE_TIME", "@ptr10", "@ptr11", "@ptr12", "@ptr13", "SL:DATE_TIME]", "IN:CREATE_ALARM]"], "predicted_tokens": ["[IN:CREATE_REMINDER", "[SL:TODO", "@ptr4", "@ptr5", "@ptr6", "@ptr7", "@ptr8", "SL:TODO]", "[SL:DATE_TIME", "@ptr10", "@ptr11", "@ptr12", "@ptr13", "@ptr14", "SL:DATE_TIME]", "IN:CREATE_REMINDER]"]}
{"loss": 3.020775079727173, "class_log_probabilities": [-3.158266544342041, -4.3486247062683105, -6.129494667053223, -6.165021896362305], "predictions": [47, 34, 401, 35, 120, 401, 121, 48, 4, 4, 4, 4, 4, 4, 4], "target_tokens": ["[IN:GET_ALARM", "[SL:AMOUNT", "@ptr4", "SL:AMOUNT]", "IN:GET_ALARM]"], "predicted_tokens": ["[IN:GET_REMINDER", "[SL:PERSON_REMINDED", "@ptr6", "SL:PERSON_REMINDED]", "[SL:AMOUNT", "@ptr6", "SL:AMOUNT]", "IN:GET_REMINDER]"]}
{"loss": 0.9558919072151184, "class_log_probabilities": [-0.28834766149520874, -5.887189865112305, -6.437164783477783, -7.197844982147217], "predictions": [45, 46, 4], "target_tokens": ["[IN:CREATE_ALARM", "IN:CREATE_ALARM]"], "predicted_tokens": ["[IN:CREATE_ALARM", "IN:CREATE_ALARM]"]}
{"loss": 0.9657502174377441, "class_log_probabilities": [-0.1805647909641266, -7.986103534698486, -8.222744941711426, -8.243366241455078], "predictions": [81, 82, 4], "target_tokens": ["[IN:END_CALL", "IN:END_CALL]"], "predicted_tokens": ["[IN:END_CALL", "IN:END_CALL]"]}
{"loss": 4.365327835083008, "class_log_probabilities": [-0.8278520107269287, -5.673259258270264, -5.8732805252075195, -6.104508399963379], "predictions": [75, 6, 398, 399, 400, 7, 78, 4], "target_tokens": ["[IN:UPDATE_METHOD_CALL", "IN:UPDATE_METHOD_CALL]"], "predicted_tokens": ["[IN:CREATE_CALL", "[SL:CONTACT", "@ptr3", "@ptr4", "@ptr5", "SL:CONTACT]", "IN:CREATE_CALL]"]}
{"loss": 0.9807252883911133, "class_log_probabilities": [-0.45263388752937317, -6.591965198516846, -6.81643533706665, -7.192309856414795], "predictions": [63, 66, 396, 67, 103, 398, 104, 68, 4], "target_tokens": ["[IN:PLAY_MUSIC", "[SL:MUSIC_ARTIST_NAME", "@ptr1", "SL:MUSIC_ARTIST_NAME]", "[SL:MUSIC_PROVIDER_NAME", "@ptr3", "SL:MUSIC_PROVIDER_NAME]", "IN:PLAY_MUSIC]"], "predicted_tokens": ["[IN:PLAY_MUSIC", "[SL:MUSIC_ARTIST_NAME", "@ptr1", "SL:MUSIC_ARTIST_NAME]", "[SL:MUSIC_PROVIDER_NAME", "@ptr3", "SL:MUSIC_PROVIDER_NAME]", "IN:PLAY_MUSIC]"]}
{"loss": 2.940812587738037, "class_log_probabilities": [-1.763010025024414, -3.4645164012908936, -5.422922134399414, -5.923974990844727], "predictions": [13, 16, 401, 402, 17, 18, 4, 4, 4, 4], "target_tokens": ["[IN:GET_EVENT", "[SL:CATEGORY_EVENT", "@ptr2", "@ptr3", "@ptr4", "SL:CATEGORY_EVENT]", "IN:GET_EVENT]"], "predicted_tokens": ["[IN:GET_WEATHER", "[SL:DATE_TIME", "@ptr6", "@ptr7", "SL:DATE_TIME]", "IN:GET_WEATHER]"]}
{"loss": 2.6673390865325928, "class_log_probabilities": [-4.463233470916748, -5.167756080627441, -5.3161516189575195, -5.403256416320801], "predictions": [61, 83, 397, 398, 399, 400, 401, 84, 16, 402, 403, 404, 17, 62, 4], "target_tokens": ["[IN:GET_EVENT", "[SL:CATEGORY_EVENT", "@ptr1", "@ptr2", "@ptr3", "@ptr4", "@ptr5", "SL:CATEGORY_EVENT]", "[SL:DATE_TIME", "@ptr6", "@ptr7", "@ptr8", "SL:DATE_TIME]", "IN:GET_EVENT]"], "predicted_tokens": ["[IN:GET_EVENT", "[SL:CATEGORY_EVENT", "@ptr2", "@ptr3", "@ptr4", "@ptr5", "@ptr6", "SL:CATEGORY_EVENT]", "[SL:DATE_TIME", "@ptr7", "@ptr8", "@ptr9", "SL:DATE_TIME]", "IN:GET_EVENT]"]}
{"loss": 2.4249744415283203, "class_log_probabilities": [-0.5300124883651733, -4.463405609130859, -4.857479572296143, -5.034379959106445], "predictions": [75, 6, 401, 402, 403, 7, 78, 4], "target_tokens": ["[IN:CREATE_CALL", "[SL:CONTACT", "@ptr5", "@ptr6", "@ptr7", "SL:CONTACT]", "IN:CREATE_CALL]"], "predicted_tokens": ["[IN:CREATE_CALL", "[SL:CONTACT", "@ptr6", "@ptr7", "@ptr8", "SL:CONTACT]", "IN:CREATE_CALL]"]}
{"loss": 0.9592095613479614, "class_log_probabilities": [-0.49790477752685547, -4.64542293548584, -6.92261266708374, -7.193235874176025], "predictions": [75, 6, 397, 398, 7, 78, 4, 4], "target_tokens": ["[IN:CREATE_CALL", "[SL:CONTACT", "@ptr2", "@ptr3", "SL:CONTACT]", "IN:CREATE_CALL]"], "predicted_tokens": ["[IN:CREATE_CALL", "[SL:CONTACT", "@ptr2", "@ptr3", "SL:CONTACT]", "IN:CREATE_CALL]"]}
{"loss": 0.971084713935852, "class_log_probabilities": [-0.6083906292915344, -4.433403491973877, -5.82064962387085, -7.344322204589844], "predictions": [75, 6, 398, 399, 7, 78, 4, 4], "target_tokens": ["[IN:CREATE_CALL", "[SL:CONTACT", "@ptr3", "@ptr4", "SL:CONTACT]", "IN:CREATE_CALL]"], "predicted_tokens": ["[IN:CREATE_CALL", "[SL:CONTACT", "@ptr3", "@ptr4", "SL:CONTACT]", "IN:CREATE_CALL]"]}
{"loss": 0.9573516845703125, "class_log_probabilities": [-0.198891282081604, -7.72457218170166, -8.430180549621582, -8.611933708190918], "predictions": [171, 172, 4, 4], "target_tokens": ["[IN:GET_AVAILABILITY", "IN:GET_AVAILABILITY]"], "predicted_tokens": ["[IN:GET_AVAILABILITY", "IN:GET_AVAILABILITY]"]}
{"loss": 0.9739804267883301, "class_log_probabilities": [-0.174116313457489, -7.711875915527344, -7.813178062438965, -7.916618824005127], "predictions": [215, 216, 4], "target_tokens": ["[IN:SWITCH_CALL", "IN:SWITCH_CALL]"], "predicted_tokens": ["[IN:SWITCH_CALL", "IN:SWITCH_CALL]"]}
{"loss": 0.9890016913414001, "class_log_probabilities": [-0.15031585097312927, -7.652319431304932, -7.848585605621338, -8.034372329711914], "predictions": [215, 216, 4], "target_tokens": ["[IN:SWITCH_CALL", "IN:SWITCH_CALL]"], "predicted_tokens": ["[IN:SWITCH_CALL", "IN:SWITCH_CALL]"]}
{"loss": 0.9722533822059631, "class_log_probabilities": [-0.1705409735441208, -8.067848205566406, -8.136787414550781, -8.544214248657227], "predictions": [31, 32, 4, 4], "target_tokens": ["[IN:SET_UNAVAILABLE", "IN:SET_UNAVAILABLE]"], "predicted_tokens": ["[IN:SET_UNAVAILABLE", "IN:SET_UNAVAILABLE]"]}
{"loss": 0.9566137194633484, "class_log_probabilities": [-0.2023291438817978, -8.1845064163208, -8.279349327087402, -8.385133743286133], "predictions": [171, 172, 4], "target_tokens": ["[IN:GET_AVAILABILITY", "IN:GET_AVAILABILITY]"], "predicted_tokens": ["[IN:GET_AVAILABILITY", "IN:GET_AVAILABILITY]"]}
{"loss": 2.9685447216033936, "class_log_probabilities": [-0.19793546199798584, -7.066934108734131, -7.470846652984619, -7.819473743438721], "predictions": [31, 32, 4], "target_tokens": ["[IN:SET_AVAILABLE", "IN:SET_AVAILABLE]"], "predicted_tokens": ["[IN:SET_UNAVAILABLE", "IN:SET_UNAVAILABLE]"]}
{"loss": 0.9547773003578186, "class_log_probabilities": [-0.2976440489292145, -5.708486557006836, -6.896461009979248, -6.9859795570373535], "predictions": [81, 82, 4], "target_tokens": ["[IN:END_CALL", "IN:END_CALL]"], "predicted_tokens": ["[IN:END_CALL", "IN:END_CALL]"]}
{"loss": 2.3551487922668457, "class_log_probabilities": [-4.0513763427734375, -4.326552391052246, -4.662827491760254, -7.083470821380615], "predictions": [23, 10, 70, 71, 397, 72, 73, 11, 24, 400, 401, 402, 430, 25, 26, 4, 4, 4, 4, 4, 4], "target_tokens": ["[IN:SEND_MESSAGE", "[SL:RECIPIENT", "[IN:GET_CONTACT", "[SL:CONTACT_RELATED", "@ptr2", "@ptr3", "SL:CONTACT_RELATED]", "[SL:TYPE_RELATION", "@ptr1", "SL:TYPE_RELATION]", "IN:GET_CONTACT]", "SL:RECIPIENT]", "[SL:CONTENT_EXACT", "@ptr5", "@ptr6", "@ptr7", "@ptr8", "@ptr9", "@ptr10", "@ptr11", "@ptr12", "@ptr13", "@ptr14", "@ptr15", "@ptr16", "@ptr17", "@ptr18", "@ptr19", "@ptr20", "@ptr21", "@ptr22", "@ptr23", "@ptr24", "@ptr25", "@ptr26", "@ptr27", "@ptr28", "SL:CONTENT_EXACT]", "IN:SEND_MESSAGE]"], "predicted_tokens": ["[IN:SEND_MESSAGE", "[SL:RECIPIENT", "[IN:GET_CONTACT", "[SL:TYPE_RELATION", "@ptr2", "SL:TYPE_RELATION]", "IN:GET_CONTACT]", "SL:RECIPIENT]", "[SL:CONTENT_EXACT", "@ptr5", "@ptr6", "@ptr7", "@ptr35", "SL:CONTENT_EXACT]", "IN:SEND_MESSAGE]"]}
{"loss": 1.9806240797042847, "class_log_probabilities": [-3.346236228942871, -5.408236503601074, -63.54467010498047, -64.07176971435547], "predictions": [23, 10, 398, 399, 400, 401, 11, 26, 4, 4, 4, 4, 4, 4, 4, 4, 4, 4, 4, 4, 4, 4, 4, 4, 4, 4, 4, 4, 4, 4, 4, 4, 4, 4, 4, 4, 4, 4, 4, 4, 4, 4, 4, 4, 4, 4, 4, 4, 4, 4, 4, 4, 4, 4, 4, 4, 4, 4, 4, 4, 4, 4, 4, 4, 4, 4, 4, 4, 4, 4, 4, 4, 4, 4, 4, 4, 4, 4, 4, 4, 4, 4, 4, 4, 4, 4, 4, 4, 4, 4, 4, 4, 4, 4, 4, 4, 4, 4, 4, 4], "target_tokens": ["[IN:SEND_MESSAGE", "[SL:RECIPIENT", "@ptr3", "@ptr4", "@ptr5", "SL:RECIPIENT]", "[SL:CONTENT_EXACT", "@ptr9", "@ptr10", "@ptr11", "@ptr12", "@ptr13", "@ptr14", "@ptr15", "@ptr16", "@ptr17", "@ptr18", "@ptr19", "SL:CONTENT_EXACT]", "IN:SEND_MESSAGE]"], "predicted_tokens": ["[IN:SEND_MESSAGE", "[SL:RECIPIENT", "@ptr3", "@ptr4", "@ptr5", "@ptr6", "SL:RECIPIENT]", "IN:SEND_MESSAGE]"]}
{"loss": 1.7018808126449585, "class_log_probabilities": [-2.9429547786712646, -3.1735281944274902, -4.516604423522949, -5.5782928466796875], "predictions": [23, 10, 398, 399, 400, 401, 11, 24, 404, 25, 26, 4, 4, 4], "target_tokens": ["[IN:SEND_MESSAGE", "[SL:RECIPIENT", "@ptr3", "@ptr4", "@ptr5", "SL:RECIPIENT]", "[SL:CONTENT_EXACT", "@ptr12", "@ptr13", "@ptr14", "@ptr15", "@ptr16", "@ptr17", "SL:CONTENT_EXACT]", "IN:SEND_MESSAGE]"], "predicted_tokens": ["[IN:SEND_MESSAGE", "[SL:RECIPIENT", "@ptr3", "@ptr4", "@ptr5", "@ptr6", "SL:RECIPIENT]", "[SL:CONTENT_EXACT", "@ptr9", "SL:CONTENT_EXACT]", "IN:SEND_MESSAGE]"]}
{"loss": 1.2410398721694946, "class_log_probabilities": [-1.9067579507827759, -3.0034596920013428, -4.08367919921875, -4.64954948425293], "predictions": [5, 10, 401, 11, 16, 403, 404, 405, 17, 12, 4, 4], "target_tokens": ["[IN:GET_MESSAGE", "[SL:RECIPIENT", "@ptr6", "SL:RECIPIENT]", "[SL:DATE_TIME", "@ptr7", "@ptr8", "@ptr9", "@ptr10", "@ptr11", "SL:DATE_TIME]", "IN:GET_MESSAGE]"], "predicted_tokens": ["[IN:GET_MESSAGE", "[SL:RECIPIENT", "@ptr6", "SL:RECIPIENT]", "[SL:DATE_TIME", "@ptr8", "@ptr9", "@ptr10", "SL:DATE_TIME]", "IN:GET_MESSAGE]"]}
{"loss": 2.2625269889831543, "class_log_probabilities": [-1.1923421621322632, -3.766777992248535, -5.025402545928955, -5.166356563568115], "predictions": [23, 10, 397, 398, 11, 24, 400, 401, 402, 403, 404, 405, 406, 407, 25, 26, 4, 4], "target_tokens": ["[IN:SEND_MESSAGE", "[SL:RECIPIENT", "@ptr1", "@ptr2", "SL:RECIPIENT]", "[SL:CONTENT_EXACT", "@ptr4", "@ptr5", "@ptr6", "@ptr7", "@ptr8", "@ptr9", "@ptr10", "@ptr11", "SL:CONTENT_EXACT]", "IN:SEND_MESSAGE]"], "predicted_tokens": ["[IN:SEND_MESSAGE", "[SL:RECIPIENT", "@ptr2", "@ptr3", "SL:RECIPIENT]", "[SL:CONTENT_EXACT", "@ptr5", "@ptr6", "@ptr7", "@ptr8", "@ptr9", "@ptr10", "@ptr11", "@ptr12", "SL:CONTENT_EXACT]", "IN:SEND_MESSAGE]"]}
{"loss": 1.602597713470459, "class_log_probabilities": [-4.603350639343262, -5.088393211364746, -5.824167728424072, -7.427408695220947], "predictions": [23, 10, 70, 71, 398, 72, 73, 11, 24, 403, 404, 405, 407, 409, 25, 26, 4, 4, 4, 4], "target_tokens": ["[IN:SEND_MESSAGE", "[SL:RECIPIENT", "[IN:GET_CONTACT", "[SL:TYPE_RELATION", "@ptr3", "SL:TYPE_RELATION]", "IN:GET_CONTACT]", "SL:RECIPIENT]", "[SL:CONTENT_EXACT", "@ptr7", "@ptr8", "@ptr9", "@ptr10", "@ptr11", "@ptr12", "@ptr13", "@ptr14", "@ptr15", "@ptr16", "SL:CONTENT_EXACT]", "IN:SEND_MESSAGE]"], "predicted_tokens": ["[IN:SEND_MESSAGE", "[SL:RECIPIENT", "[IN:GET_CONTACT", "[SL:TYPE_RELATION", "@ptr3", "SL:TYPE_RELATION]", "IN:GET_CONTACT]", "SL:RECIPIENT]", "[SL:CONTENT_EXACT", "@ptr8", "@ptr9", "@ptr10", "@ptr12", "@ptr14", "SL:CONTENT_EXACT]", "IN:SEND_MESSAGE]"]}
{"loss": 1.6417217254638672, "class_log_probabilities": [-1.218797206878662, -2.7867813110351562, -4.631863117218018, -5.0477776527404785], "predictions": [49, 16, 400, 401, 402, 403, 404, 405, 17, 50, 4], "target_tokens": ["[IN:CREATE_REMINDER", "[SL:PERSON_REMINDED", "@ptr0", "SL:PERSON_REMINDED]", "[SL:DATE_TIME", "@ptr5", "@ptr6", "@ptr7", "@ptr8", "@ptr9", "@ptr10", "SL:DATE_TIME]", "IN:CREATE_REMINDER]"], "predicted_tokens": ["[IN:CREATE_REMINDER", "[SL:DATE_TIME", "@ptr5", "@ptr6", "@ptr7", "@ptr8", "@ptr9", "@ptr10", "SL:DATE_TIME]", "IN:CREATE_REMINDER]"]}
{"loss": 3.1866776943206787, "class_log_probabilities": [-3.390671968460083, -4.176273345947266, -50.120052337646484, -51.45196533203125], "predictions": [33, 34, 402, 35, 38, 4, 4, 4, 4, 4, 4, 4, 4, 4, 4, 4, 4, 4, 4, 4, 4, 4, 4, 4, 4, 4, 4, 4, 4, 4, 4, 4, 4, 4, 4, 4, 4, 4, 4, 4, 4, 4, 4, 4, 4, 4, 4, 4, 4, 4, 4, 4, 4, 4, 4, 4, 4, 4, 4, 4, 4, 4, 4, 4, 4, 4, 4, 4, 4, 4, 4, 4, 4, 4, 4, 4, 4, 4, 4, 4, 4, 4, 4, 4, 4, 4, 4, 4, 4, 4, 4, 4, 4, 4, 4, 4, 4, 4, 4, 4], "target_tokens": ["[IN:DELETE_REMINDER", "[SL:AMOUNT", "@ptr7", "SL:AMOUNT]", "[SL:PERSON_REMINDED", "@ptr5", "@ptr6", "SL:PERSON_REMINDED]", "[SL:DATE_TIME", "@ptr8", "@ptr9", "@ptr10", "SL:DATE_TIME]", "IN:DELETE_REMINDER]"], "predicted_tokens": ["[IN:DELETE_REMINDER", "[SL:PERSON_REMINDED", "@ptr7", "SL:PERSON_REMINDED]", "IN:DELETE_REMINDER]"]}
{"loss": 2.412281036376953, "class_log_probabilities": [-6.7168145179748535, -6.947810649871826, -7.362059116363525, -7.7907609939575195], "predictions": [49, 34, 397, 35, 36, 398, 399, 400, 401, 402, 37, 16, 405, 406, 407, 17, 50, 4, 4, 4, 4, 4], "target_tokens": ["[IN:CREATE_REMINDER", "[SL:PERSON_REMINDED", "@ptr1", "SL:PERSON_REMINDED]", "[SL:TODO", "[IN:GET_TODO", "[SL:TODO", "@ptr3", "@ptr4", "@ptr5", "SL:TODO]", "[SL:ATTENDEE", "@ptr7", "@ptr8", "SL:ATTENDEE]", "IN:GET_TODO]", "SL:TODO]", "[SL:DATE_TIME", "@ptr9", "@ptr10", "@ptr11", "SL:DATE_TIME]", "IN:CREATE_REMINDER]"], "predicted_tokens": ["[IN:CREATE_REMINDER", "[SL:PERSON_REMINDED", "@ptr2", "SL:PERSON_REMINDED]", "[SL:TODO", "@ptr3", "@ptr4", "@ptr5", "@ptr6", "@ptr7", "SL:TODO]", "[SL:DATE_TIME", "@ptr10", "@ptr11", "@ptr12", "SL:DATE_TIME]", "IN:CREATE_REMINDER]"]}
{"loss": 2.4463396072387695, "class_log_probabilities": [-1.9426132440567017, -3.253413200378418, -4.2008161544799805, -4.528680801391602], "predictions": [33, 34, 402, 35, 36, 404, 405, 406, 407, 408, 37, 38, 4, 4, 4, 4], "target_tokens": ["[IN:DELETE_REMINDER", "[SL:PERSON_REMINDED", "@ptr5", "@ptr6", "SL:PERSON_REMINDED]", "[SL:TODO", "@ptr8", "@ptr9", "@ptr10", "@ptr11", "SL:TODO]", "IN:DELETE_REMINDER]"], "predicted_tokens": ["[IN:DELETE_REMINDER", "[SL:PERSON_REMINDED", "@ptr7", "SL:PERSON_REMINDED]", "[SL:TODO", "@ptr9", "@ptr10", "@ptr11", "@ptr12", "@ptr13", "SL:TODO]", "IN:DELETE_REMINDER]"]}
{"loss": 1.6220279932022095, "class_log_probabilities": [-1.9078574180603027, -2.52101731300354, -2.7510104179382324, -4.7083282470703125], "predictions": [49, 36, 395, 396, 397, 398, 399, 37, 50, 4], "target_tokens": ["[IN:CREATE_REMINDER", "IN:CREATE_REMINDER]"], "predicted_tokens": ["[IN:CREATE_REMINDER", "[SL:TODO", "@ptr0", "@ptr1", "@ptr2", "@ptr3", "@ptr4", "SL:TODO]", "IN:CREATE_REMINDER]"]}
{"loss": 3.4296581745147705, "class_log_probabilities": [-39.3942985534668, -40.554561614990234, -40.695491790771484, -40.786808013916016], "predictions": [49, 34, 402, 35, 34, 402, 35, 34, 402, 35, 34, 402, 35, 34, 402, 35, 34, 402, 35, 34, 402, 35, 34, 402, 35, 34, 402, 35, 34, 402, 35, 34, 402, 35, 34, 402, 35, 34, 402, 35, 34, 402, 35, 34, 402, 35, 34, 402, 35, 34, 402, 35, 34, 402, 35, 34, 402, 35, 34, 402, 35, 34, 402, 35, 34, 402, 35, 34, 402, 35, 34, 402, 35, 34, 402, 35, 34, 402, 35, 34, 402, 35, 34, 402, 35, 34, 402, 35, 34, 402, 35, 34, 402, 35, 34, 402, 35, 34, 402, 35], "target_tokens": ["[IN:GET_REMINDER", "[SL:METHOD_RETRIEVAL_REMINDER", "@ptr0", "SL:METHOD_RETRIEVAL_REMINDER]", "[SL:PERSON_REMINDED", "@ptr5", "@ptr6", "SL:PERSON_REMINDED]", "[SL:DATE_TIME", "@ptr7", "@ptr8", "@ptr9", "SL:DATE_TIME]", "IN:GET_REMINDER]"], "predicted_tokens": ["[IN:CREATE_REMINDER", "[SL:PERSON_REMINDED", "@ptr7", "SL:PERSON_REMINDED]", "[SL:PERSON_REMINDED", "@ptr7", "SL:PERSON_REMINDED]", "[SL:PERSON_REMINDED", "@ptr7", "SL:PERSON_REMINDED]", "[SL:PERSON_REMINDED", "@ptr7", "SL:PERSON_REMINDED]", "[SL:PERSON_REMINDED", "@ptr7", "SL:PERSON_REMINDED]", "[SL:PERSON_REMINDED", "@ptr7", "SL:PERSON_REMINDED]", "[SL:PERSON_REMINDED", "@ptr7", "SL:PERSON_REMINDED]", "[SL:PERSON_REMINDED", "@ptr7", "SL:PERSON_REMINDED]", "[SL:PERSON_REMINDED", "@ptr7", "SL:PERSON_REMINDED]", "[SL:PERSON_REMINDED", "@ptr7", "SL:PERSON_REMINDED]", "[SL:PERSON_REMINDED", "@ptr7", "SL:PERSON_REMINDED]", "[SL:PERSON_REMINDED", "@ptr7", "SL:PERSON_REMINDED]", "[SL:PERSON_REMINDED", "@ptr7", "SL:PERSON_REMINDED]", "[SL:PERSON_REMINDED", "@ptr7", "SL:PERSON_REMINDED]", "[SL:PERSON_REMINDED", "@ptr7", "SL:PERSON_REMINDED]", "[SL:PERSON_REMINDED", "@ptr7", "SL:PERSON_REMINDED]", "[SL:PERSON_REMINDED", "@ptr7", "SL:PERSON_REMINDED]", "[SL:PERSON_REMINDED", "@ptr7", "SL:PERSON_REMINDED]", "[SL:PERSON_REMINDED", "@ptr7", "SL:PERSON_REMINDED]", "[SL:PERSON_REMINDED", "@ptr7", "SL:PERSON_REMINDED]", "[SL:PERSON_REMINDED", "@ptr7", "SL:PERSON_REMINDED]", "[SL:PERSON_REMINDED", "@ptr7", "SL:PERSON_REMINDED]", "[SL:PERSON_REMINDED", "@ptr7", "SL:PERSON_REMINDED]", "[SL:PERSON_REMINDED", "@ptr7", "SL:PERSON_REMINDED]", "[SL:PERSON_REMINDED", "@ptr7", "SL:PERSON_REMINDED]", "[SL:PERSON_REMINDED", "@ptr7", "SL:PERSON_REMINDED]", "[SL:PERSON_REMINDED", "@ptr7", "SL:PERSON_REMINDED]", "[SL:PERSON_REMINDED", "@ptr7", "SL:PERSON_REMINDED]", "[SL:PERSON_REMINDED", "@ptr7", "SL:PERSON_REMINDED]", "[SL:PERSON_REMINDED", "@ptr7", "SL:PERSON_REMINDED]", "[SL:PERSON_REMINDED", "@ptr7", "SL:PERSON_REMINDED]", "[SL:PERSON_REMINDED", "@ptr7", "SL:PERSON_REMINDED]", "[SL:PERSON_REMINDED", "@ptr7", "SL:PERSON_REMINDED]"]}
{"loss": 3.20831561088562, "class_log_probabilities": [-4.445432662963867, -4.812825679779053, -4.965236186981201, -5.466899394989014], "predictions": [49, 34, 402, 403, 35, 16, 405, 406, 407, 408, 17, 50, 4], "target_tokens": ["[IN:CREATE_REMINDER", "[SL:TODO", "@ptr6", "@ptr7", "@ptr12", "SL:TODO]", "[SL:DATE_TIME", "@ptr9", "@ptr10", "@ptr11", "@ptr12", "@ptr13", "@ptr14", "SL:DATE_TIME]", "IN:CREATE_REMINDER]"], "predicted_tokens": ["[IN:CREATE_REMINDER", "[SL:PERSON_REMINDED", "@ptr7", "@ptr8", "SL:PERSON_REMINDED]", "[SL:DATE_TIME", "@ptr10", "@ptr11", "@ptr12", "@ptr13", "SL:DATE_TIME]", "IN:CREATE_REMINDER]"]}
{"loss": 1.7310824394226074, "class_log_probabilities": [-2.8872900009155273, -3.4735751152038574, -4.383152008056641, -4.427052021026611], "predictions": [49, 36, 398, 399, 400, 37, 16, 402, 403, 404, 405, 406, 17, 50, 4, 4, 4, 4], "target_tokens": ["[IN:CREATE_REMINDER", "[SL:PERSON_REMINDED", "@ptr1", "SL:PERSON_REMINDED]", "[SL:TODO", "@ptr3", "@ptr4", "@ptr5", "SL:TODO]", "[SL:DATE_TIME", "@ptr6", "@ptr7", "@ptr8", "@ptr9", "@ptr10", "SL:DATE_TIME]", "IN:CREATE_REMINDER]"], "predicted_tokens": ["[IN:CREATE_REMINDER", "[SL:TODO", "@ptr3", "@ptr4", "@ptr5", "SL:TODO]", "[SL:DATE_TIME", "@ptr7", "@ptr8", "@ptr9", "@ptr10", "@ptr11", "SL:DATE_TIME]", "IN:CREATE_REMINDER]"]}
{"loss": 2.681915044784546, "class_log_probabilities": [-0.7199090719223022, -2.7793688774108887, -4.873128890991211, -5.102163314819336], "predictions": [33, 34, 401, 35, 38, 4], "target_tokens": ["[IN:DELETE_REMINDER", "[SL:PERSON_REMINDED", "@ptr4", "@ptr5", "SL:PERSON_REMINDED]", "IN:DELETE_REMINDER]"], "predicted_tokens": ["[IN:DELETE_REMINDER", "[SL:PERSON_REMINDED", "@ptr6", "SL:PERSON_REMINDED]", "IN:DELETE_REMINDER]"]}
{"loss": 2.754523277282715, "class_log_probabilities": [-2.4285309314727783, -3.7369484901428223, -3.947874069213867, -4.483797550201416], "predictions": [49, 34, 397, 35, 36, 399, 400, 401, 402, 403, 37, 16, 404, 405, 407, 17, 50, 4, 4, 4], "target_tokens": ["[IN:CREATE_REMINDER", "[SL:PERSON_REMINDED", "@ptr2", "SL:PERSON_REMINDED]", "[SL:TODO", "@ptr3", "@ptr4", "@ptr5", "@ptr6", "SL:TODO]", "[SL:DATE_TIME", "@ptr7", "@ptr8", "@ptr9", "@ptr10", "SL:DATE_TIME]", "IN:CREATE_REMINDER]"], "predicted_tokens": ["[IN:CREATE_REMINDER", "[SL:PERSON_REMINDED", "@ptr2", "SL:PERSON_REMINDED]", "[SL:TODO", "@ptr4", "@ptr5", "@ptr6", "@ptr7", "@ptr8", "SL:TODO]", "[SL:DATE_TIME", "@ptr9", "@ptr10", "@ptr12", "SL:DATE_TIME]", "IN:CREATE_REMINDER]"]}
{"loss": 2.049919843673706, "class_log_probabilities": [-3.060703992843628, -3.1263084411621094, -3.370912790298462, -4.569958686828613], "predictions": [47, 34, 395, 35, 36, 402, 403, 404, 37, 16, 405, 17, 48, 4, 4, 4, 4, 4], "target_tokens": ["[IN:GET_REMINDER", "[SL:PERSON_REMINDED", "@ptr0", "SL:PERSON_REMINDED]", "[SL:TODO", "[IN:GET_TODO", "[SL:DATE_TIME", "@ptr11", "@ptr12", "SL:DATE_TIME]", "[SL:TODO", "@ptr6", "@ptr7", "@ptr8", "SL:TODO]", "IN:GET_TODO]", "SL:TODO]", "IN:GET_REMINDER]"], "predicted_tokens": ["[IN:GET_REMINDER", "[SL:PERSON_REMINDED", "@ptr0", "SL:PERSON_REMINDED]", "[SL:TODO", "@ptr7", "@ptr8", "@ptr9", "SL:TODO]", "[SL:DATE_TIME", "@ptr10", "SL:DATE_TIME]", "IN:GET_REMINDER]"]}
{"loss": 1.849023699760437, "class_log_probabilities": [-0.5731791257858276, -4.810416221618652, -5.129894256591797, -5.640667915344238], "predictions": [33, 16, 400, 401, 402, 17, 38, 4], "target_tokens": ["[IN:DELETE_REMINDER", "[SL:DATE_TIME", "@ptr5", "@ptr6", "SL:DATE_TIME]", "IN:DELETE_REMINDER]"], "predicted_tokens": ["[IN:DELETE_REMINDER", "[SL:DATE_TIME", "@ptr5", "@ptr6", "@ptr7", "SL:DATE_TIME]", "IN:DELETE_REMINDER]"]}
{"loss": 3.6012191772460938, "class_log_probabilities": [-9.98040771484375, -11.729437828063965, -13.20732307434082, -15.203391075134277], "predictions": [49, 34, 402, 35, 34, 402, 35, 34, 402, 35, 34, 402, 35, 16, 404, 35, 16, 404, 406, 17, 50, 4, 4, 4, 4, 4, 4, 4, 4, 4, 4], "target_tokens": ["[IN:GET_REMINDER", "[SL:METHOD_RETRIEVAL_REMINDER", "@ptr0", "SL:METHOD_RETRIEVAL_REMINDER]", "[SL:AMOUNT", "@ptr7", "SL:AMOUNT]", "[SL:PERSON_REMINDED", "@ptr5", "@ptr6", "SL:PERSON_REMINDED]", "[SL:DATE_TIME", "@ptr8", "@ptr9", "@ptr10", "SL:DATE_TIME]", "IN:GET_REMINDER]"], "predicted_tokens": ["[IN:CREATE_REMINDER", "[SL:PERSON_REMINDED", "@ptr7", "SL:PERSON_REMINDED]", "[SL:PERSON_REMINDED", "@ptr7", "SL:PERSON_REMINDED]", "[SL:PERSON_REMINDED", "@ptr7", "SL:PERSON_REMINDED]", "[SL:PERSON_REMINDED", "@ptr7", "SL:PERSON_REMINDED]", "[SL:DATE_TIME", "@ptr9", "SL:PERSON_REMINDED]", "[SL:DATE_TIME", "@ptr9", "@ptr11", "SL:DATE_TIME]", "IN:CREATE_REMINDER]"]}
{"loss": 2.7791829109191895, "class_log_probabilities": [-2.700316905975342, -3.4618868827819824, -3.984220504760742, -6.140903949737549], "predictions": [23, 10, 402, 11, 10, 402, 11, 26, 4, 4, 4, 4, 4, 4, 4, 4, 4], "target_tokens": ["[IN:CREATE_REMINDER", "[SL:PERSON_REMINDED", "@ptr1", "SL:PERSON_REMINDED]", "[SL:TODO", "[IN:SEND_MESSAGE", "[SL:METHOD_MESSAGE", "@ptr4", "SL:METHOD_MESSAGE]", "[SL:RECIPIENT", "@ptr6", "SL:RECIPIENT]", "[SL:CONTENT_EXACT", "@ptr9", "@ptr10", "@ptr11", "@ptr12", "SL:CONTENT_EXACT]", "IN:SEND_MESSAGE]", "SL:TODO]", "[SL:DATE_TIME", "@ptr13", "@ptr14", "SL:DATE_TIME]", "IN:CREATE_REMINDER]"], "predicted_tokens": ["[IN:SEND_MESSAGE", "[SL:RECIPIENT", "@ptr7", "SL:RECIPIENT]", "[SL:RECIPIENT", "@ptr7", "SL:RECIPIENT]", "IN:SEND_MESSAGE]"]}
{"loss": 2.628791093826294, "class_log_probabilities": [-7.123193264007568, -7.505640029907227, -8.145435333251953, -8.309832572937012], "predictions": [47, 36, 143, 36, 397, 398, 399, 400, 401, 402, 403, 37, 16, 409, 17, 48, 4, 4], "target_tokens": ["[IN:GET_REMINDER", "[SL:TODO", "@ptr4", "@ptr5", "@ptr6", "@ptr7", "SL:TODO]", "[SL:DATE_TIME", "@ptr12", "@ptr13", "@ptr14", "@ptr15", "@ptr16", "SL:DATE_TIME]", "IN:GET_REMINDER]"], "predicted_tokens": ["[IN:GET_REMINDER", "[SL:TODO", "[IN:GET_TODO", "[SL:TODO", "@ptr2", "@ptr3", "@ptr4", "@ptr5", "@ptr6", "@ptr7", "@ptr8", "SL:TODO]", "[SL:DATE_TIME", "@ptr14", "SL:DATE_TIME]", "IN:GET_REMINDER]"]}
{"loss": 3.2519853115081787, "class_log_probabilities": [-2.441763401031494, -3.8565897941589355, -3.8700788021087646, -4.169960021972656], "predictions": [47, 34, 403, 35, 199, 404, 200, 48, 4], "target_tokens": ["[IN:GET_REMINDER", "[SL:METHOD_RETRIEVAL_REMINDER", "@ptr0", "SL:METHOD_RETRIEVAL_REMINDER]", "[SL:PERSON_REMINDED", "@ptr7", "SL:PERSON_REMINDED]", "[SL:ORDINAL", "@ptr4", "@ptr5", "SL:ORDINAL]", "IN:GET_REMINDER]"], "predicted_tokens": ["[IN:GET_REMINDER", "[SL:PERSON_REMINDED", "@ptr8", "SL:PERSON_REMINDED]", "[SL:METHOD_RETRIEVAL_REMINDER", "@ptr9", "SL:METHOD_RETRIEVAL_REMINDER]", "IN:GET_REMINDER]"]}
{"loss": 3.2512803077697754, "class_log_probabilities": [-3.266853094100952, -3.74436616897583, -4.312514781951904, -5.717234134674072], "predictions": [47, 34, 400, 35, 34, 403, 35, 16, 404, 405, 406, 17, 48, 4, 4, 4, 4, 4, 4, 4], "target_tokens": ["[IN:GET_REMINDER", "[SL:PERSON_REMINDED", "@ptr6", "@ptr7", "SL:PERSON_REMINDED]", "[SL:TODO", "@ptr4", "@ptr5", "SL:TODO]", "[SL:DATE_TIME", "@ptr9", "@ptr10", "SL:DATE_TIME]", "IN:GET_REMINDER]"], "predicted_tokens": ["[IN:GET_REMINDER", "[SL:PERSON_REMINDED", "@ptr5", "SL:PERSON_REMINDED]", "[SL:PERSON_REMINDED", "@ptr8", "SL:PERSON_REMINDED]", "[SL:DATE_TIME", "@ptr9", "@ptr10", "@ptr11", "SL:DATE_TIME]", "IN:GET_REMINDER]"]}
{"loss": 3.063046455383301, "class_log_probabilities": [-3.084493398666382, -4.531142711639404, -4.880757808685303, -95.88330078125], "predictions": [47, 36, 398, 399, 400, 37, 36, 402, 403, 404, 37, 16, 406, 17, 48, 4, 4, 4, 4, 4, 4, 4, 4, 4, 4, 4, 4, 4, 4, 4, 4, 4, 4, 4, 4, 4, 4, 4, 4, 4, 4, 4, 4, 4, 4, 4, 4, 4, 4, 4, 4, 4, 4, 4, 4, 4, 4, 4, 4, 4, 4, 4, 4, 4, 4, 4, 4, 4, 4, 4, 4, 4, 4, 4, 4, 4, 4, 4, 4, 4, 4, 4, 4, 4, 4, 4, 4, 4, 4, 4, 4, 4, 4, 4, 4, 4, 4, 4, 4, 4], "target_tokens": ["[IN:GET_REMINDER", "[SL:TODO", "@ptr9", "SL:TODO]", "[SL:DATE_TIME", "@ptr10", "@ptr11", "@ptr12", "SL:DATE_TIME]", "IN:GET_REMINDER]"], "predicted_tokens": ["[IN:GET_REMINDER", "[SL:TODO", "@ptr3", "@ptr4", "@ptr5", "SL:TODO]", "[SL:TODO", "@ptr7", "@ptr8", "@ptr9", "SL:TODO]", "[SL:DATE_TIME", "@ptr11", "SL:DATE_TIME]", "IN:GET_REMINDER]"]}
{"loss": 4.741653919219971, "class_log_probabilities": [-7.780468463897705, -8.848710060119629, -9.042177200317383, -9.129032135009766], "predictions": [47, 34, 400, 35, 36, 402, 37, 16, 407, 409, 411, 17, 48, 4, 4], "target_tokens": ["[IN:GET_REMINDER_AMOUNT", "[SL:TODO", "@ptr5", "SL:TODO]", "[SL:DATE_TIME", "@ptr11", "@ptr12", "@ptr13", "SL:DATE_TIME]", "IN:GET_REMINDER_AMOUNT]"], "predicted_tokens": ["[IN:GET_REMINDER", "[SL:PERSON_REMINDED", "@ptr5", "SL:PERSON_REMINDED]", "[SL:TODO", "@ptr7", "SL:TODO]", "[SL:DATE_TIME", "@ptr12", "@ptr14", "@ptr16", "SL:DATE_TIME]", "IN:GET_REMINDER]"]}
{"loss": 2.3760578632354736, "class_log_probabilities": [-3.2640419006347656, -3.525123119354248, -5.330826759338379, -6.146111011505127], "predictions": [49, 34, 397, 35, 36, 398, 399, 400, 401, 402, 403, 404, 37, 50, 4, 4, 4, 4], "target_tokens": ["[IN:CREATE_REMINDER", "[SL:PERSON_REMINDED", "@ptr1", "SL:PERSON_REMINDED]", "[SL:TODO", "[IN:GET_TODO", "[SL:TODO", "@ptr3", "@ptr4", "SL:TODO]", "[SL:ATTENDEE", "@ptr6", "@ptr7", "SL:ATTENDEE]", "IN:GET_TODO]", "SL:TODO]", "IN:CREATE_REMINDER]"], "predicted_tokens": ["[IN:CREATE_REMINDER", "[SL:PERSON_REMINDED", "@ptr2", "SL:PERSON_REMINDED]", "[SL:TODO", "@ptr3", "@ptr4", "@ptr5", "@ptr6", "@ptr7", "@ptr8", "@ptr9", "SL:TODO]", "IN:CREATE_REMINDER]"]}
{"loss": 3.1519064903259277, "class_log_probabilities": [-5.507019996643066, -6.490955352783203, -7.8651909828186035, -8.069188117980957], "predictions": [47, 199, 397, 200, 48, 4, 4, 4, 4, 4, 4, 4], "target_tokens": ["[IN:GET_REMINDER", "[SL:METHOD_RETRIEVAL_REMINDER", "@ptr1", "SL:METHOD_RETRIEVAL_REMINDER]", "[SL:AMOUNT", "@ptr6", "SL:AMOUNT]", "[SL:PERSON_REMINDED", "@ptr7", "@ptr8", "SL:PERSON_REMINDED]", "IN:GET_REMINDER]"], "predicted_tokens": ["[IN:GET_REMINDER", "[SL:METHOD_RETRIEVAL_REMINDER", "@ptr2", "SL:METHOD_RETRIEVAL_REMINDER]", "IN:GET_REMINDER]"]}
{"loss": 3.3473141193389893, "class_log_probabilities": [-2.994719982147217, -3.076192617416382, -3.6683132648468018, -4.093793869018555], "predictions": [33, 36, 401, 402, 403, 404, 37, 16, 405, 406, 17, 38, 4, 4, 4, 4, 4], "target_tokens": ["[IN:DELETE_REMINDER", "[SL:TODO", "[IN:GET_TODO", "[SL:DATE_TIME", "@ptr8", "@ptr9", "@ptr10", "@ptr11", "SL:DATE_TIME]", "[SL:TODO", "@ptr4", "@ptr5", "@ptr6", "@ptr7", "SL:TODO]", "IN:GET_TODO]", "SL:TODO]", "IN:DELETE_REMINDER]"], "predicted_tokens": ["[IN:DELETE_REMINDER", "[SL:TODO", "@ptr6", "@ptr7", "@ptr8", "@ptr9", "SL:TODO]", "[SL:DATE_TIME", "@ptr10", "@ptr11", "SL:DATE_TIME]", "IN:DELETE_REMINDER]"]}
{"loss": 1.6338671445846558, "class_log_probabilities": [-2.7104222774505615, -3.1577086448669434, -3.234632730484009, -4.1841959953308105], "predictions": [33, 36, 400, 401, 402, 37, 16, 404, 405, 406, 407, 17, 38, 4, 4], "target_tokens": ["[IN:DELETE_REMINDER", "[SL:TODO", "@ptr5", "@ptr6", "@ptr7", "SL:TODO]", "[SL:DATE_TIME", "@ptr8", "@ptr9", "@ptr10", "@ptr11", "SL:DATE_TIME]", "IN:DELETE_REMINDER]"], "predicted_tokens": ["[IN:DELETE_REMINDER", "[SL:TODO", "@ptr5", "@ptr6", "@ptr7", "SL:TODO]", "[SL:DATE_TIME", "@ptr9", "@ptr10", "@ptr11", "@ptr12", "SL:DATE_TIME]", "IN:DELETE_REMINDER]"]}
{"loss": 4.196619510650635, "class_log_probabilities": [-6.348832607269287, -13.475407600402832, -13.610852241516113, -51.91449737548828], "predictions": [49, 36, 143, 16, 400, 401, 402, 403, 17, 144, 37, 34, 405, 35, 16, 412, 17, 50, 4, 4, 4, 4, 4, 4, 4, 4, 4, 4, 4, 4, 4, 4, 4, 4, 4, 4, 4, 4, 4, 4, 4, 4, 4, 4, 4, 4, 4, 4, 4, 4, 4, 4, 4, 4, 4, 4, 4, 4, 4, 4, 4, 4, 4, 4, 4, 4, 4, 4, 4, 4, 4, 4, 4, 4, 4, 4, 4, 4, 4, 4, 4, 4, 4, 4, 4, 4, 4, 4, 4, 4, 4, 4, 4, 4, 4, 4, 4, 4, 4, 4], "target_tokens": ["[IN:CREATE_REMINDER", "[SL:DATE_TIME", "@ptr4", "@ptr5", "@ptr6", "SL:DATE_TIME]", "[SL:TODO", "[IN:GET_TODO", "[SL:DATE_TIME", "@ptr14", "@ptr15", "@ptr16", "@ptr17", "@ptr18", "SL:DATE_TIME]", "[SL:TODO", "@ptr8", "@ptr9", "@ptr10", "SL:TODO]", "[SL:DATE_TIME", "@ptr19", "@ptr20", "SL:DATE_TIME]", "IN:GET_TODO]", "SL:TODO]", "IN:CREATE_REMINDER]"], "predicted_tokens": ["[IN:CREATE_REMINDER", "[SL:TODO", "[IN:GET_TODO", "[SL:DATE_TIME", "@ptr5", "@ptr6", "@ptr7", "@ptr8", "SL:DATE_TIME]", "IN:GET_TODO]", "SL:TODO]", "[SL:PERSON_REMINDED", "@ptr10", "SL:PERSON_REMINDED]", "[SL:DATE_TIME", "@ptr17", "SL:DATE_TIME]", "IN:CREATE_REMINDER]"]}
{"loss": 1.850440263748169, "class_log_probabilities": [-6.2332892417907715, -6.592530727386475, -6.8138909339904785, -6.949869155883789], "predictions": [49, 36, 75, 6, 401, 7, 6, 403, 7, 78, 37, 16, 406, 407, 17, 50, 4, 4], "target_tokens": ["[IN:CREATE_REMINDER", "[SL:TODO", "[IN:CREATE_CALL", "[SL:CONTACT", "@ptr7", "@ptr8", "SL:CONTACT]", "IN:CREATE_CALL]", "SL:TODO]", "[SL:DATE_TIME", "@ptr9", "@ptr10", "@ptr11", "SL:DATE_TIME]", "IN:CREATE_REMINDER]"], "predicted_tokens": ["[IN:CREATE_REMINDER", "[SL:TODO", "[IN:CREATE_CALL", "[SL:CONTACT", "@ptr6", "SL:CONTACT]", "[SL:CONTACT", "@ptr8", "SL:CONTACT]", "IN:CREATE_CALL]", "SL:TODO]", "[SL:DATE_TIME", "@ptr11", "@ptr12", "SL:DATE_TIME]", "IN:CREATE_REMINDER]"]}
{"loss": 1.4240972995758057, "class_log_probabilities": [-2.3187081813812256, -3.633965253829956, -5.65295934677124, -6.46851921081543], "predictions": [49, 36, 397, 398, 399, 400, 401, 402, 37, 50, 4, 4], "target_tokens": ["[IN:CREATE_REMINDER", "[SL:PERSON_REMINDED", "@ptr2", "SL:PERSON_REMINDED]", "[SL:TODO", "@ptr3", "@ptr4", "@ptr5", "@ptr6", "@ptr7", "SL:TODO]", "IN:CREATE_REMINDER]"], "predicted_tokens": ["[IN:CREATE_REMINDER", "[SL:TODO", "@ptr2", "@ptr3", "@ptr4", "@ptr5", "@ptr6", "@ptr7", "SL:TODO]", "IN:CREATE_REMINDER]"]}
{"loss": 1.8371413946151733, "class_log_probabilities": [-2.4720077514648438, -4.606987953186035, -4.734363555908203, -5.592630386352539], "predictions": [49, 36, 397, 398, 399, 400, 401, 402, 403, 404, 405, 406, 407, 37, 34, 408, 35, 50, 4, 4, 4], "target_tokens": ["[IN:CREATE_REMINDER", "[SL:PERSON_REMINDED", "@ptr2", "SL:PERSON_REMINDED]", "[SL:TODO", "@ptr3", "@ptr4", "@ptr5", "@ptr6", "@ptr7", "@ptr8", "@ptr9", "@ptr10", "@ptr11", "@ptr12", "@ptr13", "@ptr14", "SL:TODO]", "IN:CREATE_REMINDER]"], "predicted_tokens": ["[IN:CREATE_REMINDER", "[SL:TODO", "@ptr2", "@ptr3", "@ptr4", "@ptr5", "@ptr6", "@ptr7", "@ptr8", "@ptr9", "@ptr10", "@ptr11", "@ptr12", "SL:TODO]", "[SL:PERSON_REMINDED", "@ptr13", "SL:PERSON_REMINDED]", "IN:CREATE_REMINDER]"]}
{"loss": 3.0131750106811523, "class_log_probabilities": [-7.585496425628662, -7.797278881072998, -8.21471118927002, -8.76711654663086], "predictions": [49, 36, 143, 36, 395, 396, 397, 398, 399, 400, 401, 402, 403, 404, 37, 34, 407, 35, 16, 406, 17, 50, 4, 4, 4], "target_tokens": ["[IN:CREATE_REMINDER", "[SL:TODO", "[IN:GET_TODO", "[SL:TODO", "@ptr8", "SL:TODO]", "[SL:ATTENDEE", "@ptr10", "@ptr11", "@ptr12", "@ptr13", "SL:ATTENDEE]", "IN:GET_TODO]", "SL:TODO]", "[SL:DATE_TIME", "@ptr14", "@ptr15", "@ptr16", "@ptr17", "@ptr18", "@ptr19", "SL:DATE_TIME]", "IN:CREATE_REMINDER]"], "predicted_tokens": ["[IN:CREATE_REMINDER", "[SL:TODO", "[IN:GET_TODO", "[SL:TODO", "@ptr0", "@ptr1", "@ptr2", "@ptr3", "@ptr4", "@ptr5", "@ptr6", "@ptr7", "@ptr8", "@ptr9", "SL:TODO]", "[SL:PERSON_REMINDED", "@ptr12", "SL:PERSON_REMINDED]", "[SL:DATE_TIME", "@ptr11", "SL:DATE_TIME]", "IN:CREATE_REMINDER]"]}
{"loss": 1.445483684539795, "class_log_probabilities": [-5.016484260559082, -5.543661117553711, -5.628743648529053, -6.7589216232299805], "predictions": [49, 36, 143, 36, 398, 399, 400, 401, 402, 403, 404, 37, 16, 405, 406, 407, 409, 17, 50, 4, 4, 4], "target_tokens": ["[IN:CREATE_REMINDER", "[SL:PERSON_REMINDED", "@ptr1", "SL:PERSON_REMINDED]", "[SL:TODO", "@ptr3", "@ptr4", "@ptr5", "@ptr6", "@ptr7", "@ptr8", "@ptr9", "SL:TODO]", "[SL:DATE_TIME", "@ptr10", "@ptr11", "@ptr12", "@ptr13", "@ptr14", "@ptr15", "SL:DATE_TIME]", "IN:CREATE_REMINDER]"], "predicted_tokens": ["[IN:CREATE_REMINDER", "[SL:TODO", "[IN:GET_TODO", "[SL:TODO", "@ptr3", "@ptr4", "@ptr5", "@ptr6", "@ptr7", "@ptr8", "@ptr9", "SL:TODO]", "[SL:DATE_TIME", "@ptr10", "@ptr11", "@ptr12", "@ptr14", "SL:DATE_TIME]", "IN:CREATE_REMINDER]"]}
{"loss": 5.832814693450928, "class_log_probabilities": [-1.538217306137085, -2.2620255947113037, -5.296874523162842, -6.045389652252197], "predictions": [81, 6, 396, 397, 398, 7, 82, 4, 4], "target_tokens": ["[IN:UPDATE_METHOD_CALL", "IN:UPDATE_METHOD_CALL]"], "predicted_tokens": ["[IN:END_CALL", "[SL:CONTACT", "@ptr1", "@ptr2", "@ptr3", "SL:CONTACT]", "IN:END_CALL]"]}
{"loss": 3.3579981327056885, "class_log_probabilities": [-0.691669225692749, -2.5629894733428955, -5.843211650848389, -7.384297847747803], "predictions": [61, 16, 395, 396, 17, 14, 404, 15, 62, 4, 4], "target_tokens": ["[IN:GET_EVENT", "[SL:LOCATION", "@ptr8", "@ptr9", "SL:LOCATION]", "[SL:DATE_TIME", "@ptr0", "@ptr1", "SL:DATE_TIME]", "IN:GET_EVENT]"], "predicted_tokens": ["[IN:GET_EVENT", "[SL:DATE_TIME", "@ptr0", "@ptr1", "SL:DATE_TIME]", "[SL:LOCATION", "@ptr9", "SL:LOCATION]", "IN:GET_EVENT]"]}
{"loss": 2.1254422664642334, "class_log_probabilities": [-1.7681934833526611, -3.2900421619415283, -81.7864990234375, -81.78650665283203], "predictions": [61, 14, 398, 15, 16, 401, 402, 403, 17, 62, 4, 4, 4, 4, 4, 4, 4, 4, 4, 4, 4, 4, 4, 4, 4, 4, 4, 4, 4, 4, 4, 4, 4, 4, 4, 4, 4, 4, 4, 4, 4, 4, 4, 4, 4, 4, 4, 4, 4, 4, 4, 4, 4, 4, 4, 4, 4, 4, 4, 4, 4, 4, 4, 4, 4, 4, 4, 4, 4, 4, 4, 4, 4, 4, 4, 4, 4, 4, 4, 4, 4, 4, 4, 4, 4, 4, 4, 4, 4, 4, 4, 4, 4, 4, 4, 4, 4, 4, 4, 4], "target_tokens": ["[IN:GET_EVENT", "[SL:LOCATION", "@ptr3", "SL:LOCATION]", "[SL:DATE_TIME", "@ptr4", "@ptr5", "@ptr6", "SL:DATE_TIME]", "IN:GET_EVENT]"], "predicted_tokens": ["[IN:GET_EVENT", "[SL:LOCATION", "@ptr3", "SL:LOCATION]", "[SL:DATE_TIME", "@ptr6", "@ptr7", "@ptr8", "SL:DATE_TIME]", "IN:GET_EVENT]"]}
{"loss": 1.9697412252426147, "class_log_probabilities": [-1.1153931617736816, -1.379933476448059, -6.2494096755981445, -6.8912739753723145], "predictions": [61, 16, 401, 402, 403, 17, 62, 4, 4], "target_tokens": ["[IN:GET_EVENT", "[SL:DATE_TIME", "@ptr6", "@ptr7", "SL:DATE_TIME]", "IN:GET_EVENT]"], "predicted_tokens": ["[IN:GET_EVENT", "[SL:DATE_TIME", "@ptr6", "@ptr7", "@ptr8", "SL:DATE_TIME]", "IN:GET_EVENT]"]}
{"loss": 2.943411111831665, "class_log_probabilities": [-1.0930415391921997, -1.9077253341674805, -4.192864418029785, -4.311141014099121], "predictions": [61, 16, 402, 403, 17, 14, 405, 15, 62, 4], "target_tokens": ["[IN:GET_EVENT", "[SL:DATE_TIME", "@ptr6", "@ptr7", "SL:DATE_TIME]", "[SL:LOCATION", "@ptr9", "@ptr10", "@ptr11", "SL:LOCATION]", "IN:GET_EVENT]"], "predicted_tokens": ["[IN:GET_EVENT", "[SL:DATE_TIME", "@ptr7", "@ptr8", "SL:DATE_TIME]", "[SL:LOCATION", "@ptr10", "SL:LOCATION]", "IN:GET_EVENT]"]}
{"loss": 3.2350337505340576, "class_log_probabilities": [-3.134631872177124, -3.248324394226074, -4.21094274520874, -4.4878435134887695], "predictions": [39, 16, 402, 403, 404, 405, 17, 42, 4, 4], "target_tokens": ["[IN:GET_EVENT", "[SL:CATEGORY_EVENT", "@ptr1", "@ptr2", "SL:CATEGORY_EVENT]", "[SL:DATE_TIME", "@ptr7", "@ptr8", "@ptr9", "SL:DATE_TIME]", "IN:GET_EVENT]"], "predicted_tokens": ["[IN:GET_STORIES_NEWS", "[SL:DATE_TIME", "@ptr7", "@ptr8", "@ptr9", "@ptr10", "SL:DATE_TIME]", "IN:GET_STORIES_NEWS]"]}
{"loss": 0.9581397771835327, "class_log_probabilities": [-0.44228512048721313, -7.491863250732422, -8.060294151306152, -8.22976303100586], "predictions": [61, 16, 395, 396, 17, 62, 4, 4, 4], "target_tokens": ["[IN:GET_EVENT", "[SL:DATE_TIME", "@ptr0", "@ptr1", "SL:DATE_TIME]", "IN:GET_EVENT]"], "predicted_tokens": ["[IN:GET_EVENT", "[SL:DATE_TIME", "@ptr0", "@ptr1", "SL:DATE_TIME]", "IN:GET_EVENT]"]}
{"loss": 4.378752708435059, "class_log_probabilities": [-0.6670090556144714, -5.526436805725098, -6.607203483581543, -6.66016149520874], "predictions": [61, 16, 395, 396, 17, 14, 402, 15, 62, 4], "target_tokens": ["[IN:GET_EVENT", "[SL:LOCATION", "@ptr5", "@ptr6", "SL:LOCATION]", "[SL:DATE_TIME", "@ptr0", "@ptr1", "SL:DATE_TIME]", "IN:GET_EVENT]"], "predicted_tokens": ["[IN:GET_EVENT", "[SL:DATE_TIME", "@ptr0", "@ptr1", "SL:DATE_TIME]", "[SL:LOCATION", "@ptr7", "SL:LOCATION]", "IN:GET_EVENT]"]}
{"loss": 2.6430084705352783, "class_log_probabilities": [-1.2053920030593872, -2.1177234649658203, -3.3225412368774414, -4.81744909286499], "predictions": [63, 223, 396, 397, 398, 224, 103, 401, 104, 68, 4, 4], "target_tokens": ["[IN:PLAY_MUSIC", "[SL:MUSIC_RADIO_ID", "@ptr3", "SL:MUSIC_RADIO_ID]", "[SL:MUSIC_TYPE", "@ptr1", "SL:MUSIC_TYPE]", "[SL:MUSIC_PROVIDER_NAME", "@ptr5", "SL:MUSIC_PROVIDER_NAME]", "IN:PLAY_MUSIC]"], "predicted_tokens": ["[IN:PLAY_MUSIC", "[SL:MUSIC_RADIO_ID", "@ptr1", "@ptr2", "@ptr3", "SL:MUSIC_RADIO_ID]", "[SL:MUSIC_PROVIDER_NAME", "@ptr6", "SL:MUSIC_PROVIDER_NAME]", "IN:PLAY_MUSIC]"]}
{"loss": 3.0903279781341553, "class_log_probabilities": [-0.761336088180542, -3.8275763988494873, -5.284489631652832, -6.349379062652588], "predictions": [89, 90, 401, 91, 16, 403, 404, 17, 92, 4], "target_tokens": ["[IN:CREATE_TIMER", "[SL:METHOD_TIMER", "@ptr3", "@ptr4", "SL:METHOD_TIMER]", "[SL:DATE_TIME", "@ptr6", "@ptr7", "@ptr8", "SL:DATE_TIME]", "IN:CREATE_TIMER]"], "predicted_tokens": ["[IN:CREATE_TIMER", "[SL:METHOD_TIMER", "@ptr6", "SL:METHOD_TIMER]", "[SL:DATE_TIME", "@ptr8", "@ptr9", "SL:DATE_TIME]", "IN:CREATE_TIMER]"]}
{"loss": 0.9603482484817505, "class_log_probabilities": [-0.4494535028934479, -7.200972557067871, -7.304328918457031, -7.505349159240723], "predictions": [211, 6, 395, 396, 7, 212, 4], "target_tokens": ["[IN:GET_LOCATION", "[SL:CONTACT", "@ptr0", "@ptr1", "SL:CONTACT]", "IN:GET_LOCATION]"], "predicted_tokens": ["[IN:GET_LOCATION", "[SL:CONTACT", "@ptr0", "@ptr1", "SL:CONTACT]", "IN:GET_LOCATION]"]}
{"loss": 2.319530963897705, "class_log_probabilities": [-3.035936117172241, -3.19305682182312, -4.783138751983643, -5.548258304595947], "predictions": [137, 6, 396, 397, 398, 399, 400, 401, 402, 7, 140, 4], "target_tokens": ["[IN:GET_EMPLOYER", "[SL:CONTACT", "@ptr5", "@ptr6", "SL:CONTACT]", "IN:GET_EMPLOYER]"], "predicted_tokens": ["[IN:GET_EMPLOYER", "[SL:CONTACT", "@ptr1", "@ptr2", "@ptr3", "@ptr4", "@ptr5", "@ptr6", "@ptr7", "SL:CONTACT]", "IN:GET_EMPLOYER]"]}
{"loss": 3.192368984222412, "class_log_probabilities": [-3.2373905181884766, -4.670278072357178, -4.751871585845947, -8.18727970123291], "predictions": [193, 6, 395, 7, 138, 399, 400, 402, 403, 139, 196, 4, 4, 4, 4], "target_tokens": ["[IN:GET_EMPLOYMENT_TIME", "[SL:CONTACT", "@ptr0", "SL:CONTACT]", "[SL:EMPLOYER", "@ptr8", "SL:EMPLOYER]", "[SL:JOB", "@ptr4", "@ptr5", "@ptr6", "SL:JOB]", "IN:GET_EMPLOYMENT_TIME]"], "predicted_tokens": ["[IN:GET_EMPLOYMENT_TIME", "[SL:CONTACT", "@ptr0", "SL:CONTACT]", "[SL:EMPLOYER", "@ptr4", "@ptr5", "@ptr7", "@ptr8", "SL:EMPLOYER]", "IN:GET_EMPLOYMENT_TIME]"]}
{"loss": 1.0300345420837402, "class_log_probabilities": [-1.5695494413375854, -1.8680633306503296, -4.6595377922058105, -4.809675216674805], "predictions": [137, 6, 395, 396, 397, 398, 7, 138, 401, 139, 140, 4], "target_tokens": ["[IN:GET_EMPLOYER", "[SL:CONTACT", "@ptr0", "@ptr1", "@ptr2", "@ptr3", "SL:CONTACT]", "[SL:EMPLOYER", "@ptr6", "SL:EMPLOYER]", "IN:GET_EMPLOYER]"], "predicted_tokens": ["[IN:GET_EMPLOYER", "[SL:CONTACT", "@ptr0", "@ptr1", "@ptr2", "@ptr3", "SL:CONTACT]", "[SL:EMPLOYER", "@ptr6", "SL:EMPLOYER]", "IN:GET_EMPLOYER]"]}
{"loss": 0.9951469302177429, "class_log_probabilities": [-0.8737603425979614, -3.7196242809295654, -4.3344807624816895, -8.567663192749023], "predictions": [147, 6, 395, 396, 7, 257, 400, 258, 150, 4, 4, 4, 4], "target_tokens": ["[IN:GET_EDUCATION_TIME", "[SL:CONTACT", "@ptr0", "@ptr1", "SL:CONTACT]", "[SL:SCHOOL", "@ptr5", "SL:SCHOOL]", "IN:GET_EDUCATION_TIME]"], "predicted_tokens": ["[IN:GET_EDUCATION_TIME", "[SL:CONTACT", "@ptr0", "@ptr1", "SL:CONTACT]", "[SL:SCHOOL", "@ptr5", "SL:SCHOOL]", "IN:GET_EDUCATION_TIME]"]}
{"loss": 0.9777315855026245, "class_log_probabilities": [-0.46004095673561096, -6.471704483032227, -6.939670085906982, -6.946499347686768], "predictions": [125, 6, 395, 396, 397, 7, 126, 4], "target_tokens": ["[IN:GET_AGE", "[SL:CONTACT", "@ptr0", "@ptr1", "@ptr2", "SL:CONTACT]", "IN:GET_AGE]"], "predicted_tokens": ["[IN:GET_AGE", "[SL:CONTACT", "@ptr0", "@ptr1", "@ptr2", "SL:CONTACT]", "IN:GET_AGE]"]}
{"loss": 0.9894483685493469, "class_log_probabilities": [-0.2942197918891907, -7.323645114898682, -7.7838544845581055, -14.530961036682129], "predictions": [125, 6, 395, 7, 126, 4, 4, 4, 4, 4], "target_tokens": ["[IN:GET_AGE", "[SL:CONTACT", "@ptr0", "SL:CONTACT]", "IN:GET_AGE]"], "predicted_tokens": ["[IN:GET_AGE", "[SL:CONTACT", "@ptr0", "SL:CONTACT]", "IN:GET_AGE]"]}
{"loss": 1.5346252918243408, "class_log_probabilities": [-0.5340611934661865, -6.192581653594971, -6.9183526039123535, -7.335435390472412], "predictions": [211, 6, 395, 7, 14, 400, 15, 212, 4, 4, 4, 4], "target_tokens": ["[IN:GET_LOCATION", "[SL:CONTACT", "@ptr0", "SL:CONTACT]", "[SL:LOCATION", "@ptr4", "SL:LOCATION]", "IN:GET_LOCATION]"], "predicted_tokens": ["[IN:GET_LOCATION", "[SL:CONTACT", "@ptr0", "SL:CONTACT]", "[SL:LOCATION", "@ptr5", "SL:LOCATION]", "IN:GET_LOCATION]"]}
{"loss": 1.7102751731872559, "class_log_probabilities": [-0.9161180257797241, -4.3573079109191895, -6.099203586578369, -6.194042682647705], "predictions": [70, 93, 397, 94, 257, 405, 258, 73, 4, 4, 4], "target_tokens": ["[IN:GET_CONTACT", "[SL:CONTACT_RELATED", "@ptr2", "SL:CONTACT_RELATED]", "[SL:SCHOOL", "@ptr8", "SL:SCHOOL]", "IN:GET_CONTACT]"], "predicted_tokens": ["[IN:GET_CONTACT", "[SL:CONTACT_RELATED", "@ptr2", "SL:CONTACT_RELATED]", "[SL:SCHOOL", "@ptr10", "SL:SCHOOL]", "IN:GET_CONTACT]"]}
{"loss": 3.241117477416992, "class_log_probabilities": [-2.926654100418091, -3.336271047592163, -4.111573696136475, -5.000285625457764], "predictions": [70, 71, 396, 72, 93, 400, 94, 257, 406, 258, 73, 4, 4, 4, 4], "target_tokens": ["[IN:GET_CONTACT", "[SL:CONTACT_RELATED", "@ptr4", "@ptr5", "SL:CONTACT_RELATED]", "[SL:TYPE_RELATION", "@ptr1", "SL:TYPE_RELATION]", "[SL:SCHOOL", "@ptr9", "@ptr10", "@ptr11", "@ptr12", "@ptr13", "@ptr14", "SL:SCHOOL]", "IN:GET_CONTACT]"], "predicted_tokens": ["[IN:GET_CONTACT", "[SL:TYPE_RELATION", "@ptr1", "SL:TYPE_RELATION]", "[SL:CONTACT_RELATED", "@ptr5", "SL:CONTACT_RELATED]", "[SL:SCHOOL", "@ptr11", "SL:SCHOOL]", "IN:GET_CONTACT]"]}
{"loss": 2.0510969161987305, "class_log_probabilities": [-4.1566314697265625, -4.323193550109863, -5.210119724273682, -5.896568298339844], "predictions": [70, 93, 398, 94, 71, 404, 15, 73, 4, 4, 4, 4, 4], "target_tokens": ["[IN:GET_CONTACT", "[SL:CONTACT_RELATED", "@ptr4", "@ptr5", "SL:CONTACT_RELATED]", "[SL:TYPE_RELATION", "@ptr3", "SL:TYPE_RELATION]", "[SL:LOCATION", "@ptr8", "SL:LOCATION]", "IN:GET_CONTACT]"], "predicted_tokens": ["[IN:GET_CONTACT", "[SL:CONTACT_RELATED", "@ptr3", "SL:CONTACT_RELATED]", "[SL:TYPE_RELATION", "@ptr9", "SL:LOCATION]", "IN:GET_CONTACT]"]}
{"loss": 2.6131956577301025, "class_log_probabilities": [-0.6984664797782898, -2.979156970977783, -4.015169143676758, -6.487889289855957], "predictions": [70, 71, 395, 72, 93, 397, 94, 73, 4, 4, 4, 4], "target_tokens": ["[IN:GET_CONTACT", "[SL:TYPE_RELATION", "@ptr0", "@ptr1", "SL:TYPE_RELATION]", "[SL:CONTACT_RELATED", "@ptr2", "@ptr3", "@ptr4", "SL:CONTACT_RELATED]", "IN:GET_CONTACT]"], "predicted_tokens": ["[IN:GET_CONTACT", "[SL:TYPE_RELATION", "@ptr0", "SL:TYPE_RELATION]", "[SL:CONTACT_RELATED", "@ptr2", "SL:CONTACT_RELATED]", "IN:GET_CONTACT]"]}
{"loss": 1.987369179725647, "class_log_probabilities": [-7.959473133087158, -9.879560470581055, -10.95531940460205, -14.284193992614746], "predictions": [51, 52, 397, 53, 129, 402, 404, 405, 406, 29, 54, 4, 4, 4, 4, 4, 4, 4], "target_tokens": ["[IN:GET_RECIPES", "[SL:RECIPES_DISH", "@ptr2", "SL:RECIPES_DISH]", "IN:GET_RECIPES]"], "predicted_tokens": ["[IN:GET_RECIPES", "[SL:RECIPES_DISH", "@ptr2", "SL:RECIPES_DISH]", "[SL:RECIPES_INCLUDED_INGREDIENT", "@ptr7", "@ptr9", "@ptr10", "@ptr11", "SL:RECIPES_ATTRIBUTE]", "IN:GET_RECIPES]"]}
{"loss": 4.330016613006592, "class_log_probabilities": [-1.2196831703186035, -1.775691032409668, -2.9007301330566406, -3.5373032093048096], "predictions": [61, 14, 408, 15, 62, 4, 4, 4], "target_tokens": ["[IN:GET_INFO_RECIPES", "[SL:RECIPES_DISH", "@ptr4", "@ptr5", "SL:RECIPES_DISH]", "IN:GET_INFO_RECIPES]"], "predicted_tokens": ["[IN:GET_EVENT", "[SL:LOCATION", "@ptr13", "SL:LOCATION]", "IN:GET_EVENT]"]}
{"loss": 4.573069095611572, "class_log_probabilities": [-3.410374641418457, -3.7600934505462646, -3.842756509780884, -4.796002388000488], "predictions": [39, 40, 397, 41, 42, 4], "target_tokens": ["[IN:GET_STORIES_NEWS", "[SL:NEWS_TYPE", "@ptr1", "@ptr2", "SL:NEWS_TYPE]", "[SL:NEWS_CATEGORY", "@ptr5", "@ptr6", "@ptr7", "@ptr8", "SL:NEWS_CATEGORY]", "[SL:NEWS_TOPIC", "@ptr3", "SL:NEWS_TOPIC]", "IN:GET_STORIES_NEWS]"], "predicted_tokens": ["[IN:GET_STORIES_NEWS", "[SL:NEWS_TYPE", "@ptr2", "SL:NEWS_TYPE]", "IN:GET_STORIES_NEWS]"]}
{"loss": 2.065624952316284, "class_log_probabilities": [-1.2271455526351929, -2.4967706203460693, -4.844849109649658, -7.369988918304443], "predictions": [39, 40, 396, 41, 42, 4, 4, 4, 4], "target_tokens": ["[IN:GET_STORIES_NEWS", "[SL:NEWS_REFERENCE", "@ptr2", "SL:NEWS_REFERENCE]", "[SL:NEWS_TYPE", "@ptr1", "SL:NEWS_TYPE]", "IN:GET_STORIES_NEWS]"], "predicted_tokens": ["[IN:GET_STORIES_NEWS", "[SL:NEWS_TYPE", "@ptr1", "SL:NEWS_TYPE]", "IN:GET_STORIES_NEWS]"]}
{"loss": 1.9200925827026367, "class_log_probabilities": [-1.4801193475723267, -3.1727945804595947, -4.472588539123535, -4.956573486328125], "predictions": [39, 40, 396, 41, 56, 398, 399, 400, 401, 57, 42, 4, 4], "target_tokens": ["[IN:GET_STORIES_NEWS", "[SL:NEWS_TYPE", "@ptr0", "@ptr1", "SL:NEWS_TYPE]", "[SL:NEWS_TOPIC", "@ptr3", "@ptr4", "@ptr5", "SL:NEWS_TOPIC]", "IN:GET_STORIES_NEWS]"], "predicted_tokens": ["[IN:GET_STORIES_NEWS", "[SL:NEWS_TYPE", "@ptr1", "SL:NEWS_TYPE]", "[SL:NEWS_TOPIC", "@ptr3", "@ptr4", "@ptr5", "@ptr6", "SL:NEWS_TOPIC]", "IN:GET_STORIES_NEWS]"]}
{"loss": 3.017375946044922, "class_log_probabilities": [-1.7379333972930908, -2.840738296508789, -3.1754112243652344, -5.977447032928467], "predictions": [39, 40, 398, 41, 133, 401, 134, 42, 4, 4, 4, 4], "target_tokens": ["[IN:GET_STORIES_NEWS", "[SL:NEWS_SOURCE", "@ptr4", "SL:NEWS_SOURCE]", "[SL:NEWS_TYPE", "@ptr2", "SL:NEWS_TYPE]", "IN:GET_STORIES_NEWS]"], "predicted_tokens": ["[IN:GET_STORIES_NEWS", "[SL:NEWS_TYPE", "@ptr3", "SL:NEWS_TYPE]", "[SL:NEWS_SOURCE", "@ptr6", "SL:NEWS_SOURCE]", "IN:GET_STORIES_NEWS]"]}
{"loss": 2.6523373126983643, "class_log_probabilities": [-3.219313621520996, -3.3827133178710938, -3.648505687713623, -4.425547122955322], "predictions": [45, 16, 404, 406, 17, 46, 4, 4], "target_tokens": ["[IN:SNOOZE_ALARM", "[SL:DATE_TIME", "@ptr9", "@ptr10", "SL:DATE_TIME]", "IN:SNOOZE_ALARM]"], "predicted_tokens": ["[IN:CREATE_ALARM", "[SL:DATE_TIME", "@ptr9", "@ptr11", "SL:DATE_TIME]", "IN:CREATE_ALARM]"]}
{"loss": 3.8602492809295654, "class_log_probabilities": [-0.4592766761779785, -4.53887414932251, -5.126414775848389, -5.177199363708496], "predictions": [183, 184, 4], "target_tokens": ["[IN:ADD_TIME_TIMER", "[SL:DATE_TIME", "@ptr13", "@ptr14", "SL:DATE_TIME]", "[SL:METHOD_TIMER", "@ptr4", "@ptr5", "@ptr6", "SL:METHOD_TIMER]", "IN:ADD_TIME_TIMER]"], "predicted_tokens": ["[IN:ADD_TIME_TIMER", "IN:ADD_TIME_TIMER]"]}
{"loss": 2.8370113372802734, "class_log_probabilities": [-1.312732219696045, -1.3691375255584717, -5.61277961730957, -6.661518573760986], "predictions": [183, 16, 396, 397, 17, 90, 403, 91, 184, 4], "target_tokens": ["[IN:ADD_TIME_TIMER", "[SL:DATE_TIME", "@ptr1", "@ptr2", "SL:DATE_TIME]", "[SL:METHOD_TIMER", "@ptr5", "@ptr6", "@ptr7", "SL:METHOD_TIMER]", "IN:ADD_TIME_TIMER]"], "predicted_tokens": ["[IN:ADD_TIME_TIMER", "[SL:DATE_TIME", "@ptr1", "@ptr2", "SL:DATE_TIME]", "[SL:METHOD_TIMER", "@ptr8", "SL:METHOD_TIMER]", "IN:ADD_TIME_TIMER]"]}
{"loss": 4.662810802459717, "class_log_probabilities": [-3.314871311187744, -3.8576626777648926, -4.166144847869873, -4.303195476531982], "predictions": [13, 135, 397, 136, 135, 398, 136, 14, 401, 402, 403, 15, 16, 405, 17, 18, 4], "target_tokens": ["[IN:GET_WEATHER", "[SL:LOCATION", "@ptr4", "@ptr5", "@ptr6", "SL:LOCATION]", "[SL:DATE_TIME", "@ptr7", "@ptr8", "SL:DATE_TIME]", "[SL:WEATHER_TEMPERATURE_UNIT", "@ptr2", "SL:WEATHER_TEMPERATURE_UNIT]", "IN:GET_WEATHER]"], "predicted_tokens": ["[IN:GET_WEATHER", "[SL:WEATHER_TEMPERATURE_UNIT", "@ptr2", "SL:WEATHER_TEMPERATURE_UNIT]", "[SL:WEATHER_TEMPERATURE_UNIT", "@ptr3", "SL:WEATHER_TEMPERATURE_UNIT]", "[SL:LOCATION", "@ptr6", "@ptr7", "@ptr8", "SL:LOCATION]", "[SL:DATE_TIME", "@ptr10", "SL:DATE_TIME]", "IN:GET_WEATHER]"]}
{"loss": 4.0045013427734375, "class_log_probabilities": [-2.1715612411499023, -2.996163845062256, -3.138719081878662, -3.439363479614258], "predictions": [295, 296, 4], "target_tokens": ["[IN:QUESTION_NEWS", "[SL:NEWS_TOPIC", "@ptr0", "@ptr1", "@ptr2", "SL:NEWS_TOPIC]", "IN:QUESTION_NEWS]"], "predicted_tokens": ["[IN:GET_DATE_TIME_EVENT", "IN:GET_DATE_TIME_EVENT]"]}
{"loss": 2.6358773708343506, "class_log_probabilities": [-1.1336475610733032, -2.102024555206299, -4.50560998916626, -4.827338695526123], "predictions": [51, 52, 398, 399, 53, 54, 4], "target_tokens": ["[IN:GET_RECIPES", "[SL:RECIPES_DISH", "@ptr2", "@ptr3", "SL:RECIPES_DISH]", "IN:GET_RECIPES]"], "predicted_tokens": ["[IN:GET_RECIPES", "[SL:RECIPES_DISH", "@ptr3", "@ptr4", "SL:RECIPES_DISH]", "IN:GET_RECIPES]"]}
{"loss": 1.0009182691574097, "class_log_probabilities": [-1.3406586647033691, -3.3996920585632324, -4.274264335632324, -4.687294006347656], "predictions": [27, 52, 395, 396, 397, 53, 30, 4], "target_tokens": ["[IN:GET_INFO_RECIPES", "[SL:RECIPES_DISH", "@ptr0", "@ptr1", "@ptr2", "SL:RECIPES_DISH]", "IN:GET_INFO_RECIPES]"], "predicted_tokens": ["[IN:GET_INFO_RECIPES", "[SL:RECIPES_DISH", "@ptr0", "@ptr1", "@ptr2", "SL:RECIPES_DISH]", "IN:GET_INFO_RECIPES]"]}
{"loss": 2.753122091293335, "class_log_probabilities": [-0.9587038159370422, -3.5645649433135986, -4.252702713012695, -4.537191390991211], "predictions": [13, 16, 395, 396, 17, 79, 399, 80, 135, 402, 136, 18, 4, 4, 4, 4], "target_tokens": ["[IN:GET_WEATHER", "[SL:WEATHER_ATTRIBUTE", "@ptr3", "SL:WEATHER_ATTRIBUTE]", "[SL:DATE_TIME", "@ptr0", "@ptr1", "SL:DATE_TIME]", "[SL:WEATHER_TEMPERATURE_UNIT", "@ptr6", "SL:WEATHER_TEMPERATURE_UNIT]", "IN:GET_WEATHER]"], "predicted_tokens": ["[IN:GET_WEATHER", "[SL:DATE_TIME", "@ptr0", "@ptr1", "SL:DATE_TIME]", "[SL:WEATHER_ATTRIBUTE", "@ptr4", "SL:WEATHER_ATTRIBUTE]", "[SL:WEATHER_TEMPERATURE_UNIT", "@ptr7", "SL:WEATHER_TEMPERATURE_UNIT]", "IN:GET_WEATHER]"]}
{"loss": 1.6750167608261108, "class_log_probabilities": [-2.0880274772644043, -2.305116653442383, -3.2346293926239014, -3.469334602355957], "predictions": [27, 52, 396, 53, 113, 398, 399, 114, 30, 4, 4], "target_tokens": ["[IN:GET_INFO_RECIPES", "[SL:RECIPES_INCLUDED_INGREDIENT", "@ptr1", "SL:RECIPES_INCLUDED_INGREDIENT]", "[SL:RECIPES_COOKING_METHOD", "@ptr3", "@ptr4", "SL:RECIPES_COOKING_METHOD]", "IN:GET_INFO_RECIPES]"], "predicted_tokens": ["[IN:GET_INFO_RECIPES", "[SL:RECIPES_DISH", "@ptr1", "SL:RECIPES_DISH]", "[SL:RECIPES_COOKING_METHOD", "@ptr3", "@ptr4", "SL:RECIPES_COOKING_METHOD]", "IN:GET_INFO_RECIPES]"]}
{"loss": 3.5401875972747803, "class_log_probabilities": [-4.251177787780762, -4.320570468902588, -4.39400577545166, -6.730849742889404], "predictions": [51, 52, 396, 397, 398, 399, 53, 341, 401, 402, 342, 54, 4, 4, 4, 4, 4], "target_tokens": ["[IN:GET_RECIPES", "[SL:RECIPES_RATING", "@ptr4", "@ptr5", "@ptr6", "SL:RECIPES_RATING]", "[SL:RECIPES_DISH", "@ptr1", "@ptr2", "@ptr3", "SL:RECIPES_DISH]", "[SL:RECIPES_SOURCE", "@ptr8", "@ptr9", "SL:RECIPES_SOURCE]", "IN:GET_RECIPES]"], "predicted_tokens": ["[IN:GET_RECIPES", "[SL:RECIPES_DISH", "@ptr1", "@ptr2", "@ptr3", "@ptr4", "SL:RECIPES_DISH]", "[SL:RECIPES_SOURCE", "@ptr6", "@ptr7", "SL:RECIPES_SOURCE]", "IN:GET_RECIPES]"]}
{"loss": 3.4615540504455566, "class_log_probabilities": [-1.8227183818817139, -2.7830941677093506, -3.296583414077759, -4.110380172729492], "predictions": [27, 52, 404, 53, 30, 4, 4], "target_tokens": ["[IN:GET_RECIPES", "[SL:RECIPES_DISH", "@ptr8", "@ptr9", "SL:RECIPES_DISH]", "IN:GET_RECIPES]"], "predicted_tokens": ["[IN:GET_INFO_RECIPES", "[SL:RECIPES_DISH", "@ptr9", "SL:RECIPES_DISH]", "IN:GET_INFO_RECIPES]"]}
{"loss": 3.296548843383789, "class_log_probabilities": [-0.7920281291007996, -3.3098158836364746, -4.625883102416992, -6.532580852508545], "predictions": [13, 79, 397, 80, 18, 4, 4], "target_tokens": ["[IN:QUESTION_NEWS", "[SL:NEWS_TOPIC", "@ptr2", "SL:NEWS_TOPIC]", "IN:QUESTION_NEWS]"], "predicted_tokens": ["[IN:GET_WEATHER", "[SL:WEATHER_ATTRIBUTE", "@ptr2", "SL:WEATHER_ATTRIBUTE]", "IN:GET_WEATHER]"]}
{"loss": 2.5751023292541504, "class_log_probabilities": [-0.544910192489624, -6.371618270874023, -7.070815086364746, -7.111881256103516], "predictions": [63, 64, 396, 65, 66, 399, 400, 67, 68, 4, 4], "target_tokens": ["[IN:PLAY_MUSIC", "[SL:MUSIC_ARTIST_NAME", "@ptr4", "@ptr5", "SL:MUSIC_ARTIST_NAME]", "[SL:MUSIC_TYPE", "@ptr1", "SL:MUSIC_TYPE]", "IN:PLAY_MUSIC]"], "predicted_tokens": ["[IN:PLAY_MUSIC", "[SL:MUSIC_TYPE", "@ptr1", "SL:MUSIC_TYPE]", "[SL:MUSIC_ARTIST_NAME", "@ptr4", "@ptr5", "SL:MUSIC_ARTIST_NAME]", "IN:PLAY_MUSIC]"]}
{"loss": 3.5713675022125244, "class_log_probabilities": [-0.6021626591682434, -7.111533164978027, -7.162438869476318, -7.956043720245361], "predictions": [13, 16, 395, 396, 17, 79, 400, 80, 18, 4, 4, 4, 4], "target_tokens": ["[IN:GET_WEATHER", "[SL:WEATHER_ATTRIBUTE", "@ptr4", "@ptr5", "SL:WEATHER_ATTRIBUTE]", "[SL:DATE_TIME", "@ptr0", "@ptr1", "SL:DATE_TIME]", "IN:GET_WEATHER]"], "predicted_tokens": ["[IN:GET_WEATHER", "[SL:DATE_TIME", "@ptr0", "@ptr1", "SL:DATE_TIME]", "[SL:WEATHER_ATTRIBUTE", "@ptr5", "SL:WEATHER_ATTRIBUTE]", "IN:GET_WEATHER]"]}
{"loss": 1.4023016691207886, "class_log_probabilities": [-0.9883705377578735, -1.7512794733047485, -3.2586913108825684, -5.850283145904541], "predictions": [115, 90, 397, 91, 116, 4, 4], "target_tokens": ["[IN:GET_TIMER", "IN:GET_TIMER]"], "predicted_tokens": ["[IN:GET_TIMER", "[SL:METHOD_TIMER", "@ptr2", "SL:METHOD_TIMER]", "IN:GET_TIMER]"]}
{"loss": 3.8001086711883545, "class_log_probabilities": [-4.05430793762207, -4.143925189971924, -4.397636890411377, -4.461236476898193], "predictions": [70, 93, 396, 397, 398, 399, 94, 71, 400, 72, 14, 404, 15, 73, 4, 4], "target_tokens": ["[IN:GET_WEATHER", "[SL:WEATHER_ATTRIBUTE", "@ptr0", "@ptr1", "@ptr2", "@ptr3", "SL:WEATHER_ATTRIBUTE]", "[SL:LOCATION", "@ptr7", "SL:LOCATION]", "IN:GET_WEATHER]"], "predicted_tokens": ["[IN:GET_CONTACT", "[SL:CONTACT_RELATED", "@ptr1", "@ptr2", "@ptr3", "@ptr4", "SL:CONTACT_RELATED]", "[SL:TYPE_RELATION", "@ptr5", "SL:TYPE_RELATION]", "[SL:LOCATION", "@ptr9", "SL:LOCATION]", "IN:GET_CONTACT]"]}
{"loss": 3.7438254356384277, "class_log_probabilities": [-0.421904981136322, -8.008980751037598, -9.063384056091309, -9.075735092163086], "predictions": [13, 16, 398, 399, 17, 18, 4, 4, 4], "target_tokens": ["[IN:GET_WEATHER", "[SL:DATE_TIME", "@ptr2", "@ptr3", "SL:DATE_TIME]", "IN:GET_WEATHER]"], "predicted_tokens": ["[IN:GET_WEATHER", "[SL:DATE_TIME", "@ptr3", "@ptr4", "SL:DATE_TIME]", "IN:GET_WEATHER]"]}
{"loss": 2.836806058883667, "class_log_probabilities": [-1.4932563304901123, -2.078098773956299, -7.35501766204834, -7.9637131690979], "predictions": [13, 16, 395, 396, 397, 398, 399, 400, 401, 17, 79, 402, 80, 18, 4, 4, 4, 4], "target_tokens": ["[IN:GET_WEATHER", "[SL:WEATHER_ATTRIBUTE", "@ptr6", "SL:WEATHER_ATTRIBUTE]", "[SL:DATE_TIME", "@ptr0", "@ptr1", "@ptr2", "@ptr3", "@ptr4", "@ptr5", "SL:DATE_TIME]", "IN:GET_WEATHER]"], "predicted_tokens": ["[IN:GET_WEATHER", "[SL:DATE_TIME", "@ptr0", "@ptr1", "@ptr2", "@ptr3", "@ptr4", "@ptr5", "@ptr6", "SL:DATE_TIME]", "[SL:WEATHER_ATTRIBUTE", "@ptr7", "SL:WEATHER_ATTRIBUTE]", "IN:GET_WEATHER]"]}
{"loss": 1.8454869985580444, "class_log_probabilities": [-0.6581836938858032, -4.685331344604492, -6.604234218597412, -6.937557697296143], "predictions": [55, 56, 395, 396, 397, 398, 399, 400, 57, 58, 4, 4], "target_tokens": ["[IN:QUESTION_NEWS", "[SL:NEWS_TOPIC", "@ptr0", "@ptr1", "@ptr2", "@ptr3", "@ptr4", "@ptr5", "@ptr6", "@ptr7", "@ptr8", "@ptr9", "SL:NEWS_TOPIC]", "IN:QUESTION_NEWS]"], "predicted_tokens": ["[IN:QUESTION_NEWS", "[SL:NEWS_TOPIC", "@ptr0", "@ptr1", "@ptr2", "@ptr3", "@ptr4", "@ptr5", "SL:NEWS_TOPIC]", "IN:QUESTION_NEWS]"]}
{"loss": 2.988370656967163, "class_log_probabilities": [-0.6440957188606262, -5.2346320152282715, -7.661172389984131, -7.669536590576172], "predictions": [13, 16, 395, 396, 397, 17, 79, 400, 80, 18, 4, 4, 4, 4], "target_tokens": ["[IN:GET_WEATHER", "[SL:WEATHER_ATTRIBUTE", "@ptr4", "SL:WEATHER_ATTRIBUTE]", "[SL:DATE_TIME", "@ptr0", "@ptr1", "@ptr2", "SL:DATE_TIME]", "IN:GET_WEATHER]"], "predicted_tokens": ["[IN:GET_WEATHER", "[SL:DATE_TIME", "@ptr0", "@ptr1", "@ptr2", "SL:DATE_TIME]", "[SL:WEATHER_ATTRIBUTE", "@ptr5", "SL:WEATHER_ATTRIBUTE]", "IN:GET_WEATHER]"]}
{"loss": 2.563920259475708, "class_log_probabilities": [-0.8952851891517639, -3.057612657546997, -4.357495307922363, -5.479705333709717], "predictions": [45, 16, 399, 400, 401, 402, 403, 404, 405, 17, 46, 4, 4, 4, 4], "target_tokens": ["[IN:CREATE_ALARM", "[SL:DATE_TIME", "@ptr3", "@ptr4", "@ptr5", "@ptr7", "@ptr8", "SL:DATE_TIME]", "IN:CREATE_ALARM]"], "predicted_tokens": ["[IN:CREATE_ALARM", "[SL:DATE_TIME", "@ptr4", "@ptr5", "@ptr6", "@ptr7", "@ptr8", "@ptr9", "@ptr10", "SL:DATE_TIME]", "IN:CREATE_ALARM]"]}
{"loss": 2.825269937515259, "class_log_probabilities": [-0.6727956533432007, -3.7625362873077393, -6.082754611968994, -6.76009464263916], "predictions": [13, 16, 398, 399, 400, 401, 17, 18, 4, 4], "target_tokens": ["[IN:GET_WEATHER", "[SL:DATE_TIME", "@ptr2", "@ptr3", "@ptr4", "@ptr5", "SL:DATE_TIME]", "IN:GET_WEATHER]"], "predicted_tokens": ["[IN:GET_WEATHER", "[SL:DATE_TIME", "@ptr3", "@ptr4", "@ptr5", "@ptr6", "SL:DATE_TIME]", "IN:GET_WEATHER]"]}
{"loss": 1.5499950647354126, "class_log_probabilities": [-0.9674596786499023, -4.252493858337402, -4.470555305480957, -4.585000991821289], "predictions": [297, 64, 398, 65, 298, 4], "target_tokens": ["[IN:STOP_MUSIC", "[SL:MUSIC_TYPE", "@ptr2", "SL:MUSIC_TYPE]", "IN:STOP_MUSIC]"], "predicted_tokens": ["[IN:STOP_MUSIC", "[SL:MUSIC_TYPE", "@ptr3", "SL:MUSIC_TYPE]", "IN:STOP_MUSIC]"]}
{"loss": 2.98542857170105, "class_log_probabilities": [-1.3275343179702759, -2.2477033138275146, -4.106025695800781, -4.195169448852539], "predictions": [45, 16, 403, 404, 405, 17, 46, 4, 4], "target_tokens": ["[IN:CREATE_ALARM", "[SL:DATE_TIME", "@ptr6", "@ptr7", "@ptr8", "SL:DATE_TIME]", "IN:CREATE_ALARM]"], "predicted_tokens": ["[IN:CREATE_ALARM", "[SL:DATE_TIME", "@ptr8", "@ptr9", "@ptr10", "SL:DATE_TIME]", "IN:CREATE_ALARM]"]}
{"loss": 3.099794387817383, "class_log_probabilities": [-0.9788961410522461, -1.2014609575271606, -5.650414943695068, -6.45935583114624], "predictions": [255, 90, 399, 91, 256, 4], "target_tokens": ["[IN:PAUSE_TIMER", "[SL:METHOD_TIMER", "@ptr1", "@ptr2", "@ptr3", "SL:METHOD_TIMER]", "IN:PAUSE_TIMER]"], "predicted_tokens": ["[IN:PAUSE_TIMER", "[SL:METHOD_TIMER", "@ptr4", "SL:METHOD_TIMER]", "IN:PAUSE_TIMER]"]}
{"loss": 3.6242473125457764, "class_log_probabilities": [-3.638760805130005, -4.789511680603027, -4.8856306076049805, -5.527930736541748], "predictions": [183, 90, 396, 91, 16, 402, 403, 17, 184, 4], "target_tokens": ["[IN:ADD_TIME_TIMER", "[SL:METHOD_TIMER", "@ptr0", "@ptr1", "@ptr2", "SL:METHOD_TIMER]", "[SL:DATE_TIME", "@ptr5", "@ptr6", "SL:DATE_TIME]", "IN:ADD_TIME_TIMER]"], "predicted_tokens": ["[IN:ADD_TIME_TIMER", "[SL:METHOD_TIMER", "@ptr1", "SL:METHOD_TIMER]", "[SL:DATE_TIME", "@ptr7", "@ptr8", "SL:DATE_TIME]", "IN:ADD_TIME_TIMER]"]}
{"loss": 3.132171392440796, "class_log_probabilities": [-0.7143853306770325, -2.325155735015869, -6.52810525894165, -6.901501178741455], "predictions": [63, 64, 397, 65, 68, 4], "target_tokens": ["[IN:START_SHUFFLE_MUSIC", "[SL:MUSIC_TYPE", "@ptr1", "SL:MUSIC_TYPE]", "IN:START_SHUFFLE_MUSIC]"], "predicted_tokens": ["[IN:PLAY_MUSIC", "[SL:MUSIC_TYPE", "@ptr2", "SL:MUSIC_TYPE]", "IN:PLAY_MUSIC]"]}
{"loss": 3.558204174041748, "class_log_probabilities": [-3.8194050788879395, -3.967043876647949, -5.577259063720703, -5.879888534545898], "predictions": [89, 90, 397, 91, 92, 4, 4, 4, 4, 4, 4, 4, 4, 4], "target_tokens": ["[IN:RESTART_TIMER", "[SL:METHOD_TIMER", "@ptr1", "@ptr2", "@ptr3", "SL:METHOD_TIMER]", "IN:RESTART_TIMER]"], "predicted_tokens": ["[IN:CREATE_TIMER", "[SL:METHOD_TIMER", "@ptr2", "SL:METHOD_TIMER]", "IN:CREATE_TIMER]"]}
{"loss": 1.9323523044586182, "class_log_probabilities": [-0.6371802687644958, -6.206269264221191, -6.311617851257324, -6.405489444732666], "predictions": [45, 16, 399, 400, 401, 402, 17, 46, 4, 4, 4, 4], "target_tokens": ["[IN:CREATE_ALARM", "[SL:DATE_TIME", "@ptr3", "@ptr4", "@ptr5", "@ptr6", "@ptr7", "SL:DATE_TIME]", "IN:CREATE_ALARM]"], "predicted_tokens": ["[IN:CREATE_ALARM", "[SL:DATE_TIME", "@ptr4", "@ptr5", "@ptr6", "@ptr7", "SL:DATE_TIME]", "IN:CREATE_ALARM]"]}
{"loss": 3.6949167251586914, "class_log_probabilities": [-1.7379987239837646, -2.3954014778137207, -4.171392440795898, -5.571745872497559], "predictions": [89, 90, 399, 91, 16, 400, 401, 402, 17, 92, 4], "target_tokens": ["[IN:CREATE_TIMER", "[SL:METHOD_TIMER", "@ptr1", "@ptr2", "@ptr3", "SL:METHOD_TIMER]", "[SL:DATE_TIME", "@ptr4", "@ptr5", "SL:DATE_TIME]", "IN:CREATE_TIMER]"], "predicted_tokens": ["[IN:CREATE_TIMER", "[SL:METHOD_TIMER", "@ptr4", "SL:METHOD_TIMER]", "[SL:DATE_TIME", "@ptr5", "@ptr6", "@ptr7", "SL:DATE_TIME]", "IN:CREATE_TIMER]"]}
{"loss": 2.483086109161377, "class_log_probabilities": [-0.6125068664550781, -2.5429484844207764, -5.778060436248779, -6.014736175537109], "predictions": [13, 16, 401, 402, 17, 18, 4], "target_tokens": ["[IN:GET_WEATHER", "[SL:DATE_TIME", "@ptr5", "@ptr6", "SL:DATE_TIME]", "IN:GET_WEATHER]"], "predicted_tokens": ["[IN:GET_WEATHER", "[SL:DATE_TIME", "@ptr6", "@ptr7", "SL:DATE_TIME]", "IN:GET_WEATHER]"]}
{"loss": 3.4464995861053467, "class_log_probabilities": [-0.3458017408847809, -6.231698513031006, -7.613130569458008, -8.384576797485352], "predictions": [115, 90, 397, 91, 116, 4, 4, 4, 4], "target_tokens": ["[IN:GET_TIMER", "[SL:METHOD_TIMER", "@ptr0", "@ptr1", "@ptr2", "SL:METHOD_TIMER]", "IN:GET_TIMER]"], "predicted_tokens": ["[IN:GET_TIMER", "[SL:METHOD_TIMER", "@ptr2", "SL:METHOD_TIMER]", "IN:GET_TIMER]"]}
{"loss": 2.8395097255706787, "class_log_probabilities": [-2.0142414569854736, -3.643033504486084, -4.162352561950684, -5.789800643920898], "predictions": [89, 90, 399, 91, 16, 400, 401, 402, 17, 92, 4, 4], "target_tokens": ["[IN:CREATE_TIMER", "[SL:METHOD_TIMER", "@ptr2", "@ptr3", "SL:METHOD_TIMER]", "[SL:DATE_TIME", "@ptr4", "@ptr5", "SL:DATE_TIME]", "IN:CREATE_TIMER]"], "predicted_tokens": ["[IN:CREATE_TIMER", "[SL:METHOD_TIMER", "@ptr4", "SL:METHOD_TIMER]", "[SL:DATE_TIME", "@ptr5", "@ptr6", "@ptr7", "SL:DATE_TIME]", "IN:CREATE_TIMER]"]}
{"loss": 1.0504359006881714, "class_log_probabilities": [-1.3137925863265991, -1.3333549499511719, -3.1198630332946777, -5.870996475219727], "predictions": [13, 79, 398, 399, 80, 18, 4], "target_tokens": ["[IN:GET_WEATHER", "[SL:WEATHER_ATTRIBUTE", "@ptr3", "@ptr4", "SL:WEATHER_ATTRIBUTE]", "IN:GET_WEATHER]"], "predicted_tokens": ["[IN:GET_WEATHER", "[SL:WEATHER_ATTRIBUTE", "@ptr3", "@ptr4", "SL:WEATHER_ATTRIBUTE]", "IN:GET_WEATHER]"]}
{"loss": 3.493389844894409, "class_log_probabilities": [-3.3514978885650635, -3.3548882007598877, -3.847247362136841, -4.249697685241699], "predictions": [39, 40, 396, 397, 398, 399, 400, 401, 402, 57, 42, 4, 4, 4, 4], "target_tokens": ["[IN:GET_STORIES_NEWS", "[SL:DATE_TIME", "@ptr6", "SL:DATE_TIME]", "[SL:NEWS_CATEGORY", "@ptr4", "@ptr5", "SL:NEWS_CATEGORY]", "[SL:NEWS_TYPE", "@ptr1", "@ptr2", "@ptr3", "SL:NEWS_TYPE]", "IN:GET_STORIES_NEWS]"], "predicted_tokens": ["[IN:GET_STORIES_NEWS", "[SL:NEWS_TYPE", "@ptr1", "@ptr2", "@ptr3", "@ptr4", "@ptr5", "@ptr6", "@ptr7", "SL:NEWS_TOPIC]", "IN:GET_STORIES_NEWS]"]}
{"loss": 3.770965576171875, "class_log_probabilities": [-0.7525591850280762, -4.265120506286621, -6.361544132232666, -6.425372123718262], "predictions": [13, 16, 395, 396, 17, 79, 402, 403, 404, 80, 18, 4], "target_tokens": ["[IN:GET_WEATHER", "[SL:WEATHER_ATTRIBUTE", "@ptr6", "@ptr7", "@ptr8", "SL:WEATHER_ATTRIBUTE]", "[SL:DATE_TIME", "@ptr0", "@ptr1", "SL:DATE_TIME]", "IN:GET_WEATHER]"], "predicted_tokens": ["[IN:GET_WEATHER", "[SL:DATE_TIME", "@ptr0", "@ptr1", "SL:DATE_TIME]", "[SL:WEATHER_ATTRIBUTE", "@ptr7", "@ptr8", "@ptr9", "SL:WEATHER_ATTRIBUTE]", "IN:GET_WEATHER]"]}
{"loss": 2.746722459793091, "class_log_probabilities": [-1.8809987306594849, -2.5649609565734863, -3.0388906002044678, -3.6180226802825928], "predictions": [45, 16, 401, 402, 403, 404, 17, 46, 4], "target_tokens": ["[IN:CREATE_ALARM", "[SL:DATE_TIME", "@ptr5", "@ptr7", "@ptr8", "SL:DATE_TIME]", "IN:CREATE_ALARM]"], "predicted_tokens": ["[IN:CREATE_ALARM", "[SL:DATE_TIME", "@ptr6", "@ptr7", "@ptr8", "@ptr9", "SL:DATE_TIME]", "IN:CREATE_ALARM]"]}
{"loss": 2.940934658050537, "class_log_probabilities": [-1.1192256212234497, -3.4176342487335205, -4.304029941558838, -4.439770221710205], "predictions": [13, 14, 399, 400, 15, 16, 401, 402, 403, 17, 18, 4], "target_tokens": ["[IN:GET_WEATHER", "[SL:LOCATION", "@ptr3", "@ptr4", "SL:LOCATION]", "[SL:DATE_TIME", "@ptr5", "@ptr6", "SL:DATE_TIME]", "IN:GET_WEATHER]"], "predicted_tokens": ["[IN:GET_WEATHER", "[SL:LOCATION", "@ptr4", "@ptr5", "SL:LOCATION]", "[SL:DATE_TIME", "@ptr6", "@ptr7", "@ptr8", "SL:DATE_TIME]", "IN:GET_WEATHER]"]}
{"loss": 1.8107423782348633, "class_log_probabilities": [-0.3286052644252777, -5.623142242431641, -6.466259956359863, -6.684235572814941], "predictions": [169, 64, 397, 65, 170, 4], "target_tokens": ["[IN:REMOVE_FROM_PLAYLIST_MUSIC", "[SL:MUSIC_TYPE", "@ptr4", "SL:MUSIC_TYPE]", "IN:REMOVE_FROM_PLAYLIST_MUSIC]"], "predicted_tokens": ["[IN:REMOVE_FROM_PLAYLIST_MUSIC", "[SL:MUSIC_TYPE", "@ptr2", "SL:MUSIC_TYPE]", "IN:REMOVE_FROM_PLAYLIST_MUSIC]"]}
{"loss": 4.268770694732666, "class_log_probabilities": [-2.966014862060547, -3.351071834564209, -3.5528383255004883, -3.9356236457824707], "predictions": [63, 206, 398, 399, 207, 66, 402, 67, 68, 4, 4, 4], "target_tokens": ["[IN:PLAY_MUSIC", "[SL:MUSIC_ARTIST_NAME", "@ptr6", "@ptr7", "SL:MUSIC_ARTIST_NAME]", "[SL:MUSIC_TYPE", "@ptr2", "SL:MUSIC_TYPE]", "IN:PLAY_MUSIC]"], "predicted_tokens": ["[IN:PLAY_MUSIC", "[SL:MUSIC_ALBUM_TITLE", "@ptr3", "@ptr4", "SL:MUSIC_ALBUM_TITLE]", "[SL:MUSIC_ARTIST_NAME", "@ptr7", "SL:MUSIC_ARTIST_NAME]", "IN:PLAY_MUSIC]"]}
{"loss": 4.082090377807617, "class_log_probabilities": [-1.3734972476959229, -1.604950189590454, -5.162683963775635, -5.685640811920166], "predictions": [13, 16, 400, 401, 17, 79, 406, 80, 18, 4, 4], "target_tokens": ["[IN:GET_WEATHER", "[SL:WEATHER_ATTRIBUTE", "@ptr8", "SL:WEATHER_ATTRIBUTE]", "[SL:DATE_TIME", "@ptr4", "@ptr5", "SL:DATE_TIME]", "IN:GET_WEATHER]"], "predicted_tokens": ["[IN:GET_WEATHER", "[SL:DATE_TIME", "@ptr5", "@ptr6", "SL:DATE_TIME]", "[SL:WEATHER_ATTRIBUTE", "@ptr11", "SL:WEATHER_ATTRIBUTE]", "IN:GET_WEATHER]"]}
{"loss": 3.1864917278289795, "class_log_probabilities": [-0.36094048619270325, -7.433858394622803, -7.581778049468994, -7.794005870819092], "predictions": [13, 79, 396, 80, 18, 4, 4], "target_tokens": ["[IN:GET_WEATHER", "[SL:WEATHER_ATTRIBUTE", "@ptr0", "@ptr1", "SL:WEATHER_ATTRIBUTE]", "IN:GET_WEATHER]"], "predicted_tokens": ["[IN:GET_WEATHER", "[SL:WEATHER_ATTRIBUTE", "@ptr1", "SL:WEATHER_ATTRIBUTE]", "IN:GET_WEATHER]"]}
{"loss": 0.9629172682762146, "class_log_probabilities": [-0.46908101439476013, -5.581217288970947, -7.270112991333008, -7.608572006225586], "predictions": [13, 16, 395, 396, 17, 18, 4, 4, 4, 4], "target_tokens": ["[IN:GET_WEATHER", "[SL:DATE_TIME", "@ptr0", "@ptr1", "SL:DATE_TIME]", "IN:GET_WEATHER]"], "predicted_tokens": ["[IN:GET_WEATHER", "[SL:DATE_TIME", "@ptr0", "@ptr1", "SL:DATE_TIME]", "IN:GET_WEATHER]"]}
{"loss": 0.9560965299606323, "class_log_probabilities": [-0.5144862532615662, -8.067014694213867, -8.312213897705078, -9.069783210754395], "predictions": [13, 16, 395, 396, 397, 17, 18, 4, 4, 4], "target_tokens": ["[IN:GET_WEATHER", "[SL:DATE_TIME", "@ptr0", "@ptr1", "@ptr2", "SL:DATE_TIME]", "IN:GET_WEATHER]"], "predicted_tokens": ["[IN:GET_WEATHER", "[SL:DATE_TIME", "@ptr0", "@ptr1", "@ptr2", "SL:DATE_TIME]", "IN:GET_WEATHER]"]}
{"loss": 1.6845282316207886, "class_log_probabilities": [-2.050713300704956, -3.248666286468506, -3.405332088470459, -4.491092205047607], "predictions": [63, 66, 397, 67, 66, 400, 401, 402, 403, 404, 67, 68, 4, 4, 4, 4], "target_tokens": ["[IN:PLAY_MUSIC", "[SL:MUSIC_ARTIST_NAME", "@ptr5", "@ptr6", "@ptr7", "@ptr8", "SL:MUSIC_ARTIST_NAME]", "[SL:MUSIC_TYPE", "@ptr9", "SL:MUSIC_TYPE]", "IN:PLAY_MUSIC]"], "predicted_tokens": ["[IN:PLAY_MUSIC", "[SL:MUSIC_ARTIST_NAME", "@ptr2", "SL:MUSIC_ARTIST_NAME]", "[SL:MUSIC_ARTIST_NAME", "@ptr5", "@ptr6", "@ptr7", "@ptr8", "@ptr9", "SL:MUSIC_ARTIST_NAME]", "IN:PLAY_MUSIC]"]}
{"loss": 1.5699809789657593, "class_log_probabilities": [-1.1207348108291626, -2.3767988681793213, -5.232537746429443, -6.114356994628906], "predictions": [45, 16, 398, 399, 400, 401, 402, 403, 17, 46, 4, 4, 4], "target_tokens": ["[IN:CREATE_ALARM", "[SL:DATE_TIME", "@ptr3", "@ptr4", "@ptr5", "@ptr6", "@ptr7", "SL:DATE_TIME]", "IN:CREATE_ALARM]"], "predicted_tokens": ["[IN:CREATE_ALARM", "[SL:DATE_TIME", "@ptr3", "@ptr4", "@ptr5", "@ptr6", "@ptr7", "@ptr8", "SL:DATE_TIME]", "IN:CREATE_ALARM]"]}
{"loss": 4.20416259765625, "class_log_probabilities": [-5.715078353881836, -5.790983200073242, -5.8305816650390625, -6.340372562408447], "predictions": [89, 34, 398, 399, 400, 401, 35, 16, 402, 403, 404, 405, 17, 92, 4], "target_tokens": ["[IN:CREATE_TIMER", "[SL:DATE_TIME", "@ptr6", "@ptr7", "@ptr8", "SL:DATE_TIME]", "[SL:METHOD_TIMER", "@ptr14", "@ptr15", "@ptr16", "SL:METHOD_TIMER]", "IN:CREATE_TIMER]"], "predicted_tokens": ["[IN:CREATE_TIMER", "[SL:PERSON_REMINDED", "@ptr3", "@ptr4", "@ptr5", "@ptr6", "SL:PERSON_REMINDED]", "[SL:DATE_TIME", "@ptr7", "@ptr8", "@ptr9", "@ptr10", "SL:DATE_TIME]", "IN:CREATE_TIMER]"]}
{"loss": 3.8028438091278076, "class_log_probabilities": [-3.3523449897766113, -3.456718683242798, -3.8687968254089355, -4.646522521972656], "predictions": [89, 90, 396, 91, 16, 404, 405, 17, 92, 4, 4], "target_tokens": ["[IN:CREATE_ALARM", "[SL:PERIOD", "@ptr4", "@ptr5", "@ptr6", "SL:PERIOD]", "[SL:DATE_TIME", "@ptr7", "@ptr8", "@ptr9", "SL:DATE_TIME]", "IN:CREATE_ALARM]"], "predicted_tokens": ["[IN:CREATE_TIMER", "[SL:METHOD_TIMER", "@ptr1", "SL:METHOD_TIMER]", "[SL:DATE_TIME", "@ptr9", "@ptr10", "SL:DATE_TIME]", "IN:CREATE_TIMER]"]}
{"loss": 2.7743866443634033, "class_log_probabilities": [-1.2455118894577026, -2.7260007858276367, -4.022718906402588, -4.073494911193848], "predictions": [63, 66, 398, 399, 400, 67, 66, 402, 403, 404, 67, 68, 4], "target_tokens": ["[IN:PLAY_MUSIC", "[SL:MUSIC_ARTIST_NAME", "@ptr3", "@ptr4", "SL:MUSIC_ARTIST_NAME]", "[SL:MUSIC_PROVIDER_NAME", "@ptr6", "@ptr7", "@ptr8", "SL:MUSIC_PROVIDER_NAME]", "IN:PLAY_MUSIC]"], "predicted_tokens": ["[IN:PLAY_MUSIC", "[SL:MUSIC_ARTIST_NAME", "@ptr3", "@ptr4", "@ptr5", "SL:MUSIC_ARTIST_NAME]", "[SL:MUSIC_ARTIST_NAME", "@ptr7", "@ptr8", "@ptr9", "SL:MUSIC_ARTIST_NAME]", "IN:PLAY_MUSIC]"]}
{"loss": 2.071613311767578, "class_log_probabilities": [-0.8163124322891235, -5.422928810119629, -6.244936943054199, -6.283995628356934], "predictions": [63, 64, 396, 65, 66, 399, 400, 401, 402, 67, 68, 4], "target_tokens": ["[IN:PLAY_MUSIC", "[SL:MUSIC_ARTIST_NAME", "@ptr4", "@ptr5", "@ptr6", "@ptr7", "SL:MUSIC_ARTIST_NAME]", "[SL:MUSIC_TYPE", "@ptr1", "SL:MUSIC_TYPE]", "IN:PLAY_MUSIC]"], "predicted_tokens": ["[IN:PLAY_MUSIC", "[SL:MUSIC_TYPE", "@ptr1", "SL:MUSIC_TYPE]", "[SL:MUSIC_ARTIST_NAME", "@ptr4", "@ptr5", "@ptr6", "@ptr7", "SL:MUSIC_ARTIST_NAME]", "IN:PLAY_MUSIC]"]}
{"loss": 4.222679615020752, "class_log_probabilities": [-1.2224777936935425, -1.6456334590911865, -3.449901819229126, -4.259280204772949], "predictions": [255, 90, 399, 91, 256, 4], "target_tokens": ["[IN:DELETE_TIMER", "[SL:METHOD_TIMER", "@ptr1", "@ptr2", "@ptr3", "SL:METHOD_TIMER]", "IN:DELETE_TIMER]"], "predicted_tokens": ["[IN:PAUSE_TIMER", "[SL:METHOD_TIMER", "@ptr4", "SL:METHOD_TIMER]", "IN:PAUSE_TIMER]"]}
{"loss": 3.565783977508545, "class_log_probabilities": [-1.0748448371887207, -4.241709232330322, -4.252502918243408, -8.436112403869629], "predictions": [70, 73, 4, 4, 4, 4], "target_tokens": ["[IN:GET_TIMER", "[SL:METHOD_TIMER", "@ptr0", "@ptr1", "@ptr2", "SL:METHOD_TIMER]", "IN:GET_TIMER]"], "predicted_tokens": ["[IN:GET_CONTACT", "IN:GET_CONTACT]"]}
{"loss": 2.4821274280548096, "class_log_probabilities": [-0.3631666302680969, -4.873386383056641, -5.152852535247803, -6.314220905303955], "predictions": [225, 226, 4, 4, 4, 4], "target_tokens": ["[IN:DELETE_TIMER", "[SL:METHOD_TIMER", "@ptr2", "@ptr3", "SL:METHOD_TIMER]", "IN:DELETE_TIMER]"], "predicted_tokens": ["[IN:DELETE_TIMER", "IN:DELETE_TIMER]"]}
{"loss": 2.21171498298645, "class_log_probabilities": [-0.7072532773017883, -2.6722190380096436, -4.8016157150268555, -6.318732738494873], "predictions": [13, 79, 399, 80, 18, 4], "target_tokens": ["[IN:GET_WEATHER", "[SL:WEATHER_ATTRIBUTE", "@ptr3", "SL:WEATHER_ATTRIBUTE]", "IN:GET_WEATHER]"], "predicted_tokens": ["[IN:GET_WEATHER", "[SL:WEATHER_ATTRIBUTE", "@ptr4", "SL:WEATHER_ATTRIBUTE]", "IN:GET_WEATHER]"]}
{"loss": 5.241852760314941, "class_log_probabilities": [-3.8314428329467773, -4.082655429840088, -4.215085506439209, -4.9658966064453125], "predictions": [63, 64, 396, 397, 398, 399, 65, 66, 402, 67, 68, 4, 4, 4, 4], "target_tokens": ["[IN:CREATE_PLAYLIST_MUSIC", "[SL:MUSIC_PLAYLIST_TITLE", "@ptr5", "@ptr6", "@ptr7", "@ptr8", "SL:MUSIC_PLAYLIST_TITLE]", "[SL:MUSIC_TYPE", "@ptr1", "@ptr2", "@ptr3", "@ptr4", "SL:MUSIC_TYPE]", "IN:CREATE_PLAYLIST_MUSIC]"], "predicted_tokens": ["[IN:PLAY_MUSIC", "[SL:MUSIC_TYPE", "@ptr1", "@ptr2", "@ptr3", "@ptr4", "SL:MUSIC_TYPE]", "[SL:MUSIC_ARTIST_NAME", "@ptr7", "SL:MUSIC_ARTIST_NAME]", "IN:PLAY_MUSIC]"]}
{"loss": 3.5060770511627197, "class_log_probabilities": [-0.5953923463821411, -5.368702411651611, -5.799299240112305, -6.474603652954102], "predictions": [45, 16, 400, 401, 402, 17, 46, 4], "target_tokens": ["[IN:CREATE_ALARM", "[SL:DATE_TIME", "@ptr4", "@ptr5", "@ptr6", "SL:DATE_TIME]", "IN:CREATE_ALARM]"], "predicted_tokens": ["[IN:CREATE_ALARM", "[SL:DATE_TIME", "@ptr5", "@ptr6", "@ptr7", "SL:DATE_TIME]", "IN:CREATE_ALARM]"]}
{"loss": 3.651172161102295, "class_log_probabilities": [-1.8571826219558716, -4.4730987548828125, -4.519908905029297, -4.919527053833008], "predictions": [39, 40, 396, 41, 16, 398, 17, 133, 401, 402, 403, 404, 405, 406, 134, 42, 4, 4], "target_tokens": ["[IN:GET_STORIES_NEWS", "[SL:NEWS_SOURCE", "@ptr7", "@ptr8", "@ptr9", "SL:NEWS_SOURCE]", "[SL:DATE_TIME", "@ptr3", "SL:DATE_TIME]", "[SL:NEWS_TYPE", "@ptr1", "@ptr2", "SL:NEWS_TYPE]", "IN:GET_STORIES_NEWS]"], "predicted_tokens": ["[IN:GET_STORIES_NEWS", "[SL:NEWS_TYPE", "@ptr1", "SL:NEWS_TYPE]", "[SL:DATE_TIME", "@ptr3", "SL:DATE_TIME]", "[SL:NEWS_SOURCE", "@ptr6", "@ptr7", "@ptr8", "@ptr9", "@ptr10", "@ptr11", "SL:NEWS_SOURCE]", "IN:GET_STORIES_NEWS]"]}
{"loss": 0.9690878987312317, "class_log_probabilities": [-0.6095448732376099, -5.039686679840088, -6.000461578369141, -6.429216384887695], "predictions": [63, 66, 399, 400, 401, 402, 67, 68, 4, 4], "target_tokens": ["[IN:PLAY_MUSIC", "[SL:MUSIC_ARTIST_NAME", "@ptr4", "@ptr5", "@ptr6", "@ptr7", "SL:MUSIC_ARTIST_NAME]", "IN:PLAY_MUSIC]"], "predicted_tokens": ["[IN:PLAY_MUSIC", "[SL:MUSIC_ARTIST_NAME", "@ptr4", "@ptr5", "@ptr6", "@ptr7", "SL:MUSIC_ARTIST_NAME]", "IN:PLAY_MUSIC]"]}
{"loss": 1.9358508586883545, "class_log_probabilities": [-0.5234972834587097, -6.333163261413574, -6.505004405975342, -6.555412769317627], "predictions": [51, 52, 397, 398, 399, 53, 54, 4, 4], "target_tokens": ["[IN:GET_RECIPES", "[SL:RECIPES_DISH", "@ptr3", "@ptr4", "SL:RECIPES_DISH]", "IN:GET_RECIPES]"], "predicted_tokens": ["[IN:GET_RECIPES", "[SL:RECIPES_DISH", "@ptr2", "@ptr3", "@ptr4", "SL:RECIPES_DISH]", "IN:GET_RECIPES]"]}
{"loss": 2.505256175994873, "class_log_probabilities": [-6.629911422729492, -6.875105381011963, -7.525660991668701, -8.276275634765625], "predictions": [165, 6, 395, 396, 397, 398, 399, 400, 401, 402, 403, 404, 406, 130, 166, 4, 4, 4], "target_tokens": ["[IN:GET_INFO_RECIPES", "[SL:RECIPES_DISH", "@ptr0", "@ptr1", "@ptr2", "@ptr3", "@ptr4", "@ptr5", "SL:RECIPES_DISH]", "[SL:RECIPES_INCLUDED_INGREDIENT", "@ptr7", "@ptr8", "SL:RECIPES_INCLUDED_INGREDIENT]", "IN:GET_INFO_RECIPES]"], "predicted_tokens": ["[IN:IS_TRUE_RECIPES", "[SL:CONTACT", "@ptr0", "@ptr1", "@ptr2", "@ptr3", "@ptr4", "@ptr5", "@ptr6", "@ptr7", "@ptr8", "@ptr9", "@ptr11", "SL:RECIPES_INCLUDED_INGREDIENT]", "IN:IS_TRUE_RECIPES]"]}
{"loss": 1.6843334436416626, "class_log_probabilities": [-1.6238293647766113, -3.2430028915405273, -3.7454187870025635, -4.293430328369141], "predictions": [23, 10, 398, 11, 26, 4], "target_tokens": ["[IN:SEND_MESSAGE", "[SL:GROUP", "@ptr3", "SL:GROUP]", "IN:SEND_MESSAGE]"], "predicted_tokens": ["[IN:SEND_MESSAGE", "[SL:RECIPIENT", "@ptr3", "SL:RECIPIENT]", "IN:SEND_MESSAGE]"]}
{"loss": 2.782914161682129, "class_log_probabilities": [-1.380027413368225, -3.073540687561035, -4.0800676345825195, -4.117114067077637], "predictions": [23, 10, 402, 403, 404, 11, 26, 4, 4], "target_tokens": ["[IN:SEND_MESSAGE", "[SL:GROUP", "@ptr6", "@ptr7", "@ptr8", "SL:GROUP]", "IN:SEND_MESSAGE]"], "predicted_tokens": ["[IN:SEND_MESSAGE", "[SL:RECIPIENT", "@ptr7", "@ptr8", "@ptr9", "SL:RECIPIENT]", "IN:SEND_MESSAGE]"]}
{"loss": 0.9857394695281982, "class_log_probabilities": [-0.3425661623477936, -6.685070991516113, -7.307412147521973, -7.407407283782959], "predictions": [75, 231, 398, 232, 78, 4], "target_tokens": ["[IN:CREATE_CALL", "[SL:PHONE_NUMBER", "@ptr3", "SL:PHONE_NUMBER]", "IN:CREATE_CALL]"], "predicted_tokens": ["[IN:CREATE_CALL", "[SL:PHONE_NUMBER", "@ptr3", "SL:PHONE_NUMBER]", "IN:CREATE_CALL]"]}
{"loss": 1.0802596807479858, "class_log_probabilities": [-1.6402796506881714, -2.685685634613037, -2.8978941440582275, -4.037503242492676], "predictions": [75, 6, 397, 398, 399, 400, 7, 6, 403, 404, 7, 78, 4, 4], "target_tokens": ["[IN:CREATE_CALL", "[SL:CONTACT", "@ptr2", "@ptr3", "@ptr4", "@ptr5", "SL:CONTACT]", "[SL:CONTACT", "@ptr7", "@ptr8", "@ptr9", "SL:CONTACT]", "IN:CREATE_CALL]"], "predicted_tokens": ["[IN:CREATE_CALL", "[SL:CONTACT", "@ptr2", "@ptr3", "@ptr4", "@ptr5", "SL:CONTACT]", "[SL:CONTACT", "@ptr8", "@ptr9", "SL:CONTACT]", "IN:CREATE_CALL]"]}
{"loss": 3.555800437927246, "class_log_probabilities": [-8.049454689025879, -57.273590087890625, -57.35493850708008, -57.89918518066406], "predictions": [75, 6, 400, 7, 6, 401, 402, 403, 7, 6, 407, 408, 7, 6, 406, 408, 7, 78, 4, 4, 4, 4, 4, 4, 4, 4, 4, 4, 4, 4, 4, 4, 4, 4, 4, 4, 4, 4, 4, 4, 4, 4, 4, 4, 4, 4, 4, 4, 4, 4, 4, 4, 4, 4, 4, 4, 4, 4, 4, 4, 4, 4, 4, 4, 4, 4, 4, 4, 4, 4, 4, 4, 4, 4, 4, 4, 4, 4, 4, 4, 4, 4, 4, 4, 4, 4, 4, 4, 4, 4, 4, 4, 4, 4, 4, 4, 4, 4, 4, 4], "target_tokens": ["[IN:CREATE_CALL", "[SL:CONTACT", "@ptr5", "@ptr6", "@ptr7", "SL:CONTACT]", "[SL:CONTACT", "@ptr9", "@ptr10", "@ptr11", "@ptr12", "SL:CONTACT]", "[SL:NAME_APP", "@ptr14", "@ptr15", "SL:NAME_APP]", "IN:CREATE_CALL]"], "predicted_tokens": ["[IN:CREATE_CALL", "[SL:CONTACT", "@ptr5", "SL:CONTACT]", "[SL:CONTACT", "@ptr6", "@ptr7", "@ptr8", "SL:CONTACT]", "[SL:CONTACT", "@ptr12", "@ptr13", "SL:CONTACT]", "[SL:CONTACT", "@ptr11", "@ptr13", "SL:CONTACT]", "IN:CREATE_CALL]"]}
{"loss": 2.7702829837799072, "class_log_probabilities": [-1.9589674472808838, -2.24432635307312, -3.475884199142456, -4.216383457183838], "predictions": [75, 6, 400, 401, 402, 7, 6, 405, 7, 78, 4], "target_tokens": ["[IN:CREATE_CALL", "[SL:CONTACT", "@ptr4", "@ptr5", "@ptr6", "SL:CONTACT]", "[SL:CONTACT", "@ptr8", "SL:CONTACT]", "IN:CREATE_CALL]"], "predicted_tokens": ["[IN:CREATE_CALL", "[SL:CONTACT", "@ptr5", "@ptr6", "@ptr7", "SL:CONTACT]", "[SL:CONTACT", "@ptr10", "SL:CONTACT]", "IN:CREATE_CALL]"]}
{"loss": 2.0533945560455322, "class_log_probabilities": [-6.726194381713867, -10.181838989257812, -84.89517211914062, -84.89519500732422], "predictions": [63, 101, 417, 406, 407, 408, 102, 68, 4, 4, 4, 4, 4, 4, 4, 4, 4, 4, 4, 4, 4, 4, 4, 4, 4, 4, 4, 4, 4, 4, 4, 4, 4, 4, 4, 4, 4, 4, 4, 4, 4, 4, 4, 4, 4, 4, 4, 4, 4, 4, 4, 4, 4, 4, 4, 4, 4, 4, 4, 4, 4, 4, 4, 4, 4, 4, 4, 4, 4, 4, 4, 4, 4, 4, 4, 4, 4, 4, 4, 4, 4, 4, 4, 4, 4, 4, 4, 4, 4, 4, 4, 4, 4, 4, 4, 4, 4, 4, 4, 4], "target_tokens": ["[IN:SET_RSVP_YES", "[SL:TITLE_EVENT", "@ptr7", "@ptr8", "@ptr9", "@ptr10", "@ptr11", "@ptr12", "SL:TITLE_EVENT]", "IN:SET_RSVP_YES]"], "predicted_tokens": ["[IN:PLAY_MUSIC", "[SL:MUSIC_TRACK_TITLE", "@ptr22", "@ptr11", "@ptr12", "@ptr13", "SL:MUSIC_TRACK_TITLE]", "IN:PLAY_MUSIC]"]}
{"loss": 2.733069658279419, "class_log_probabilities": [-0.8072379231452942, -4.443021297454834, -5.431818008422852, -6.163071155548096], "predictions": [63, 66, 395, 396, 397, 398, 399, 400, 401, 67, 68, 4, 4], "target_tokens": ["[IN:CREATE_CALL", "[SL:CONTACT", "@ptr1", "@ptr2", "@ptr3", "@ptr4", "@ptr5", "@ptr6", "SL:CONTACT]", "IN:CREATE_CALL]"], "predicted_tokens": ["[IN:PLAY_MUSIC", "[SL:MUSIC_ARTIST_NAME", "@ptr0", "@ptr1", "@ptr2", "@ptr3", "@ptr4", "@ptr5", "@ptr6", "SL:MUSIC_ARTIST_NAME]", "IN:PLAY_MUSIC]"]}
{"loss": 2.61352276802063, "class_log_probabilities": [-3.1197848320007324, -4.86202335357666, -5.321760654449463, -6.934045791625977], "predictions": [75, 6, 70, 71, 397, 72, 73, 7, 6, 404, 405, 7, 78, 4, 4, 4, 4, 4, 4, 4, 4], "target_tokens": ["[IN:CREATE_CALL", "[SL:CONTACT", "[IN:GET_CONTACT", "[SL:TYPE_RELATION", "@ptr2", "@ptr3", "@ptr4", "@ptr5", "@ptr6", "SL:TYPE_RELATION]", "[SL:CONTACT_RELATED", "@ptr8", "@ptr9", "@ptr10", "@ptr11", "@ptr12", "SL:CONTACT_RELATED]", "IN:GET_CONTACT]", "SL:CONTACT]", "IN:CREATE_CALL]"], "predicted_tokens": ["[IN:CREATE_CALL", "[SL:CONTACT", "[IN:GET_CONTACT", "[SL:TYPE_RELATION", "@ptr2", "SL:TYPE_RELATION]", "IN:GET_CONTACT]", "SL:CONTACT]", "[SL:CONTACT", "@ptr9", "@ptr10", "SL:CONTACT]", "IN:CREATE_CALL]"]}
{"loss": 1.2394858598709106, "class_log_probabilities": [-2.096662759780884, -2.784590482711792, -5.038920879364014, -5.090004920959473], "predictions": [75, 6, 397, 398, 399, 400, 7, 76, 403, 77, 78, 4, 4, 4, 4], "target_tokens": ["[IN:CREATE_CALL", "[SL:CONTACT", "@ptr2", "@ptr3", "@ptr4", "@ptr5", "SL:CONTACT]", "[SL:NAME_APP", "@ptr11", "SL:NAME_APP]", "IN:CREATE_CALL]"], "predicted_tokens": ["[IN:CREATE_CALL", "[SL:CONTACT", "@ptr2", "@ptr3", "@ptr4", "@ptr5", "SL:CONTACT]", "[SL:NAME_APP", "@ptr8", "SL:NAME_APP]", "IN:CREATE_CALL]"]}
{"loss": 4.007740497589111, "class_log_probabilities": [-1.4462521076202393, -2.423339366912842, -2.731950283050537, -3.6086034774780273], "predictions": [89, 90, 396, 91, 16, 400, 401, 402, 17, 92, 4, 4], "target_tokens": ["[IN:CREATE_ALARM", "[SL:DATE_TIME", "@ptr3", "@ptr4", "@ptr5", "@ptr6", "@ptr7", "@ptr8", "@ptr9", "@ptr10", "SL:DATE_TIME]", "IN:CREATE_ALARM]"], "predicted_tokens": ["[IN:CREATE_TIMER", "[SL:METHOD_TIMER", "@ptr1", "SL:METHOD_TIMER]", "[SL:DATE_TIME", "@ptr5", "@ptr6", "@ptr7", "SL:DATE_TIME]", "IN:CREATE_TIMER]"]}
{"loss": 0.9944693446159363, "class_log_probabilities": [-0.36980563402175903, -4.9564032554626465, -6.128506183624268, -6.171951770782471], "predictions": [235, 103, 397, 104, 236, 4, 4, 4, 4], "target_tokens": ["[IN:SET_DEFAULT_PROVIDER_MUSIC", "[SL:MUSIC_PROVIDER_NAME", "@ptr2", "SL:MUSIC_PROVIDER_NAME]", "IN:SET_DEFAULT_PROVIDER_MUSIC]"], "predicted_tokens": ["[IN:SET_DEFAULT_PROVIDER_MUSIC", "[SL:MUSIC_PROVIDER_NAME", "@ptr2", "SL:MUSIC_PROVIDER_NAME]", "IN:SET_DEFAULT_PROVIDER_MUSIC]"]}
{"loss": 3.2611310482025146, "class_log_probabilities": [-2.9102373123168945, -2.956127405166626, -3.0723350048065186, -5.121738433837891], "predictions": [89, 90, 401, 402, 403, 91, 92, 4, 4, 4, 4], "target_tokens": ["[IN:CREATE_TIMER", "[SL:TIMER_NAME", "@ptr5", "@ptr6", "@ptr7", "SL:TIMER_NAME]", "[SL:METHOD_TIMER", "@ptr1", "@ptr2", "@ptr3", "SL:METHOD_TIMER]", "IN:CREATE_TIMER]"], "predicted_tokens": ["[IN:CREATE_TIMER", "[SL:METHOD_TIMER", "@ptr6", "@ptr7", "@ptr8", "SL:METHOD_TIMER]", "IN:CREATE_TIMER]"]}
{"loss": 3.165637731552124, "class_log_probabilities": [-1.0486568212509155, -3.937007188796997, -3.9481353759765625, -4.1468915939331055], "predictions": [23, 10, 402, 403, 11, 26, 4, 4, 4, 4], "target_tokens": ["[IN:SEND_MESSAGE", "[SL:RECIPIENT", "@ptr6", "@ptr7", "@ptr8", "SL:RECIPIENT]", "[SL:TYPE_CONTENT", "@ptr4", "SL:TYPE_CONTENT]", "IN:SEND_MESSAGE]"], "predicted_tokens": ["[IN:SEND_MESSAGE", "[SL:RECIPIENT", "@ptr7", "@ptr8", "SL:RECIPIENT]", "IN:SEND_MESSAGE]"]}
{"loss": 2.983332872390747, "class_log_probabilities": [-0.6483373641967773, -3.4039688110351562, -3.4318008422851562, -3.7047104835510254], "predictions": [13, 14, 399, 400, 15, 18, 4, 4], "target_tokens": ["[IN:GET_WEATHER", "[SL:LOCATION", "@ptr3", "@ptr4", "@ptr5", "@ptr6", "@ptr7", "SL:LOCATION]", "IN:GET_WEATHER]"], "predicted_tokens": ["[IN:GET_WEATHER", "[SL:LOCATION", "@ptr4", "@ptr5", "SL:LOCATION]", "IN:GET_WEATHER]"]}
{"loss": 3.875208616256714, "class_log_probabilities": [-1.463413119316101, -2.5294039249420166, -4.711138725280762, -4.823083877563477], "predictions": [45, 16, 404, 406, 17, 46, 4], "target_tokens": ["[IN:CREATE_ALARM", "[SL:DATE_TIME", "@ptr7", "@ptr8", "@ptr9", "SL:DATE_TIME]", "IN:CREATE_ALARM]"], "predicted_tokens": ["[IN:CREATE_ALARM", "[SL:DATE_TIME", "@ptr9", "@ptr11", "SL:DATE_TIME]", "IN:CREATE_ALARM]"]}
{"loss": 2.89447021484375, "class_log_probabilities": [-1.5399284362792969, -1.9076555967330933, -4.724634170532227, -5.002035617828369], "predictions": [70, 71, 398, 72, 93, 400, 94, 73, 4], "target_tokens": ["[IN:GET_CONTACT", "[SL:CONTACT_RELATED", "@ptr4", "@ptr5", "SL:CONTACT_RELATED]", "[SL:TYPE_RELATION", "@ptr3", "SL:TYPE_RELATION]", "IN:GET_CONTACT]"], "predicted_tokens": ["[IN:GET_CONTACT", "[SL:TYPE_RELATION", "@ptr3", "SL:TYPE_RELATION]", "[SL:CONTACT_RELATED", "@ptr5", "SL:CONTACT_RELATED]", "IN:GET_CONTACT]"]}
{"loss": 0.9855358600616455, "class_log_probabilities": [-1.0425317287445068, -2.3207104206085205, -5.949121475219727, -5.960598468780518], "predictions": [75, 6, 399, 400, 401, 402, 7, 78, 4, 4], "target_tokens": ["[IN:CREATE_CALL", "[SL:CONTACT", "@ptr4", "@ptr5", "@ptr6", "@ptr7", "SL:CONTACT]", "IN:CREATE_CALL]"], "predicted_tokens": ["[IN:CREATE_CALL", "[SL:CONTACT", "@ptr4", "@ptr5", "@ptr6", "@ptr7", "SL:CONTACT]", "IN:CREATE_CALL]"]}
{"loss": 0.9649966359138489, "class_log_probabilities": [-0.6134138703346252, -4.815517425537109, -5.7002058029174805, -7.315944194793701], "predictions": [75, 76, 396, 77, 6, 399, 400, 7, 78, 4, 4], "target_tokens": ["[IN:CREATE_CALL", "[SL:NAME_APP", "@ptr1", "SL:NAME_APP]", "[SL:CONTACT", "@ptr4", "@ptr5", "SL:CONTACT]", "IN:CREATE_CALL]"], "predicted_tokens": ["[IN:CREATE_CALL", "[SL:NAME_APP", "@ptr1", "SL:NAME_APP]", "[SL:CONTACT", "@ptr4", "@ptr5", "SL:CONTACT]", "IN:CREATE_CALL]"]}
{"loss": 1.852840781211853, "class_log_probabilities": [-0.7643964886665344, -2.2840576171875, -5.522244453430176, -5.943859100341797], "predictions": [23, 10, 399, 400, 11, 26, 4, 4, 4, 4], "target_tokens": ["[IN:SEND_MESSAGE", "[SL:TYPE_CONTENT", "@ptr1", "SL:TYPE_CONTENT]", "[SL:RECIPIENT", "@ptr4", "@ptr5", "SL:RECIPIENT]", "IN:SEND_MESSAGE]"], "predicted_tokens": ["[IN:SEND_MESSAGE", "[SL:RECIPIENT", "@ptr4", "@ptr5", "SL:RECIPIENT]", "IN:SEND_MESSAGE]"]}
{"loss": 3.1805419921875, "class_log_probabilities": [-0.46854615211486816, -4.55646276473999, -5.695564270019531, -6.425985336303711], "predictions": [81, 6, 399, 7, 82, 4], "target_tokens": ["[IN:HOLD_CALL", "[SL:CONTACT", "@ptr3", "SL:CONTACT]", "IN:HOLD_CALL]"], "predicted_tokens": ["[IN:END_CALL", "[SL:CONTACT", "@ptr4", "SL:CONTACT]", "IN:END_CALL]"]}
{"loss": 1.4779267311096191, "class_log_probabilities": [-4.763568878173828, -4.838113784790039, -4.9808759689331055, -5.027246952056885], "predictions": [23, 10, 70, 93, 397, 398, 399, 400, 94, 71, 403, 72, 73, 11, 26, 4, 4], "target_tokens": ["[IN:CREATE_CALL", "[SL:CONTACT", "[IN:GET_CONTACT", "[SL:TYPE_RELATION", "@ptr8", "SL:TYPE_RELATION]", "IN:GET_CONTACT]", "SL:CONTACT]", "IN:CREATE_CALL]"], "predicted_tokens": ["[IN:SEND_MESSAGE", "[SL:RECIPIENT", "[IN:GET_CONTACT", "[SL:CONTACT_RELATED", "@ptr2", "@ptr3", "@ptr4", "@ptr5", "SL:CONTACT_RELATED]", "[SL:TYPE_RELATION", "@ptr8", "SL:TYPE_RELATION]", "IN:GET_CONTACT]", "SL:RECIPIENT]", "IN:SEND_MESSAGE]"]}
{"loss": 0.9590482115745544, "class_log_probabilities": [-0.18876656889915466, -8.151612281799316, -8.428688049316406, -8.734445571899414], "predictions": [13, 18, 4, 4, 4], "target_tokens": ["[IN:GET_WEATHER", "IN:GET_WEATHER]"], "predicted_tokens": ["[IN:GET_WEATHER", "IN:GET_WEATHER]"]}
{"loss": 2.999746561050415, "class_log_probabilities": [-1.0258162021636963, -3.1995692253112793, -5.656752109527588, -6.870255470275879], "predictions": [13, 16, 398, 399, 400, 401, 402, 403, 404, 405, 17, 14, 406, 15, 18, 4], "target_tokens": ["[IN:GET_WEATHER", "[SL:LOCATION", "@ptr10", "SL:LOCATION]", "[SL:DATE_TIME", "@ptr2", "@ptr3", "@ptr4", "@ptr5", "@ptr6", "@ptr7", "@ptr8", "SL:DATE_TIME]", "IN:GET_WEATHER]"], "predicted_tokens": ["[IN:GET_WEATHER", "[SL:DATE_TIME", "@ptr3", "@ptr4", "@ptr5", "@ptr6", "@ptr7", "@ptr8", "@ptr9", "@ptr10", "SL:DATE_TIME]", "[SL:LOCATION", "@ptr11", "SL:LOCATION]", "IN:GET_WEATHER]"]}
{"loss": 2.312999963760376, "class_log_probabilities": [-0.6147755980491638, -2.696976661682129, -7.202114582061768, -7.591282844543457], "predictions": [13, 14, 399, 400, 15, 18, 4, 4, 4], "target_tokens": ["[IN:GET_WEATHER", "[SL:LOCATION", "@ptr3", "SL:LOCATION]", "IN:GET_WEATHER]"], "predicted_tokens": ["[IN:GET_WEATHER", "[SL:LOCATION", "@ptr4", "@ptr5", "SL:LOCATION]", "IN:GET_WEATHER]"]}
{"loss": 2.5370395183563232, "class_log_probabilities": [-1.2982962131500244, -2.2548959255218506, -2.6064939498901367, -3.773265838623047], "predictions": [13, 14, 402, 15, 18, 4, 4, 4, 4], "target_tokens": ["[IN:GET_WEATHER", "[SL:LOCATION", "@ptr6", "@ptr7", "SL:LOCATION]", "IN:GET_WEATHER]"], "predicted_tokens": ["[IN:GET_WEATHER", "[SL:LOCATION", "@ptr7", "SL:LOCATION]", "IN:GET_WEATHER]"]}
{"loss": 1.251595139503479, "class_log_probabilities": [-0.5556491017341614, -2.3263514041900635, -4.295731067657471, -4.405815124511719], "predictions": [13, 14, 400, 15, 18, 4], "target_tokens": ["[IN:GET_WEATHER", "[SL:LOCATION", "@ptr4", "SL:LOCATION]", "IN:GET_WEATHER]"], "predicted_tokens": ["[IN:GET_WEATHER", "[SL:LOCATION", "@ptr5", "SL:LOCATION]", "IN:GET_WEATHER]"]}
{"loss": 2.727738380432129, "class_log_probabilities": [-1.575453519821167, -2.0805695056915283, -3.2162656784057617, -5.297512531280518], "predictions": [45, 16, 401, 402, 403, 404, 17, 46, 4, 4], "target_tokens": ["[IN:CREATE_ALARM", "[SL:DATE_TIME", "@ptr4", "@ptr5", "@ptr6", "@ptr7", "SL:DATE_TIME]", "IN:CREATE_ALARM]"], "predicted_tokens": ["[IN:CREATE_ALARM", "[SL:DATE_TIME", "@ptr6", "@ptr7", "@ptr8", "@ptr9", "SL:DATE_TIME]", "IN:CREATE_ALARM]"]}
{"loss": 1.4529353380203247, "class_log_probabilities": [-0.937298059463501, -3.277843713760376, -7.114055156707764, -7.938616752624512], "predictions": [45, 16, 398, 399, 400, 401, 402, 17, 46, 4, 4], "target_tokens": ["[IN:CREATE_ALARM", "[SL:DATE_TIME", "@ptr2", "@ptr3", "@ptr4", "@ptr5", "@ptr6", "@ptr7", "SL:DATE_TIME]", "IN:CREATE_ALARM]"], "predicted_tokens": ["[IN:CREATE_ALARM", "[SL:DATE_TIME", "@ptr3", "@ptr4", "@ptr5", "@ptr6", "@ptr7", "SL:DATE_TIME]", "IN:CREATE_ALARM]"]}
{"loss": 2.5175909996032715, "class_log_probabilities": [-2.8129360675811768, -6.313242435455322, -6.425389289855957, -98.10774993896484], "predictions": [63, 66, 396, 397, 398, 67, 64, 401, 65, 68, 4, 4, 4, 4, 4, 4, 4, 4, 4, 4, 4, 4, 4, 4, 4, 4, 4, 4, 4, 4, 4, 4, 4, 4, 4, 4, 4, 4, 4, 4, 4, 4, 4, 4, 4, 4, 4, 4, 4, 4, 4, 4, 4, 4, 4, 4, 4, 4, 4, 4, 4, 4, 4, 4, 4, 4, 4, 4, 4, 4, 4, 4, 4, 4, 4, 4, 4, 4, 4, 4, 4, 4, 4, 4, 4, 4, 4, 4, 4, 4, 4, 4, 4, 4, 4, 4, 4, 4, 4, 4], "target_tokens": ["[IN:START_SHUFFLE_MUSIC", "[SL:MUSIC_PROVIDER_NAME", "@ptr1", "@ptr2", "@ptr3", "SL:MUSIC_PROVIDER_NAME]", "[SL:MUSIC_ALBUM_TITLE", "@ptr6", "@ptr7", "@ptr8", "@ptr9", "@ptr10", "@ptr11", "@ptr12", "@ptr13", "SL:MUSIC_ALBUM_TITLE]", "IN:START_SHUFFLE_MUSIC]"], "predicted_tokens": ["[IN:PLAY_MUSIC", "[SL:MUSIC_ARTIST_NAME", "@ptr1", "@ptr2", "@ptr3", "SL:MUSIC_ARTIST_NAME]", "[SL:MUSIC_TYPE", "@ptr6", "SL:MUSIC_TYPE]", "IN:PLAY_MUSIC]"]}
{"loss": 1.0689958333969116, "class_log_probabilities": [-2.0838146209716797, -2.715754985809326, -4.1763811111450195, -4.384353160858154], "predictions": [63, 103, 396, 104, 206, 399, 400, 401, 402, 403, 404, 405, 406, 407, 207, 68, 4, 4], "target_tokens": ["[IN:PLAY_MUSIC", "[SL:MUSIC_PROVIDER_NAME", "@ptr1", "SL:MUSIC_PROVIDER_NAME]", "[SL:MUSIC_ALBUM_TITLE", "@ptr4", "@ptr5", "@ptr6", "@ptr7", "@ptr8", "@ptr9", "@ptr10", "@ptr11", "@ptr12", "@ptr13", "SL:MUSIC_ALBUM_TITLE]", "IN:PLAY_MUSIC]"], "predicted_tokens": ["[IN:PLAY_MUSIC", "[SL:MUSIC_PROVIDER_NAME", "@ptr1", "SL:MUSIC_PROVIDER_NAME]", "[SL:MUSIC_ALBUM_TITLE", "@ptr4", "@ptr5", "@ptr6", "@ptr7", "@ptr8", "@ptr9", "@ptr10", "@ptr11", "@ptr12", "SL:MUSIC_ALBUM_TITLE]", "IN:PLAY_MUSIC]"]}
{"loss": 2.7942962646484375, "class_log_probabilities": [-1.9730113744735718, -2.9635608196258545, -3.333583354949951, -3.6799943447113037], "predictions": [63, 66, 396, 397, 398, 399, 67, 206, 401, 402, 403, 404, 207, 68, 4], "target_tokens": ["[IN:START_SHUFFLE_MUSIC", "[SL:MUSIC_PROVIDER_NAME", "@ptr1", "@ptr2", "@ptr3", "SL:MUSIC_PROVIDER_NAME]", "[SL:MUSIC_ALBUM_TITLE", "@ptr6", "@ptr7", "SL:MUSIC_ALBUM_TITLE]", "IN:START_SHUFFLE_MUSIC]"], "predicted_tokens": ["[IN:PLAY_MUSIC", "[SL:MUSIC_ARTIST_NAME", "@ptr1", "@ptr2", "@ptr3", "@ptr4", "SL:MUSIC_ARTIST_NAME]", "[SL:MUSIC_ALBUM_TITLE", "@ptr6", "@ptr7", "@ptr8", "@ptr9", "SL:MUSIC_ALBUM_TITLE]", "IN:PLAY_MUSIC]"]}
{"loss": 1.7175453901290894, "class_log_probabilities": [-1.266735553741455, -4.301299095153809, -4.76629114151001, -5.120575904846191], "predictions": [45, 16, 399, 400, 401, 402, 403, 404, 405, 406, 17, 46, 4, 4, 4, 4], "target_tokens": ["[IN:CREATE_ALARM", "[SL:DATE_TIME", "@ptr4", "@ptr5", "@ptr6", "@ptr7", "@ptr8", "@ptr9", "SL:DATE_TIME]", "IN:CREATE_ALARM]"], "predicted_tokens": ["[IN:CREATE_ALARM", "[SL:DATE_TIME", "@ptr4", "@ptr5", "@ptr6", "@ptr7", "@ptr8", "@ptr9", "@ptr10", "@ptr11", "SL:DATE_TIME]", "IN:CREATE_ALARM]"]}
{"loss": 2.433187246322632, "class_log_probabilities": [-4.145480632781982, -4.167155742645264, -4.923011302947998, -4.928483963012695], "predictions": [47, 199, 397, 398, 399, 400, 401, 402, 403, 200, 48, 4, 4], "target_tokens": ["[IN:GET_ALARM", "IN:GET_ALARM]"], "predicted_tokens": ["[IN:GET_REMINDER", "[SL:METHOD_RETRIEVAL_REMINDER", "@ptr2", "@ptr3", "@ptr4", "@ptr5", "@ptr6", "@ptr7", "@ptr8", "SL:METHOD_RETRIEVAL_REMINDER]", "IN:GET_REMINDER]"]}
{"loss": 1.5156995058059692, "class_log_probabilities": [-1.9402426481246948, -2.7363781929016113, -2.7993409633636475, -3.805889129638672], "predictions": [13, 16, 398, 399, 400, 401, 402, 403, 404, 405, 406, 17, 18, 4], "target_tokens": ["[IN:GET_WEATHER", "[SL:DATE_TIME", "@ptr3", "@ptr4", "@ptr5", "@ptr6", "@ptr7", "@ptr8", "SL:DATE_TIME]", "IN:GET_WEATHER]"], "predicted_tokens": ["[IN:GET_WEATHER", "[SL:DATE_TIME", "@ptr3", "@ptr4", "@ptr5", "@ptr6", "@ptr7", "@ptr8", "@ptr9", "@ptr10", "@ptr11", "SL:DATE_TIME]", "IN:GET_WEATHER]"]}
{"loss": 0.9580674767494202, "class_log_probabilities": [-0.19253894686698914, -8.46109676361084, -8.550361633300781, -8.743688583374023], "predictions": [13, 18, 4, 4, 4], "target_tokens": ["[IN:GET_WEATHER", "IN:GET_WEATHER]"], "predicted_tokens": ["[IN:GET_WEATHER", "IN:GET_WEATHER]"]}
{"loss": 3.879795789718628, "class_log_probabilities": [-0.7047748565673828, -4.63905668258667, -7.5570526123046875, -9.006843566894531], "predictions": [13, 16, 395, 396, 17, 79, 401, 402, 80, 18, 4, 4, 4, 4, 4], "target_tokens": ["[IN:GET_WEATHER", "[SL:WEATHER_ATTRIBUTE", "@ptr5", "@ptr6", "SL:WEATHER_ATTRIBUTE]", "[SL:DATE_TIME", "@ptr0", "@ptr1", "SL:DATE_TIME]", "IN:GET_WEATHER]"], "predicted_tokens": ["[IN:GET_WEATHER", "[SL:DATE_TIME", "@ptr0", "@ptr1", "SL:DATE_TIME]", "[SL:WEATHER_ATTRIBUTE", "@ptr6", "@ptr7", "SL:WEATHER_ATTRIBUTE]", "IN:GET_WEATHER]"]}
{"loss": 1.893959403038025, "class_log_probabilities": [-2.0832443237304688, -2.376206636428833, -3.8216300010681152, -4.166778564453125], "predictions": [89, 16, 398, 399, 400, 401, 402, 17, 92, 4, 4], "target_tokens": ["[IN:CREATE_ALARM", "[SL:DATE_TIME", "@ptr2", "@ptr3", "@ptr4", "@ptr5", "@ptr6", "SL:DATE_TIME]", "IN:CREATE_ALARM]"], "predicted_tokens": ["[IN:CREATE_TIMER", "[SL:DATE_TIME", "@ptr3", "@ptr4", "@ptr5", "@ptr6", "@ptr7", "SL:DATE_TIME]", "IN:CREATE_TIMER]"]}
{"loss": 1.564463496208191, "class_log_probabilities": [-1.8369555473327637, -2.4863967895507812, -3.8023343086242676, -4.536315441131592], "predictions": [45, 16, 397, 398, 399, 400, 401, 402, 403, 404, 405, 406, 17, 46, 4], "target_tokens": ["[IN:CREATE_ALARM", "[SL:DATE_TIME", "@ptr2", "@ptr3", "@ptr4", "@ptr5", "@ptr6", "@ptr7", "@ptr8", "@ptr9", "SL:DATE_TIME]", "IN:CREATE_ALARM]"], "predicted_tokens": ["[IN:CREATE_ALARM", "[SL:DATE_TIME", "@ptr2", "@ptr3", "@ptr4", "@ptr5", "@ptr6", "@ptr7", "@ptr8", "@ptr9", "@ptr10", "@ptr11", "SL:DATE_TIME]", "IN:CREATE_ALARM]"]}
{"loss": 0.9683680534362793, "class_log_probabilities": [-0.17549559473991394, -7.715876579284668, -7.964511394500732, -8.5759916305542], "predictions": [81, 82, 4, 4], "target_tokens": ["[IN:END_CALL", "IN:END_CALL]"], "predicted_tokens": ["[IN:END_CALL", "IN:END_CALL]"]}
{"loss": 0.9671159982681274, "class_log_probabilities": [-0.5405406951904297, -7.684531211853027, -8.220585823059082, -8.325451850891113], "predictions": [75, 6, 70, 71, 396, 72, 73, 7, 78, 4, 4, 4], "target_tokens": ["[IN:CREATE_CALL", "[SL:CONTACT", "[IN:GET_CONTACT", "[SL:TYPE_RELATION", "@ptr1", "SL:TYPE_RELATION]", "IN:GET_CONTACT]", "SL:CONTACT]", "IN:CREATE_CALL]"], "predicted_tokens": ["[IN:CREATE_CALL", "[SL:CONTACT", "[IN:GET_CONTACT", "[SL:TYPE_RELATION", "@ptr1", "SL:TYPE_RELATION]", "IN:GET_CONTACT]", "SL:CONTACT]", "IN:CREATE_CALL]"]}
{"loss": 0.9854852557182312, "class_log_probabilities": [-0.48864153027534485, -6.977403163909912, -7.525343894958496, -7.566583633422852], "predictions": [63, 66, 396, 397, 67, 103, 399, 104, 68, 4], "target_tokens": ["[IN:PLAY_MUSIC", "[SL:MUSIC_ARTIST_NAME", "@ptr1", "@ptr2", "SL:MUSIC_ARTIST_NAME]", "[SL:MUSIC_PROVIDER_NAME", "@ptr4", "SL:MUSIC_PROVIDER_NAME]", "IN:PLAY_MUSIC]"], "predicted_tokens": ["[IN:PLAY_MUSIC", "[SL:MUSIC_ARTIST_NAME", "@ptr1", "@ptr2", "SL:MUSIC_ARTIST_NAME]", "[SL:MUSIC_PROVIDER_NAME", "@ptr4", "SL:MUSIC_PROVIDER_NAME]", "IN:PLAY_MUSIC]"]}
{"loss": 3.1568777561187744, "class_log_probabilities": [-5.485668182373047, -5.762759685516357, -6.054330348968506, -6.349238395690918], "predictions": [85, 66, 396, 397, 398, 399, 67, 101, 402, 102, 88, 4], "target_tokens": ["[IN:CREATE_PLAYLIST_MUSIC", "[SL:MUSIC_PLAYLIST_TITLE", "@ptr7", "@ptr8", "SL:MUSIC_PLAYLIST_TITLE]", "IN:CREATE_PLAYLIST_MUSIC]"], "predicted_tokens": ["[IN:CREATE_PLAYLIST_MUSIC", "[SL:MUSIC_ARTIST_NAME", "@ptr1", "@ptr2", "@ptr3", "@ptr4", "SL:MUSIC_ARTIST_NAME]", "[SL:MUSIC_TRACK_TITLE", "@ptr7", "SL:MUSIC_TRACK_TITLE]", "IN:CREATE_PLAYLIST_MUSIC]"]}
{"loss": 1.6951836347579956, "class_log_probabilities": [-1.2652674913406372, -2.221118688583374, -4.6460161209106445, -4.883581638336182], "predictions": [75, 6, 70, 71, 397, 72, 6, 399, 400, 7, 73, 7, 78, 4], "target_tokens": ["[IN:CREATE_CALL", "[SL:CONTACT", "[IN:GET_CONTACT", "[SL:CONTACT_RELATED", "@ptr4", "@ptr5", "SL:CONTACT_RELATED]", "[SL:TYPE_RELATION", "@ptr2", "SL:TYPE_RELATION]", "IN:GET_CONTACT]", "SL:CONTACT]", "IN:CREATE_CALL]"], "predicted_tokens": ["[IN:CREATE_CALL", "[SL:CONTACT", "[IN:GET_CONTACT", "[SL:TYPE_RELATION", "@ptr2", "SL:TYPE_RELATION]", "[SL:CONTACT", "@ptr4", "@ptr5", "SL:CONTACT]", "IN:GET_CONTACT]", "SL:CONTACT]", "IN:CREATE_CALL]"]}
{"loss": 2.6309549808502197, "class_log_probabilities": [-7.307105541229248, -7.858345985412598, -8.268694877624512, -10.461589813232422], "predictions": [75, 6, 70, 71, 399, 72, 93, 404, 94, 6, 407, 7, 93, 406, 94, 73, 7, 78, 4, 4, 4, 4, 4, 4], "target_tokens": ["[IN:CREATE_CALL", "[SL:CONTACT", "[IN:GET_CONTACT", "[SL:CONTACT_RELATED", "@ptr7", "@ptr8", "SL:CONTACT_RELATED]", "[SL:TYPE_RELATION", "@ptr4", "@ptr5", "@ptr6", "SL:TYPE_RELATION]", "[SL:CONTACT", "@ptr10", "SL:CONTACT]", "IN:GET_CONTACT]", "SL:CONTACT]", "IN:CREATE_CALL]"], "predicted_tokens": ["[IN:CREATE_CALL", "[SL:CONTACT", "[IN:GET_CONTACT", "[SL:TYPE_RELATION", "@ptr4", "SL:TYPE_RELATION]", "[SL:CONTACT_RELATED", "@ptr9", "SL:CONTACT_RELATED]", "[SL:CONTACT", "@ptr12", "SL:CONTACT]", "[SL:CONTACT_RELATED", "@ptr11", "SL:CONTACT_RELATED]", "IN:GET_CONTACT]", "SL:CONTACT]", "IN:CREATE_CALL]"]}
{"loss": 0.9655042290687561, "class_log_probabilities": [-0.41239121556282043, -6.428520202636719, -6.730765342712402, -6.827661037445068], "predictions": [153, 6, 400, 7, 154, 4], "target_tokens": ["[IN:ANSWER_CALL", "[SL:CONTACT", "@ptr5", "SL:CONTACT]", "IN:ANSWER_CALL]"], "predicted_tokens": ["[IN:ANSWER_CALL", "[SL:CONTACT", "@ptr5", "SL:CONTACT]", "IN:ANSWER_CALL]"]}
{"loss": 0.9586133360862732, "class_log_probabilities": [-0.1946316510438919, -7.7445502281188965, -8.407655715942383, -8.577494621276855], "predictions": [171, 172, 4, 4], "target_tokens": ["[IN:GET_AVAILABILITY", "IN:GET_AVAILABILITY]"], "predicted_tokens": ["[IN:GET_AVAILABILITY", "IN:GET_AVAILABILITY]"]}
{"loss": 0.9770446419715881, "class_log_probabilities": [-0.1883157342672348, -6.5543742179870605, -7.253966331481934, -7.408427715301514], "predictions": [95, 96, 4], "target_tokens": ["[IN:IGNORE_CALL", "IN:IGNORE_CALL]"], "predicted_tokens": ["[IN:IGNORE_CALL", "IN:IGNORE_CALL]"]}
{"loss": 0.9575939774513245, "class_log_probabilities": [-0.19849427044391632, -7.651834011077881, -8.46812915802002, -8.491199493408203], "predictions": [171, 172, 4], "target_tokens": ["[IN:GET_AVAILABILITY", "IN:GET_AVAILABILITY]"], "predicted_tokens": ["[IN:GET_AVAILABILITY", "IN:GET_AVAILABILITY]"]}
{"loss": 0.9838786125183105, "class_log_probabilities": [-0.9177987575531006, -4.16162109375, -4.581377029418945, -4.635892868041992], "predictions": [75, 6, 70, 71, 398, 72, 73, 7, 78, 4, 4, 4, 4], "target_tokens": ["[IN:CREATE_CALL", "[SL:CONTACT", "[IN:GET_CONTACT", "[SL:TYPE_RELATION", "@ptr3", "SL:TYPE_RELATION]", "IN:GET_CONTACT]", "SL:CONTACT]", "IN:CREATE_CALL]"], "predicted_tokens": ["[IN:CREATE_CALL", "[SL:CONTACT", "[IN:GET_CONTACT", "[SL:TYPE_RELATION", "@ptr3", "SL:TYPE_RELATION]", "IN:GET_CONTACT]", "SL:CONTACT]", "IN:CREATE_CALL]"]}
{"loss": 0.9516444802284241, "class_log_probabilities": [-0.2573148310184479, -6.304801940917969, -7.744595527648926, -8.106340408325195], "predictions": [171, 172, 4], "target_tokens": ["[IN:GET_AVAILABILITY", "IN:GET_AVAILABILITY]"], "predicted_tokens": ["[IN:GET_AVAILABILITY", "IN:GET_AVAILABILITY]"]}
{"loss": 0.9683876633644104, "class_log_probabilities": [-0.18658128380775452, -6.69472074508667, -7.6640849113464355, -8.6188383102417], "predictions": [189, 190, 4, 4], "target_tokens": ["[IN:SET_AVAILABLE", "IN:SET_AVAILABLE]"], "predicted_tokens": ["[IN:SET_AVAILABLE", "IN:SET_AVAILABLE]"]}
{"loss": 0.9814643859863281, "class_log_probabilities": [-0.1585409939289093, -7.72181510925293, -7.975874423980713, -8.0867338180542], "predictions": [215, 216, 4], "target_tokens": ["[IN:SWITCH_CALL", "IN:SWITCH_CALL]"], "predicted_tokens": ["[IN:SWITCH_CALL", "IN:SWITCH_CALL]"]}
{"loss": 0.9539578557014465, "class_log_probabilities": [-0.2303735315799713, -6.924055099487305, -7.986274719238281, -8.084333419799805], "predictions": [171, 172, 4], "target_tokens": ["[IN:GET_AVAILABILITY", "IN:GET_AVAILABILITY]"], "predicted_tokens": ["[IN:GET_AVAILABILITY", "IN:GET_AVAILABILITY]"]}
{"loss": 0.9760800004005432, "class_log_probabilities": [-0.16909131407737732, -7.663714408874512, -7.783674716949463, -7.970644474029541], "predictions": [215, 216, 4], "target_tokens": ["[IN:SWITCH_CALL", "IN:SWITCH_CALL]"], "predicted_tokens": ["[IN:SWITCH_CALL", "IN:SWITCH_CALL]"]}
{"loss": 1.55423903465271, "class_log_probabilities": [-0.5678578615188599, -6.319108486175537, -6.353488922119141, -7.240666389465332], "predictions": [75, 6, 70, 71, 400, 72, 73, 7, 78, 4, 4, 4, 4], "target_tokens": ["[IN:CREATE_CALL", "[SL:CONTACT", "[IN:GET_CONTACT", "[SL:TYPE_RELATION", "@ptr4", "SL:TYPE_RELATION]", "IN:GET_CONTACT]", "SL:CONTACT]", "IN:CREATE_CALL]"], "predicted_tokens": ["[IN:CREATE_CALL", "[SL:CONTACT", "[IN:GET_CONTACT", "[SL:TYPE_RELATION", "@ptr5", "SL:TYPE_RELATION]", "IN:GET_CONTACT]", "SL:CONTACT]", "IN:CREATE_CALL]"]}
{"loss": 2.1293134689331055, "class_log_probabilities": [-1.083472728729248, -4.1078314781188965, -4.137036323547363, -4.211278915405273], "predictions": [75, 6, 399, 401, 7, 78, 4], "target_tokens": ["[IN:CREATE_CALL", "[SL:CONTACT", "@ptr4", "@ptr5", "SL:CONTACT]", "IN:CREATE_CALL]"], "predicted_tokens": ["[IN:CREATE_CALL", "[SL:CONTACT", "@ptr4", "@ptr6", "SL:CONTACT]", "IN:CREATE_CALL]"]}
{"loss": 1.250969648361206, "class_log_probabilities": [-1.5544145107269287, -2.1687207221984863, -3.0986361503601074, -4.362896919250488], "predictions": [75, 6, 70, 71, 399, 72, 73, 7, 78, 4, 4, 4, 4], "target_tokens": ["[IN:CREATE_CALL", "[SL:CONTACT", "[IN:GET_CONTACT", "[SL:TYPE_RELATION", "@ptr3", "@ptr4", "SL:TYPE_RELATION]", "IN:GET_CONTACT]", "SL:CONTACT]", "IN:CREATE_CALL]"], "predicted_tokens": ["[IN:CREATE_CALL", "[SL:CONTACT", "[IN:GET_CONTACT", "[SL:TYPE_RELATION", "@ptr4", "SL:TYPE_RELATION]", "IN:GET_CONTACT]", "SL:CONTACT]", "IN:CREATE_CALL]"]}
{"loss": 1.6609952449798584, "class_log_probabilities": [-3.3446407318115234, -3.8444578647613525, -4.131082534790039, -4.95989465713501], "predictions": [75, 6, 70, 71, 399, 400, 72, 73, 7, 6, 70, 71, 402, 403, 72, 73, 7, 78, 4, 4], "target_tokens": ["[IN:CREATE_CALL", "[SL:CONTACT", "[IN:GET_CONTACT", "[SL:TYPE_RELATION", "@ptr4", "@ptr5", "@ptr6", "@ptr7", "SL:TYPE_RELATION]", "IN:GET_CONTACT]", "SL:CONTACT]", "IN:CREATE_CALL]"], "predicted_tokens": ["[IN:CREATE_CALL", "[SL:CONTACT", "[IN:GET_CONTACT", "[SL:TYPE_RELATION", "@ptr4", "@ptr5", "SL:TYPE_RELATION]", "IN:GET_CONTACT]", "SL:CONTACT]", "[SL:CONTACT", "[IN:GET_CONTACT", "[SL:TYPE_RELATION", "@ptr7", "@ptr8", "SL:TYPE_RELATION]", "IN:GET_CONTACT]", "SL:CONTACT]", "IN:CREATE_CALL]"]}
{"loss": 0.9832966327667236, "class_log_probabilities": [-0.5511885285377502, -5.722026348114014, -6.467974662780762, -6.518416404724121], "predictions": [107, 108, 70, 71, 396, 397, 72, 73, 109, 110, 4], "target_tokens": ["[IN:UPDATE_CALL", "[SL:CONTACT_ADDED", "[IN:GET_CONTACT", "[SL:TYPE_RELATION", "@ptr1", "@ptr2", "SL:TYPE_RELATION]", "IN:GET_CONTACT]", "SL:CONTACT_ADDED]", "IN:UPDATE_CALL]"], "predicted_tokens": ["[IN:UPDATE_CALL", "[SL:CONTACT_ADDED", "[IN:GET_CONTACT", "[SL:TYPE_RELATION", "@ptr1", "@ptr2", "SL:TYPE_RELATION]", "IN:GET_CONTACT]", "SL:CONTACT_ADDED]", "IN:UPDATE_CALL]"]}
{"loss": 1.412079930305481, "class_log_probabilities": [-4.726499080657959, -7.301631450653076, -66.85514068603516, -66.95069122314453], "predictions": [23, 10, 398, 399, 400, 11, 24, 405, 406, 407, 408, 410, 25, 26, 4, 4, 4, 4, 4, 4, 4, 4, 4, 4, 4, 4, 4, 4, 4, 4, 4, 4, 4, 4, 4, 4, 4, 4, 4, 4, 4, 4, 4, 4, 4, 4, 4, 4, 4, 4, 4, 4, 4, 4, 4, 4, 4, 4, 4, 4, 4, 4, 4, 4, 4, 4, 4, 4, 4, 4, 4, 4, 4, 4, 4, 4, 4, 4, 4, 4, 4, 4, 4, 4, 4, 4, 4, 4, 4, 4, 4, 4, 4, 4, 4, 4, 4, 4, 4, 4], "target_tokens": ["[IN:SEND_MESSAGE", "[SL:RECIPIENT", "@ptr3", "@ptr4", "SL:RECIPIENT]", "[SL:CONTENT_EXACT", "@ptr9", "@ptr10", "@ptr11", "@ptr12", "@ptr13", "@ptr14", "@ptr15", "SL:CONTENT_EXACT]", "IN:SEND_MESSAGE]"], "predicted_tokens": ["[IN:SEND_MESSAGE", "[SL:RECIPIENT", "@ptr3", "@ptr4", "@ptr5", "SL:RECIPIENT]", "[SL:CONTENT_EXACT", "@ptr10", "@ptr11", "@ptr12", "@ptr13", "@ptr15", "SL:CONTENT_EXACT]", "IN:SEND_MESSAGE]"]}
{"loss": 2.0663557052612305, "class_log_probabilities": [-3.1493465900421143, -3.91170072555542, -4.11409854888916, -4.292813777923584], "predictions": [49, 34, 397, 35, 36, 399, 400, 401, 37, 16, 402, 403, 404, 405, 406, 407, 17, 50, 4, 4, 4], "target_tokens": ["[IN:CREATE_REMINDER", "[SL:PERSON_REMINDED", "@ptr1", "SL:PERSON_REMINDED]", "[SL:TODO", "@ptr4", "@ptr5", "SL:TODO]", "[SL:DATE_TIME", "@ptr6", "@ptr7", "@ptr8", "@ptr9", "@ptr10", "@ptr11", "SL:DATE_TIME]", "IN:CREATE_REMINDER]"], "predicted_tokens": ["[IN:CREATE_REMINDER", "[SL:PERSON_REMINDED", "@ptr2", "SL:PERSON_REMINDED]", "[SL:TODO", "@ptr4", "@ptr5", "@ptr6", "SL:TODO]", "[SL:DATE_TIME", "@ptr7", "@ptr8", "@ptr9", "@ptr10", "@ptr11", "@ptr12", "SL:DATE_TIME]", "IN:CREATE_REMINDER]"]}
{"loss": 2.3422129154205322, "class_log_probabilities": [-1.2572859525680542, -3.3955860137939453, -4.474091529846191, -5.503077983856201], "predictions": [49, 36, 397, 398, 399, 37, 16, 401, 402, 403, 17, 50, 4, 4, 4], "target_tokens": ["[IN:CREATE_REMINDER", "[SL:PERSON_REMINDED", "@ptr2", "SL:PERSON_REMINDED]", "[SL:TODO", "@ptr4", "SL:TODO]", "[SL:DATE_TIME", "@ptr5", "@ptr6", "@ptr7", "SL:DATE_TIME]", "IN:CREATE_REMINDER]"], "predicted_tokens": ["[IN:CREATE_REMINDER", "[SL:TODO", "@ptr2", "@ptr3", "@ptr4", "SL:TODO]", "[SL:DATE_TIME", "@ptr6", "@ptr7", "@ptr8", "SL:DATE_TIME]", "IN:CREATE_REMINDER]"]}
{"loss": 1.4900379180908203, "class_log_probabilities": [-4.259399890899658, -6.265499114990234, -6.579641342163086, -7.472053527832031], "predictions": [45, 249, 398, 399, 400, 250, 46, 4, 4, 4, 4], "target_tokens": ["[IN:CREATE_REMINDER", "[SL:PERSON_REMINDED", "@ptr1", "SL:PERSON_REMINDED]", "[SL:TODO", "@ptr3", "@ptr4", "@ptr5", "SL:TODO]", "IN:CREATE_REMINDER]"], "predicted_tokens": ["[IN:CREATE_ALARM", "[SL:ALARM_NAME", "@ptr3", "@ptr4", "@ptr5", "SL:ALARM_NAME]", "IN:CREATE_ALARM]"]}
{"loss": 2.3070108890533447, "class_log_probabilities": [-2.8260018825531006, -3.125457763671875, -4.7678937911987305, -6.0522918701171875], "predictions": [49, 34, 397, 35, 36, 398, 399, 400, 401, 37, 16, 402, 403, 404, 405, 17, 50, 4], "target_tokens": ["[IN:CREATE_REMINDER", "[SL:PERSON_REMINDED", "@ptr2", "SL:PERSON_REMINDED]", "[SL:TODO", "@ptr3", "@ptr4", "@ptr5", "SL:TODO]", "[SL:DATE_TIME", "@ptr6", "@ptr7", "@ptr8", "SL:DATE_TIME]", "IN:CREATE_REMINDER]"], "predicted_tokens": ["[IN:CREATE_REMINDER", "[SL:PERSON_REMINDED", "@ptr2", "SL:PERSON_REMINDED]", "[SL:TODO", "@ptr3", "@ptr4", "@ptr5", "@ptr6", "SL:TODO]", "[SL:DATE_TIME", "@ptr7", "@ptr8", "@ptr9", "@ptr10", "SL:DATE_TIME]", "IN:CREATE_REMINDER]"]}
{"loss": 3.218839645385742, "class_log_probabilities": [-13.175419807434082, -13.205130577087402, -111.7828140258789, -111.8269271850586], "predictions": [33, 34, 401, 35, 34, 403, 35, 36, 404, 405, 406, 407, 408, 37, 16, 407, 408, 409, 411, 413, 17, 50, 4, 4, 4, 4, 4, 4, 4, 4, 4, 4, 4, 4, 4, 4, 4, 4, 4, 4, 4, 4, 4, 4, 4, 4, 4, 4, 4, 4, 4, 4, 4, 4, 4, 4, 4, 4, 4, 4, 4, 4, 4, 4, 4, 4, 4, 4, 4, 4, 4, 4, 4, 4, 4, 4, 4, 4, 4, 4, 4, 4, 4, 4, 4, 4, 4, 4, 4, 4, 4, 4, 4, 4, 4, 4, 4, 4, 4, 4], "target_tokens": ["[IN:DELETE_REMINDER", "[SL:PERSON_REMINDED", "@ptr5", "@ptr6", "SL:PERSON_REMINDED]", "[SL:TODO", "[IN:GET_TODO", "[SL:DATE_TIME", "@ptr16", "@ptr17", "SL:DATE_TIME]", "[SL:TODO", "@ptr9", "@ptr10", "SL:TODO]", "[SL:ATTENDEE", "@ptr12", "@ptr13", "@ptr14", "SL:ATTENDEE]", "IN:GET_TODO]", "SL:TODO]", "IN:DELETE_REMINDER]"], "predicted_tokens": ["[IN:DELETE_REMINDER", "[SL:PERSON_REMINDED", "@ptr6", "SL:PERSON_REMINDED]", "[SL:PERSON_REMINDED", "@ptr8", "SL:PERSON_REMINDED]", "[SL:TODO", "@ptr9", "@ptr10", "@ptr11", "@ptr12", "@ptr13", "SL:TODO]", "[SL:DATE_TIME", "@ptr12", "@ptr13", "@ptr14", "@ptr16", "@ptr18", "SL:DATE_TIME]", "IN:CREATE_REMINDER]"]}
{"loss": 4.110301494598389, "class_log_probabilities": [-1.2360700368881226, -2.2437002658843994, -3.8052995204925537, -4.677803039550781], "predictions": [117, 36, 397, 398, 399, 400, 401, 402, 403, 37, 34, 405, 35, 118, 4], "target_tokens": ["[IN:GET_REMINDER_DATE_TIME", "[SL:PERSON_REMINDED", "@ptr8", "@ptr9", "SL:PERSON_REMINDED]", "[SL:ORDINAL", "@ptr5", "@ptr6", "@ptr7", "SL:ORDINAL]", "[SL:TODO", "@ptr2", "@ptr3", "@ptr4", "SL:TODO]", "IN:GET_REMINDER_DATE_TIME]"], "predicted_tokens": ["[IN:GET_REMINDER_DATE_TIME", "[SL:TODO", "@ptr2", "@ptr3", "@ptr4", "@ptr5", "@ptr6", "@ptr7", "@ptr8", "SL:TODO]", "[SL:PERSON_REMINDED", "@ptr10", "SL:PERSON_REMINDED]", "IN:GET_REMINDER_DATE_TIME]"]}
{"loss": 2.029650926589966, "class_log_probabilities": [-4.911852836608887, -6.032033920288086, -9.174720764160156, -11.87391185760498], "predictions": [27, 28, 397, 29, 113, 398, 399, 400, 401, 402, 403, 404, 405, 114, 30, 4, 4, 4, 4, 4], "target_tokens": ["[IN:CREATE_REMINDER", "[SL:PERSON_REMINDED", "@ptr2", "SL:PERSON_REMINDED]", "[SL:TODO", "@ptr3", "@ptr4", "@ptr5", "@ptr6", "@ptr7", "@ptr8", "@ptr9", "SL:TODO]", "[SL:DATE_TIME", "@ptr10", "@ptr11", "@ptr12", "SL:DATE_TIME]", "IN:CREATE_REMINDER]"], "predicted_tokens": ["[IN:GET_INFO_RECIPES", "[SL:RECIPES_ATTRIBUTE", "@ptr2", "SL:RECIPES_ATTRIBUTE]", "[SL:RECIPES_COOKING_METHOD", "@ptr3", "@ptr4", "@ptr5", "@ptr6", "@ptr7", "@ptr8", "@ptr9", "@ptr10", "SL:RECIPES_COOKING_METHOD]", "IN:GET_INFO_RECIPES]"]}
{"loss": 3.1465957164764404, "class_log_probabilities": [-4.2858452796936035, -4.36703634262085, -4.433538913726807, -4.477607727050781], "predictions": [49, 36, 402, 403, 404, 405, 406, 37, 16, 408, 17, 50, 4, 4], "target_tokens": ["[IN:UPDATE_REMINDER_DATE_TIME", "[SL:TODO", "@ptr6", "@ptr7", "@ptr8", "@ptr9", "SL:TODO]", "[SL:DATE_TIME", "@ptr10", "@ptr11", "@ptr12", "@ptr13", "SL:DATE_TIME]", "IN:UPDATE_REMINDER_DATE_TIME]"], "predicted_tokens": ["[IN:CREATE_REMINDER", "[SL:TODO", "@ptr7", "@ptr8", "@ptr9", "@ptr10", "@ptr11", "SL:TODO]", "[SL:DATE_TIME", "@ptr13", "SL:DATE_TIME]", "IN:CREATE_REMINDER]"]}
{"loss": 2.026444911956787, "class_log_probabilities": [-1.2727534770965576, -1.5186587572097778, -3.750302791595459, -4.191803932189941], "predictions": [33, 16, 401, 402, 17, 38, 4, 4], "target_tokens": ["[IN:DELETE_REMINDER", "[SL:DATE_TIME", "@ptr5", "@ptr6", "SL:DATE_TIME]", "IN:DELETE_REMINDER]"], "predicted_tokens": ["[IN:DELETE_REMINDER", "[SL:DATE_TIME", "@ptr6", "@ptr7", "SL:DATE_TIME]", "IN:DELETE_REMINDER]"]}
{"loss": 1.7353379726409912, "class_log_probabilities": [-1.353238582611084, -3.6044507026672363, -4.990095615386963, -5.298430919647217], "predictions": [117, 36, 400, 401, 402, 403, 37, 118, 4, 4, 4, 4], "target_tokens": ["[IN:GET_REMINDER_DATE_TIME", "[SL:TODO", "@ptr5", "@ptr6", "@ptr7", "SL:TODO]", "IN:GET_REMINDER_DATE_TIME]"], "predicted_tokens": ["[IN:GET_REMINDER_DATE_TIME", "[SL:TODO", "@ptr5", "@ptr6", "@ptr7", "@ptr8", "SL:TODO]", "IN:GET_REMINDER_DATE_TIME]"]}
{"loss": 3.027149200439453, "class_log_probabilities": [-4.32021951675415, -4.4133172035217285, -4.47484016418457, -4.618917465209961], "predictions": [47, 34, 401, 35, 34, 401, 35, 199, 425, 200, 48, 4], "target_tokens": ["[IN:GET_REMINDER", "[SL:METHOD_RETRIEVAL_REMINDER", "@ptr0", "SL:METHOD_RETRIEVAL_REMINDER]", "[SL:AMOUNT", "@ptr3", "SL:AMOUNT]", "[SL:PERSON_REMINDED", "@ptr5", "SL:PERSON_REMINDED]", "[SL:DATE_TIME", "@ptr12", "@ptr13", "@ptr14", "@ptr15", "@ptr16", "@ptr17", "@ptr18", "@ptr19", "SL:DATE_TIME]", "IN:GET_REMINDER]"], "predicted_tokens": ["[IN:GET_REMINDER", "[SL:PERSON_REMINDED", "@ptr6", "SL:PERSON_REMINDED]", "[SL:PERSON_REMINDED", "@ptr6", "SL:PERSON_REMINDED]", "[SL:METHOD_RETRIEVAL_REMINDER", "@ptr30", "SL:METHOD_RETRIEVAL_REMINDER]", "IN:GET_REMINDER]"]}
{"loss": 2.219780683517456, "class_log_probabilities": [-4.546846389770508, -4.612306118011475, -5.250293731689453, -6.442447662353516], "predictions": [47, 36, 143, 36, 401, 402, 37, 34, 404, 35, 16, 405, 406, 17, 48, 4, 4, 4], "target_tokens": ["[IN:GET_REMINDER", "[SL:PERSON_REMINDED", "@ptr8", "@ptr9", "SL:PERSON_REMINDED]", "[SL:TODO", "@ptr6", "@ptr7", "SL:TODO]", "[SL:DATE_TIME", "@ptr11", "@ptr12", "SL:DATE_TIME]", "IN:GET_REMINDER]"], "predicted_tokens": ["[IN:GET_REMINDER", "[SL:TODO", "[IN:GET_TODO", "[SL:TODO", "@ptr6", "@ptr7", "SL:TODO]", "[SL:PERSON_REMINDED", "@ptr9", "SL:PERSON_REMINDED]", "[SL:DATE_TIME", "@ptr10", "@ptr11", "SL:DATE_TIME]", "IN:GET_REMINDER]"]}
{"loss": 3.5016236305236816, "class_log_probabilities": [-6.653234004974365, -7.229416370391846, -7.372069835662842, -7.625542163848877], "predictions": [23, 24, 401, 402, 403, 404, 405, 406, 407, 408, 423, 25, 26, 4, 4, 4, 4], "target_tokens": ["[IN:GET_REMINDER", "[SL:METHOD_RETRIEVAL_REMINDER", "@ptr1", "SL:METHOD_RETRIEVAL_REMINDER]", "[SL:TODO", "[IN:GET_TODO", "[SL:TODO", "@ptr5", "@ptr6", "@ptr7", "@ptr8", "@ptr9", "@ptr10", "@ptr11", "@ptr12", "@ptr13", "@ptr14", "@ptr15", "@ptr16", "@ptr17", "@ptr18", "@ptr19", "SL:TODO]", "[SL:LOCATION", "@ptr23", "SL:LOCATION]", "IN:GET_TODO]", "SL:TODO]", "IN:GET_REMINDER]"], "predicted_tokens": ["[IN:SEND_MESSAGE", "[SL:CONTENT_EXACT", "@ptr6", "@ptr7", "@ptr8", "@ptr9", "@ptr10", "@ptr11", "@ptr12", "@ptr13", "@ptr28", "SL:CONTENT_EXACT]", "IN:SEND_MESSAGE]"]}
{"loss": 2.579024314880371, "class_log_probabilities": [-1.6662787199020386, -3.2316906452178955, -4.507602214813232, -4.996344566345215], "predictions": [49, 36, 397, 398, 399, 400, 401, 402, 37, 16, 403, 404, 405, 406, 407, 17, 50, 4, 4, 4], "target_tokens": ["[IN:CREATE_REMINDER", "[SL:PERSON_REMINDED", "@ptr2", "SL:PERSON_REMINDED]", "[SL:TODO", "@ptr4", "@ptr5", "@ptr6", "SL:TODO]", "[SL:DATE_TIME", "@ptr7", "@ptr8", "@ptr9", "@ptr10", "SL:DATE_TIME]", "IN:CREATE_REMINDER]"], "predicted_tokens": ["[IN:CREATE_REMINDER", "[SL:TODO", "@ptr2", "@ptr3", "@ptr4", "@ptr5", "@ptr6", "@ptr7", "SL:TODO]", "[SL:DATE_TIME", "@ptr8", "@ptr9", "@ptr10", "@ptr11", "@ptr12", "SL:DATE_TIME]", "IN:CREATE_REMINDER]"]}
{"loss": 1.4261966943740845, "class_log_probabilities": [-3.9739673137664795, -4.785128593444824, -6.415590286254883, -6.609311103820801], "predictions": [23, 10, 396, 11, 24, 398, 399, 400, 401, 402, 403, 404, 25, 26, 4, 4, 4, 4, 4, 4], "target_tokens": ["[IN:CREATE_REMINDER", "[SL:PERSON_REMINDED", "@ptr1", "SL:PERSON_REMINDED]", "[SL:TODO", "@ptr3", "@ptr4", "@ptr5", "@ptr6", "@ptr7", "@ptr8", "@ptr9", "@ptr10", "@ptr11", "@ptr12", "@ptr13", "SL:TODO]", "IN:CREATE_REMINDER]"], "predicted_tokens": ["[IN:SEND_MESSAGE", "[SL:RECIPIENT", "@ptr1", "SL:RECIPIENT]", "[SL:CONTENT_EXACT", "@ptr3", "@ptr4", "@ptr5", "@ptr6", "@ptr7", "@ptr8", "@ptr9", "SL:CONTENT_EXACT]", "IN:SEND_MESSAGE]"]}
{"loss": 2.1969153881073, "class_log_probabilities": [-5.636168956756592, -5.810603141784668, -17.20627212524414, -20.027992248535156], "predictions": [23, 10, 398, 11, 24, 399, 400, 401, 402, 403, 404, 405, 406, 407, 408, 25, 26, 4, 4, 4, 4, 4, 4, 4, 4, 4, 4, 4, 4, 4, 4, 4, 4, 4, 4, 4, 4, 4, 4, 4, 4, 4, 4, 4, 4, 4, 4, 4, 4, 4, 4, 4, 4, 4, 4, 4, 4, 4, 4, 4, 4, 4, 4, 4, 4, 4, 4, 4, 4, 4, 4, 4, 4, 4, 4, 4, 4, 4, 4, 4, 4, 4, 4, 4, 4, 4, 4, 4, 4, 4, 4, 4, 4, 4, 4, 4, 4, 4, 4, 4], "target_tokens": ["[IN:CREATE_REMINDER", "[SL:PERSON_REMINDED", "@ptr2", "SL:PERSON_REMINDED]", "[SL:TODO", "@ptr4", "@ptr5", "@ptr6", "@ptr7", "@ptr8", "@ptr9", "@ptr10", "@ptr11", "@ptr12", "@ptr13", "@ptr14", "@ptr15", "@ptr16", "@ptr17", "@ptr18", "@ptr19", "SL:TODO]", "IN:CREATE_REMINDER]"], "predicted_tokens": ["[IN:SEND_MESSAGE", "[SL:RECIPIENT", "@ptr3", "SL:RECIPIENT]", "[SL:CONTENT_EXACT", "@ptr4", "@ptr5", "@ptr6", "@ptr7", "@ptr8", "@ptr9", "@ptr10", "@ptr11", "@ptr12", "@ptr13", "SL:CONTENT_EXACT]", "IN:SEND_MESSAGE]"]}
{"loss": 2.0156781673431396, "class_log_probabilities": [-2.695598602294922, -3.310645818710327, -4.971482276916504, -5.817741870880127], "predictions": [49, 36, 75, 6, 397, 7, 78, 37, 16, 402, 403, 404, 17, 50, 4, 4, 4, 4, 4], "target_tokens": ["[IN:CREATE_REMINDER", "[SL:PERSON_REMINDED", "@ptr1", "SL:PERSON_REMINDED]", "[SL:TODO", "[IN:CREATE_CALL", "[SL:CONTACT", "[IN:GET_CONTACT", "[SL:TYPE_RELATION", "@ptr5", "SL:TYPE_RELATION]", "IN:GET_CONTACT]", "SL:CONTACT]", "IN:CREATE_CALL]", "SL:TODO]", "[SL:DATE_TIME", "@ptr6", "@ptr7", "@ptr8", "SL:DATE_TIME]", "IN:CREATE_REMINDER]"], "predicted_tokens": ["[IN:CREATE_REMINDER", "[SL:TODO", "[IN:CREATE_CALL", "[SL:CONTACT", "@ptr2", "SL:CONTACT]", "IN:CREATE_CALL]", "SL:TODO]", "[SL:DATE_TIME", "@ptr7", "@ptr8", "@ptr9", "SL:DATE_TIME]", "IN:CREATE_REMINDER]"]}
{"loss": 1.796403408050537, "class_log_probabilities": [-5.016071319580078, -5.8111958503723145, -6.214186668395996, -7.412229061126709], "predictions": [49, 34, 398, 35, 36, 400, 401, 402, 403, 404, 405, 406, 407, 410, 37, 16, 408, 410, 17, 50, 4, 4, 4], "target_tokens": ["[IN:CREATE_REMINDER", "[SL:PERSON_REMINDED", "@ptr2", "SL:PERSON_REMINDED]", "[SL:TODO", "@ptr5", "@ptr6", "@ptr7", "@ptr8", "@ptr9", "@ptr10", "SL:TODO]", "[SL:DATE_TIME", "@ptr11", "@ptr12", "@ptr13", "SL:DATE_TIME]", "IN:CREATE_REMINDER]"], "predicted_tokens": ["[IN:CREATE_REMINDER", "[SL:PERSON_REMINDED", "@ptr3", "SL:PERSON_REMINDED]", "[SL:TODO", "@ptr5", "@ptr6", "@ptr7", "@ptr8", "@ptr9", "@ptr10", "@ptr11", "@ptr12", "@ptr15", "SL:TODO]", "[SL:DATE_TIME", "@ptr13", "@ptr15", "SL:DATE_TIME]", "IN:CREATE_REMINDER]"]}
{"loss": 1.3407427072525024, "class_log_probabilities": [-2.9284021854400635, -3.8761637210845947, -4.3854756355285645, -5.346828460693359], "predictions": [49, 34, 397, 35, 36, 398, 399, 400, 401, 402, 403, 37, 16, 404, 405, 406, 17, 50, 4, 4, 4, 4], "target_tokens": ["[IN:CREATE_REMINDER", "[SL:PERSON_REMINDED", "@ptr2", "SL:PERSON_REMINDED]", "[SL:TODO", "@ptr3", "@ptr4", "@ptr5", "@ptr6", "@ptr7", "SL:TODO]", "[SL:DATE_TIME", "@ptr8", "@ptr9", "@ptr10", "SL:DATE_TIME]", "IN:CREATE_REMINDER]"], "predicted_tokens": ["[IN:CREATE_REMINDER", "[SL:PERSON_REMINDED", "@ptr2", "SL:PERSON_REMINDED]", "[SL:TODO", "@ptr3", "@ptr4", "@ptr5", "@ptr6", "@ptr7", "@ptr8", "SL:TODO]", "[SL:DATE_TIME", "@ptr9", "@ptr10", "@ptr11", "SL:DATE_TIME]", "IN:CREATE_REMINDER]"]}
{"loss": 2.8737595081329346, "class_log_probabilities": [-50.874759674072266, -51.932308197021484, -52.57332229614258, -52.5739860534668], "predictions": [49, 34, 397, 35, 36, 143, 16, 398, 399, 400, 401, 17, 36, 404, 37, 16, 408, 409, 409, 409, 409, 409, 409, 409, 409, 409, 409, 409, 409, 409, 409, 409, 409, 409, 409, 409, 409, 409, 409, 409, 409, 409, 409, 409, 409, 409, 409, 409, 409, 409, 409, 409, 409, 409, 409, 409, 409, 409, 409, 409, 409, 409, 409, 409, 409, 409, 409, 409, 409, 409, 409, 409, 409, 409, 409, 409, 409, 409, 409, 409, 409, 409, 409, 409, 409, 409, 409, 409, 409, 409, 409, 409, 409, 409, 409, 409, 409, 409, 409, 409], "target_tokens": ["[IN:CREATE_REMINDER", "[SL:PERSON_REMINDED", "@ptr1", "SL:PERSON_REMINDED]", "[SL:DATE_TIME", "@ptr2", "@ptr3", "@ptr4", "@ptr5", "SL:DATE_TIME]", "[SL:TODO", "[IN:GET_TODO", "[SL:TODO", "@ptr7", "@ptr8", "@ptr9", "@ptr10", "SL:TODO]", "[SL:DATE_TIME", "@ptr11", "@ptr12", "@ptr13", "@ptr14", "SL:DATE_TIME]", "IN:GET_TODO]", "SL:TODO]", "IN:CREATE_REMINDER]"], "predicted_tokens": ["[IN:CREATE_REMINDER", "[SL:PERSON_REMINDED", "@ptr2", "SL:PERSON_REMINDED]", "[SL:TODO", "[IN:GET_TODO", "[SL:DATE_TIME", "@ptr3", "@ptr4", "@ptr5", "@ptr6", "SL:DATE_TIME]", "[SL:TODO", "@ptr9", "SL:TODO]", "[SL:DATE_TIME", "@ptr13", "@ptr14", "@ptr14", "@ptr14", "@ptr14", "@ptr14", "@ptr14", "@ptr14", "@ptr14", "@ptr14", "@ptr14", "@ptr14", "@ptr14", "@ptr14", "@ptr14", "@ptr14", "@ptr14", "@ptr14", "@ptr14", "@ptr14", "@ptr14", "@ptr14", "@ptr14", "@ptr14", "@ptr14", "@ptr14", "@ptr14", "@ptr14", "@ptr14", "@ptr14", "@ptr14", "@ptr14", "@ptr14", "@ptr14", "@ptr14", "@ptr14", "@ptr14", "@ptr14", "@ptr14", "@ptr14", "@ptr14", "@ptr14", "@ptr14", "@ptr14", "@ptr14", "@ptr14", "@ptr14", "@ptr14", "@ptr14", "@ptr14", "@ptr14", "@ptr14", "@ptr14", "@ptr14", "@ptr14", "@ptr14", "@ptr14", "@ptr14", "@ptr14", "@ptr14", "@ptr14", "@ptr14", "@ptr14", "@ptr14", "@ptr14", "@ptr14", "@ptr14", "@ptr14", "@ptr14", "@ptr14", "@ptr14", "@ptr14", "@ptr14", "@ptr14", "@ptr14", "@ptr14", "@ptr14", "@ptr14", "@ptr14", "@ptr14", "@ptr14", "@ptr14", "@ptr14", "@ptr14"]}
{"loss": 2.9159843921661377, "class_log_probabilities": [-4.153061866760254, -15.828961372375488, -16.842723846435547, -17.405778884887695], "predictions": [49, 16, 399, 400, 401, 402, 17, 36, 403, 404, 37, 34, 405, 35, 50, 4, 4, 4, 4, 4, 4, 4, 4, 4, 4, 4, 4, 4, 4, 4, 4, 4, 4, 4, 4, 4, 4, 4, 4, 4, 4, 4, 4, 4, 4, 4, 4, 4, 4, 4, 4, 4, 4, 4, 4, 4, 4, 4, 4, 4, 4, 4, 4, 4, 4, 4, 4], "target_tokens": ["[IN:CREATE_REMINDER", "[SL:DATE_TIME", "@ptr4", "@ptr5", "@ptr6", "SL:DATE_TIME]", "[SL:TODO", "[IN:GET_TODO", "[SL:TODO", "@ptr7", "@ptr8", "@ptr9", "@ptr10", "SL:TODO]", "[SL:DATE_TIME", "@ptr11", "@ptr12", "@ptr13", "SL:DATE_TIME]", "IN:GET_TODO]", "SL:TODO]", "IN:CREATE_REMINDER]"], "predicted_tokens": ["[IN:CREATE_REMINDER", "[SL:DATE_TIME", "@ptr4", "@ptr5", "@ptr6", "@ptr7", "SL:DATE_TIME]", "[SL:TODO", "@ptr8", "@ptr9", "SL:TODO]", "[SL:PERSON_REMINDED", "@ptr10", "SL:PERSON_REMINDED]", "IN:CREATE_REMINDER]"]}
{"loss": 1.038906455039978, "class_log_probabilities": [-1.9625662565231323, -2.1472020149230957, -3.4377994537353516, -6.015124320983887], "predictions": [95, 16, 399, 400, 401, 402, 403, 17, 96, 4, 4], "target_tokens": ["[IN:IGNORE_CALL", "[SL:DATE_TIME", "@ptr3", "@ptr4", "@ptr5", "@ptr6", "@ptr7", "@ptr8", "SL:DATE_TIME]", "IN:IGNORE_CALL]"], "predicted_tokens": ["[IN:IGNORE_CALL", "[SL:DATE_TIME", "@ptr4", "@ptr5", "@ptr6", "@ptr7", "@ptr8", "SL:DATE_TIME]", "IN:IGNORE_CALL]"]}
{"loss": 1.6903018951416016, "class_log_probabilities": [-1.44088613986969, -2.3747880458831787, -2.9209887981414795, -5.3467512130737305], "predictions": [75, 6, 399, 400, 401, 7, 78, 4], "target_tokens": ["[IN:CREATE_CALL", "[SL:CONTACT", "@ptr4", "@ptr5", "SL:CONTACT]", "IN:CREATE_CALL]"], "predicted_tokens": ["[IN:CREATE_CALL", "[SL:CONTACT", "@ptr4", "@ptr5", "@ptr6", "SL:CONTACT]", "IN:CREATE_CALL]"]}
{"loss": 0.9945423007011414, "class_log_probabilities": [-0.8213182091712952, -2.064544677734375, -7.401659965515137, -8.918638229370117], "predictions": [75, 6, 397, 398, 7, 78, 4, 4, 4, 4], "target_tokens": ["[IN:CREATE_CALL", "[SL:CONTACT", "@ptr2", "@ptr3", "SL:CONTACT]", "IN:CREATE_CALL]"], "predicted_tokens": ["[IN:CREATE_CALL", "[SL:CONTACT", "@ptr2", "@ptr3", "SL:CONTACT]", "IN:CREATE_CALL]"]}
{"loss": 2.2512624263763428, "class_log_probabilities": [-3.579129219055176, -5.052013874053955, -5.303030490875244, -6.0193257331848145], "predictions": [61, 83, 397, 84, 14, 398, 399, 400, 15, 16, 401, 402, 403, 404, 17, 62, 4], "target_tokens": ["[IN:GET_EVENT", "[SL:CATEGORY_EVENT", "@ptr1", "SL:CATEGORY_EVENT]", "[SL:LOCATION", "@ptr3", "@ptr4", "SL:LOCATION]", "[SL:DATE_TIME", "@ptr5", "@ptr6", "@ptr7", "@ptr8", "SL:DATE_TIME]", "IN:GET_EVENT]"], "predicted_tokens": ["[IN:GET_EVENT", "[SL:CATEGORY_EVENT", "@ptr2", "SL:CATEGORY_EVENT]", "[SL:LOCATION", "@ptr3", "@ptr4", "@ptr5", "SL:LOCATION]", "[SL:DATE_TIME", "@ptr6", "@ptr7", "@ptr8", "@ptr9", "SL:DATE_TIME]", "IN:GET_EVENT]"]}
{"loss": 3.8266170024871826, "class_log_probabilities": [-2.1859235763549805, -2.443033456802368, -8.349664688110352, -11.07368278503418], "predictions": [61, 14, 404, 15, 62, 4, 4, 4, 4, 4, 4, 4, 4, 4, 4], "target_tokens": ["[IN:GET_EVENT", "[SL:LOCATION", "@ptr8", "@ptr9", "@ptr10", "SL:LOCATION]", "[SL:DATE_TIME", "@ptr11", "@ptr12", "SL:DATE_TIME]", "IN:GET_EVENT]"], "predicted_tokens": ["[IN:GET_EVENT", "[SL:LOCATION", "@ptr9", "SL:LOCATION]", "IN:GET_EVENT]"]}
{"loss": 1.0019257068634033, "class_log_probabilities": [-1.1621006727218628, -3.3850502967834473, -4.178739547729492, -4.909526824951172], "predictions": [61, 83, 395, 84, 16, 398, 399, 17, 62, 4], "target_tokens": ["[IN:GET_EVENT", "[SL:CATEGORY_EVENT", "@ptr0", "SL:CATEGORY_EVENT]", "[SL:DATE_TIME", "@ptr3", "@ptr4", "SL:DATE_TIME]", "IN:GET_EVENT]"], "predicted_tokens": ["[IN:GET_EVENT", "[SL:CATEGORY_EVENT", "@ptr0", "SL:CATEGORY_EVENT]", "[SL:DATE_TIME", "@ptr3", "@ptr4", "SL:DATE_TIME]", "IN:GET_EVENT]"]}
{"loss": 0.9560132622718811, "class_log_probabilities": [-0.4658453166484833, -7.372646808624268, -7.545407295227051, -7.607172966003418], "predictions": [61, 16, 395, 396, 17, 62, 4, 4], "target_tokens": ["[IN:GET_EVENT", "[SL:DATE_TIME", "@ptr0", "@ptr1", "SL:DATE_TIME]", "IN:GET_EVENT]"], "predicted_tokens": ["[IN:GET_EVENT", "[SL:DATE_TIME", "@ptr0", "@ptr1", "SL:DATE_TIME]", "IN:GET_EVENT]"]}
{"loss": 2.286093235015869, "class_log_probabilities": [-2.5450587272644043, -3.3295705318450928, -3.657921552658081, -4.400391578674316], "predictions": [61, 14, 396, 397, 398, 399, 15, 16, 403, 17, 62, 4, 4, 4, 4, 4, 4], "target_tokens": ["[IN:GET_EVENT", "[SL:LOCATION", "@ptr5", "@ptr6", "SL:LOCATION]", "[SL:DATE_TIME", "@ptr7", "@ptr8", "SL:DATE_TIME]", "IN:GET_EVENT]"], "predicted_tokens": ["[IN:GET_EVENT", "[SL:LOCATION", "@ptr1", "@ptr2", "@ptr3", "@ptr4", "SL:LOCATION]", "[SL:DATE_TIME", "@ptr8", "SL:DATE_TIME]", "IN:GET_EVENT]"]}
{"loss": 3.3374695777893066, "class_log_probabilities": [-2.1208488941192627, -4.019645690917969, -4.417954444885254, -4.671897888183594], "predictions": [295, 6, 395, 7, 14, 401, 402, 15, 296, 4], "target_tokens": ["[IN:GET_EMPLOYMENT_TIME", "[SL:CONTACT", "@ptr0", "SL:CONTACT]", "[SL:EMPLOYER", "@ptr5", "@ptr6", "SL:EMPLOYER]", "IN:GET_EMPLOYMENT_TIME]"], "predicted_tokens": ["[IN:GET_DATE_TIME_EVENT", "[SL:CONTACT", "@ptr0", "SL:CONTACT]", "[SL:LOCATION", "@ptr6", "@ptr7", "SL:LOCATION]", "IN:GET_DATE_TIME_EVENT]"]}
{"loss": 0.9885361790657043, "class_log_probabilities": [-0.6363934278488159, -3.5219452381134033, -4.59913444519043, -5.566157341003418], "predictions": [193, 6, 395, 7, 138, 398, 399, 139, 196, 4], "target_tokens": ["[IN:GET_EMPLOYMENT_TIME", "[SL:CONTACT", "@ptr0", "SL:CONTACT]", "[SL:EMPLOYER", "@ptr3", "@ptr4", "SL:EMPLOYER]", "IN:GET_EMPLOYMENT_TIME]"], "predicted_tokens": ["[IN:GET_EMPLOYMENT_TIME", "[SL:CONTACT", "@ptr0", "SL:CONTACT]", "[SL:EMPLOYER", "@ptr3", "@ptr4", "SL:EMPLOYER]", "IN:GET_EMPLOYMENT_TIME]"]}
{"loss": 3.5524728298187256, "class_log_probabilities": [-4.181731224060059, -4.2106828689575195, -4.764851093292236, -5.018915176391602], "predictions": [137, 71, 395, 72, 93, 398, 94, 140, 4, 4], "target_tokens": ["[IN:GET_EMPLOYMENT_TIME", "[SL:CONTACT_RELATED", "@ptr2", "@ptr3", "SL:CONTACT_RELATED]", "[SL:TYPE_RELATION", "@ptr0", "@ptr1", "SL:TYPE_RELATION]", "IN:GET_EMPLOYMENT_TIME]"], "predicted_tokens": ["[IN:GET_EMPLOYER", "[SL:TYPE_RELATION", "@ptr0", "SL:TYPE_RELATION]", "[SL:CONTACT_RELATED", "@ptr3", "SL:CONTACT_RELATED]", "IN:GET_EMPLOYER]"]}
{"loss": 2.8635566234588623, "class_log_probabilities": [-7.143523693084717, -7.790304183959961, -8.255290031433105, -8.476716041564941], "predictions": [295, 6, 395, 396, 397, 398, 7, 6, 401, 402, 404, 405, 406, 15, 296, 4, 4], "target_tokens": ["[IN:GET_EDUCATION_TIME", "[SL:CONTACT", "@ptr0", "@ptr1", "SL:CONTACT]", "[SL:SCHOOL", "@ptr7", "@ptr8", "@ptr9", "SL:SCHOOL]", "IN:GET_EDUCATION_TIME]"], "predicted_tokens": ["[IN:GET_DATE_TIME_EVENT", "[SL:CONTACT", "@ptr0", "@ptr1", "@ptr2", "@ptr3", "SL:CONTACT]", "[SL:CONTACT", "@ptr6", "@ptr7", "@ptr9", "@ptr10", "@ptr11", "SL:LOCATION]", "IN:GET_DATE_TIME_EVENT]"]}
{"loss": 1.1034750938415527, "class_log_probabilities": [-0.9610241651535034, -1.0246866941452026, -6.269620895385742, -6.427262306213379], "predictions": [125, 6, 395, 7, 126, 4, 4], "target_tokens": ["[IN:GET_AGE", "[SL:CONTACT", "@ptr0", "SL:CONTACT]", "IN:GET_AGE]"], "predicted_tokens": ["[IN:GET_AGE", "[SL:CONTACT", "@ptr0", "SL:CONTACT]", "IN:GET_AGE]"]}
{"loss": 3.431974172592163, "class_log_probabilities": [-3.2272558212280273, -3.2290091514587402, -3.252039670944214, -4.221163272857666], "predictions": [70, 138, 404, 405, 407, 139, 73, 4, 4], "target_tokens": ["[IN:GET_CONTACT", "[SL:EMPLOYER", "@ptr7", "@ptr8", "@ptr9", "@ptr10", "SL:EMPLOYER]", "IN:GET_CONTACT]"], "predicted_tokens": ["[IN:GET_CONTACT", "[SL:EMPLOYER", "@ptr9", "@ptr10", "@ptr12", "SL:EMPLOYER]", "IN:GET_CONTACT]"]}
{"loss": 1.8617569208145142, "class_log_probabilities": [-0.5796976089477539, -3.1712565422058105, -5.934195041656494, -6.120517253875732], "predictions": [70, 138, 399, 400, 401, 139, 73, 4, 4], "target_tokens": ["[IN:GET_CONTACT", "[SL:EMPLOYER", "@ptr3", "@ptr4", "@ptr5", "SL:EMPLOYER]", "IN:GET_CONTACT]"], "predicted_tokens": ["[IN:GET_CONTACT", "[SL:EMPLOYER", "@ptr4", "@ptr5", "@ptr6", "SL:EMPLOYER]", "IN:GET_CONTACT]"]}
{"loss": 1.7400115728378296, "class_log_probabilities": [-0.45459797978401184, -5.588188171386719, -5.991514682769775, -6.747583389282227], "predictions": [70, 257, 400, 258, 73, 4], "target_tokens": ["[IN:GET_CONTACT", "[SL:SCHOOL", "@ptr4", "SL:SCHOOL]", "IN:GET_CONTACT]"], "predicted_tokens": ["[IN:GET_CONTACT", "[SL:SCHOOL", "@ptr5", "SL:SCHOOL]", "IN:GET_CONTACT]"]}
{"loss": 1.9482464790344238, "class_log_probabilities": [-1.7927504777908325, -4.878874778747559, -5.41088342666626, -5.729487895965576], "predictions": [70, 257, 405, 258, 73, 4, 4, 4, 4], "target_tokens": ["[IN:GET_CONTACT", "[SL:SCHOOL", "@ptr8", "SL:SCHOOL]", "IN:GET_CONTACT]"], "predicted_tokens": ["[IN:GET_CONTACT", "[SL:SCHOOL", "@ptr10", "SL:SCHOOL]", "IN:GET_CONTACT]"]}
{"loss": 1.7910733222961426, "class_log_probabilities": [-4.010144233703613, -4.252802848815918, -4.357544898986816, -4.408543109893799], "predictions": [70, 71, 396, 72, 93, 404, 258, 73, 4, 4, 4, 4], "target_tokens": ["[IN:GET_CONTACT", "[SL:CONTACT_RELATED", "@ptr1", "SL:CONTACT_RELATED]", "[SL:TYPE_RELATION", "@ptr0", "SL:TYPE_RELATION]", "[SL:SCHOOL", "@ptr7", "SL:SCHOOL]", "IN:GET_CONTACT]"], "predicted_tokens": ["[IN:GET_CONTACT", "[SL:TYPE_RELATION", "@ptr1", "SL:TYPE_RELATION]", "[SL:CONTACT_RELATED", "@ptr9", "SL:SCHOOL]", "IN:GET_CONTACT]"]}
{"loss": 0.9603282809257507, "class_log_probabilities": [-0.46065565943717957, -6.683146953582764, -6.844825744628906, -6.925296306610107], "predictions": [70, 14, 399, 15, 73, 4, 4], "target_tokens": ["[IN:GET_CONTACT", "[SL:LOCATION", "@ptr4", "SL:LOCATION]", "IN:GET_CONTACT]"], "predicted_tokens": ["[IN:GET_CONTACT", "[SL:LOCATION", "@ptr4", "SL:LOCATION]", "IN:GET_CONTACT]"]}
{"loss": 2.0090091228485107, "class_log_probabilities": [-0.9663704633712769, -4.205649375915527, -5.122389316558838, -5.475160598754883], "predictions": [70, 93, 395, 94, 14, 403, 404, 405, 15, 73, 4, 4], "target_tokens": ["[IN:GET_CONTACT", "[SL:CONTACT_RELATED", "@ptr0", "SL:CONTACT_RELATED]", "[SL:LOCATION", "@ptr7", "@ptr8", "SL:LOCATION]", "IN:GET_CONTACT]"], "predicted_tokens": ["[IN:GET_CONTACT", "[SL:CONTACT_RELATED", "@ptr0", "SL:CONTACT_RELATED]", "[SL:LOCATION", "@ptr8", "@ptr9", "@ptr10", "SL:LOCATION]", "IN:GET_CONTACT]"]}
{"loss": 0.9805288314819336, "class_log_probabilities": [-0.7727909684181213, -4.310448169708252, -4.437411785125732, -4.511666774749756], "predictions": [70, 71, 395, 72, 93, 397, 398, 94, 73, 4, 4], "target_tokens": ["[IN:GET_CONTACT", "[SL:TYPE_RELATION", "@ptr0", "SL:TYPE_RELATION]", "[SL:CONTACT_RELATED", "@ptr2", "@ptr3", "SL:CONTACT_RELATED]", "IN:GET_CONTACT]"], "predicted_tokens": ["[IN:GET_CONTACT", "[SL:TYPE_RELATION", "@ptr0", "SL:TYPE_RELATION]", "[SL:CONTACT_RELATED", "@ptr2", "@ptr3", "SL:CONTACT_RELATED]", "IN:GET_CONTACT]"]}
{"loss": 2.2275173664093018, "class_log_probabilities": [-1.3377104997634888, -3.327239513397217, -3.426804304122925, -5.27803373336792], "predictions": [51, 52, 397, 398, 399, 53, 289, 401, 290, 54, 4, 4], "target_tokens": ["[IN:GET_INFO_RECIPES", "[SL:RECIPES_DISH", "@ptr2", "@ptr3", "SL:RECIPES_DISH]", "IN:GET_INFO_RECIPES]"], "predicted_tokens": ["[IN:GET_RECIPES", "[SL:RECIPES_DISH", "@ptr2", "@ptr3", "@ptr4", "SL:RECIPES_DISH]", "[SL:RECIPES_RATING", "@ptr6", "SL:RECIPES_RATING]", "IN:GET_RECIPES]"]}
{"loss": 3.466482162475586, "class_log_probabilities": [-2.647552013397217, -3.6095707416534424, -4.3005218505859375, -5.1233744621276855], "predictions": [219, 16, 399, 400, 401, 17, 220, 4, 4, 4, 4], "target_tokens": ["[IN:SUBTRACT_TIME_TIMER", "[SL:DATE_TIME", "@ptr4", "@ptr5", "SL:DATE_TIME]", "[SL:METHOD_TIMER", "@ptr1", "@ptr2", "@ptr3", "SL:METHOD_TIMER]", "IN:SUBTRACT_TIME_TIMER]"], "predicted_tokens": ["[IN:SUBTRACT_TIME_TIMER", "[SL:DATE_TIME", "@ptr4", "@ptr5", "@ptr6", "SL:DATE_TIME]", "IN:SUBTRACT_TIME_TIMER]"]}
{"loss": 3.8276190757751465, "class_log_probabilities": [-0.9760837554931641, -3.977599859237671, -6.843629837036133, -6.993551254272461], "predictions": [39, 16, 395, 396, 17, 40, 398, 41, 42, 4, 4], "target_tokens": ["[IN:GET_STORIES_NEWS", "[SL:NEWS_CATEGORY", "@ptr6", "@ptr7", "SL:NEWS_CATEGORY]", "[SL:NEWS_TYPE", "@ptr3", "SL:NEWS_TYPE]", "[SL:DATE_TIME", "@ptr0", "@ptr1", "SL:DATE_TIME]", "IN:GET_STORIES_NEWS]"], "predicted_tokens": ["[IN:GET_STORIES_NEWS", "[SL:DATE_TIME", "@ptr0", "@ptr1", "SL:DATE_TIME]", "[SL:NEWS_TYPE", "@ptr3", "SL:NEWS_TYPE]", "IN:GET_STORIES_NEWS]"]}
{"loss": 3.1709609031677246, "class_log_probabilities": [-0.7978256940841675, -5.254724979400635, -5.397838115692139, -5.452204704284668], "predictions": [39, 43, 395, 396, 44, 40, 398, 41, 42, 4], "target_tokens": ["[IN:GET_STORIES_NEWS", "[SL:NEWS_TYPE", "@ptr3", "@ptr4", "SL:NEWS_TYPE]", "[SL:NEWS_CATEGORY", "@ptr0", "@ptr1", "SL:NEWS_CATEGORY]", "IN:GET_STORIES_NEWS]"], "predicted_tokens": ["[IN:GET_STORIES_NEWS", "[SL:NEWS_CATEGORY", "@ptr0", "@ptr1", "SL:NEWS_CATEGORY]", "[SL:NEWS_TYPE", "@ptr3", "SL:NEWS_TYPE]", "IN:GET_STORIES_NEWS]"]}
{"loss": 3.8797149658203125, "class_log_probabilities": [-2.0261573791503906, -2.2966418266296387, -4.48667573928833, -4.965609550476074], "predictions": [89, 90, 399, 91, 16, 400, 401, 17, 92, 4, 4], "target_tokens": ["[IN:CREATE_TIMER", "[SL:METHOD_TIMER", "@ptr1", "@ptr2", "@ptr3", "SL:METHOD_TIMER]", "[SL:DATE_TIME", "@ptr4", "@ptr5", "SL:DATE_TIME]", "IN:CREATE_TIMER]"], "predicted_tokens": ["[IN:CREATE_TIMER", "[SL:METHOD_TIMER", "@ptr4", "SL:METHOD_TIMER]", "[SL:DATE_TIME", "@ptr5", "@ptr6", "SL:DATE_TIME]", "IN:CREATE_TIMER]"]}
{"loss": 5.178623676300049, "class_log_probabilities": [-2.320803642272949, -2.494640827178955, -2.8710737228393555, -3.27679181098938], "predictions": [55, 56, 396, 397, 398, 399, 400, 401, 402, 403, 404, 405, 406, 408, 57, 58, 4, 4], "target_tokens": ["[IN:QUESTION_NEWS", "[SL:NEWS_TOPIC", "@ptr1", "SL:NEWS_TOPIC]", "[SL:DATE_TIME", "@ptr6", "@ptr7", "@ptr8", "SL:DATE_TIME]", "[SL:NEWS_CATEGORY", "@ptr2", "@ptr3", "@ptr4", "@ptr5", "SL:NEWS_CATEGORY]", "[SL:NEWS_TOPIC", "@ptr10", "@ptr11", "SL:NEWS_TOPIC]", "IN:QUESTION_NEWS]"], "predicted_tokens": ["[IN:QUESTION_NEWS", "[SL:NEWS_TOPIC", "@ptr1", "@ptr2", "@ptr3", "@ptr4", "@ptr5", "@ptr6", "@ptr7", "@ptr8", "@ptr9", "@ptr10", "@ptr11", "@ptr13", "SL:NEWS_TOPIC]", "IN:QUESTION_NEWS]"]}
{"loss": 2.738929510116577, "class_log_probabilities": [-6.5480451583862305, -7.072364330291748, -7.302341461181641, -7.735825538635254], "predictions": [13, 14, 395, 396, 397, 398, 399, 400, 401, 402, 15, 16, 403, 404, 405, 17, 135, 407, 136, 18, 4], "target_tokens": ["[IN:GET_WEATHER", "[SL:LOCATION", "@ptr5", "SL:LOCATION]", "[SL:DATE_TIME", "@ptr6", "@ptr7", "@ptr8", "SL:DATE_TIME]", "[SL:WEATHER_TEMPERATURE_UNIT", "@ptr11", "SL:WEATHER_TEMPERATURE_UNIT]", "IN:GET_WEATHER]"], "predicted_tokens": ["[IN:GET_WEATHER", "[SL:LOCATION", "@ptr0", "@ptr1", "@ptr2", "@ptr3", "@ptr4", "@ptr5", "@ptr6", "@ptr7", "SL:LOCATION]", "[SL:DATE_TIME", "@ptr8", "@ptr9", "@ptr10", "SL:DATE_TIME]", "[SL:WEATHER_TEMPERATURE_UNIT", "@ptr12", "SL:WEATHER_TEMPERATURE_UNIT]", "IN:GET_WEATHER]"]}
{"loss": 4.82303524017334, "class_log_probabilities": [-2.8033249378204346, -3.9397056102752686, -4.7152204513549805, -6.1039509773254395], "predictions": [13, 16, 395, 396, 397, 17, 14, 401, 15, 79, 406, 80, 18, 4, 4, 4, 4, 4, 4, 4], "target_tokens": ["[IN:GET_WEATHER", "[SL:WEATHER_ATTRIBUTE", "@ptr7", "@ptr8", "SL:WEATHER_ATTRIBUTE]", "[SL:WEATHER_ATTRIBUTE", "@ptr9", "SL:WEATHER_ATTRIBUTE]", "[SL:WEATHER_TEMPERATURE_UNIT", "@ptr11", "SL:WEATHER_TEMPERATURE_UNIT]", "[SL:LOCATION", "@ptr5", "SL:LOCATION]", "[SL:DATE_TIME", "@ptr0", "@ptr1", "@ptr2", "SL:DATE_TIME]", "IN:GET_WEATHER]"], "predicted_tokens": ["[IN:GET_WEATHER", "[SL:DATE_TIME", "@ptr0", "@ptr1", "@ptr2", "SL:DATE_TIME]", "[SL:LOCATION", "@ptr6", "SL:LOCATION]", "[SL:WEATHER_ATTRIBUTE", "@ptr11", "SL:WEATHER_ATTRIBUTE]", "IN:GET_WEATHER]"]}
{"loss": 1.7672574520111084, "class_log_probabilities": [-0.6135926246643066, -3.896664619445801, -5.353321552276611, -5.829904079437256], "predictions": [51, 52, 398, 399, 400, 53, 54, 4], "target_tokens": ["[IN:GET_RECIPES", "[SL:RECIPES_DISH", "@ptr3", "@ptr4", "SL:RECIPES_DISH]", "IN:GET_RECIPES]"], "predicted_tokens": ["[IN:GET_RECIPES", "[SL:RECIPES_DISH", "@ptr3", "@ptr4", "@ptr5", "SL:RECIPES_DISH]", "IN:GET_RECIPES]"]}
{"loss": 2.763493537902832, "class_log_probabilities": [-5.826845645904541, -6.119307994842529, -6.3820624351501465, -7.786348342895508], "predictions": [51, 341, 396, 342, 52, 400, 401, 402, 403, 404, 405, 406, 53, 54, 4, 4, 4], "target_tokens": ["[IN:GET_RECIPES", "[SL:RECIPES_DISH", "@ptr5", "@ptr6", "@ptr7", "@ptr8", "SL:RECIPES_DISH]", "[SL:RECIPES_EXCLUDED_INGREDIENT", "@ptr11", "SL:RECIPES_EXCLUDED_INGREDIENT]", "IN:GET_RECIPES]"], "predicted_tokens": ["[IN:GET_RECIPES", "[SL:RECIPES_SOURCE", "@ptr1", "SL:RECIPES_SOURCE]", "[SL:RECIPES_DISH", "@ptr5", "@ptr6", "@ptr7", "@ptr8", "@ptr9", "@ptr10", "@ptr11", "SL:RECIPES_DISH]", "IN:GET_RECIPES]"]}
{"loss": 2.9906880855560303, "class_log_probabilities": [-0.7324538826942444, -4.784639358520508, -5.456477642059326, -7.591480731964111], "predictions": [13, 16, 395, 396, 17, 79, 399, 80, 18, 4], "target_tokens": ["[IN:GET_WEATHER", "[SL:WEATHER_ATTRIBUTE", "@ptr3", "SL:WEATHER_ATTRIBUTE]", "[SL:DATE_TIME", "@ptr0", "@ptr1", "SL:DATE_TIME]", "IN:GET_WEATHER]"], "predicted_tokens": ["[IN:GET_WEATHER", "[SL:DATE_TIME", "@ptr0", "@ptr1", "SL:DATE_TIME]", "[SL:WEATHER_ATTRIBUTE", "@ptr4", "SL:WEATHER_ATTRIBUTE]", "IN:GET_WEATHER]"]}
{"loss": 0.9876509308815002, "class_log_probabilities": [-0.17686429619789124, -6.905667781829834, -7.1646647453308105, -7.366390228271484], "predictions": [241, 242, 4], "target_tokens": ["[IN:SKIP_TRACK_MUSIC", "IN:SKIP_TRACK_MUSIC]"], "predicted_tokens": ["[IN:SKIP_TRACK_MUSIC", "IN:SKIP_TRACK_MUSIC]"]}
{"loss": 1.8358840942382812, "class_log_probabilities": [-0.564476490020752, -5.2436842918396, -5.273545742034912, -5.513843536376953], "predictions": [229, 64, 396, 65, 230, 4, 4, 4, 4], "target_tokens": ["[IN:PREVIOUS_TRACK_MUSIC", "[SL:ORDINAL", "@ptr2", "SL:ORDINAL]", "[SL:MUSIC_TYPE", "@ptr1", "SL:MUSIC_TYPE]", "IN:PREVIOUS_TRACK_MUSIC]"], "predicted_tokens": ["[IN:PREVIOUS_TRACK_MUSIC", "[SL:MUSIC_TYPE", "@ptr1", "SL:MUSIC_TYPE]", "IN:PREVIOUS_TRACK_MUSIC]"]}
{"loss": 1.028136134147644, "class_log_probabilities": [-0.5720592141151428, -3.341670274734497, -4.514791965484619, -4.684744834899902], "predictions": [205, 208, 4], "target_tokens": ["[IN:START_SHUFFLE_MUSIC", "IN:START_SHUFFLE_MUSIC]"], "predicted_tokens": ["[IN:START_SHUFFLE_MUSIC", "IN:START_SHUFFLE_MUSIC]"]}
{"loss": 0.9629035592079163, "class_log_probabilities": [-0.18154343962669373, -8.002876281738281, -8.231447219848633, -8.7477388381958], "predictions": [13, 18, 4, 4, 4], "target_tokens": ["[IN:GET_WEATHER", "IN:GET_WEATHER]"], "predicted_tokens": ["[IN:GET_WEATHER", "IN:GET_WEATHER]"]}
{"loss": 1.653005599975586, "class_log_probabilities": [-1.1810990571975708, -1.8379735946655273, -5.663139343261719, -6.394909381866455], "predictions": [63, 64, 397, 65, 66, 398, 399, 400, 401, 67, 68, 4], "target_tokens": ["[IN:PLAY_MUSIC", "[SL:MUSIC_TYPE", "@ptr1", "SL:MUSIC_TYPE]", "[SL:MUSIC_ARTIST_NAME", "@ptr3", "@ptr4", "@ptr5", "SL:MUSIC_ARTIST_NAME]", "IN:PLAY_MUSIC]"], "predicted_tokens": ["[IN:PLAY_MUSIC", "[SL:MUSIC_TYPE", "@ptr2", "SL:MUSIC_TYPE]", "[SL:MUSIC_ARTIST_NAME", "@ptr3", "@ptr4", "@ptr5", "@ptr6", "SL:MUSIC_ARTIST_NAME]", "IN:PLAY_MUSIC]"]}
{"loss": 3.209216833114624, "class_log_probabilities": [-0.30529725551605225, -6.292072772979736, -6.892287254333496, -7.019317150115967], "predictions": [63, 68, 4, 4, 4, 4, 4, 4], "target_tokens": ["[IN:PLAY_MUSIC", "[SL:MUSIC_GENRE", "@ptr4", "@ptr5", "@ptr6", "SL:MUSIC_GENRE]", "[SL:MUSIC_TYPE", "@ptr2", "SL:MUSIC_TYPE]", "IN:PLAY_MUSIC]"], "predicted_tokens": ["[IN:PLAY_MUSIC", "IN:PLAY_MUSIC]"]}
{"loss": 1.6459757089614868, "class_log_probabilities": [-2.933582067489624, -3.2011630535125732, -3.5021536350250244, -3.9898195266723633], "predictions": [13, 79, 396, 397, 398, 399, 400, 80, 14, 402, 15, 18, 4, 4], "target_tokens": ["[IN:GET_WEATHER", "[SL:WEATHER_ATTRIBUTE", "@ptr1", "@ptr2", "@ptr3", "@ptr4", "SL:WEATHER_ATTRIBUTE]", "[SL:LOCATION", "@ptr6", "SL:LOCATION]", "IN:GET_WEATHER]"], "predicted_tokens": ["[IN:GET_WEATHER", "[SL:WEATHER_ATTRIBUTE", "@ptr1", "@ptr2", "@ptr3", "@ptr4", "@ptr5", "SL:WEATHER_ATTRIBUTE]", "[SL:LOCATION", "@ptr7", "SL:LOCATION]", "IN:GET_WEATHER]"]}
{"loss": 0.9795958399772644, "class_log_probabilities": [-0.597221314907074, -3.2846932411193848, -6.022434234619141, -7.037355422973633], "predictions": [63, 64, 396, 65, 68, 4, 4, 4, 4, 4], "target_tokens": ["[IN:PLAY_MUSIC", "[SL:MUSIC_TYPE", "@ptr1", "SL:MUSIC_TYPE]", "IN:PLAY_MUSIC]"], "predicted_tokens": ["[IN:PLAY_MUSIC", "[SL:MUSIC_TYPE", "@ptr1", "SL:MUSIC_TYPE]", "IN:PLAY_MUSIC]"]}
{"loss": 1.3946598768234253, "class_log_probabilities": [-3.509451389312744, -3.945409059524536, -4.133395195007324, -5.253565788269043], "predictions": [39, 40, 397, 398, 399, 41, 56, 401, 402, 403, 404, 405, 57, 42, 4, 4, 4], "target_tokens": ["[IN:GET_STORIES_NEWS", "[SL:NEWS_TYPE", "@ptr2", "@ptr3", "SL:NEWS_TYPE]", "[SL:NEWS_TOPIC", "@ptr6", "@ptr7", "@ptr8", "@ptr9", "@ptr10", "@ptr11", "@ptr12", "SL:NEWS_TOPIC]", "IN:GET_STORIES_NEWS]"], "predicted_tokens": ["[IN:GET_STORIES_NEWS", "[SL:NEWS_TYPE", "@ptr2", "@ptr3", "@ptr4", "SL:NEWS_TYPE]", "[SL:NEWS_TOPIC", "@ptr6", "@ptr7", "@ptr8", "@ptr9", "@ptr10", "SL:NEWS_TOPIC]", "IN:GET_STORIES_NEWS]"]}
{"loss": 3.7632291316986084, "class_log_probabilities": [-0.34879860281944275, -5.812270164489746, -5.824687480926514, -6.906007289886475], "predictions": [115, 90, 400, 91, 116, 4], "target_tokens": ["[IN:GET_TIMER", "[SL:METHOD_TIMER", "@ptr2", "@ptr3", "@ptr4", "SL:METHOD_TIMER]", "IN:GET_TIMER]"], "predicted_tokens": ["[IN:GET_TIMER", "[SL:METHOD_TIMER", "@ptr5", "SL:METHOD_TIMER]", "IN:GET_TIMER]"]}
{"loss": 1.0709911584854126, "class_log_probabilities": [-1.2943973541259766, -1.4123281240463257, -5.669125556945801, -6.546341896057129], "predictions": [13, 79, 395, 80, 18, 4], "target_tokens": ["[IN:GET_WEATHER", "[SL:WEATHER_ATTRIBUTE", "@ptr0", "SL:WEATHER_ATTRIBUTE]", "IN:GET_WEATHER]"], "predicted_tokens": ["[IN:GET_WEATHER", "[SL:WEATHER_ATTRIBUTE", "@ptr0", "SL:WEATHER_ATTRIBUTE]", "IN:GET_WEATHER]"]}
{"loss": 2.920952320098877, "class_log_probabilities": [-1.2585487365722656, -3.271371841430664, -3.7722928524017334, -4.851028919219971], "predictions": [39, 16, 395, 396, 17, 40, 398, 41, 56, 401, 402, 57, 42, 4, 4], "target_tokens": ["[IN:GET_STORIES_NEWS", "[SL:NEWS_TYPE", "@ptr3", "SL:NEWS_TYPE]", "[SL:NEWS_TOPIC", "@ptr6", "@ptr7", "SL:NEWS_TOPIC]", "[SL:DATE_TIME", "@ptr0", "@ptr1", "SL:DATE_TIME]", "IN:GET_STORIES_NEWS]"], "predicted_tokens": ["[IN:GET_STORIES_NEWS", "[SL:DATE_TIME", "@ptr0", "@ptr1", "SL:DATE_TIME]", "[SL:NEWS_TYPE", "@ptr3", "SL:NEWS_TYPE]", "[SL:NEWS_TOPIC", "@ptr6", "@ptr7", "SL:NEWS_TOPIC]", "IN:GET_STORIES_NEWS]"]}
{"loss": 2.146352767944336, "class_log_probabilities": [-1.465870976448059, -2.145606756210327, -5.402780532836914, -5.573601245880127], "predictions": [89, 16, 399, 400, 401, 402, 17, 92, 4, 4], "target_tokens": ["[IN:CREATE_ALARM", "[SL:DATE_TIME", "@ptr3", "@ptr4", "@ptr5", "@ptr6", "@ptr7", "SL:DATE_TIME]", "IN:CREATE_ALARM]"], "predicted_tokens": ["[IN:CREATE_TIMER", "[SL:DATE_TIME", "@ptr4", "@ptr5", "@ptr6", "@ptr7", "SL:DATE_TIME]", "IN:CREATE_TIMER]"]}
{"loss": 3.528538465499878, "class_log_probabilities": [-1.1295299530029297, -1.5907282829284668, -3.9730031490325928, -4.06862211227417], "predictions": [115, 90, 397, 91, 116, 4], "target_tokens": ["[IN:GET_TIMER", "[SL:ORDINAL", "@ptr5", "@ptr6", "SL:ORDINAL]", "[SL:METHOD_TIMER", "@ptr0", "@ptr1", "@ptr2", "SL:METHOD_TIMER]", "IN:GET_TIMER]"], "predicted_tokens": ["[IN:GET_TIMER", "[SL:METHOD_TIMER", "@ptr2", "SL:METHOD_TIMER]", "IN:GET_TIMER]"]}
{"loss": 0.9885837435722351, "class_log_probabilities": [-0.46477052569389343, -3.1784355640411377, -5.474437236785889, -6.682124614715576], "predictions": [217, 64, 395, 65, 218, 4, 4, 4, 4], "target_tokens": ["[IN:GET_TRACK_INFO_MUSIC", "[SL:MUSIC_TYPE", "@ptr0", "SL:MUSIC_TYPE]", "IN:GET_TRACK_INFO_MUSIC]"], "predicted_tokens": ["[IN:GET_TRACK_INFO_MUSIC", "[SL:MUSIC_TYPE", "@ptr0", "SL:MUSIC_TYPE]", "IN:GET_TRACK_INFO_MUSIC]"]}
{"loss": 4.508868217468262, "class_log_probabilities": [-1.4555503129959106, -2.1621925830841064, -7.1205549240112305, -7.782923698425293], "predictions": [13, 16, 395, 396, 17, 79, 402, 403, 80, 18, 4, 4, 4, 4, 4, 4, 4], "target_tokens": ["[IN:GET_WEATHER", "[SL:WEATHER_ATTRIBUTE", "@ptr6", "@ptr7", "@ptr8", "@ptr9", "SL:WEATHER_ATTRIBUTE]", "[SL:LOCATION", "@ptr11", "@ptr12", "@ptr13", "@ptr14", "SL:LOCATION]", "[SL:DATE_TIME", "@ptr0", "@ptr1", "SL:DATE_TIME]", "IN:GET_WEATHER]"], "predicted_tokens": ["[IN:GET_WEATHER", "[SL:DATE_TIME", "@ptr0", "@ptr1", "SL:DATE_TIME]", "[SL:WEATHER_ATTRIBUTE", "@ptr7", "@ptr8", "SL:WEATHER_ATTRIBUTE]", "IN:GET_WEATHER]"]}
{"loss": 1.0194706916809082, "class_log_probabilities": [-0.8339740037918091, -2.2337753772735596, -2.706169605255127, -5.959156036376953], "predictions": [115, 90, 397, 91, 116, 4, 4], "target_tokens": ["[IN:GET_TIMER", "[SL:METHOD_TIMER", "@ptr2", "SL:METHOD_TIMER]", "IN:GET_TIMER]"], "predicted_tokens": ["[IN:GET_TIMER", "[SL:METHOD_TIMER", "@ptr2", "SL:METHOD_TIMER]", "IN:GET_TIMER]"]}
{"loss": 2.951082229614258, "class_log_probabilities": [-0.6336186528205872, -4.8722052574157715, -5.010442733764648, -6.255611419677734], "predictions": [45, 16, 399, 400, 401, 402, 17, 46, 4, 4, 4, 4], "target_tokens": ["[IN:CREATE_ALARM", "[SL:DATE_TIME", "@ptr3", "@ptr4", "@ptr5", "SL:DATE_TIME]", "IN:CREATE_ALARM]"], "predicted_tokens": ["[IN:CREATE_ALARM", "[SL:DATE_TIME", "@ptr4", "@ptr5", "@ptr6", "@ptr7", "SL:DATE_TIME]", "IN:CREATE_ALARM]"]}
{"loss": 3.9957282543182373, "class_log_probabilities": [-0.5168766975402832, -2.6543586254119873, -4.2132568359375, -5.598738670349121], "predictions": [183, 184, 4, 4, 4, 4, 4, 4, 4, 4, 4], "target_tokens": ["[IN:ADD_TIME_TIMER", "[SL:DATE_TIME", "@ptr2", "@ptr3", "SL:DATE_TIME]", "[SL:METHOD_TIMER", "@ptr5", "@ptr6", "@ptr7", "SL:METHOD_TIMER]", "IN:ADD_TIME_TIMER]"], "predicted_tokens": ["[IN:ADD_TIME_TIMER", "IN:ADD_TIME_TIMER]"]}
{"loss": 3.566725969314575, "class_log_probabilities": [-1.232985496520996, -2.7934701442718506, -3.057063341140747, -3.2521438598632812], "predictions": [39, 40, 396, 397, 398, 41, 42, 4], "target_tokens": ["[IN:GET_STORIES_NEWS", "[SL:NEWS_CATEGORY", "@ptr3", "@ptr4", "SL:NEWS_CATEGORY]", "[SL:NEWS_TYPE", "@ptr0", "@ptr1", "@ptr2", "SL:NEWS_TYPE]", "IN:GET_STORIES_NEWS]"], "predicted_tokens": ["[IN:GET_STORIES_NEWS", "[SL:NEWS_TYPE", "@ptr1", "@ptr2", "@ptr3", "SL:NEWS_TYPE]", "IN:GET_STORIES_NEWS]"]}
{"loss": 2.9747836589813232, "class_log_probabilities": [-3.2796216011047363, -3.472383975982666, -3.6797804832458496, -3.733905553817749], "predictions": [89, 141, 397, 398, 399, 400, 142, 16, 402, 403, 404, 17, 92, 4], "target_tokens": ["[IN:CREATE_ALARM", "[SL:PERIOD", "@ptr2", "@ptr3", "@ptr4", "SL:PERIOD]", "[SL:DATE_TIME", "@ptr5", "@ptr6", "@ptr7", "@ptr8", "SL:DATE_TIME]", "IN:CREATE_ALARM]"], "predicted_tokens": ["[IN:CREATE_TIMER", "[SL:PERIOD", "@ptr2", "@ptr3", "@ptr4", "@ptr5", "SL:PERIOD]", "[SL:DATE_TIME", "@ptr7", "@ptr8", "@ptr9", "SL:DATE_TIME]", "IN:CREATE_TIMER]"]}
{"loss": 1.2149395942687988, "class_log_probabilities": [-1.2232097387313843, -1.6743682622909546, -4.735731601715088, -7.072693824768066], "predictions": [13, 18, 4, 4, 4, 4, 4, 4, 4, 4, 4], "target_tokens": ["[IN:GET_WEATHER", "IN:GET_WEATHER]"], "predicted_tokens": ["[IN:GET_WEATHER", "IN:GET_WEATHER]"]}
{"loss": 3.403383493423462, "class_log_probabilities": [-1.5040162801742554, -1.6652339696884155, -4.13690710067749, -4.682403087615967], "predictions": [63, 64, 399, 65, 66, 402, 403, 404, 67, 68, 4], "target_tokens": ["[IN:PLAY_MUSIC", "[SL:MUSIC_ARTIST_NAME", "@ptr6", "@ptr7", "@ptr8", "SL:MUSIC_ARTIST_NAME]", "[SL:MUSIC_TYPE", "@ptr3", "SL:MUSIC_TYPE]", "IN:PLAY_MUSIC]"], "predicted_tokens": ["[IN:PLAY_MUSIC", "[SL:MUSIC_TYPE", "@ptr4", "SL:MUSIC_TYPE]", "[SL:MUSIC_ARTIST_NAME", "@ptr7", "@ptr8", "@ptr9", "SL:MUSIC_ARTIST_NAME]", "IN:PLAY_MUSIC]"]}
{"loss": 0.9759111404418945, "class_log_probabilities": [-0.4715022146701813, -2.87884783744812, -6.566349506378174, -7.707301139831543], "predictions": [13, 79, 397, 80, 18, 4], "target_tokens": ["[IN:GET_WEATHER", "[SL:WEATHER_ATTRIBUTE", "@ptr2", "SL:WEATHER_ATTRIBUTE]", "IN:GET_WEATHER]"], "predicted_tokens": ["[IN:GET_WEATHER", "[SL:WEATHER_ATTRIBUTE", "@ptr2", "SL:WEATHER_ATTRIBUTE]", "IN:GET_WEATHER]"]}
{"loss": 2.9141952991485596, "class_log_probabilities": [-0.4390502870082855, -4.015079498291016, -5.250295162200928, -5.685379981994629], "predictions": [241, 64, 397, 65, 242, 4, 4, 4, 4], "target_tokens": ["[IN:SKIP_TRACK_MUSIC", "[SL:ORDINAL", "@ptr3", "@ptr4", "SL:ORDINAL]", "[SL:MUSIC_TYPE", "@ptr2", "SL:MUSIC_TYPE]", "IN:SKIP_TRACK_MUSIC]"], "predicted_tokens": ["[IN:SKIP_TRACK_MUSIC", "[SL:MUSIC_TYPE", "@ptr2", "SL:MUSIC_TYPE]", "IN:SKIP_TRACK_MUSIC]"]}
{"loss": 3.087489366531372, "class_log_probabilities": [-0.4630228579044342, -2.339290142059326, -7.000857353210449, -7.791821479797363], "predictions": [39, 40, 398, 41, 42, 4], "target_tokens": ["[IN:GET_STORIES_NEWS", "[SL:NEWS_TYPE", "@ptr1", "@ptr2", "SL:NEWS_TYPE]", "IN:GET_STORIES_NEWS]"], "predicted_tokens": ["[IN:GET_STORIES_NEWS", "[SL:NEWS_TYPE", "@ptr3", "SL:NEWS_TYPE]", "IN:GET_STORIES_NEWS]"]}
{"loss": 2.9393303394317627, "class_log_probabilities": [-1.4660780429840088, -3.3093206882476807, -3.8580305576324463, -4.429908752441406], "predictions": [45, 16, 399, 400, 401, 402, 403, 17, 46, 4], "target_tokens": ["[IN:CREATE_ALARM", "[SL:DATE_TIME", "@ptr3", "@ptr4", "@ptr5", "@ptr6", "SL:DATE_TIME]", "IN:CREATE_ALARM]"], "predicted_tokens": ["[IN:CREATE_ALARM", "[SL:DATE_TIME", "@ptr4", "@ptr5", "@ptr6", "@ptr7", "@ptr8", "SL:DATE_TIME]", "IN:CREATE_ALARM]"]}
{"loss": 3.8967082500457764, "class_log_probabilities": [-0.3945251703262329, -6.259365558624268, -7.142375469207764, -7.462022304534912], "predictions": [63, 66, 396, 397, 67, 68, 4], "target_tokens": ["[IN:PLAY_MUSIC", "[SL:MUSIC_PLAYLIST_TITLE", "@ptr2", "SL:MUSIC_PLAYLIST_TITLE]", "[SL:MUSIC_TYPE", "@ptr1", "SL:MUSIC_TYPE]", "IN:PLAY_MUSIC]"], "predicted_tokens": ["[IN:PLAY_MUSIC", "[SL:MUSIC_ARTIST_NAME", "@ptr1", "@ptr2", "SL:MUSIC_ARTIST_NAME]", "IN:PLAY_MUSIC]"]}
{"loss": 2.32786226272583, "class_log_probabilities": [-0.6239911913871765, -7.3108811378479, -7.991649150848389, -8.287657737731934], "predictions": [13, 16, 395, 396, 17, 79, 398, 80, 18, 4, 4, 4, 4], "target_tokens": ["[IN:GET_WEATHER", "[SL:WEATHER_ATTRIBUTE", "@ptr3", "SL:WEATHER_ATTRIBUTE]", "[SL:DATE_TIME", "@ptr0", "@ptr1", "SL:DATE_TIME]", "IN:GET_WEATHER]"], "predicted_tokens": ["[IN:GET_WEATHER", "[SL:DATE_TIME", "@ptr0", "@ptr1", "SL:DATE_TIME]", "[SL:WEATHER_ATTRIBUTE", "@ptr3", "SL:WEATHER_ATTRIBUTE]", "IN:GET_WEATHER]"]}
{"loss": 3.3845784664154053, "class_log_probabilities": [-1.5639958381652832, -1.645143985748291, -4.834589004516602, -5.525565147399902], "predictions": [89, 90, 397, 91, 16, 398, 399, 400, 17, 92, 4], "target_tokens": ["[IN:CREATE_TIMER", "[SL:DATE_TIME", "@ptr3", "@ptr4", "SL:DATE_TIME]", "[SL:METHOD_TIMER", "@ptr1", "@ptr2", "SL:METHOD_TIMER]", "IN:CREATE_TIMER]"], "predicted_tokens": ["[IN:CREATE_TIMER", "[SL:METHOD_TIMER", "@ptr2", "SL:METHOD_TIMER]", "[SL:DATE_TIME", "@ptr3", "@ptr4", "@ptr5", "SL:DATE_TIME]", "IN:CREATE_TIMER]"]}
{"loss": 0.9860303997993469, "class_log_probabilities": [-0.30191126465797424, -7.503864765167236, -7.755652904510498, -7.87078332901001], "predictions": [287, 64, 398, 65, 288, 4], "target_tokens": ["[IN:REPLAY_MUSIC", "[SL:MUSIC_TYPE", "@ptr3", "SL:MUSIC_TYPE]", "IN:REPLAY_MUSIC]"], "predicted_tokens": ["[IN:REPLAY_MUSIC", "[SL:MUSIC_TYPE", "@ptr3", "SL:MUSIC_TYPE]", "IN:REPLAY_MUSIC]"]}
{"loss": 3.673919677734375, "class_log_probabilities": [-1.2767351865768433, -3.410116195678711, -3.524137020111084, -3.8322317600250244], "predictions": [227, 90, 399, 91, 228, 4], "target_tokens": ["[IN:RESTART_TIMER", "[SL:METHOD_TIMER", "@ptr1", "@ptr2", "@ptr3", "SL:METHOD_TIMER]", "IN:RESTART_TIMER]"], "predicted_tokens": ["[IN:UPDATE_TIMER", "[SL:METHOD_TIMER", "@ptr4", "SL:METHOD_TIMER]", "IN:UPDATE_TIMER]"]}
{"loss": 2.307978868484497, "class_log_probabilities": [-4.150667190551758, -4.5249505043029785, -5.885134696960449, -6.07929801940918], "predictions": [265, 156, 395, 396, 397, 398, 399, 400, 401, 402, 403, 157, 266, 4], "target_tokens": ["[IN:QUESTION_MUSIC", "[SL:MUSIC_ARTIST_NAME", "@ptr0", "@ptr1", "@ptr2", "@ptr3", "@ptr4", "SL:MUSIC_ARTIST_NAME]", "IN:QUESTION_MUSIC]"], "predicted_tokens": ["[IN:GET_ATTENDEE_EVENT", "[SL:TITLE_EVENT", "@ptr0", "@ptr1", "@ptr2", "@ptr3", "@ptr4", "@ptr5", "@ptr6", "@ptr7", "@ptr8", "SL:TITLE_EVENT]", "IN:GET_ATTENDEE_EVENT]"]}
{"loss": 4.9015021324157715, "class_log_probabilities": [-2.0367839336395264, -3.2680461406707764, -4.008739471435547, -4.266266822814941], "predictions": [89, 90, 400, 91, 16, 406, 17, 92, 4], "target_tokens": ["[IN:RESTART_TIMER", "[SL:AMOUNT", "@ptr4", "SL:AMOUNT]", "[SL:METHOD_TIMER", "@ptr1", "@ptr2", "@ptr3", "SL:METHOD_TIMER]", "[SL:DATE_TIME", "@ptr7", "@ptr8", "@ptr9", "SL:DATE_TIME]", "IN:RESTART_TIMER]"], "predicted_tokens": ["[IN:CREATE_TIMER", "[SL:METHOD_TIMER", "@ptr5", "SL:METHOD_TIMER]", "[SL:DATE_TIME", "@ptr11", "SL:DATE_TIME]", "IN:CREATE_TIMER]"]}
{"loss": 1.4546337127685547, "class_log_probabilities": [-1.682415246963501, -4.031152725219727, -4.6345038414001465, -4.732739448547363], "predictions": [63, 64, 399, 65, 68, 4, 4, 4, 4], "target_tokens": ["[IN:PLAY_MUSIC", "[SL:MUSIC_GENRE", "@ptr4", "SL:MUSIC_GENRE]", "[SL:MUSIC_TYPE", "@ptr3", "SL:MUSIC_TYPE]", "IN:PLAY_MUSIC]"], "predicted_tokens": ["[IN:PLAY_MUSIC", "[SL:MUSIC_TYPE", "@ptr4", "SL:MUSIC_TYPE]", "IN:PLAY_MUSIC]"]}
{"loss": 3.1538074016571045, "class_log_probabilities": [-2.640913963317871, -2.8369390964508057, -4.372209548950195, -4.619259834289551], "predictions": [63, 64, 396, 65, 66, 403, 404, 405, 407, 67, 68, 4, 4], "target_tokens": ["[IN:PLAY_MUSIC", "[SL:MUSIC_ARTIST_NAME", "@ptr7", "@ptr8", "@ptr9", "@ptr10", "@ptr11", "SL:MUSIC_ARTIST_NAME]", "[SL:MUSIC_TYPE", "@ptr1", "SL:MUSIC_TYPE]", "IN:PLAY_MUSIC]"], "predicted_tokens": ["[IN:PLAY_MUSIC", "[SL:MUSIC_TYPE", "@ptr1", "SL:MUSIC_TYPE]", "[SL:MUSIC_ARTIST_NAME", "@ptr8", "@ptr9", "@ptr10", "@ptr12", "SL:MUSIC_ARTIST_NAME]", "IN:PLAY_MUSIC]"]}
{"loss": 2.094930648803711, "class_log_probabilities": [-0.8804131150245667, -5.710347652435303, -6.144362449645996, -6.226865291595459], "predictions": [45, 16, 398, 399, 400, 401, 402, 403, 404, 405, 17, 46, 4, 4], "target_tokens": ["[IN:CREATE_ALARM", "[SL:DATE_TIME", "@ptr2", "@ptr3", "@ptr4", "@ptr5", "@ptr6", "@ptr7", "@ptr8", "@ptr9", "SL:DATE_TIME]", "IN:CREATE_ALARM]"], "predicted_tokens": ["[IN:CREATE_ALARM", "[SL:DATE_TIME", "@ptr3", "@ptr4", "@ptr5", "@ptr6", "@ptr7", "@ptr8", "@ptr9", "@ptr10", "SL:DATE_TIME]", "IN:CREATE_ALARM]"]}
{"loss": 3.7813560962677, "class_log_probabilities": [-3.074220657348633, -4.0352911949157715, -4.2348504066467285, -6.67559289932251], "predictions": [27, 289, 397, 290, 52, 400, 53, 113, 402, 114, 30, 4, 4, 4, 4], "target_tokens": ["[IN:GET_RECIPES", "[SL:RECIPES_RATING", "@ptr1", "@ptr2", "@ptr3", "SL:RECIPES_RATING]", "[SL:RECIPES_DISH", "@ptr5", "@ptr6", "SL:RECIPES_DISH]", "IN:GET_RECIPES]"], "predicted_tokens": ["[IN:GET_INFO_RECIPES", "[SL:RECIPES_RATING", "@ptr2", "SL:RECIPES_RATING]", "[SL:RECIPES_DISH", "@ptr5", "SL:RECIPES_DISH]", "[SL:RECIPES_COOKING_METHOD", "@ptr7", "SL:RECIPES_COOKING_METHOD]", "IN:GET_INFO_RECIPES]"]}
{"loss": 1.8557109832763672, "class_log_probabilities": [-0.4842299222946167, -6.895243167877197, -7.050535202026367, -7.078343391418457], "predictions": [51, 52, 396, 397, 398, 53, 54, 4], "target_tokens": ["[IN:GET_RECIPES", "[SL:RECIPES_DISH", "@ptr1", "@ptr2", "SL:RECIPES_DISH]", "IN:GET_RECIPES]"], "predicted_tokens": ["[IN:GET_RECIPES", "[SL:RECIPES_DISH", "@ptr1", "@ptr2", "@ptr3", "SL:RECIPES_DISH]", "IN:GET_RECIPES]"]}
{"loss": 1.1717777252197266, "class_log_probabilities": [-0.9926939010620117, -1.969936490058899, -3.1319074630737305, -6.961352825164795], "predictions": [51, 52, 398, 399, 53, 54, 4], "target_tokens": ["[IN:GET_RECIPES", "[SL:RECIPES_DISH", "@ptr3", "SL:RECIPES_DISH]", "IN:GET_RECIPES]"], "predicted_tokens": ["[IN:GET_RECIPES", "[SL:RECIPES_DISH", "@ptr3", "@ptr4", "SL:RECIPES_DISH]", "IN:GET_RECIPES]"]}
{"loss": 2.1592609882354736, "class_log_probabilities": [-1.7358033657073975, -3.4651098251342773, -4.894811153411865, -4.955349445343018], "predictions": [27, 28, 399, 29, 30, 4, 4, 4, 4], "target_tokens": ["[IN:GET_INFO_RECIPES", "[SL:RECIPES_ATTRIBUTE", "@ptr3", "SL:RECIPES_ATTRIBUTE]", "[SL:RECIPES_DISH", "@ptr9", "SL:RECIPES_DISH]", "IN:GET_INFO_RECIPES]"], "predicted_tokens": ["[IN:GET_INFO_RECIPES", "[SL:RECIPES_ATTRIBUTE", "@ptr4", "SL:RECIPES_ATTRIBUTE]", "IN:GET_INFO_RECIPES]"]}
{"loss": 3.8783135414123535, "class_log_probabilities": [-1.1034339666366577, -2.57673978805542, -3.7151310443878174, -4.703575134277344], "predictions": [51, 52, 398, 399, 53, 28, 401, 402, 29, 54, 4], "target_tokens": ["[IN:GET_RECIPES", "[SL:RECIPES_ATTRIBUTE", "@ptr4", "@ptr5", "SL:RECIPES_ATTRIBUTE]", "[SL:RECIPES_DISH", "@ptr3", "SL:RECIPES_DISH]", "IN:GET_RECIPES]"], "predicted_tokens": ["[IN:GET_RECIPES", "[SL:RECIPES_DISH", "@ptr3", "@ptr4", "SL:RECIPES_DISH]", "[SL:RECIPES_ATTRIBUTE", "@ptr6", "@ptr7", "SL:RECIPES_ATTRIBUTE]", "IN:GET_RECIPES]"]}
{"loss": 2.4069554805755615, "class_log_probabilities": [-1.212907314300537, -3.304701566696167, -3.397089719772339, -3.964099168777466], "predictions": [27, 129, 398, 399, 400, 401, 402, 130, 30, 4], "target_tokens": ["[IN:GET_INFO_RECIPES", "[SL:RECIPES_ATTRIBUTE", "@ptr0", "@ptr1", "SL:RECIPES_ATTRIBUTE]", "[SL:RECIPES_DISH", "@ptr3", "@ptr4", "@ptr5", "@ptr6", "SL:RECIPES_DISH]", "IN:GET_INFO_RECIPES]"], "predicted_tokens": ["[IN:GET_INFO_RECIPES", "[SL:RECIPES_INCLUDED_INGREDIENT", "@ptr3", "@ptr4", "@ptr5", "@ptr6", "@ptr7", "SL:RECIPES_INCLUDED_INGREDIENT]", "IN:GET_INFO_RECIPES]"]}
{"loss": 2.360701084136963, "class_log_probabilities": [-3.3480944633483887, -3.874077081680298, -4.742560386657715, -4.752505302429199], "predictions": [165, 129, 396, 397, 398, 399, 400, 401, 130, 129, 403, 404, 130, 166, 4, 4, 4], "target_tokens": ["[IN:IS_TRUE_RECIPES", "[SL:RECIPES_INCLUDED_INGREDIENT", "@ptr1", "@ptr2", "@ptr3", "@ptr4", "@ptr5", "SL:RECIPES_INCLUDED_INGREDIENT]", "[SL:RECIPES_EXCLUDED_INGREDIENT", "@ptr1", "SL:RECIPES_EXCLUDED_INGREDIENT]", "IN:IS_TRUE_RECIPES]"], "predicted_tokens": ["[IN:IS_TRUE_RECIPES", "[SL:RECIPES_INCLUDED_INGREDIENT", "@ptr1", "@ptr2", "@ptr3", "@ptr4", "@ptr5", "@ptr6", "SL:RECIPES_INCLUDED_INGREDIENT]", "[SL:RECIPES_INCLUDED_INGREDIENT", "@ptr8", "@ptr9", "SL:RECIPES_INCLUDED_INGREDIENT]", "IN:IS_TRUE_RECIPES]"]}
{"loss": 2.6403234004974365, "class_log_probabilities": [-2.2194175720214844, -3.727965831756592, -3.8522984981536865, -4.938148021697998], "predictions": [5, 59, 70, 93, 399, 94, 71, 401, 72, 73, 60, 12, 4, 4], "target_tokens": ["[IN:GET_MESSAGE", "[SL:RECIPIENT", "[IN:GET_CONTACT", "[SL:CONTACT_RELATED", "@ptr2", "@ptr3", "SL:CONTACT_RELATED]", "[SL:TYPE_RELATION", "@ptr5", "SL:TYPE_RELATION]", "IN:GET_CONTACT]", "SL:RECIPIENT]", "IN:GET_MESSAGE]"], "predicted_tokens": ["[IN:GET_MESSAGE", "[SL:SENDER", "[IN:GET_CONTACT", "[SL:CONTACT_RELATED", "@ptr4", "SL:CONTACT_RELATED]", "[SL:TYPE_RELATION", "@ptr6", "SL:TYPE_RELATION]", "IN:GET_CONTACT]", "SL:SENDER]", "IN:GET_MESSAGE]"]}
{"loss": 2.3373329639434814, "class_log_probabilities": [-6.056234836578369, -7.108368873596191, -8.086594581604004, -35.225772857666016], "predictions": [5, 10, 395, 396, 397, 11, 10, 402, 11, 10, 403, 405, 406, 11, 12, 4, 4, 4, 4, 4, 4, 4, 4, 4, 4, 4, 4, 4, 4, 4, 4, 4, 4, 4, 4, 4, 4, 4, 4, 4, 4, 4, 4, 4, 4, 4, 4, 4, 4, 4, 4, 4, 4, 4, 4, 4, 4, 4, 4, 4, 4, 4, 4, 4, 4, 4, 4, 4, 4, 4, 4, 4, 4, 4, 4, 4, 4, 4, 4, 4, 4, 4, 4, 4, 4, 4, 4, 4, 4, 4, 4, 4, 4, 4, 4, 4, 4, 4, 4, 4], "target_tokens": ["[IN:GET_MESSAGE", "[SL:SENDER", "@ptr0", "@ptr1", "@ptr2", "SL:SENDER]", "[SL:RECIPIENT", "@ptr6", "SL:RECIPIENT]", "[SL:NAME_APP", "@ptr8", "@ptr9", "@ptr10", "@ptr11", "SL:NAME_APP]", "IN:GET_MESSAGE]"], "predicted_tokens": ["[IN:GET_MESSAGE", "[SL:RECIPIENT", "@ptr0", "@ptr1", "@ptr2", "SL:RECIPIENT]", "[SL:RECIPIENT", "@ptr7", "SL:RECIPIENT]", "[SL:RECIPIENT", "@ptr8", "@ptr10", "@ptr11", "SL:RECIPIENT]", "IN:GET_MESSAGE]"]}
{"loss": 1.9386996030807495, "class_log_probabilities": [-1.705964207649231, -2.318528413772583, -3.864863157272339, -4.304010391235352], "predictions": [23, 10, 398, 399, 11, 10, 401, 402, 403, 404, 11, 26, 4], "target_tokens": ["[IN:SEND_MESSAGE", "[SL:RECIPIENT", "@ptr3", "@ptr4", "SL:RECIPIENT]", "[SL:NAME_APP", "@ptr6", "@ptr7", "@ptr8", "@ptr9", "SL:NAME_APP]", "IN:SEND_MESSAGE]"], "predicted_tokens": ["[IN:SEND_MESSAGE", "[SL:RECIPIENT", "@ptr3", "@ptr4", "SL:RECIPIENT]", "[SL:RECIPIENT", "@ptr6", "@ptr7", "@ptr8", "@ptr9", "SL:RECIPIENT]", "IN:SEND_MESSAGE]"]}
{"loss": 4.314560890197754, "class_log_probabilities": [-1.1263787746429443, -4.056280136108398, -4.227008819580078, -4.446653366088867], "predictions": [5, 10, 401, 402, 403, 11, 12, 4], "target_tokens": ["[IN:GET_MESSAGE", "[SL:NAME_APP", "@ptr5", "@ptr6", "@ptr7", "SL:NAME_APP]", "IN:GET_MESSAGE]"], "predicted_tokens": ["[IN:GET_MESSAGE", "[SL:RECIPIENT", "@ptr6", "@ptr7", "@ptr8", "SL:RECIPIENT]", "IN:GET_MESSAGE]"]}
{"loss": 3.36535906791687, "class_log_probabilities": [-2.032045602798462, -2.4979429244995117, -4.115719318389893, -5.06927490234375], "predictions": [23, 8, 402, 9, 10, 404, 405, 407, 11, 26, 4, 4, 4, 4], "target_tokens": ["[IN:SEND_MESSAGE", "[SL:TYPE_CONTENT", "@ptr5", "SL:TYPE_CONTENT]", "[SL:RECIPIENT", "@ptr7", "SL:RECIPIENT]", "[SL:NAME_APP", "@ptr9", "@ptr10", "@ptr11", "@ptr12", "SL:NAME_APP]", "IN:SEND_MESSAGE]"], "predicted_tokens": ["[IN:SEND_MESSAGE", "[SL:TYPE_CONTENT", "@ptr7", "SL:TYPE_CONTENT]", "[SL:RECIPIENT", "@ptr9", "@ptr10", "@ptr12", "SL:RECIPIENT]", "IN:SEND_MESSAGE]"]}
{"loss": 3.976679563522339, "class_log_probabilities": [-1.5500677824020386, -3.513949394226074, -4.47096061706543, -4.5073771476745605], "predictions": [5, 10, 401, 402, 403, 404, 11, 12, 4], "target_tokens": ["[IN:GET_MESSAGE", "[SL:NAME_APP", "@ptr5", "@ptr6", "@ptr7", "@ptr8", "SL:NAME_APP]", "IN:GET_MESSAGE]"], "predicted_tokens": ["[IN:GET_MESSAGE", "[SL:RECIPIENT", "@ptr6", "@ptr7", "@ptr8", "@ptr9", "SL:RECIPIENT]", "IN:GET_MESSAGE]"]}
{"loss": 0.958831250667572, "class_log_probabilities": [-0.42222923040390015, -5.794604301452637, -6.870920181274414, -7.270112991333008], "predictions": [75, 6, 397, 7, 78, 4, 4], "target_tokens": ["[IN:CREATE_CALL", "[SL:CONTACT", "@ptr2", "SL:CONTACT]", "IN:CREATE_CALL]"], "predicted_tokens": ["[IN:CREATE_CALL", "[SL:CONTACT", "@ptr2", "SL:CONTACT]", "IN:CREATE_CALL]"]}
{"loss": 1.6288942098617554, "class_log_probabilities": [-1.6656618118286133, -2.4352011680603027, -4.416970252990723, -5.344578742980957], "predictions": [75, 6, 397, 398, 399, 400, 401, 7, 78, 4], "target_tokens": ["[IN:CREATE_CALL", "[SL:GROUP", "@ptr2", "@ptr3", "@ptr4", "@ptr5", "SL:GROUP]", "IN:CREATE_CALL]"], "predicted_tokens": ["[IN:CREATE_CALL", "[SL:CONTACT", "@ptr2", "@ptr3", "@ptr4", "@ptr5", "@ptr6", "SL:CONTACT]", "IN:CREATE_CALL]"]}
{"loss": 4.8477044105529785, "class_log_probabilities": [-5.9684624671936035, -6.174245834350586, -6.771496772766113, -7.592784404754639], "predictions": [63, 66, 396, 397, 398, 399, 400, 67, 101, 402, 403, 404, 102, 68, 4], "target_tokens": ["[IN:CREATE_CALL", "[SL:GROUP", "@ptr8", "@ptr9", "SL:GROUP]", "IN:CREATE_CALL]"], "predicted_tokens": ["[IN:PLAY_MUSIC", "[SL:MUSIC_ARTIST_NAME", "@ptr1", "@ptr2", "@ptr3", "@ptr4", "@ptr5", "SL:MUSIC_ARTIST_NAME]", "[SL:MUSIC_TRACK_TITLE", "@ptr7", "@ptr8", "@ptr9", "SL:MUSIC_TRACK_TITLE]", "IN:PLAY_MUSIC]"]}
{"loss": 2.1844005584716797, "class_log_probabilities": [-34.5265007019043, -34.539546966552734, -36.6906852722168, -36.99344253540039], "predictions": [23, 24, 395, 396, 395, 395, 425, 425, 425, 425, 400, 401, 402, 403, 404, 405, 406, 407, 408, 409, 410, 411, 412, 413, 413, 413, 413, 413, 413, 413, 413, 413, 413, 413, 413, 413, 413, 413, 413, 413, 413, 413, 413, 413, 413, 413, 413, 413, 413, 413, 413, 413, 413, 413, 413, 413, 413, 413, 413, 413, 413, 413, 413, 413, 413, 413, 413, 413, 413, 413, 413, 413, 413, 413, 413, 413, 413, 413, 413, 413, 413, 413, 413, 413, 413, 413, 413, 413, 413, 413, 413, 413, 413, 413, 413, 413, 413, 413, 413, 413], "target_tokens": ["[IN:SET_RSVP_NO", "[SL:TITLE_EVENT", "@ptr8", "@ptr9", "@ptr10", "@ptr11", "@ptr12", "@ptr13", "@ptr14", "@ptr15", "@ptr16", "@ptr17", "@ptr18", "SL:TITLE_EVENT]", "IN:SET_RSVP_NO]"], "predicted_tokens": ["[IN:SEND_MESSAGE", "[SL:CONTENT_EXACT", "@ptr0", "@ptr1", "@ptr0", "@ptr0", "@ptr30", "@ptr30", "@ptr30", "@ptr30", "@ptr5", "@ptr6", "@ptr7", "@ptr8", "@ptr9", "@ptr10", "@ptr11", "@ptr12", "@ptr13", "@ptr14", "@ptr15", "@ptr16", "@ptr17", "@ptr18", "@ptr18", "@ptr18", "@ptr18", "@ptr18", "@ptr18", "@ptr18", "@ptr18", "@ptr18", "@ptr18", "@ptr18", "@ptr18", "@ptr18", "@ptr18", "@ptr18", "@ptr18", "@ptr18", "@ptr18", "@ptr18", "@ptr18", "@ptr18", "@ptr18", "@ptr18", "@ptr18", "@ptr18", "@ptr18", "@ptr18", "@ptr18", "@ptr18", "@ptr18", "@ptr18", "@ptr18", "@ptr18", "@ptr18", "@ptr18", "@ptr18", "@ptr18", "@ptr18", "@ptr18", "@ptr18", "@ptr18", "@ptr18", "@ptr18", "@ptr18", "@ptr18", "@ptr18", "@ptr18", "@ptr18", "@ptr18", "@ptr18", "@ptr18", "@ptr18", "@ptr18", "@ptr18", "@ptr18", "@ptr18", "@ptr18", "@ptr18", "@ptr18", "@ptr18", "@ptr18", "@ptr18", "@ptr18", "@ptr18", "@ptr18", "@ptr18", "@ptr18", "@ptr18", "@ptr18", "@ptr18", "@ptr18", "@ptr18", "@ptr18", "@ptr18", "@ptr18", "@ptr18", "@ptr18"]}
{"loss": 3.407827854156494, "class_log_probabilities": [-9.13451099395752, -9.409815788269043, -10.479094505310059, -10.653141975402832], "predictions": [63, 101, 395, 396, 417, 398, 399, 400, 401, 402, 403, 102, 66, 405, 406, 407, 408, 67, 68, 4, 4], "target_tokens": ["[IN:SET_RSVP_YES", "[SL:TITLE_EVENT", "@ptr6", "@ptr7", "@ptr8", "@ptr9", "@ptr10", "@ptr11", "@ptr12", "@ptr13", "SL:TITLE_EVENT]", "IN:SET_RSVP_YES]"], "predicted_tokens": ["[IN:PLAY_MUSIC", "[SL:MUSIC_TRACK_TITLE", "@ptr0", "@ptr1", "@ptr22", "@ptr3", "@ptr4", "@ptr5", "@ptr6", "@ptr7", "@ptr8", "SL:MUSIC_TRACK_TITLE]", "[SL:MUSIC_ARTIST_NAME", "@ptr10", "@ptr11", "@ptr12", "@ptr13", "SL:MUSIC_ARTIST_NAME]", "IN:PLAY_MUSIC]"]}
{"loss": 2.53013277053833, "class_log_probabilities": [-3.4067413806915283, -4.303531169891357, -6.461269855499268, -6.621769428253174], "predictions": [155, 158, 4, 4, 4, 4, 4, 4, 4, 4, 4], "target_tokens": ["[IN:SET_RSVP_INTERESTED", "[SL:ORDINAL", "@ptr10", "@ptr11", "SL:ORDINAL]", "IN:SET_RSVP_INTERESTED]"], "predicted_tokens": ["[IN:SET_RSVP_YES", "IN:SET_RSVP_YES]"]}
{"loss": 3.5724282264709473, "class_log_probabilities": [-3.8114469051361084, -4.025637149810791, -4.09132719039917, -6.190831661224365], "predictions": [89, 90, 400, 91, 16, 407, 17, 92, 4, 4, 4, 4, 4, 4], "target_tokens": ["[IN:ADD_TIME_TIMER", "[SL:METHOD_TIMER", "@ptr2", "@ptr3", "@ptr4", "SL:METHOD_TIMER]", "[SL:DATE_TIME", "@ptr9", "@ptr10", "@ptr11", "SL:DATE_TIME]", "IN:ADD_TIME_TIMER]"], "predicted_tokens": ["[IN:CREATE_TIMER", "[SL:METHOD_TIMER", "@ptr5", "SL:METHOD_TIMER]", "[SL:DATE_TIME", "@ptr12", "SL:DATE_TIME]", "IN:CREATE_TIMER]"]}
{"loss": 3.2395732402801514, "class_log_probabilities": [-2.623103141784668, -3.1434619426727295, -3.733440637588501, -4.239190101623535], "predictions": [183, 90, 399, 91, 16, 405, 406, 407, 17, 184, 4, 4], "target_tokens": ["[IN:ADD_TIME_TIMER", "[SL:METHOD_TIMER", "@ptr1", "@ptr2", "@ptr3", "SL:METHOD_TIMER]", "[SL:DATE_TIME", "@ptr9", "@ptr10", "SL:DATE_TIME]", "IN:ADD_TIME_TIMER]"], "predicted_tokens": ["[IN:ADD_TIME_TIMER", "[SL:METHOD_TIMER", "@ptr4", "SL:METHOD_TIMER]", "[SL:DATE_TIME", "@ptr10", "@ptr11", "@ptr12", "SL:DATE_TIME]", "IN:ADD_TIME_TIMER]"]}
{"loss": 1.4918776750564575, "class_log_probabilities": [-2.0613932609558105, -3.496530771255493, -3.734257459640503, -4.225394248962402], "predictions": [221, 222, 4, 4, 4, 4, 4], "target_tokens": ["[IN:GET_SUNSET", "IN:GET_SUNSET]"], "predicted_tokens": ["[IN:GET_SUNSET", "IN:GET_SUNSET]"]}
{"loss": 2.30645489692688, "class_log_probabilities": [-1.128989815711975, -3.1388275623321533, -3.775749444961548, -5.669313907623291], "predictions": [75, 6, 397, 398, 399, 400, 401, 402, 403, 7, 78, 4], "target_tokens": ["[IN:CREATE_CALL", "[SL:CONTACT", "[IN:GET_CONTACT", "[SL:CONTACT_RELATED", "@ptr5", "@ptr6", "@ptr7", "SL:CONTACT_RELATED]", "[SL:TYPE_RELATION", "@ptr2", "@ptr3", "SL:TYPE_RELATION]", "IN:GET_CONTACT]", "SL:CONTACT]", "IN:CREATE_CALL]"], "predicted_tokens": ["[IN:CREATE_CALL", "[SL:CONTACT", "@ptr2", "@ptr3", "@ptr4", "@ptr5", "@ptr6", "@ptr7", "@ptr8", "SL:CONTACT]", "IN:CREATE_CALL]"]}
{"loss": 3.9184083938598633, "class_log_probabilities": [-1.7228736877441406, -2.1501195430755615, -2.843351125717163, -3.814547538757324], "predictions": [75, 6, 397, 7, 6, 403, 404, 7, 78, 4, 4, 4, 4], "target_tokens": ["[IN:CREATE_CALL", "[SL:CONTACT", "@ptr2", "SL:CONTACT]", "[SL:NAME_APP", "@ptr4", "SL:NAME_APP]", "IN:CREATE_CALL]"], "predicted_tokens": ["[IN:CREATE_CALL", "[SL:CONTACT", "@ptr2", "SL:CONTACT]", "[SL:CONTACT", "@ptr8", "@ptr9", "SL:CONTACT]", "IN:CREATE_CALL]"]}
{"loss": 3.4294281005859375, "class_log_probabilities": [-47.77145004272461, -47.89925765991211, -48.397518157958984, -48.797340393066406], "predictions": [75, 6, 400, 7, 6, 401, 402, 7, 6, 401, 402, 7, 6, 409, 7, 6, 409, 7, 6, 409, 7, 6, 409, 7, 6, 409, 7, 6, 409, 7, 6, 409, 7, 6, 409, 7, 6, 409, 7, 6, 409, 7, 6, 409, 7, 6, 409, 7, 6, 409, 7, 6, 409, 7, 6, 409, 7, 6, 409, 7, 6, 409, 7, 6, 409, 7, 6, 409, 7, 6, 409, 7, 6, 409, 7, 6, 409, 7, 6, 409, 7, 6, 409, 7, 6, 409, 7, 6, 409, 7, 6, 409, 7, 6, 409, 7, 6, 409, 7, 6], "target_tokens": ["[IN:CREATE_CALL", "[SL:NAME_APP", "@ptr5", "@ptr6", "@ptr7", "SL:NAME_APP]", "[SL:CONTACT", "@ptr12", "@ptr13", "@ptr14", "@ptr15", "SL:CONTACT]", "IN:CREATE_CALL]"], "predicted_tokens": ["[IN:CREATE_CALL", "[SL:CONTACT", "@ptr5", "SL:CONTACT]", "[SL:CONTACT", "@ptr6", "@ptr7", "SL:CONTACT]", "[SL:CONTACT", "@ptr6", "@ptr7", "SL:CONTACT]", "[SL:CONTACT", "@ptr14", "SL:CONTACT]", "[SL:CONTACT", "@ptr14", "SL:CONTACT]", "[SL:CONTACT", "@ptr14", "SL:CONTACT]", "[SL:CONTACT", "@ptr14", "SL:CONTACT]", "[SL:CONTACT", "@ptr14", "SL:CONTACT]", "[SL:CONTACT", "@ptr14", "SL:CONTACT]", "[SL:CONTACT", "@ptr14", "SL:CONTACT]", "[SL:CONTACT", "@ptr14", "SL:CONTACT]", "[SL:CONTACT", "@ptr14", "SL:CONTACT]", "[SL:CONTACT", "@ptr14", "SL:CONTACT]", "[SL:CONTACT", "@ptr14", "SL:CONTACT]", "[SL:CONTACT", "@ptr14", "SL:CONTACT]", "[SL:CONTACT", "@ptr14", "SL:CONTACT]", "[SL:CONTACT", "@ptr14", "SL:CONTACT]", "[SL:CONTACT", "@ptr14", "SL:CONTACT]", "[SL:CONTACT", "@ptr14", "SL:CONTACT]", "[SL:CONTACT", "@ptr14", "SL:CONTACT]", "[SL:CONTACT", "@ptr14", "SL:CONTACT]", "[SL:CONTACT", "@ptr14", "SL:CONTACT]", "[SL:CONTACT", "@ptr14", "SL:CONTACT]", "[SL:CONTACT", "@ptr14", "SL:CONTACT]", "[SL:CONTACT", "@ptr14", "SL:CONTACT]", "[SL:CONTACT", "@ptr14", "SL:CONTACT]", "[SL:CONTACT", "@ptr14", "SL:CONTACT]", "[SL:CONTACT", "@ptr14", "SL:CONTACT]", "[SL:CONTACT", "@ptr14", "SL:CONTACT]", "[SL:CONTACT", "@ptr14", "SL:CONTACT]", "[SL:CONTACT", "@ptr14", "SL:CONTACT]", "[SL:CONTACT", "@ptr14", "SL:CONTACT]", "[SL:CONTACT"]}
{"loss": 3.6373331546783447, "class_log_probabilities": [-1.6191613674163818, -2.6792755126953125, -3.9317991733551025, -4.2045979499816895], "predictions": [75, 6, 397, 398, 399, 400, 7, 6, 402, 403, 404, 405, 7, 78, 4], "target_tokens": ["[IN:CREATE_CALL", "[SL:NAME_APP", "@ptr7", "@ptr8", "@ptr9", "SL:NAME_APP]", "[SL:CONTACT", "@ptr2", "@ptr3", "@ptr4", "@ptr5", "SL:CONTACT]", "IN:CREATE_CALL]"], "predicted_tokens": ["[IN:CREATE_CALL", "[SL:CONTACT", "@ptr2", "@ptr3", "@ptr4", "@ptr5", "SL:CONTACT]", "[SL:CONTACT", "@ptr7", "@ptr8", "@ptr9", "@ptr10", "SL:CONTACT]", "IN:CREATE_CALL]"]}
{"loss": 2.2135009765625, "class_log_probabilities": [-3.0074150562286377, -3.250370740890503, -3.4302978515625, -3.7332513332366943], "predictions": [75, 6, 397, 398, 7, 6, 402, 403, 404, 406, 7, 78, 4], "target_tokens": ["[IN:CREATE_CALL", "[SL:CONTACT", "@ptr2", "@ptr3", "SL:CONTACT]", "[SL:NAME_APP", "@ptr7", "@ptr8", "@ptr9", "SL:NAME_APP]", "IN:CREATE_CALL]"], "predicted_tokens": ["[IN:CREATE_CALL", "[SL:CONTACT", "@ptr2", "@ptr3", "SL:CONTACT]", "[SL:CONTACT", "@ptr7", "@ptr8", "@ptr9", "@ptr11", "SL:CONTACT]", "IN:CREATE_CALL]"]}
{"loss": 2.633033514022827, "class_log_probabilities": [-2.3165154457092285, -3.841933488845825, -4.472752094268799, -5.361270904541016], "predictions": [183, 167, 400, 401, 168, 184, 4], "target_tokens": ["[IN:ADD_TIME_TIMER", "[SL:TIMER_NAME", "@ptr5", "SL:TIMER_NAME]", "[SL:METHOD_TIMER", "@ptr2", "@ptr3", "@ptr4", "SL:METHOD_TIMER]", "IN:ADD_TIME_TIMER]"], "predicted_tokens": ["[IN:ADD_TIME_TIMER", "[SL:TIMER_NAME", "@ptr5", "@ptr6", "SL:TIMER_NAME]", "IN:ADD_TIME_TIMER]"]}
{"loss": 0.9698005318641663, "class_log_probabilities": [-0.5202519297599792, -6.620749473571777, -7.407530307769775, -7.4859747886657715], "predictions": [63, 66, 396, 397, 398, 399, 67, 68, 4, 4], "target_tokens": ["[IN:PLAY_MUSIC", "[SL:MUSIC_ARTIST_NAME", "@ptr1", "@ptr2", "@ptr3", "@ptr4", "SL:MUSIC_ARTIST_NAME]", "IN:PLAY_MUSIC]"], "predicted_tokens": ["[IN:PLAY_MUSIC", "[SL:MUSIC_ARTIST_NAME", "@ptr1", "@ptr2", "@ptr3", "@ptr4", "SL:MUSIC_ARTIST_NAME]", "IN:PLAY_MUSIC]"]}
{"loss": 1.422234058380127, "class_log_probabilities": [-0.6136623620986938, -5.057958602905273, -5.299734592437744, -6.608523845672607], "predictions": [63, 66, 396, 397, 398, 399, 400, 67, 68, 4], "target_tokens": ["[IN:PLAY_MUSIC", "[SL:MUSIC_ARTIST_NAME", "@ptr1", "@ptr2", "@ptr3", "@ptr4", "SL:MUSIC_ARTIST_NAME]", "IN:PLAY_MUSIC]"], "predicted_tokens": ["[IN:PLAY_MUSIC", "[SL:MUSIC_ARTIST_NAME", "@ptr1", "@ptr2", "@ptr3", "@ptr4", "@ptr5", "SL:MUSIC_ARTIST_NAME]", "IN:PLAY_MUSIC]"]}
{"loss": 1.6693050861358643, "class_log_probabilities": [-1.6932178735733032, -3.2475790977478027, -3.5816125869750977, -5.116959571838379], "predictions": [63, 103, 396, 397, 398, 399, 104, 68, 4], "target_tokens": ["[IN:SET_DEFAULT_PROVIDER_MUSIC", "[SL:MUSIC_PROVIDER_NAME", "@ptr1", "@ptr2", "@ptr3", "@ptr4", "SL:MUSIC_PROVIDER_NAME]", "IN:SET_DEFAULT_PROVIDER_MUSIC]"], "predicted_tokens": ["[IN:PLAY_MUSIC", "[SL:MUSIC_PROVIDER_NAME", "@ptr1", "@ptr2", "@ptr3", "@ptr4", "SL:MUSIC_PROVIDER_NAME]", "IN:PLAY_MUSIC]"]}
{"loss": 3.2774500846862793, "class_log_probabilities": [-2.55081844329834, -2.716062068939209, -3.723101854324341, -3.7466020584106445], "predictions": [89, 90, 395, 91, 92, 4, 4], "target_tokens": ["[IN:CREATE_TIMER", "[SL:TIMER_NAME", "@ptr4", "@ptr5", "@ptr6", "SL:TIMER_NAME]", "[SL:METHOD_TIMER", "@ptr1", "@ptr2", "@ptr3", "SL:METHOD_TIMER]", "IN:CREATE_TIMER]"], "predicted_tokens": ["[IN:CREATE_TIMER", "[SL:METHOD_TIMER", "@ptr0", "SL:METHOD_TIMER]", "IN:CREATE_TIMER]"]}
{"loss": 0.979317843914032, "class_log_probabilities": [-0.15423864126205444, -8.555900573730469, -8.594079971313477, -8.613072395324707], "predictions": [61, 62, 4, 4, 4], "target_tokens": ["[IN:GET_EVENT", "IN:GET_EVENT]"], "predicted_tokens": ["[IN:GET_EVENT", "IN:GET_EVENT]"]}
{"loss": 2.145291328430176, "class_log_probabilities": [-1.7996219396591187, -2.2969624996185303, -2.5053811073303223, -2.550413131713867], "predictions": [155, 20, 404, 21, 158, 4], "target_tokens": ["[IN:SET_RSVP_YES", "[SL:ORDINAL", "@ptr8", "@ptr9", "SL:ORDINAL]", "IN:SET_RSVP_YES]"], "predicted_tokens": ["[IN:SET_RSVP_YES", "[SL:ORDINAL", "@ptr9", "SL:ORDINAL]", "IN:SET_RSVP_YES]"]}
{"loss": 2.153946876525879, "class_log_probabilities": [-2.863283395767212, -3.928434133529663, -5.380894184112549, -5.505159378051758], "predictions": [179, 66, 398, 399, 400, 401, 402, 403, 404, 405, 67, 180, 4], "target_tokens": ["[IN:PLAY_MEDIA", "[SL:MUSIC_ARTIST_NAME", "@ptr2", "@ptr3", "@ptr4", "@ptr5", "SL:MUSIC_ARTIST_NAME]", "IN:PLAY_MEDIA]"], "predicted_tokens": ["[IN:PLAY_MEDIA", "[SL:MUSIC_ARTIST_NAME", "@ptr3", "@ptr4", "@ptr5", "@ptr6", "@ptr7", "@ptr8", "@ptr9", "@ptr10", "SL:MUSIC_ARTIST_NAME]", "IN:PLAY_MEDIA]"]}
{"loss": 2.5373833179473877, "class_log_probabilities": [-1.7145251035690308, -5.300353527069092, -5.395296096801758, -5.562193870544434], "predictions": [183, 16, 398, 399, 17, 184, 4, 4, 4, 4, 4, 4], "target_tokens": ["[IN:ADD_TIME_TIMER", "[SL:DATE_TIME", "@ptr3", "@ptr4", "SL:DATE_TIME]", "[SL:TIMER_NAME", "@ptr10", "@ptr11", "@ptr12", "@ptr13", "SL:TIMER_NAME]", "[SL:METHOD_TIMER", "@ptr7", "@ptr8", "@ptr9", "SL:METHOD_TIMER]", "IN:ADD_TIME_TIMER]"], "predicted_tokens": ["[IN:ADD_TIME_TIMER", "[SL:DATE_TIME", "@ptr3", "@ptr4", "SL:DATE_TIME]", "IN:ADD_TIME_TIMER]"]}
{"loss": 2.5549681186676025, "class_log_probabilities": [-2.635666608810425, -2.6761646270751953, -2.704530954360962, -2.9144458770751953], "predictions": [75, 6, 398, 399, 400, 7, 6, 405, 7, 78, 4], "target_tokens": ["[IN:CREATE_CALL", "[SL:NAME_APP", "@ptr3", "@ptr4", "@ptr5", "SL:NAME_APP]", "[SL:CONTACT", "@ptr9", "@ptr10", "SL:CONTACT]", "IN:CREATE_CALL]"], "predicted_tokens": ["[IN:CREATE_CALL", "[SL:CONTACT", "@ptr3", "@ptr4", "@ptr5", "SL:CONTACT]", "[SL:CONTACT", "@ptr10", "SL:CONTACT]", "IN:CREATE_CALL]"]}
{"loss": 2.711378812789917, "class_log_probabilities": [-1.0915296077728271, -1.701234221458435, -3.5178444385528564, -4.125635623931885], "predictions": [213, 214, 4], "target_tokens": ["[IN:SNOOZE_ALARM", "IN:SNOOZE_ALARM]"], "predicted_tokens": ["[IN:SILENCE_ALARM", "IN:SILENCE_ALARM]"]}
{"loss": 2.4922537803649902, "class_log_probabilities": [-4.480537414550781, -4.587029933929443, -4.886534690856934, -10.560898780822754], "predictions": [23, 10, 70, 93, 400, 94, 71, 401, 72, 73, 11, 26, 4, 4, 4, 4, 4, 4, 4, 4, 4, 4, 4], "target_tokens": ["[IN:SEND_MESSAGE", "[SL:TYPE_CONTENT", "@ptr2", "SL:TYPE_CONTENT]", "[SL:RECIPIENT", "[IN:GET_CONTACT", "[SL:CONTACT_RELATED", "@ptr5", "@ptr6", "SL:CONTACT_RELATED]", "[SL:TYPE_RELATION", "@ptr4", "SL:TYPE_RELATION]", "IN:GET_CONTACT]", "SL:RECIPIENT]", "IN:SEND_MESSAGE]"], "predicted_tokens": ["[IN:SEND_MESSAGE", "[SL:RECIPIENT", "[IN:GET_CONTACT", "[SL:CONTACT_RELATED", "@ptr5", "SL:CONTACT_RELATED]", "[SL:TYPE_RELATION", "@ptr6", "SL:TYPE_RELATION]", "IN:GET_CONTACT]", "SL:RECIPIENT]", "IN:SEND_MESSAGE]"]}
{"loss": 2.4445176124572754, "class_log_probabilities": [-3.49923038482666, -4.432722091674805, -5.067220687866211, -5.836000442504883], "predictions": [23, 10, 403, 11, 26, 4, 4, 4, 4, 4, 4, 4], "target_tokens": ["[IN:SEND_MESSAGE", "[SL:TYPE_CONTENT", "@ptr5", "SL:TYPE_CONTENT]", "[SL:RECIPIENT", "@ptr7", "@ptr8", "@ptr9", "@ptr10", "@ptr11", "@ptr12", "SL:RECIPIENT]", "IN:SEND_MESSAGE]"], "predicted_tokens": ["[IN:SEND_MESSAGE", "[SL:RECIPIENT", "@ptr8", "SL:RECIPIENT]", "IN:SEND_MESSAGE]"]}
{"loss": 2.723525047302246, "class_log_probabilities": [-1.5168496370315552, -1.8180989027023315, -3.5339207649230957, -4.694705486297607], "predictions": [13, 14, 400, 401, 402, 403, 404, 405, 406, 15, 18, 4], "target_tokens": ["[IN:GET_WEATHER", "[SL:LOCATION", "@ptr4", "@ptr5", "@ptr6", "@ptr7", "@ptr8", "@ptr9", "SL:LOCATION]", "IN:GET_WEATHER]"], "predicted_tokens": ["[IN:GET_WEATHER", "[SL:LOCATION", "@ptr5", "@ptr6", "@ptr7", "@ptr8", "@ptr9", "@ptr10", "@ptr11", "SL:LOCATION]", "IN:GET_WEATHER]"]}
{"loss": 1.7442749738693237, "class_log_probabilities": [-3.6386873722076416, -4.122115612030029, -4.624327182769775, -5.309560775756836], "predictions": [89, 16, 400, 401, 402, 403, 404, 405, 406, 407, 17, 92, 4, 4], "target_tokens": ["[IN:CREATE_ALARM", "[SL:DATE_TIME", "@ptr4", "@ptr5", "@ptr6", "@ptr7", "@ptr8", "@ptr9", "@ptr10", "@ptr11", "@ptr12", "@ptr13", "SL:DATE_TIME]", "IN:CREATE_ALARM]"], "predicted_tokens": ["[IN:CREATE_TIMER", "[SL:DATE_TIME", "@ptr5", "@ptr6", "@ptr7", "@ptr8", "@ptr9", "@ptr10", "@ptr11", "@ptr12", "SL:DATE_TIME]", "IN:CREATE_TIMER]"]}
{"loss": 1.467166543006897, "class_log_probabilities": [-0.9368482232093811, -2.9352383613586426, -5.567619800567627, -6.377956390380859], "predictions": [75, 6, 397, 398, 7, 6, 401, 7, 78, 4, 4], "target_tokens": ["[IN:CREATE_CALL", "[SL:CONTACT", "@ptr2", "@ptr3", "SL:CONTACT]", "[SL:CONTACT", "@ptr5", "SL:CONTACT]", "IN:CREATE_CALL]"], "predicted_tokens": ["[IN:CREATE_CALL", "[SL:CONTACT", "@ptr2", "@ptr3", "SL:CONTACT]", "[SL:CONTACT", "@ptr6", "SL:CONTACT]", "IN:CREATE_CALL]"]}
{"loss": 1.4482747316360474, "class_log_probabilities": [-0.6155384182929993, -5.4094696044921875, -5.650270938873291, -5.75688362121582], "predictions": [75, 6, 397, 7, 6, 400, 7, 78, 4, 4, 4, 4], "target_tokens": ["[IN:CREATE_CALL", "[SL:CONTACT", "@ptr2", "SL:CONTACT]", "[SL:CONTACT", "@ptr4", "SL:CONTACT]", "IN:CREATE_CALL]"], "predicted_tokens": ["[IN:CREATE_CALL", "[SL:CONTACT", "@ptr2", "SL:CONTACT]", "[SL:CONTACT", "@ptr5", "SL:CONTACT]", "IN:CREATE_CALL]"]}
{"loss": 1.1258056163787842, "class_log_probabilities": [-1.8031494617462158, -2.589628219604492, -2.731937885284424, -3.156709671020508], "predictions": [75, 6, 397, 398, 399, 7, 6, 400, 7, 78, 4], "target_tokens": ["[IN:CREATE_CALL", "[SL:CONTACT", "@ptr2", "@ptr3", "SL:CONTACT]", "[SL:CONTACT", "@ptr5", "SL:CONTACT]", "IN:CREATE_CALL]"], "predicted_tokens": ["[IN:CREATE_CALL", "[SL:CONTACT", "@ptr2", "@ptr3", "@ptr4", "SL:CONTACT]", "[SL:CONTACT", "@ptr5", "SL:CONTACT]", "IN:CREATE_CALL]"]}
{"loss": 1.4820986986160278, "class_log_probabilities": [-0.622434139251709, -5.226543426513672, -6.362905979156494, -6.4401421546936035], "predictions": [75, 6, 397, 398, 399, 400, 7, 78, 4, 4], "target_tokens": ["[IN:CREATE_CALL", "[SL:CONTACT", "@ptr2", "@ptr3", "@ptr4", "SL:CONTACT]", "IN:CREATE_CALL]"], "predicted_tokens": ["[IN:CREATE_CALL", "[SL:CONTACT", "@ptr2", "@ptr3", "@ptr4", "@ptr5", "SL:CONTACT]", "IN:CREATE_CALL]"]}
{"loss": 2.5449345111846924, "class_log_probabilities": [-0.8359405398368835, -5.87216854095459, -6.987380504608154, -7.201536178588867], "predictions": [75, 6, 397, 398, 399, 400, 7, 78, 4, 4, 4, 4], "target_tokens": ["[IN:CREATE_CALL", "[SL:CONTACT", "@ptr2", "@ptr3", "@ptr4", "@ptr5", "SL:CONTACT]", "[SL:ORDINAL", "@ptr7", "@ptr8", "SL:ORDINAL]", "IN:CREATE_CALL]"], "predicted_tokens": ["[IN:CREATE_CALL", "[SL:CONTACT", "@ptr2", "@ptr3", "@ptr4", "@ptr5", "SL:CONTACT]", "IN:CREATE_CALL]"]}
{"loss": 3.9053378105163574, "class_log_probabilities": [-0.5836382508277893, -6.114579677581787, -6.159595966339111, -6.240749835968018], "predictions": [211, 6, 399, 400, 401, 402, 7, 212, 4, 4], "target_tokens": ["[IN:GET_LOCATION", "[SL:TITLE_EVENT", "@ptr3", "@ptr4", "@ptr5", "@ptr6", "SL:TITLE_EVENT]", "IN:GET_LOCATION]"], "predicted_tokens": ["[IN:GET_LOCATION", "[SL:CONTACT", "@ptr4", "@ptr5", "@ptr6", "@ptr7", "SL:CONTACT]", "IN:GET_LOCATION]"]}
{"loss": 2.172078847885132, "class_log_probabilities": [-1.251244068145752, -3.2039008140563965, -4.229572296142578, -106.34029388427734], "predictions": [70, 93, 399, 94, 73, 4, 4, 4, 4, 4, 4, 4, 4, 4, 4, 4, 4, 4, 4, 4, 4, 4, 4, 4, 4, 4, 4, 4, 4, 4, 4, 4, 4, 4, 4, 4, 4, 4, 4, 4, 4, 4, 4, 4, 4, 4, 4, 4, 4, 4, 4, 4, 4, 4, 4, 4, 4, 4, 4, 4, 4, 4, 4, 4, 4, 4, 4, 4, 4, 4, 4, 4, 4, 4, 4, 4, 4, 4, 4, 4, 4, 4, 4, 4, 4, 4, 4, 4, 4, 4, 4, 4, 4, 4, 4, 4, 4, 4, 4, 4], "target_tokens": ["[IN:GET_ATTENDEE_EVENT", "[SL:TITLE_EVENT", "@ptr8", "@ptr9", "@ptr10", "@ptr11", "@ptr12", "@ptr13", "SL:TITLE_EVENT]", "IN:GET_ATTENDEE_EVENT]"], "predicted_tokens": ["[IN:GET_CONTACT", "[SL:CONTACT_RELATED", "@ptr4", "SL:CONTACT_RELATED]", "IN:GET_CONTACT]"]}
{"loss": 2.953493118286133, "class_log_probabilities": [-1.6068458557128906, -2.560673475265503, -4.065194606781006, -5.104925632476807], "predictions": [13, 18, 4, 4, 4, 4, 4, 4, 4, 4], "target_tokens": ["[IN:GET_EVENT", "[SL:CATEGORY_EVENT", "@ptr3", "@ptr4", "@ptr5", "SL:CATEGORY_EVENT]", "[SL:LOCATION", "@ptr7", "@ptr8", "SL:LOCATION]", "IN:GET_EVENT]"], "predicted_tokens": ["[IN:GET_WEATHER", "IN:GET_WEATHER]"]}
{"loss": 2.8111636638641357, "class_log_probabilities": [-0.7262248396873474, -4.674342632293701, -5.272519588470459, -5.323118686676025], "predictions": [215, 6, 397, 398, 399, 7, 216, 4], "target_tokens": ["[IN:CREATE_CALL", "[SL:CONTACT", "@ptr2", "@ptr3", "SL:CONTACT]", "IN:CREATE_CALL]"], "predicted_tokens": ["[IN:SWITCH_CALL", "[SL:CONTACT", "@ptr2", "@ptr3", "@ptr4", "SL:CONTACT]", "IN:SWITCH_CALL]"]}
{"loss": 0.9993513822555542, "class_log_probabilities": [-1.0091254711151123, -1.869594931602478, -6.840940952301025, -6.854528903961182], "predictions": [75, 6, 397, 398, 399, 7, 78, 4, 4], "target_tokens": ["[IN:CREATE_CALL", "[SL:CONTACT", "@ptr2", "@ptr3", "@ptr4", "SL:CONTACT]", "IN:CREATE_CALL]"], "predicted_tokens": ["[IN:CREATE_CALL", "[SL:CONTACT", "@ptr2", "@ptr3", "@ptr4", "SL:CONTACT]", "IN:CREATE_CALL]"]}
{"loss": 3.956451416015625, "class_log_probabilities": [-0.28528058528900146, -6.795419216156006, -7.136593818664551, -8.855024337768555], "predictions": [75, 78, 4, 4, 4], "target_tokens": ["[IN:ANSWER_CALL", "IN:ANSWER_CALL]"], "predicted_tokens": ["[IN:CREATE_CALL", "IN:CREATE_CALL]"]}
{"loss": 2.7293386459350586, "class_log_probabilities": [-0.9078109264373779, -4.883529186248779, -5.0571160316467285, -5.723217487335205], "predictions": [23, 10, 398, 399, 400, 11, 8, 402, 9, 26, 4], "target_tokens": ["[IN:SEND_MESSAGE", "[SL:RECIPIENT", "@ptr2", "@ptr3", "@ptr4", "SL:RECIPIENT]", "[SL:TYPE_CONTENT", "@ptr6", "SL:TYPE_CONTENT]", "IN:SEND_MESSAGE]"], "predicted_tokens": ["[IN:SEND_MESSAGE", "[SL:RECIPIENT", "@ptr3", "@ptr4", "@ptr5", "SL:RECIPIENT]", "[SL:TYPE_CONTENT", "@ptr7", "SL:TYPE_CONTENT]", "IN:SEND_MESSAGE]"]}
{"loss": 1.563049554824829, "class_log_probabilities": [-2.6929571628570557, -3.9338502883911133, -4.863204479217529, -5.000673294067383], "predictions": [23, 8, 398, 9, 10, 400, 401, 402, 11, 26, 4], "target_tokens": ["[IN:SEND_MESSAGE", "[SL:TYPE_CONTENT", "@ptr3", "SL:TYPE_CONTENT]", "[SL:RECIPIENT", "@ptr5", "@ptr6", "SL:RECIPIENT]", "IN:SEND_MESSAGE]"], "predicted_tokens": ["[IN:SEND_MESSAGE", "[SL:TYPE_CONTENT", "@ptr3", "SL:TYPE_CONTENT]", "[SL:RECIPIENT", "@ptr5", "@ptr6", "@ptr7", "SL:RECIPIENT]", "IN:SEND_MESSAGE]"]}
{"loss": 3.333974599838257, "class_log_probabilities": [-5.4695587158203125, -5.552093982696533, -5.577027797698975, -6.447257041931152], "predictions": [23, 10, 70, 93, 400, 94, 71, 402, 403, 72, 73, 11, 26, 4, 4, 4, 4], "target_tokens": ["[IN:SEND_MESSAGE", "[SL:TYPE_CONTENT", "@ptr3", "SL:TYPE_CONTENT]", "[SL:RECIPIENT", "[IN:GET_CONTACT", "[SL:CONTACT_RELATED", "@ptr7", "@ptr8", "SL:CONTACT_RELATED]", "[SL:TYPE_RELATION", "@ptr5", "@ptr6", "SL:TYPE_RELATION]", "IN:GET_CONTACT]", "SL:RECIPIENT]", "[SL:CONTENT_EXACT", "@ptr11", "@ptr12", "@ptr13", "@ptr14", "@ptr15", "SL:CONTENT_EXACT]", "IN:SEND_MESSAGE]"], "predicted_tokens": ["[IN:SEND_MESSAGE", "[SL:RECIPIENT", "[IN:GET_CONTACT", "[SL:CONTACT_RELATED", "@ptr5", "SL:CONTACT_RELATED]", "[SL:TYPE_RELATION", "@ptr7", "@ptr8", "SL:TYPE_RELATION]", "IN:GET_CONTACT]", "SL:RECIPIENT]", "IN:SEND_MESSAGE]"]}
{"loss": 2.9650440216064453, "class_log_probabilities": [-4.145960330963135, -5.464148998260498, -6.802666187286377, -7.522609233856201], "predictions": [75, 6, 70, 93, 397, 398, 399, 94, 71, 400, 72, 73, 7, 78, 4, 4, 4, 4], "target_tokens": ["[IN:CREATE_CALL", "[SL:CONTACT", "[IN:GET_CONTACT", "[SL:CONTACT_RELATED", "@ptr5", "@ptr6", "SL:CONTACT_RELATED]", "[SL:TYPE_RELATION", "@ptr4", "SL:TYPE_RELATION]", "[SL:CONTACT", "@ptr2", "@ptr3", "SL:CONTACT]", "IN:GET_CONTACT]", "SL:CONTACT]", "[SL:NAME_APP", "@ptr8", "@ptr9", "@ptr10", "SL:NAME_APP]", "IN:CREATE_CALL]"], "predicted_tokens": ["[IN:CREATE_CALL", "[SL:CONTACT", "[IN:GET_CONTACT", "[SL:CONTACT_RELATED", "@ptr2", "@ptr3", "@ptr4", "SL:CONTACT_RELATED]", "[SL:TYPE_RELATION", "@ptr5", "SL:TYPE_RELATION]", "IN:GET_CONTACT]", "SL:CONTACT]", "IN:CREATE_CALL]"]}
{"loss": 1.0356272459030151, "class_log_probabilities": [-1.529927372932434, -2.611584424972534, -3.4243505001068115, -3.713700532913208], "predictions": [75, 6, 398, 399, 400, 401, 402, 403, 7, 78, 4, 4, 4, 4], "target_tokens": ["[IN:CREATE_CALL", "[SL:CONTACT", "@ptr3", "@ptr4", "@ptr5", "@ptr6", "@ptr7", "@ptr8", "SL:CONTACT]", "IN:CREATE_CALL]"], "predicted_tokens": ["[IN:CREATE_CALL", "[SL:CONTACT", "@ptr3", "@ptr4", "@ptr5", "@ptr6", "@ptr7", "@ptr8", "SL:CONTACT]", "IN:CREATE_CALL]"]}
{"loss": 1.3438009023666382, "class_log_probabilities": [-2.9375250339508057, -2.979541778564453, -3.8706464767456055, -4.696817874908447], "predictions": [75, 6, 398, 399, 7, 6, 403, 404, 405, 7, 78, 4, 4], "target_tokens": ["[IN:CREATE_CALL", "[SL:CONTACT", "@ptr3", "@ptr4", "@ptr5", "@ptr6", "@ptr7", "@ptr8", "@ptr9", "SL:CONTACT]", "IN:CREATE_CALL]"], "predicted_tokens": ["[IN:CREATE_CALL", "[SL:CONTACT", "@ptr3", "@ptr4", "SL:CONTACT]", "[SL:CONTACT", "@ptr8", "@ptr9", "@ptr10", "SL:CONTACT]", "IN:CREATE_CALL]"]}
{"loss": 3.12186336517334, "class_log_probabilities": [-2.831454277038574, -3.4582834243774414, -6.294981002807617, -6.3588666915893555], "predictions": [45, 16, 397, 398, 399, 400, 401, 402, 403, 17, 46, 4, 4], "target_tokens": ["[IN:GET_SUNRISE", "[SL:DATE_TIME", "@ptr5", "@ptr6", "@ptr7", "SL:DATE_TIME]", "IN:GET_SUNRISE]"], "predicted_tokens": ["[IN:CREATE_ALARM", "[SL:DATE_TIME", "@ptr2", "@ptr3", "@ptr4", "@ptr5", "@ptr6", "@ptr7", "@ptr8", "SL:DATE_TIME]", "IN:CREATE_ALARM]"]}
{"loss": 1.0103870630264282, "class_log_probabilities": [-0.13786418735980988, -7.0133466720581055, -7.370005130767822, -7.637403964996338], "predictions": [221, 222, 4], "target_tokens": ["[IN:GET_SUNSET", "IN:GET_SUNSET]"], "predicted_tokens": ["[IN:GET_SUNSET", "IN:GET_SUNSET]"]}
{"loss": 2.1048595905303955, "class_log_probabilities": [-0.9298950433731079, -4.112223148345947, -4.2088303565979, -5.596801280975342], "predictions": [107, 108, 70, 71, 396, 397, 398, 72, 73, 109, 110, 4, 4, 4, 4], "target_tokens": ["[IN:UPDATE_CALL", "[SL:CONTACT_ADDED", "[IN:GET_CONTACT", "[SL:CONTACT_RELATED", "@ptr3", "@ptr4", "SL:CONTACT_RELATED]", "[SL:TYPE_RELATION", "@ptr1", "@ptr2", "SL:TYPE_RELATION]", "IN:GET_CONTACT]", "SL:CONTACT_ADDED]", "IN:UPDATE_CALL]"], "predicted_tokens": ["[IN:UPDATE_CALL", "[SL:CONTACT_ADDED", "[IN:GET_CONTACT", "[SL:TYPE_RELATION", "@ptr1", "@ptr2", "@ptr3", "SL:TYPE_RELATION]", "IN:GET_CONTACT]", "SL:CONTACT_ADDED]", "IN:UPDATE_CALL]"]}
{"loss": 0.972893476486206, "class_log_probabilities": [-0.3209153711795807, -7.163787841796875, -7.589500427246094, -8.531233787536621], "predictions": [107, 108, 396, 109, 110, 4, 4, 4], "target_tokens": ["[IN:UPDATE_CALL", "[SL:CONTACT_ADDED", "@ptr1", "SL:CONTACT_ADDED]", "IN:UPDATE_CALL]"], "predicted_tokens": ["[IN:UPDATE_CALL", "[SL:CONTACT_ADDED", "@ptr1", "SL:CONTACT_ADDED]", "IN:UPDATE_CALL]"]}
{"loss": 1.979591727256775, "class_log_probabilities": [-1.4391241073608398, -2.6559321880340576, -2.890336275100708, -5.213376045227051], "predictions": [185, 6, 70, 71, 400, 401, 72, 73, 7, 186, 4], "target_tokens": ["[IN:GET_CALL", "[SL:CONTACT", "[IN:GET_CONTACT", "[SL:CONTACT_RELATED", "@ptr6", "@ptr7", "SL:CONTACT_RELATED]", "[SL:TYPE_RELATION", "@ptr5", "SL:TYPE_RELATION]", "IN:GET_CONTACT]", "SL:CONTACT]", "IN:GET_CALL]"], "predicted_tokens": ["[IN:GET_CALL", "[SL:CONTACT", "[IN:GET_CONTACT", "[SL:TYPE_RELATION", "@ptr5", "@ptr6", "SL:TYPE_RELATION]", "IN:GET_CONTACT]", "SL:CONTACT]", "IN:GET_CALL]"]}
{"loss": 1.7881211042404175, "class_log_probabilities": [-2.34818434715271, -3.48361873626709, -3.597123861312866, -4.671339988708496], "predictions": [75, 6, 395, 396, 7, 78, 4, 4, 4, 4, 4, 4], "target_tokens": ["[IN:GET_CALL_TIME", "[SL:CONTACT", "@ptr0", "@ptr1", "SL:CONTACT]", "[SL:DATE_TIME", "@ptr5", "@ptr6", "SL:DATE_TIME]", "IN:GET_CALL_TIME]"], "predicted_tokens": ["[IN:CREATE_CALL", "[SL:CONTACT", "@ptr0", "@ptr1", "SL:CONTACT]", "IN:CREATE_CALL]"]}
{"loss": 2.2814693450927734, "class_log_probabilities": [-1.4365154504776, -2.0621843338012695, -3.3110787868499756, -3.866401433944702], "predictions": [185, 6, 399, 7, 16, 401, 402, 403, 405, 17, 186, 4], "target_tokens": ["[IN:GET_CALL_TIME", "[SL:CONTACT", "@ptr4", "SL:CONTACT]", "[SL:DATE_TIME", "@ptr8", "@ptr9", "SL:DATE_TIME]", "IN:GET_CALL_TIME]"], "predicted_tokens": ["[IN:GET_CALL", "[SL:CONTACT", "@ptr4", "SL:CONTACT]", "[SL:DATE_TIME", "@ptr6", "@ptr7", "@ptr8", "@ptr10", "SL:DATE_TIME]", "IN:GET_CALL]"]}
{"loss": 0.9776737093925476, "class_log_probabilities": [-0.15836240351200104, -8.056859970092773, -8.07326602935791, -8.27825927734375], "predictions": [81, 82, 4, 4], "target_tokens": ["[IN:END_CALL", "IN:END_CALL]"], "predicted_tokens": ["[IN:END_CALL", "IN:END_CALL]"]}
{"loss": 2.1881988048553467, "class_log_probabilities": [-0.7740188837051392, -4.09459924697876, -6.048027515411377, -6.215184211730957], "predictions": [75, 6, 70, 71, 399, 72, 73, 7, 78, 4, 4, 4, 4], "target_tokens": ["[IN:CREATE_CALL", "[SL:CONTACT", "[IN:GET_CONTACT", "[SL:CONTACT_RELATED", "@ptr4", "@ptr5", "SL:CONTACT_RELATED]", "[SL:TYPE_RELATION", "@ptr3", "SL:TYPE_RELATION]", "IN:GET_CONTACT]", "SL:CONTACT]", "IN:CREATE_CALL]"], "predicted_tokens": ["[IN:CREATE_CALL", "[SL:CONTACT", "[IN:GET_CONTACT", "[SL:TYPE_RELATION", "@ptr4", "SL:TYPE_RELATION]", "IN:GET_CONTACT]", "SL:CONTACT]", "IN:CREATE_CALL]"]}
{"loss": 2.971667766571045, "class_log_probabilities": [-2.1153347492218018, -3.184875965118408, -4.106021881103516, -4.265277862548828], "predictions": [13, 79, 400, 80, 18, 4, 4, 4, 4, 4, 4], "target_tokens": ["[IN:GET_WEATHER", "[SL:WEATHER_ATTRIBUTE", "@ptr4", "SL:WEATHER_ATTRIBUTE]", "[SL:DATE_TIME", "@ptr11", "@ptr12", "SL:DATE_TIME]", "IN:GET_WEATHER]"], "predicted_tokens": ["[IN:GET_WEATHER", "[SL:WEATHER_ATTRIBUTE", "@ptr5", "SL:WEATHER_ATTRIBUTE]", "IN:GET_WEATHER]"]}
{"loss": 3.2334940433502197, "class_log_probabilities": [-0.8772248029708862, -1.9374449253082275, -5.988274574279785, -5.995771884918213], "predictions": [13, 16, 397, 398, 17, 18, 4], "target_tokens": ["[IN:GET_WEATHER", "[SL:DATE_TIME", "@ptr1", "@ptr2", "SL:DATE_TIME]", "IN:GET_WEATHER]"], "predicted_tokens": ["[IN:GET_WEATHER", "[SL:DATE_TIME", "@ptr2", "@ptr3", "SL:DATE_TIME]", "IN:GET_WEATHER]"]}
{"loss": 2.5520410537719727, "class_log_probabilities": [-0.6909579038619995, -3.8001770973205566, -5.916976451873779, -6.219393253326416], "predictions": [13, 16, 400, 401, 402, 403, 404, 405, 17, 18, 4, 4], "target_tokens": ["[IN:GET_WEATHER", "[SL:DATE_TIME", "@ptr4", "@ptr5", "@ptr6", "@ptr7", "@ptr8", "@ptr9", "SL:DATE_TIME]", "IN:GET_WEATHER]"], "predicted_tokens": ["[IN:GET_WEATHER", "[SL:DATE_TIME", "@ptr5", "@ptr6", "@ptr7", "@ptr8", "@ptr9", "@ptr10", "SL:DATE_TIME]", "IN:GET_WEATHER]"]}
{"loss": 2.1384191513061523, "class_log_probabilities": [-2.762991428375244, -3.01123309135437, -4.510022163391113, -6.972826957702637], "predictions": [13, 14, 396, 397, 15, 16, 405, 17, 18, 4, 4, 4, 4, 4], "target_tokens": ["[IN:GET_WEATHER", "[SL:LOCATION", "@ptr1", "@ptr2", "SL:LOCATION]", "[SL:DATE_TIME", "@ptr8", "@ptr9", "@ptr10", "@ptr11", "@ptr12", "@ptr13", "@ptr14", "SL:DATE_TIME]", "IN:GET_WEATHER]"], "predicted_tokens": ["[IN:GET_WEATHER", "[SL:LOCATION", "@ptr1", "@ptr2", "SL:LOCATION]", "[SL:DATE_TIME", "@ptr10", "SL:DATE_TIME]", "IN:GET_WEATHER]"]}
{"loss": 3.314565896987915, "class_log_probabilities": [-1.1864042282104492, -1.8054170608520508, -3.6294260025024414, -4.930903911590576], "predictions": [13, 14, 399, 400, 401, 15, 16, 403, 404, 406, 17, 18, 4], "target_tokens": ["[IN:GET_WEATHER", "[SL:LOCATION", "@ptr3", "@ptr4", "@ptr5", "SL:LOCATION]", "[SL:DATE_TIME", "@ptr7", "@ptr8", "@ptr9", "SL:DATE_TIME]", "IN:GET_WEATHER]"], "predicted_tokens": ["[IN:GET_WEATHER", "[SL:LOCATION", "@ptr4", "@ptr5", "@ptr6", "SL:LOCATION]", "[SL:DATE_TIME", "@ptr8", "@ptr9", "@ptr11", "SL:DATE_TIME]", "IN:GET_WEATHER]"]}
{"loss": 5.543978214263916, "class_log_probabilities": [-6.548542022705078, -6.7526350021362305, -7.038326263427734, -7.191070079803467], "predictions": [63, 66, 395, 396, 397, 398, 399, 67, 10, 401, 402, 11, 68, 4, 4], "target_tokens": ["[IN:GET_WEATHER", "[SL:LOCATION", "@ptr5", "SL:LOCATION]", "IN:GET_WEATHER]"], "predicted_tokens": ["[IN:PLAY_MUSIC", "[SL:MUSIC_ARTIST_NAME", "@ptr0", "@ptr1", "@ptr2", "@ptr3", "@ptr4", "SL:MUSIC_ARTIST_NAME]", "[SL:RECIPIENT", "@ptr6", "@ptr7", "SL:RECIPIENT]", "IN:PLAY_MUSIC]"]}
{"loss": 3.5961477756500244, "class_log_probabilities": [-1.1655508279800415, -3.520597219467163, -4.438347339630127, -5.206249713897705], "predictions": [227, 16, 402, 403, 404, 17, 228, 4], "target_tokens": ["[IN:SNOOZE_ALARM", "[SL:DATE_TIME", "@ptr5", "@ptr6", "@ptr7", "@ptr8", "SL:DATE_TIME]", "IN:SNOOZE_ALARM]"], "predicted_tokens": ["[IN:UPDATE_TIMER", "[SL:DATE_TIME", "@ptr7", "@ptr8", "@ptr9", "SL:DATE_TIME]", "IN:UPDATE_TIMER]"]}
{"loss": 2.507817029953003, "class_log_probabilities": [-3.685727119445801, -4.900440216064453, -7.066315650939941, -8.022139549255371], "predictions": [45, 46, 4, 4, 4, 4, 4, 4, 4, 4, 4, 4, 4, 4, 4, 4, 4, 4, 4], "target_tokens": ["[IN:CREATE_ALARM", "[SL:ALARM_NAME", "@ptr10", "SL:ALARM_NAME]", "[SL:DATE_TIME", "@ptr11", "@ptr12", "@ptr13", "SL:DATE_TIME]", "IN:CREATE_ALARM]"], "predicted_tokens": ["[IN:CREATE_ALARM", "IN:CREATE_ALARM]"]}
{"loss": 2.885197639465332, "class_log_probabilities": [-1.377896785736084, -1.8024200201034546, -4.223832130432129, -4.4443840980529785], "predictions": [45, 16, 400, 401, 402, 403, 17, 46, 4, 4], "target_tokens": ["[IN:CREATE_ALARM", "[SL:DATE_TIME", "@ptr3", "@ptr4", "@ptr5", "@ptr6", "SL:DATE_TIME]", "IN:CREATE_ALARM]"], "predicted_tokens": ["[IN:CREATE_ALARM", "[SL:DATE_TIME", "@ptr5", "@ptr6", "@ptr7", "@ptr8", "SL:DATE_TIME]", "IN:CREATE_ALARM]"]}
{"loss": 2.1777780055999756, "class_log_probabilities": [-0.5389995574951172, -4.545332908630371, -5.059927940368652, -5.211543560028076], "predictions": [45, 46, 4], "target_tokens": ["[IN:SILENCE_ALARM", "IN:SILENCE_ALARM]"], "predicted_tokens": ["[IN:CREATE_ALARM", "IN:CREATE_ALARM]"]}
{"loss": 1.8972669839859009, "class_log_probabilities": [-2.3351593017578125, -2.494778633117676, -2.862215280532837, -3.152526378631592], "predictions": [45, 16, 400, 401, 402, 403, 404, 405, 406, 407, 408, 17, 46, 4], "target_tokens": ["[IN:CREATE_ALARM", "[SL:DATE_TIME", "@ptr3", "@ptr4", "@ptr5", "@ptr6", "@ptr7", "@ptr8", "@ptr9", "@ptr10", "@ptr11", "@ptr12", "SL:DATE_TIME]", "IN:CREATE_ALARM]"], "predicted_tokens": ["[IN:CREATE_ALARM", "[SL:DATE_TIME", "@ptr5", "@ptr6", "@ptr7", "@ptr8", "@ptr9", "@ptr10", "@ptr11", "@ptr12", "@ptr13", "SL:DATE_TIME]", "IN:CREATE_ALARM]"]}
{"loss": 2.7152414321899414, "class_log_probabilities": [-2.9114208221435547, -6.299411773681641, -7.706336498260498, -7.797252178192139], "predictions": [45, 249, 401, 402, 250, 46, 4, 4, 4, 4, 4, 4, 4, 4], "target_tokens": ["[IN:CREATE_ALARM", "[SL:ALARM_NAME", "@ptr5", "@ptr6", "SL:ALARM_NAME]", "[SL:DATE_TIME", "@ptr10", "@ptr11", "@ptr12", "@ptr13", "@ptr14", "@ptr15", "SL:DATE_TIME]", "IN:CREATE_ALARM]"], "predicted_tokens": ["[IN:CREATE_ALARM", "[SL:ALARM_NAME", "@ptr6", "@ptr7", "SL:ALARM_NAME]", "IN:CREATE_ALARM]"]}
{"loss": 2.573277711868286, "class_log_probabilities": [-7.218330383300781, -7.739661693572998, -12.318822860717773, -82.65499114990234], "predictions": [49, 16, 400, 401, 402, 403, 404, 405, 407, 409, 17, 16, 408, 410, 17, 50, 4, 4, 4, 4, 4, 4, 4, 4, 4, 4, 4, 4, 4, 4, 4, 4, 4, 4, 4, 4, 4, 4, 4, 4, 4, 4, 4, 4, 4, 4, 4, 4, 4, 4, 4, 4, 4, 4, 4, 4, 4, 4, 4, 4, 4, 4, 4, 4, 4, 4, 4, 4, 4, 4, 4, 4, 4, 4, 4, 4, 4, 4, 4, 4, 4, 4, 4, 4, 4, 4, 4, 4, 4, 4, 4, 4, 4, 4, 4, 4, 4, 4, 4, 4], "target_tokens": ["[IN:CREATE_ALARM", "[SL:DATE_TIME", "@ptr4", "@ptr5", "@ptr6", "@ptr7", "@ptr8", "@ptr9", "@ptr10", "@ptr11", "@ptr12", "@ptr13", "SL:DATE_TIME]", "[SL:DATE_TIME", "@ptr14", "@ptr15", "@ptr16", "@ptr17", "SL:DATE_TIME]", "IN:CREATE_ALARM]"], "predicted_tokens": ["[IN:CREATE_REMINDER", "[SL:DATE_TIME", "@ptr5", "@ptr6", "@ptr7", "@ptr8", "@ptr9", "@ptr10", "@ptr12", "@ptr14", "SL:DATE_TIME]", "[SL:DATE_TIME", "@ptr13", "@ptr15", "SL:DATE_TIME]", "IN:CREATE_REMINDER]"]}
{"loss": 0.9565908312797546, "class_log_probabilities": [-0.2185809314250946, -6.989398002624512, -7.251448631286621, -7.417726039886475], "predictions": [45, 46, 4], "target_tokens": ["[IN:CREATE_ALARM", "IN:CREATE_ALARM]"], "predicted_tokens": ["[IN:CREATE_ALARM", "IN:CREATE_ALARM]"]}
{"loss": 4.046184062957764, "class_log_probabilities": [-5.554782867431641, -8.46103572845459, -10.134021759033203, -58.65816116333008], "predictions": [47, 34, 397, 35, 199, 404, 200, 48, 4, 4, 4, 4, 4, 4, 4, 4, 4, 4, 4, 4, 4, 4, 4, 4, 4, 4, 4, 4, 4, 4, 4, 4, 4, 4, 4, 4, 4, 4, 4, 4, 4, 4, 4, 4, 4, 4, 4, 4, 4, 4, 4, 4, 4, 4, 4, 4, 4, 4, 4, 4, 4, 4, 4, 4, 4, 4, 4, 4, 4, 4, 4, 4, 4, 4, 4, 4, 4, 4, 4, 4, 4, 4, 4, 4, 4, 4, 4, 4, 4, 4, 4, 4, 4, 4, 4, 4, 4, 4, 4, 4], "target_tokens": ["[IN:GET_ALARM", "[SL:AMOUNT", "@ptr7", "SL:AMOUNT]", "IN:GET_ALARM]"], "predicted_tokens": ["[IN:GET_REMINDER", "[SL:PERSON_REMINDED", "@ptr2", "SL:PERSON_REMINDED]", "[SL:METHOD_RETRIEVAL_REMINDER", "@ptr9", "SL:METHOD_RETRIEVAL_REMINDER]", "IN:GET_REMINDER]"]}
{"loss": 2.0048036575317383, "class_log_probabilities": [-1.5220022201538086, -2.291569232940674, -2.89408016204834, -3.7353692054748535], "predictions": [49, 16, 399, 400, 17, 50, 4, 4], "target_tokens": ["[IN:CREATE_ALARM", "[SL:DATE_TIME", "@ptr3", "@ptr4", "@ptr5", "@ptr6", "SL:DATE_TIME]", "IN:CREATE_ALARM]"], "predicted_tokens": ["[IN:CREATE_REMINDER", "[SL:DATE_TIME", "@ptr4", "@ptr5", "SL:DATE_TIME]", "IN:CREATE_REMINDER]"]}
{"loss": 2.896601676940918, "class_log_probabilities": [-1.0618133544921875, -2.4675686359405518, -5.01235294342041, -5.0902557373046875], "predictions": [45, 16, 399, 400, 401, 17, 46, 4], "target_tokens": ["[IN:CREATE_ALARM", "[SL:DATE_TIME", "@ptr3", "@ptr4", "@ptr5", "SL:DATE_TIME]", "IN:CREATE_ALARM]"], "predicted_tokens": ["[IN:CREATE_ALARM", "[SL:DATE_TIME", "@ptr4", "@ptr5", "@ptr6", "SL:DATE_TIME]", "IN:CREATE_ALARM]"]}
{"loss": 2.1751792430877686, "class_log_probabilities": [-1.9842658042907715, -2.1725680828094482, -3.3827996253967285, -3.5469777584075928], "predictions": [45, 16, 401, 402, 403, 404, 405, 17, 46, 4, 4], "target_tokens": ["[IN:CREATE_ALARM", "[SL:DATE_TIME", "@ptr5", "@ptr6", "@ptr7", "@ptr8", "@ptr9", "@ptr10", "SL:DATE_TIME]", "IN:CREATE_ALARM]"], "predicted_tokens": ["[IN:CREATE_ALARM", "[SL:DATE_TIME", "@ptr6", "@ptr7", "@ptr8", "@ptr9", "@ptr10", "SL:DATE_TIME]", "IN:CREATE_ALARM]"]}
{"loss": 2.812335968017578, "class_log_probabilities": [-0.8876396417617798, -2.7260031700134277, -3.264836311340332, -5.942949295043945], "predictions": [45, 16, 400, 401, 17, 46, 4, 4], "target_tokens": ["[IN:CREATE_ALARM", "[SL:DATE_TIME", "@ptr3", "@ptr4", "SL:DATE_TIME]", "IN:CREATE_ALARM]"], "predicted_tokens": ["[IN:CREATE_ALARM", "[SL:DATE_TIME", "@ptr5", "@ptr6", "SL:DATE_TIME]", "IN:CREATE_ALARM]"]}
{"loss": 0.9720851182937622, "class_log_probabilities": [-0.466122567653656, -5.906021595001221, -6.150553226470947, -11.479798316955566], "predictions": [185, 6, 399, 400, 7, 186, 4, 4, 4, 4], "target_tokens": ["[IN:GET_CALL", "[SL:CONTACT", "@ptr4", "@ptr5", "SL:CONTACT]", "IN:GET_CALL]"], "predicted_tokens": ["[IN:GET_CALL", "[SL:CONTACT", "@ptr4", "@ptr5", "SL:CONTACT]", "IN:GET_CALL]"]}
{"loss": 1.410591959953308, "class_log_probabilities": [-2.5507524013519287, -3.4205386638641357, -3.471177339553833, -4.272934913635254], "predictions": [63, 66, 396, 397, 398, 399, 400, 401, 402, 403, 404, 67, 103, 406, 104, 68, 4], "target_tokens": ["[IN:PLAY_MUSIC", "[SL:MUSIC_ALBUM_TITLE", "@ptr1", "@ptr2", "@ptr3", "@ptr4", "@ptr5", "@ptr6", "@ptr7", "@ptr8", "@ptr9", "SL:MUSIC_ALBUM_TITLE]", "[SL:MUSIC_PROVIDER_NAME", "@ptr11", "SL:MUSIC_PROVIDER_NAME]", "IN:PLAY_MUSIC]"], "predicted_tokens": ["[IN:PLAY_MUSIC", "[SL:MUSIC_ARTIST_NAME", "@ptr1", "@ptr2", "@ptr3", "@ptr4", "@ptr5", "@ptr6", "@ptr7", "@ptr8", "@ptr9", "SL:MUSIC_ARTIST_NAME]", "[SL:MUSIC_PROVIDER_NAME", "@ptr11", "SL:MUSIC_PROVIDER_NAME]", "IN:PLAY_MUSIC]"]}
{"loss": 2.090893030166626, "class_log_probabilities": [-2.8433830738067627, -4.829829216003418, -5.265040397644043, -6.503218650817871], "predictions": [63, 101, 396, 397, 398, 399, 400, 401, 402, 403, 404, 405, 406, 407, 102, 66, 67, 68, 4, 4, 4, 4], "target_tokens": ["[IN:PLAY_MUSIC", "[SL:MUSIC_ALBUM_TITLE", "@ptr1", "@ptr2", "@ptr3", "@ptr4", "@ptr5", "@ptr6", "@ptr7", "@ptr8", "@ptr9", "SL:MUSIC_ALBUM_TITLE]", "[SL:MUSIC_PROVIDER_NAME", "@ptr11", "@ptr12", "@ptr13", "SL:MUSIC_PROVIDER_NAME]", "IN:PLAY_MUSIC]"], "predicted_tokens": ["[IN:PLAY_MUSIC", "[SL:MUSIC_TRACK_TITLE", "@ptr1", "@ptr2", "@ptr3", "@ptr4", "@ptr5", "@ptr6", "@ptr7", "@ptr8", "@ptr9", "@ptr10", "@ptr11", "@ptr12", "SL:MUSIC_TRACK_TITLE]", "[SL:MUSIC_ARTIST_NAME", "SL:MUSIC_ARTIST_NAME]", "IN:PLAY_MUSIC]"]}
{"loss": 1.7960706949234009, "class_log_probabilities": [-1.8228815793991089, -1.866179347038269, -3.5579562187194824, -3.8632607460021973], "predictions": [45, 16, 399, 400, 401, 402, 403, 404, 406, 408, 17, 46, 4, 4], "target_tokens": ["[IN:CREATE_ALARM", "[SL:DATE_TIME", "@ptr4", "@ptr5", "@ptr6", "@ptr7", "@ptr8", "@ptr9", "@ptr10", "@ptr11", "@ptr12", "SL:DATE_TIME]", "IN:CREATE_ALARM]"], "predicted_tokens": ["[IN:CREATE_ALARM", "[SL:DATE_TIME", "@ptr4", "@ptr5", "@ptr6", "@ptr7", "@ptr8", "@ptr9", "@ptr11", "@ptr13", "SL:DATE_TIME]", "IN:CREATE_ALARM]"]}
{"loss": 1.049371361732483, "class_log_probabilities": [-1.6125833988189697, -2.5156545639038086, -4.761073589324951, -5.540063858032227], "predictions": [45, 16, 397, 398, 399, 400, 401, 402, 403, 404, 405, 406, 407, 17, 46, 4], "target_tokens": ["[IN:CREATE_ALARM", "[SL:DATE_TIME", "@ptr2", "@ptr3", "@ptr4", "@ptr5", "@ptr6", "@ptr7", "@ptr8", "@ptr9", "@ptr10", "@ptr11", "SL:DATE_TIME]", "IN:CREATE_ALARM]"], "predicted_tokens": ["[IN:CREATE_ALARM", "[SL:DATE_TIME", "@ptr2", "@ptr3", "@ptr4", "@ptr5", "@ptr6", "@ptr7", "@ptr8", "@ptr9", "@ptr10", "@ptr11", "@ptr12", "SL:DATE_TIME]", "IN:CREATE_ALARM]"]}
{"loss": 3.784815549850464, "class_log_probabilities": [-1.3252747058868408, -3.179664134979248, -3.4882164001464844, -4.738194942474365], "predictions": [227, 16, 401, 402, 403, 17, 228, 4], "target_tokens": ["[IN:SNOOZE_ALARM", "[SL:DATE_TIME", "@ptr4", "@ptr5", "@ptr6", "@ptr7", "SL:DATE_TIME]", "IN:SNOOZE_ALARM]"], "predicted_tokens": ["[IN:UPDATE_TIMER", "[SL:DATE_TIME", "@ptr6", "@ptr7", "@ptr8", "SL:DATE_TIME]", "IN:UPDATE_TIMER]"]}
{"loss": 2.1222217082977295, "class_log_probabilities": [-3.4046788215637207, -3.5116806030273438, -3.925697088241577, -4.981929779052734], "predictions": [49, 36, 399, 400, 401, 402, 37, 16, 404, 405, 406, 407, 17, 50, 4, 4, 4], "target_tokens": ["[IN:CREATE_ALARM", "[SL:ALARM_NAME", "@ptr4", "@ptr5", "@ptr6", "SL:ALARM_NAME]", "[SL:DATE_TIME", "@ptr7", "@ptr8", "@ptr9", "@ptr10", "@ptr11", "@ptr12", "SL:DATE_TIME]", "IN:CREATE_ALARM]"], "predicted_tokens": ["[IN:CREATE_REMINDER", "[SL:TODO", "@ptr4", "@ptr5", "@ptr6", "@ptr7", "SL:TODO]", "[SL:DATE_TIME", "@ptr9", "@ptr10", "@ptr11", "@ptr12", "SL:DATE_TIME]", "IN:CREATE_REMINDER]"]}
{"loss": 2.25622820854187, "class_log_probabilities": [-3.1593809127807617, -3.2525312900543213, -3.9931702613830566, -4.066938877105713], "predictions": [13, 18, 4, 4, 4, 4, 4, 4, 4, 4, 4, 4, 4], "target_tokens": ["[IN:GET_WEATHER", "[SL:LOCATION", "@ptr8", "@ptr9", "SL:LOCATION]", "IN:GET_WEATHER]"], "predicted_tokens": ["[IN:GET_WEATHER", "IN:GET_WEATHER]"]}
{"loss": 1.7994804382324219, "class_log_probabilities": [-0.3635895252227783, -5.97449254989624, -7.502233028411865, -8.041735649108887], "predictions": [13, 14, 400, 15, 18, 4, 4, 4], "target_tokens": ["[IN:GET_WEATHER", "[SL:LOCATION", "@ptr4", "SL:LOCATION]", "IN:GET_WEATHER]"], "predicted_tokens": ["[IN:GET_WEATHER", "[SL:LOCATION", "@ptr5", "SL:LOCATION]", "IN:GET_WEATHER]"]}
{"loss": 2.3675179481506348, "class_log_probabilities": [-0.9345999956130981, -2.675746440887451, -3.5301895141601562, -4.1299896240234375], "predictions": [13, 14, 402, 403, 404, 405, 406, 15, 18, 4], "target_tokens": ["[IN:GET_WEATHER", "[SL:LOCATION", "@ptr6", "@ptr7", "@ptr8", "@ptr9", "SL:LOCATION]", "IN:GET_WEATHER]"], "predicted_tokens": ["[IN:GET_WEATHER", "[SL:LOCATION", "@ptr7", "@ptr8", "@ptr9", "@ptr10", "@ptr11", "SL:LOCATION]", "IN:GET_WEATHER]"]}
{"loss": 1.370386004447937, "class_log_probabilities": [-1.5033122301101685, -3.36629319190979, -3.750427007675171, -4.0641770362854], "predictions": [63, 103, 397, 104, 223, 400, 401, 402, 403, 404, 405, 224, 68, 4, 4], "target_tokens": ["[IN:PLAY_MUSIC", "[SL:MUSIC_PROVIDER_NAME", "@ptr2", "SL:MUSIC_PROVIDER_NAME]", "[SL:MUSIC_RADIO_ID", "@ptr5", "@ptr6", "@ptr7", "@ptr8", "@ptr9", "SL:MUSIC_RADIO_ID]", "IN:PLAY_MUSIC]"], "predicted_tokens": ["[IN:PLAY_MUSIC", "[SL:MUSIC_PROVIDER_NAME", "@ptr2", "SL:MUSIC_PROVIDER_NAME]", "[SL:MUSIC_RADIO_ID", "@ptr5", "@ptr6", "@ptr7", "@ptr8", "@ptr9", "@ptr10", "SL:MUSIC_RADIO_ID]", "IN:PLAY_MUSIC]"]}
{"loss": 2.9612700939178467, "class_log_probabilities": [-3.187710762023926, -3.6406919956207275, -4.684988498687744, -10.984344482421875], "predictions": [75, 6, 70, 6, 398, 399, 7, 71, 401, 72, 73, 7, 78, 4, 4, 4, 4, 4], "target_tokens": ["[IN:CREATE_CALL", "[SL:CONTACT", "[IN:GET_CONTACT", "[SL:CONTACT_RELATED", "@ptr7", "@ptr8", "SL:CONTACT_RELATED]", "[SL:TYPE_RELATION", "@ptr5", "@ptr6", "SL:TYPE_RELATION]", "[SL:CONTACT", "@ptr3", "@ptr4", "SL:CONTACT]", "IN:GET_CONTACT]", "SL:CONTACT]", "IN:CREATE_CALL]"], "predicted_tokens": ["[IN:CREATE_CALL", "[SL:CONTACT", "[IN:GET_CONTACT", "[SL:CONTACT", "@ptr3", "@ptr4", "SL:CONTACT]", "[SL:TYPE_RELATION", "@ptr6", "SL:TYPE_RELATION]", "IN:GET_CONTACT]", "SL:CONTACT]", "IN:CREATE_CALL]"]}
{"loss": 1.868605375289917, "class_log_probabilities": [-1.8269821405410767, -1.9205470085144043, -2.927172899246216, -3.4337403774261475], "predictions": [13, 16, 400, 401, 402, 403, 404, 405, 406, 407, 408, 17, 18, 4], "target_tokens": ["[IN:GET_WEATHER", "[SL:DATE_TIME", "@ptr4", "@ptr5", "@ptr6", "@ptr7", "@ptr8", "@ptr9", "@ptr10", "@ptr11", "@ptr12", "@ptr13", "@ptr14", "SL:DATE_TIME]", "IN:GET_WEATHER]"], "predicted_tokens": ["[IN:GET_WEATHER", "[SL:DATE_TIME", "@ptr5", "@ptr6", "@ptr7", "@ptr8", "@ptr9", "@ptr10", "@ptr11", "@ptr12", "@ptr13", "SL:DATE_TIME]", "IN:GET_WEATHER]"]}
{"loss": 2.8737897872924805, "class_log_probabilities": [-1.4517743587493896, -3.3217525482177734, -3.8407039642333984, -4.131031036376953], "predictions": [13, 135, 403, 136, 18, 4, 4, 4, 4], "target_tokens": ["[IN:GET_WEATHER", "[SL:WEATHER_ATTRIBUTE", "@ptr1", "SL:WEATHER_ATTRIBUTE]", "[SL:WEATHER_TEMPERATURE_UNIT", "@ptr6", "SL:WEATHER_TEMPERATURE_UNIT]", "IN:GET_WEATHER]"], "predicted_tokens": ["[IN:GET_WEATHER", "[SL:WEATHER_TEMPERATURE_UNIT", "@ptr8", "SL:WEATHER_TEMPERATURE_UNIT]", "IN:GET_WEATHER]"]}
{"loss": 1.794370174407959, "class_log_probabilities": [-0.6084240078926086, -3.4053754806518555, -6.479133129119873, -7.079344749450684], "predictions": [13, 16, 400, 401, 402, 403, 17, 18, 4, 4], "target_tokens": ["[IN:GET_WEATHER", "[SL:DATE_TIME", "@ptr5", "@ptr6", "@ptr7", "SL:DATE_TIME]", "IN:GET_WEATHER]"], "predicted_tokens": ["[IN:GET_WEATHER", "[SL:DATE_TIME", "@ptr5", "@ptr6", "@ptr7", "@ptr8", "SL:DATE_TIME]", "IN:GET_WEATHER]"]}
{"loss": 1.7568379640579224, "class_log_probabilities": [-1.0595991611480713, -3.5532443523406982, -4.272694110870361, -4.782920837402344], "predictions": [13, 14, 403, 404, 405, 15, 18, 4, 4, 4, 4], "target_tokens": ["[IN:GET_WEATHER", "[SL:LOCATION", "@ptr7", "SL:LOCATION]", "IN:GET_WEATHER]"], "predicted_tokens": ["[IN:GET_WEATHER", "[SL:LOCATION", "@ptr8", "@ptr9", "@ptr10", "SL:LOCATION]", "IN:GET_WEATHER]"]}
{"loss": 1.0241996049880981, "class_log_probabilities": [-1.0025441646575928, -1.8846760988235474, -2.8872947692871094, -5.658052444458008], "predictions": [13, 14, 402, 15, 18, 4, 4], "target_tokens": ["[IN:GET_WEATHER", "[SL:LOCATION", "@ptr7", "SL:LOCATION]", "IN:GET_WEATHER]"], "predicted_tokens": ["[IN:GET_WEATHER", "[SL:LOCATION", "@ptr7", "SL:LOCATION]", "IN:GET_WEATHER]"]}
{"loss": 3.5426149368286133, "class_log_probabilities": [-0.5109680891036987, -4.962769508361816, -6.5873703956604, -7.128402233123779], "predictions": [13, 16, 399, 400, 401, 17, 18, 4, 4], "target_tokens": ["[IN:GET_WEATHER", "[SL:DATE_TIME", "@ptr3", "@ptr4", "@ptr5", "SL:DATE_TIME]", "IN:GET_WEATHER]"], "predicted_tokens": ["[IN:GET_WEATHER", "[SL:DATE_TIME", "@ptr4", "@ptr5", "@ptr6", "SL:DATE_TIME]", "IN:GET_WEATHER]"]}
{"loss": 3.357149839401245, "class_log_probabilities": [-0.75560462474823, -2.8616061210632324, -5.025459289550781, -5.618731498718262], "predictions": [13, 14, 400, 401, 15, 18, 4, 4], "target_tokens": ["[IN:GET_WEATHER", "[SL:DATE_TIME", "@ptr2", "@ptr3", "@ptr4", "@ptr5", "SL:DATE_TIME]", "IN:GET_WEATHER]"], "predicted_tokens": ["[IN:GET_WEATHER", "[SL:LOCATION", "@ptr5", "@ptr6", "SL:LOCATION]", "IN:GET_WEATHER]"]}
{"loss": 2.8438777923583984, "class_log_probabilities": [-1.752255916595459, -1.9709067344665527, -2.6830267906188965, -3.533766746520996], "predictions": [13, 16, 401, 402, 403, 404, 405, 407, 17, 18, 4], "target_tokens": ["[IN:GET_WEATHER", "[SL:DATE_TIME", "@ptr5", "@ptr6", "@ptr7", "@ptr8", "@ptr9", "SL:DATE_TIME]", "IN:GET_WEATHER]"], "predicted_tokens": ["[IN:GET_WEATHER", "[SL:DATE_TIME", "@ptr6", "@ptr7", "@ptr8", "@ptr9", "@ptr10", "@ptr12", "SL:DATE_TIME]", "IN:GET_WEATHER]"]}
{"loss": 2.2333812713623047, "class_log_probabilities": [-1.9909906387329102, -2.590163230895996, -3.548373222351074, -3.548434257507324], "predictions": [13, 14, 399, 15, 16, 404, 17, 18, 4, 4], "target_tokens": ["[IN:GET_WEATHER", "[SL:LOCATION", "@ptr4", "SL:LOCATION]", "IN:GET_WEATHER]"], "predicted_tokens": ["[IN:GET_WEATHER", "[SL:LOCATION", "@ptr4", "SL:LOCATION]", "[SL:DATE_TIME", "@ptr9", "SL:DATE_TIME]", "IN:GET_WEATHER]"]}
{"loss": 1.3755401372909546, "class_log_probabilities": [-2.0644006729125977, -2.8301568031311035, -3.3776566982269287, -4.90807580947876], "predictions": [13, 14, 399, 15, 16, 402, 403, 17, 18, 4, 4], "target_tokens": ["[IN:GET_WEATHER", "[SL:LOCATION", "@ptr4", "SL:LOCATION]", "IN:GET_WEATHER]"], "predicted_tokens": ["[IN:GET_WEATHER", "[SL:LOCATION", "@ptr4", "SL:LOCATION]", "[SL:DATE_TIME", "@ptr7", "@ptr8", "SL:DATE_TIME]", "IN:GET_WEATHER]"]}
{"loss": 2.1237547397613525, "class_log_probabilities": [-1.4023183584213257, -2.850165843963623, -3.5022547245025635, -5.677096843719482], "predictions": [45, 16, 400, 401, 402, 403, 404, 405, 406, 17, 46, 4], "target_tokens": ["[IN:CREATE_ALARM", "[SL:DATE_TIME", "@ptr4", "@ptr5", "@ptr6", "@ptr7", "@ptr8", "@ptr9", "SL:DATE_TIME]", "IN:CREATE_ALARM]"], "predicted_tokens": ["[IN:CREATE_ALARM", "[SL:DATE_TIME", "@ptr5", "@ptr6", "@ptr7", "@ptr8", "@ptr9", "@ptr10", "@ptr11", "SL:DATE_TIME]", "IN:CREATE_ALARM]"]}
{"loss": 4.200838088989258, "class_log_probabilities": [-1.606328010559082, -2.978717565536499, -3.120676279067993, -5.203456878662109], "predictions": [227, 16, 401, 402, 403, 404, 17, 228, 4], "target_tokens": ["[IN:SNOOZE_ALARM", "[SL:DATE_TIME", "@ptr4", "@ptr5", "@ptr6", "@ptr7", "SL:DATE_TIME]", "IN:SNOOZE_ALARM]"], "predicted_tokens": ["[IN:UPDATE_TIMER", "[SL:DATE_TIME", "@ptr6", "@ptr7", "@ptr8", "@ptr9", "SL:DATE_TIME]", "IN:UPDATE_TIMER]"]}
{"loss": 3.2995872497558594, "class_log_probabilities": [-1.4217357635498047, -2.5912423133850098, -2.743917465209961, -3.464390993118286], "predictions": [205, 208, 4], "target_tokens": ["[IN:SNOOZE_ALARM", "IN:SNOOZE_ALARM]"], "predicted_tokens": ["[IN:START_SHUFFLE_MUSIC", "IN:START_SHUFFLE_MUSIC]"]}
{"loss": 2.2060344219207764, "class_log_probabilities": [-0.6227858066558838, -5.350978374481201, -5.448148250579834, -6.576768398284912], "predictions": [45, 16, 400, 401, 402, 403, 404, 17, 46, 4], "target_tokens": ["[IN:CREATE_ALARM", "[SL:DATE_TIME", "@ptr4", "@ptr5", "@ptr6", "@ptr7", "@ptr8", "SL:DATE_TIME]", "IN:CREATE_ALARM]"], "predicted_tokens": ["[IN:CREATE_ALARM", "[SL:DATE_TIME", "@ptr5", "@ptr6", "@ptr7", "@ptr8", "@ptr9", "SL:DATE_TIME]", "IN:CREATE_ALARM]"]}
{"loss": 2.1803035736083984, "class_log_probabilities": [-1.2185497283935547, -3.5097219944000244, -4.8719916343688965, -7.388528823852539], "predictions": [49, 34, 400, 35, 50, 4, 4, 4, 4, 4, 4], "target_tokens": ["[IN:CREATE_ALARM", "IN:CREATE_ALARM]"], "predicted_tokens": ["[IN:CREATE_REMINDER", "[SL:PERSON_REMINDED", "@ptr5", "SL:PERSON_REMINDED]", "IN:CREATE_REMINDER]"]}
{"loss": 3.0487077236175537, "class_log_probabilities": [-3.242905616760254, -3.3645572662353516, -4.888590335845947, -7.412847518920898], "predictions": [75, 6, 409, 7, 78, 4, 4, 4, 4], "target_tokens": ["[IN:UPDATE_CALL", "[SL:CONTACT_ADDED", "@ptr1", "@ptr2", "SL:CONTACT_ADDED]", "IN:UPDATE_CALL]"], "predicted_tokens": ["[IN:CREATE_CALL", "[SL:CONTACT", "@ptr14", "SL:CONTACT]", "IN:CREATE_CALL]"]}
{"loss": 2.7567992210388184, "class_log_probabilities": [-7.685988903045654, -7.707215309143066, -10.855470657348633, -121.47550964355469], "predictions": [23, 10, 395, 396, 397, 398, 399, 400, 11, 24, 401, 402, 403, 25, 26, 4, 4, 4, 4, 4, 4, 4, 4, 4, 4, 4, 4, 4, 4, 4, 4, 4, 4, 4, 4, 4, 4, 4, 4, 4, 4, 4, 4, 4, 4, 4, 4, 4, 4, 4, 4, 4, 4, 4, 4, 4, 4, 4, 4, 4, 4, 4, 4, 4, 4, 4, 4, 4, 4, 4, 4, 4, 4, 4, 4, 4, 4, 4, 4, 4, 4, 4, 4, 4, 4, 4, 4, 4, 4, 4, 4, 4, 4, 4, 4, 4, 4, 4, 4, 4], "target_tokens": ["[IN:GET_CALL_TIME", "[SL:CONTACT", "@ptr0", "@ptr1", "@ptr2", "SL:CONTACT]", "IN:GET_CALL_TIME]"], "predicted_tokens": ["[IN:SEND_MESSAGE", "[SL:RECIPIENT", "@ptr0", "@ptr1", "@ptr2", "@ptr3", "@ptr4", "@ptr5", "SL:RECIPIENT]", "[SL:CONTENT_EXACT", "@ptr6", "@ptr7", "@ptr8", "SL:CONTENT_EXACT]", "IN:SEND_MESSAGE]"]}
{"loss": 0.9839005470275879, "class_log_probabilities": [-0.15554900467395782, -7.684838771820068, -7.796645641326904, -7.79926061630249], "predictions": [245, 246, 4], "target_tokens": ["[IN:UPDATE_METHOD_CALL", "IN:UPDATE_METHOD_CALL]"], "predicted_tokens": ["[IN:UPDATE_METHOD_CALL", "IN:UPDATE_METHOD_CALL]"]}
{"loss": 0.9759697318077087, "class_log_probabilities": [-0.18568122386932373, -7.093105792999268, -7.460772514343262, -7.5110697746276855], "predictions": [245, 246, 4], "target_tokens": ["[IN:UPDATE_METHOD_CALL", "IN:UPDATE_METHOD_CALL]"], "predicted_tokens": ["[IN:UPDATE_METHOD_CALL", "IN:UPDATE_METHOD_CALL]"]}
{"loss": 5.279420375823975, "class_log_probabilities": [-0.8890650272369385, -4.901659965515137, -5.022212505340576, -5.262318134307861], "predictions": [75, 6, 400, 401, 402, 403, 7, 78, 4, 4], "target_tokens": ["[IN:UPDATE_METHOD_CALL", "IN:UPDATE_METHOD_CALL]"], "predicted_tokens": ["[IN:CREATE_CALL", "[SL:CONTACT", "@ptr5", "@ptr6", "@ptr7", "@ptr8", "SL:CONTACT]", "IN:CREATE_CALL]"]}
{"loss": 3.43719482421875, "class_log_probabilities": [-4.516472339630127, -4.933231353759766, -5.150225639343262, -5.187967300415039], "predictions": [189, 6, 399, 400, 401, 7, 190, 4], "target_tokens": ["[IN:UPDATE_METHOD_CALL", "IN:UPDATE_METHOD_CALL]"], "predicted_tokens": ["[IN:SET_AVAILABLE", "[SL:CONTACT", "@ptr4", "@ptr5", "@ptr6", "SL:CONTACT]", "IN:SET_AVAILABLE]"]}
{"loss": 2.1287782192230225, "class_log_probabilities": [-1.0905836820602417, -3.4186365604400635, -3.8928558826446533, -4.206254482269287], "predictions": [63, 101, 396, 397, 398, 399, 400, 102, 103, 401, 104, 68, 4], "target_tokens": ["[IN:PLAY_MUSIC", "[SL:MUSIC_ARTIST_NAME", "@ptr1", "@ptr2", "@ptr3", "@ptr4", "SL:MUSIC_ARTIST_NAME]", "[SL:MUSIC_PROVIDER_NAME", "@ptr5", "SL:MUSIC_PROVIDER_NAME]", "IN:PLAY_MUSIC]"], "predicted_tokens": ["[IN:PLAY_MUSIC", "[SL:MUSIC_TRACK_TITLE", "@ptr1", "@ptr2", "@ptr3", "@ptr4", "@ptr5", "SL:MUSIC_TRACK_TITLE]", "[SL:MUSIC_PROVIDER_NAME", "@ptr6", "SL:MUSIC_PROVIDER_NAME]", "IN:PLAY_MUSIC]"]}
{"loss": 2.812056064605713, "class_log_probabilities": [-3.3520421981811523, -3.4020750522613525, -3.8076794147491455, -4.170768737792969], "predictions": [75, 6, 70, 71, 397, 72, 6, 401, 402, 404, 7, 73, 7, 78, 4], "target_tokens": ["[IN:CREATE_CALL", "[SL:CONTACT", "[IN:GET_CONTACT", "[SL:CONTACT_RELATED", "@ptr5", "@ptr6", "@ptr7", "@ptr8", "SL:CONTACT_RELATED]", "[SL:TYPE_RELATION", "@ptr2", "@ptr3", "SL:TYPE_RELATION]", "IN:GET_CONTACT]", "SL:CONTACT]", "IN:CREATE_CALL]"], "predicted_tokens": ["[IN:CREATE_CALL", "[SL:CONTACT", "[IN:GET_CONTACT", "[SL:TYPE_RELATION", "@ptr2", "SL:TYPE_RELATION]", "[SL:CONTACT", "@ptr6", "@ptr7", "@ptr9", "SL:CONTACT]", "IN:GET_CONTACT]", "SL:CONTACT]", "IN:CREATE_CALL]"]}
{"loss": 1.9158761501312256, "class_log_probabilities": [-2.1844050884246826, -2.655611038208008, -3.0509910583496094, -3.5802743434906006], "predictions": [75, 6, 70, 71, 397, 72, 6, 400, 401, 402, 403, 7, 73, 7, 78, 4], "target_tokens": ["[IN:CREATE_CALL", "[SL:CONTACT", "[IN:GET_CONTACT", "[SL:CONTACT_RELATED", "@ptr4", "@ptr5", "@ptr6", "@ptr7", "SL:CONTACT_RELATED]", "[SL:TYPE_RELATION", "@ptr2", "SL:TYPE_RELATION]", "IN:GET_CONTACT]", "SL:CONTACT]", "IN:CREATE_CALL]"], "predicted_tokens": ["[IN:CREATE_CALL", "[SL:CONTACT", "[IN:GET_CONTACT", "[SL:TYPE_RELATION", "@ptr2", "SL:TYPE_RELATION]", "[SL:CONTACT", "@ptr5", "@ptr6", "@ptr7", "@ptr8", "SL:CONTACT]", "IN:GET_CONTACT]", "SL:CONTACT]", "IN:CREATE_CALL]"]}
{"loss": 1.8832248449325562, "class_log_probabilities": [-2.4934139251708984, -3.3186898231506348, -4.540045738220215, -5.116157054901123], "predictions": [75, 6, 70, 71, 397, 72, 6, 399, 7, 73, 7, 78, 4, 4], "target_tokens": ["[IN:CREATE_CALL", "[SL:CONTACT", "[IN:GET_CONTACT", "[SL:CONTACT_RELATED", "@ptr4", "@ptr5", "SL:CONTACT_RELATED]", "[SL:TYPE_RELATION", "@ptr2", "SL:TYPE_RELATION]", "IN:GET_CONTACT]", "SL:CONTACT]", "IN:CREATE_CALL]"], "predicted_tokens": ["[IN:CREATE_CALL", "[SL:CONTACT", "[IN:GET_CONTACT", "[SL:TYPE_RELATION", "@ptr2", "SL:TYPE_RELATION]", "[SL:CONTACT", "@ptr4", "SL:CONTACT]", "IN:GET_CONTACT]", "SL:CONTACT]", "IN:CREATE_CALL]"]}
{"loss": 1.5754209756851196, "class_log_probabilities": [-3.804487943649292, -3.9039759635925293, -4.451112270355225, -4.551621913909912], "predictions": [39, 6, 397, 398, 7, 78, 4], "target_tokens": ["[IN:CREATE_CALL", "[SL:CONTACT", "@ptr2", "@ptr3", "SL:CONTACT]", "IN:CREATE_CALL]"], "predicted_tokens": ["[IN:GET_STORIES_NEWS", "[SL:CONTACT", "@ptr2", "@ptr3", "SL:CONTACT]", "IN:CREATE_CALL]"]}
{"loss": 3.09161114692688, "class_log_probabilities": [-1.6691131591796875, -3.393111228942871, -4.4911675453186035, -4.8198370933532715], "predictions": [61, 83, 398, 84, 16, 400, 401, 402, 17, 62, 4, 4], "target_tokens": ["[IN:GET_EVENT", "[SL:CATEGORY_EVENT", "@ptr1", "@ptr2", "@ptr3", "SL:CATEGORY_EVENT]", "[SL:DATE_TIME", "@ptr4", "@ptr5", "SL:DATE_TIME]", "IN:GET_EVENT]"], "predicted_tokens": ["[IN:GET_EVENT", "[SL:CATEGORY_EVENT", "@ptr3", "SL:CATEGORY_EVENT]", "[SL:DATE_TIME", "@ptr5", "@ptr6", "@ptr7", "SL:DATE_TIME]", "IN:GET_EVENT]"]}
{"loss": 2.862701892852783, "class_log_probabilities": [-2.0153708457946777, -3.245286464691162, -5.082704067230225, -5.452538013458252], "predictions": [61, 83, 398, 84, 16, 400, 401, 402, 17, 62, 4, 4], "target_tokens": ["[IN:GET_EVENT", "[SL:CATEGORY_EVENT", "@ptr1", "@ptr2", "@ptr3", "SL:CATEGORY_EVENT]", "[SL:DATE_TIME", "@ptr4", "@ptr5", "@ptr6", "SL:DATE_TIME]", "IN:GET_EVENT]"], "predicted_tokens": ["[IN:GET_EVENT", "[SL:CATEGORY_EVENT", "@ptr3", "SL:CATEGORY_EVENT]", "[SL:DATE_TIME", "@ptr5", "@ptr6", "@ptr7", "SL:DATE_TIME]", "IN:GET_EVENT]"]}
{"loss": 2.894244909286499, "class_log_probabilities": [-3.1613776683807373, -3.1663081645965576, -4.160101413726807, -7.331454277038574], "predictions": [13, 14, 397, 15, 79, 401, 136, 18, 4, 4, 4, 4, 4, 4, 4], "target_tokens": ["[IN:GET_WEATHER", "[SL:WEATHER_TEMPERATURE_UNIT", "@ptr5", "SL:WEATHER_TEMPERATURE_UNIT]", "IN:GET_WEATHER]"], "predicted_tokens": ["[IN:GET_WEATHER", "[SL:LOCATION", "@ptr2", "SL:LOCATION]", "[SL:WEATHER_ATTRIBUTE", "@ptr6", "SL:WEATHER_TEMPERATURE_UNIT]", "IN:GET_WEATHER]"]}
{"loss": 1.5598914623260498, "class_log_probabilities": [-1.9137542247772217, -1.9260220527648926, -6.478368759155273, -6.779411792755127], "predictions": [70, 16, 399, 400, 401, 402, 403, 17, 73, 4, 4, 4, 4, 4], "target_tokens": ["[IN:GET_CONTACT", "[SL:DATE_TIME", "@ptr3", "@ptr4", "@ptr5", "@ptr6", "@ptr7", "SL:DATE_TIME]", "IN:GET_CONTACT]"], "predicted_tokens": ["[IN:GET_CONTACT", "[SL:DATE_TIME", "@ptr4", "@ptr5", "@ptr6", "@ptr7", "@ptr8", "SL:DATE_TIME]", "IN:GET_CONTACT]"]}
{"loss": 2.625643491744995, "class_log_probabilities": [-3.700138807296753, -3.993385076522827, -4.370730400085449, -4.470726490020752], "predictions": [127, 16, 396, 397, 398, 399, 400, 401, 402, 403, 404, 17, 128, 4], "target_tokens": ["[IN:GET_SUNSET", "[SL:DATE_TIME", "@ptr4", "@ptr5", "@ptr6", "@ptr7", "@ptr8", "SL:DATE_TIME]", "IN:GET_SUNSET]"], "predicted_tokens": ["[IN:GET_SUNRISE", "[SL:DATE_TIME", "@ptr1", "@ptr2", "@ptr3", "@ptr4", "@ptr5", "@ptr6", "@ptr7", "@ptr8", "@ptr9", "SL:DATE_TIME]", "IN:GET_SUNRISE]"]}
{"loss": 2.894709348678589, "class_log_probabilities": [-0.4259539246559143, -4.49836540222168, -6.51315450668335, -6.712699890136719], "predictions": [23, 10, 401, 402, 11, 26, 4], "target_tokens": ["[IN:SEND_MESSAGE", "[SL:RECIPIENT", "@ptr5", "@ptr6", "SL:RECIPIENT]", "IN:SEND_MESSAGE]"], "predicted_tokens": ["[IN:SEND_MESSAGE", "[SL:RECIPIENT", "@ptr6", "@ptr7", "SL:RECIPIENT]", "IN:SEND_MESSAGE]"]}
{"loss": 1.7032941579818726, "class_log_probabilities": [-0.586952269077301, -3.488300323486328, -3.5245554447174072, -5.380834579467773], "predictions": [23, 10, 400, 11, 26, 4], "target_tokens": ["[IN:SEND_MESSAGE", "[SL:RECIPIENT", "@ptr4", "SL:RECIPIENT]", "IN:SEND_MESSAGE]"], "predicted_tokens": ["[IN:SEND_MESSAGE", "[SL:RECIPIENT", "@ptr5", "SL:RECIPIENT]", "IN:SEND_MESSAGE]"]}
{"loss": 0.9618255496025085, "class_log_probabilities": [-0.29026666283607483, -6.115400314331055, -6.201535224914551, -6.297279357910156], "predictions": [5, 12, 4], "target_tokens": ["[IN:GET_MESSAGE", "IN:GET_MESSAGE]"], "predicted_tokens": ["[IN:GET_MESSAGE", "IN:GET_MESSAGE]"]}
{"loss": 0.9852159023284912, "class_log_probabilities": [-0.17128652334213257, -6.774302959442139, -7.249806880950928, -7.403186321258545], "predictions": [95, 96, 4], "target_tokens": ["[IN:IGNORE_CALL", "IN:IGNORE_CALL]"], "predicted_tokens": ["[IN:IGNORE_CALL", "IN:IGNORE_CALL]"]}
{"loss": 1.5884462594985962, "class_log_probabilities": [-1.0310050249099731, -3.699700355529785, -4.913455486297607, -5.546092510223389], "predictions": [75, 6, 398, 399, 400, 401, 402, 7, 78, 4, 4, 4, 4], "target_tokens": ["[IN:CREATE_CALL", "[SL:CONTACT", "@ptr2", "@ptr3", "@ptr4", "@ptr5", "@ptr6", "SL:CONTACT]", "IN:CREATE_CALL]"], "predicted_tokens": ["[IN:CREATE_CALL", "[SL:CONTACT", "@ptr3", "@ptr4", "@ptr5", "@ptr6", "@ptr7", "SL:CONTACT]", "IN:CREATE_CALL]"]}
{"loss": 3.5460762977600098, "class_log_probabilities": [-0.8774203658103943, -3.5471153259277344, -4.958806991577148, -5.1867547035217285], "predictions": [55, 56, 399, 400, 401, 57, 58, 4], "target_tokens": ["[IN:GET_AVAILABILITY", "[SL:CONTACT", "@ptr4", "@ptr5", "SL:CONTACT]", "IN:GET_AVAILABILITY]"], "predicted_tokens": ["[IN:QUESTION_NEWS", "[SL:NEWS_TOPIC", "@ptr4", "@ptr5", "@ptr6", "SL:NEWS_TOPIC]", "IN:QUESTION_NEWS]"]}
{"loss": 1.2391356229782104, "class_log_probabilities": [-0.8844845294952393, -4.021190643310547, -6.313512325286865, -7.08761739730835], "predictions": [171, 6, 397, 398, 7, 172, 4, 4, 4, 4], "target_tokens": ["[IN:GET_AVAILABILITY", "[SL:CONTACT", "@ptr0", "SL:CONTACT]", "[SL:CONTACT", "@ptr2", "@ptr3", "SL:CONTACT]", "IN:GET_AVAILABILITY]"], "predicted_tokens": ["[IN:GET_AVAILABILITY", "[SL:CONTACT", "@ptr2", "@ptr3", "SL:CONTACT]", "IN:GET_AVAILABILITY]"]}
{"loss": 0.9578529000282288, "class_log_probabilities": [-0.23875871300697327, -6.511338710784912, -6.942036151885986, -7.328665256500244], "predictions": [171, 172, 4], "target_tokens": ["[IN:GET_AVAILABILITY", "IN:GET_AVAILABILITY]"], "predicted_tokens": ["[IN:GET_AVAILABILITY", "IN:GET_AVAILABILITY]"]}
{"loss": 0.9597851634025574, "class_log_probabilities": [-0.39672011137008667, -7.3419060707092285, -7.658432960510254, -7.748232841491699], "predictions": [75, 6, 397, 7, 78, 4, 4, 4], "target_tokens": ["[IN:CREATE_CALL", "[SL:CONTACT", "@ptr2", "SL:CONTACT]", "IN:CREATE_CALL]"], "predicted_tokens": ["[IN:CREATE_CALL", "[SL:CONTACT", "@ptr2", "SL:CONTACT]", "IN:CREATE_CALL]"]}
{"loss": 0.9601715207099915, "class_log_probabilities": [-0.40528613328933716, -7.467289447784424, -7.569173336029053, -7.578306674957275], "predictions": [75, 6, 398, 7, 78, 4, 4, 4], "target_tokens": ["[IN:CREATE_CALL", "[SL:CONTACT", "@ptr3", "SL:CONTACT]", "IN:CREATE_CALL]"], "predicted_tokens": ["[IN:CREATE_CALL", "[SL:CONTACT", "@ptr3", "SL:CONTACT]", "IN:CREATE_CALL]"]}
{"loss": 0.9600882530212402, "class_log_probabilities": [-0.43001389503479004, -6.280384063720703, -6.289461135864258, -7.167726039886475], "predictions": [75, 6, 397, 7, 78, 4, 4], "target_tokens": ["[IN:CREATE_CALL", "[SL:CONTACT", "@ptr2", "SL:CONTACT]", "IN:CREATE_CALL]"], "predicted_tokens": ["[IN:CREATE_CALL", "[SL:CONTACT", "@ptr2", "SL:CONTACT]", "IN:CREATE_CALL]"]}
{"loss": 0.9729311466217041, "class_log_probabilities": [-0.16883543133735657, -8.031566619873047, -8.181987762451172, -8.202547073364258], "predictions": [31, 32, 4, 4], "target_tokens": ["[IN:SET_UNAVAILABLE", "IN:SET_UNAVAILABLE]"], "predicted_tokens": ["[IN:SET_UNAVAILABLE", "IN:SET_UNAVAILABLE]"]}
{"loss": 2.5059263706207275, "class_log_probabilities": [-0.2830233573913574, -5.279160499572754, -5.513870716094971, -5.5685625076293945], "predictions": [215, 216, 4], "target_tokens": ["[IN:ANSWER_CALL", "IN:ANSWER_CALL]"], "predicted_tokens": ["[IN:SWITCH_CALL", "IN:SWITCH_CALL]"]}
{"loss": 0.9701635241508484, "class_log_probabilities": [-0.18211254477500916, -8.569549560546875, -8.596446990966797, -10.873074531555176], "predictions": [31, 32, 4, 4, 4], "target_tokens": ["[IN:SET_UNAVAILABLE", "IN:SET_UNAVAILABLE]"], "predicted_tokens": ["[IN:SET_UNAVAILABLE", "IN:SET_UNAVAILABLE]"]}
{"loss": 0.9577934741973877, "class_log_probabilities": [-0.19753655791282654, -7.784444332122803, -8.364843368530273, -8.476236343383789], "predictions": [171, 172, 4], "target_tokens": ["[IN:GET_AVAILABILITY", "IN:GET_AVAILABILITY]"], "predicted_tokens": ["[IN:GET_AVAILABILITY", "IN:GET_AVAILABILITY]"]}
{"loss": 0.9683364033699036, "class_log_probabilities": [-0.29283270239830017, -4.470888614654541, -5.340359687805176, -6.896076202392578], "predictions": [215, 216, 4], "target_tokens": ["[IN:SWITCH_CALL", "IN:SWITCH_CALL]"], "predicted_tokens": ["[IN:SWITCH_CALL", "IN:SWITCH_CALL]"]}
{"loss": 1.4700208902359009, "class_log_probabilities": [-1.669396996498108, -2.206660270690918, -4.933919906616211, -7.251097202301025], "predictions": [70, 73, 4, 4, 4, 4], "target_tokens": ["[IN:GET_AVAILABILITY", "IN:GET_AVAILABILITY]"], "predicted_tokens": ["[IN:GET_CONTACT", "IN:GET_CONTACT]"]}
{"loss": 2.896596670150757, "class_log_probabilities": [-0.19344738125801086, -6.813555717468262, -7.401022434234619, -7.785325050354004], "predictions": [31, 32, 4, 4], "target_tokens": ["[IN:SET_AVAILABLE", "IN:SET_AVAILABLE]"], "predicted_tokens": ["[IN:SET_UNAVAILABLE", "IN:SET_UNAVAILABLE]"]}
{"loss": 0.9658248424530029, "class_log_probabilities": [-0.20400214195251465, -7.456826686859131, -7.561324119567871, -7.7178635597229], "predictions": [215, 216, 4], "target_tokens": ["[IN:SWITCH_CALL", "IN:SWITCH_CALL]"], "predicted_tokens": ["[IN:SWITCH_CALL", "IN:SWITCH_CALL]"]}
{"loss": 0.9749996066093445, "class_log_probabilities": [-0.4442055821418762, -4.471353054046631, -5.705739974975586, -7.355200290679932], "predictions": [171, 172, 4], "target_tokens": ["[IN:GET_AVAILABILITY", "IN:GET_AVAILABILITY]"], "predicted_tokens": ["[IN:GET_AVAILABILITY", "IN:GET_AVAILABILITY]"]}
{"loss": 1.0098459720611572, "class_log_probabilities": [-1.3489853143692017, -2.511395215988159, -3.7250173091888428, -4.802343845367432], "predictions": [75, 6, 70, 71, 397, 72, 73, 7, 78, 4, 4, 4, 4], "target_tokens": ["[IN:CREATE_CALL", "[SL:CONTACT", "[IN:GET_CONTACT", "[SL:TYPE_RELATION", "@ptr2", "SL:TYPE_RELATION]", "IN:GET_CONTACT]", "SL:CONTACT]", "IN:CREATE_CALL]"], "predicted_tokens": ["[IN:CREATE_CALL", "[SL:CONTACT", "[IN:GET_CONTACT", "[SL:TYPE_RELATION", "@ptr2", "SL:TYPE_RELATION]", "IN:GET_CONTACT]", "SL:CONTACT]", "IN:CREATE_CALL]"]}
{"loss": 1.1023744344711304, "class_log_probabilities": [-0.9802600145339966, -2.0431652069091797, -4.688051223754883, -5.966826438903809], "predictions": [107, 108, 70, 71, 397, 72, 73, 109, 110, 4], "target_tokens": ["[IN:UPDATE_CALL", "[SL:CONTACT_ADDED", "[IN:GET_CONTACT", "[SL:TYPE_RELATION", "@ptr1", "SL:TYPE_RELATION]", "IN:GET_CONTACT]", "SL:CONTACT_ADDED]", "IN:UPDATE_CALL]"], "predicted_tokens": ["[IN:UPDATE_CALL", "[SL:CONTACT_ADDED", "[IN:GET_CONTACT", "[SL:TYPE_RELATION", "@ptr2", "SL:TYPE_RELATION]", "IN:GET_CONTACT]", "SL:CONTACT_ADDED]", "IN:UPDATE_CALL]"]}
{"loss": 1.912917971611023, "class_log_probabilities": [-0.7545858025550842, -4.2202301025390625, -5.3140482902526855, -5.7704176902771], "predictions": [107, 108, 70, 71, 396, 72, 73, 109, 110, 4, 4, 4, 4, 4], "target_tokens": ["[IN:UPDATE_CALL", "[SL:CONTACT_ADDED", "[IN:GET_CONTACT", "[SL:CONTACT_RELATED", "@ptr2", "@ptr3", "SL:CONTACT_RELATED]", "[SL:TYPE_RELATION", "@ptr1", "SL:TYPE_RELATION]", "IN:GET_CONTACT]", "SL:CONTACT_ADDED]", "IN:UPDATE_CALL]"], "predicted_tokens": ["[IN:UPDATE_CALL", "[SL:CONTACT_ADDED", "[IN:GET_CONTACT", "[SL:TYPE_RELATION", "@ptr1", "SL:TYPE_RELATION]", "IN:GET_CONTACT]", "SL:CONTACT_ADDED]", "IN:UPDATE_CALL]"]}
{"loss": 1.9732779264450073, "class_log_probabilities": [-1.4386588335037231, -3.44545316696167, -4.2182207107543945, -5.457108020782471], "predictions": [75, 6, 397, 398, 399, 7, 78, 4], "target_tokens": ["[IN:UPDATE_CALL", "[SL:CONTACT_ADDED", "@ptr2", "@ptr3", "@ptr4", "SL:CONTACT_ADDED]", "IN:UPDATE_CALL]"], "predicted_tokens": ["[IN:CREATE_CALL", "[SL:CONTACT", "@ptr2", "@ptr3", "@ptr4", "SL:CONTACT]", "IN:CREATE_CALL]"]}
{"loss": 2.099656820297241, "class_log_probabilities": [-2.363670587539673, -3.9142143726348877, -4.0459136962890625, -4.765694618225098], "predictions": [75, 6, 70, 93, 402, 94, 71, 403, 72, 73, 7, 78, 4, 4, 4, 4], "target_tokens": ["[IN:CREATE_CALL", "[SL:CONTACT", "[IN:GET_CONTACT", "[SL:CONTACT_RELATED", "@ptr8", "@ptr9", "SL:CONTACT_RELATED]", "[SL:TYPE_RELATION", "@ptr7", "SL:TYPE_RELATION]", "IN:GET_CONTACT]", "SL:CONTACT]", "IN:CREATE_CALL]"], "predicted_tokens": ["[IN:CREATE_CALL", "[SL:CONTACT", "[IN:GET_CONTACT", "[SL:CONTACT_RELATED", "@ptr7", "SL:CONTACT_RELATED]", "[SL:TYPE_RELATION", "@ptr8", "SL:TYPE_RELATION]", "IN:GET_CONTACT]", "SL:CONTACT]", "IN:CREATE_CALL]"]}
{"loss": 1.0689383745193481, "class_log_probabilities": [-1.0506870746612549, -1.052297592163086, -4.945211887359619, -6.907365798950195], "predictions": [75, 6, 402, 7, 78, 4, 4], "target_tokens": ["[IN:CREATE_CALL", "[SL:CONTACT", "@ptr4", "SL:CONTACT]", "IN:CREATE_CALL]"], "predicted_tokens": ["[IN:CREATE_CALL", "[SL:CONTACT", "@ptr7", "SL:CONTACT]", "IN:CREATE_CALL]"]}
{"loss": 0.9764407277107239, "class_log_probabilities": [-0.4207218885421753, -4.4327778816223145, -5.404149532318115, -6.624706268310547], "predictions": [107, 108, 397, 109, 110, 4], "target_tokens": ["[IN:UPDATE_CALL", "[SL:CONTACT_ADDED", "@ptr2", "SL:CONTACT_ADDED]", "IN:UPDATE_CALL]"], "predicted_tokens": ["[IN:UPDATE_CALL", "[SL:CONTACT_ADDED", "@ptr2", "SL:CONTACT_ADDED]", "IN:UPDATE_CALL]"]}
{"loss": 0.9762968420982361, "class_log_probabilities": [-0.30985209345817566, -7.430032730102539, -7.601226806640625, -7.717096328735352], "predictions": [107, 108, 397, 109, 110, 4], "target_tokens": ["[IN:UPDATE_CALL", "[SL:CONTACT_ADDED", "@ptr2", "SL:CONTACT_ADDED]", "IN:UPDATE_CALL]"], "predicted_tokens": ["[IN:UPDATE_CALL", "[SL:CONTACT_ADDED", "@ptr2", "SL:CONTACT_ADDED]", "IN:UPDATE_CALL]"]}
{"loss": 2.749720335006714, "class_log_probabilities": [-1.0888499021530151, -3.9124698638916016, -5.109084606170654, -5.523657321929932], "predictions": [107, 108, 70, 71, 397, 398, 72, 73, 109, 110, 4], "target_tokens": ["[IN:UPDATE_CALL", "[SL:CONTACT_ADDED", "[IN:GET_CONTACT", "[SL:TYPE_RELATION", "@ptr1", "@ptr2", "SL:TYPE_RELATION]", "IN:GET_CONTACT]", "SL:CONTACT_ADDED]", "IN:UPDATE_CALL]"], "predicted_tokens": ["[IN:UPDATE_CALL", "[SL:CONTACT_ADDED", "[IN:GET_CONTACT", "[SL:TYPE_RELATION", "@ptr2", "@ptr3", "SL:TYPE_RELATION]", "IN:GET_CONTACT]", "SL:CONTACT_ADDED]", "IN:UPDATE_CALL]"]}
{"loss": 1.4574470520019531, "class_log_probabilities": [-1.3210012912750244, -2.704389810562134, -3.3503072261810303, -6.032154083251953], "predictions": [75, 6, 70, 71, 398, 72, 73, 7, 78, 4, 4, 4, 4], "target_tokens": ["[IN:CREATE_CALL", "[SL:CONTACT", "[IN:GET_CONTACT", "[SL:TYPE_RELATION", "@ptr2", "@ptr3", "SL:TYPE_RELATION]", "IN:GET_CONTACT]", "SL:CONTACT]", "IN:CREATE_CALL]"], "predicted_tokens": ["[IN:CREATE_CALL", "[SL:CONTACT", "[IN:GET_CONTACT", "[SL:TYPE_RELATION", "@ptr3", "SL:TYPE_RELATION]", "IN:GET_CONTACT]", "SL:CONTACT]", "IN:CREATE_CALL]"]}
{"loss": 1.7887539863586426, "class_log_probabilities": [-3.6144349575042725, -4.469976902008057, -4.965601921081543, -5.027609825134277], "predictions": [23, 10, 397, 398, 399, 400, 401, 402, 403, 404, 405, 11, 26, 4, 4], "target_tokens": ["[IN:SEND_MESSAGE", "[SL:RECIPIENT", "[IN:GET_CONTACT", "[SL:CONTACT_RELATED", "@ptr2", "@ptr3", "SL:CONTACT_RELATED]", "[SL:TYPE_RELATION", "@ptr1", "SL:TYPE_RELATION]", "IN:GET_CONTACT]", "SL:RECIPIENT]", "[SL:CONTENT_EXACT", "@ptr6", "@ptr7", "@ptr8", "@ptr9", "@ptr10", "@ptr11", "@ptr12", "@ptr13", "@ptr14", "SL:CONTENT_EXACT]", "IN:SEND_MESSAGE]"], "predicted_tokens": ["[IN:SEND_MESSAGE", "[SL:RECIPIENT", "@ptr2", "@ptr3", "@ptr4", "@ptr5", "@ptr6", "@ptr7", "@ptr8", "@ptr9", "@ptr10", "SL:RECIPIENT]", "IN:SEND_MESSAGE]"]}
{"loss": 2.6461195945739746, "class_log_probabilities": [-1.7193894386291504, -2.6407876014709473, -3.291152238845825, -4.5632781982421875], "predictions": [23, 26, 4, 4, 4, 4, 4, 4, 4, 4, 4, 4], "target_tokens": ["[IN:SEND_MESSAGE", "[SL:RECIPIENT", "@ptr4", "SL:RECIPIENT]", "[SL:CONTENT_EXACT", "@ptr6", "@ptr7", "@ptr8", "SL:CONTENT_EXACT]", "IN:SEND_MESSAGE]"], "predicted_tokens": ["[IN:SEND_MESSAGE", "IN:SEND_MESSAGE]"]}
{"loss": 1.6242622137069702, "class_log_probabilities": [-2.141352415084839, -3.1282761096954346, -3.1503875255584717, -4.976998329162598], "predictions": [23, 10, 70, 71, 399, 72, 73, 11, 24, 403, 404, 405, 25, 26, 4, 4, 4, 4], "target_tokens": ["[IN:SEND_MESSAGE", "[SL:RECIPIENT", "[IN:GET_CONTACT", "[SL:TYPE_RELATION", "@ptr3", "SL:TYPE_RELATION]", "IN:GET_CONTACT]", "SL:RECIPIENT]", "[SL:CONTENT_EXACT", "@ptr7", "@ptr8", "SL:CONTENT_EXACT]", "IN:SEND_MESSAGE]"], "predicted_tokens": ["[IN:SEND_MESSAGE", "[SL:RECIPIENT", "[IN:GET_CONTACT", "[SL:TYPE_RELATION", "@ptr4", "SL:TYPE_RELATION]", "IN:GET_CONTACT]", "SL:RECIPIENT]", "[SL:CONTENT_EXACT", "@ptr8", "@ptr9", "@ptr10", "SL:CONTENT_EXACT]", "IN:SEND_MESSAGE]"]}
{"loss": 2.2933743000030518, "class_log_probabilities": [-0.9063209891319275, -4.38348913192749, -4.545842170715332, -4.6048760414123535], "predictions": [5, 16, 402, 403, 404, 405, 406, 17, 12, 4], "target_tokens": ["[IN:GET_MESSAGE", "[SL:DATE_TIME", "@ptr6", "@ptr7", "@ptr8", "@ptr9", "@ptr10", "SL:DATE_TIME]", "IN:GET_MESSAGE]"], "predicted_tokens": ["[IN:GET_MESSAGE", "[SL:DATE_TIME", "@ptr7", "@ptr8", "@ptr9", "@ptr10", "@ptr11", "SL:DATE_TIME]", "IN:GET_MESSAGE]"]}
{"loss": 2.1350631713867188, "class_log_probabilities": [-1.9888432025909424, -3.0456528663635254, -3.412266254425049, -4.397227764129639], "predictions": [23, 10, 398, 399, 400, 11, 26, 4, 4], "target_tokens": ["[IN:SEND_MESSAGE", "[SL:RECIPIENT", "@ptr3", "@ptr4", "@ptr5", "SL:RECIPIENT]", "[SL:CONTENT_EXACT", "@ptr9", "@ptr10", "@ptr11", "@ptr12", "@ptr13", "@ptr14", "@ptr15", "@ptr16", "SL:CONTENT_EXACT]", "IN:SEND_MESSAGE]"], "predicted_tokens": ["[IN:SEND_MESSAGE", "[SL:RECIPIENT", "@ptr3", "@ptr4", "@ptr5", "SL:RECIPIENT]", "IN:SEND_MESSAGE]"]}
{"loss": 2.068150043487549, "class_log_probabilities": [-1.6875097751617432, -3.158677816390991, -3.4666342735290527, -4.749985694885254], "predictions": [23, 10, 70, 71, 398, 72, 73, 11, 24, 405, 406, 407, 25, 26, 4, 4], "target_tokens": ["[IN:SEND_MESSAGE", "[SL:RECIPIENT", "[IN:GET_CONTACT", "[SL:CONTACT_RELATED", "@ptr4", "@ptr5", "SL:CONTACT_RELATED]", "[SL:TYPE_RELATION", "@ptr3", "SL:TYPE_RELATION]", "IN:GET_CONTACT]", "SL:RECIPIENT]", "[SL:CONTENT_EXACT", "@ptr9", "@ptr10", "@ptr11", "SL:CONTENT_EXACT]", "IN:SEND_MESSAGE]"], "predicted_tokens": ["[IN:SEND_MESSAGE", "[SL:RECIPIENT", "[IN:GET_CONTACT", "[SL:TYPE_RELATION", "@ptr3", "SL:TYPE_RELATION]", "IN:GET_CONTACT]", "SL:RECIPIENT]", "[SL:CONTENT_EXACT", "@ptr10", "@ptr11", "@ptr12", "SL:CONTENT_EXACT]", "IN:SEND_MESSAGE]"]}
{"loss": 2.389436960220337, "class_log_probabilities": [-3.5503411293029785, -3.5829989910125732, -4.047333240509033, -5.2402873039245605], "predictions": [5, 6, 395, 396, 7, 10, 402, 11, 12, 4, 4, 4, 4, 4, 4], "target_tokens": ["[IN:GET_MESSAGE", "[SL:SENDER", "@ptr0", "@ptr1", "SL:SENDER]", "[SL:RECIPIENT", "@ptr6", "SL:RECIPIENT]", "[SL:DATE_TIME", "@ptr7", "@ptr8", "SL:DATE_TIME]", "IN:GET_MESSAGE]"], "predicted_tokens": ["[IN:GET_MESSAGE", "[SL:CONTACT", "@ptr0", "@ptr1", "SL:CONTACT]", "[SL:RECIPIENT", "@ptr7", "SL:RECIPIENT]", "IN:GET_MESSAGE]"]}
{"loss": 2.2651548385620117, "class_log_probabilities": [-2.985870838165283, -3.7511961460113525, -3.85734224319458, -4.6857476234436035], "predictions": [49, 36, 75, 6, 397, 7, 78, 37, 16, 403, 404, 405, 17, 50, 4, 4, 4], "target_tokens": ["[IN:CREATE_REMINDER", "[SL:PERSON_REMINDED", "@ptr2", "SL:PERSON_REMINDED]", "[SL:TODO", "[IN:CREATE_CALL", "[SL:CONTACT", "@ptr5", "@ptr6", "SL:CONTACT]", "IN:CREATE_CALL]", "SL:TODO]", "[SL:DATE_TIME", "@ptr7", "@ptr8", "@ptr9", "SL:DATE_TIME]", "IN:CREATE_REMINDER]"], "predicted_tokens": ["[IN:CREATE_REMINDER", "[SL:TODO", "[IN:CREATE_CALL", "[SL:CONTACT", "@ptr2", "SL:CONTACT]", "IN:CREATE_CALL]", "SL:TODO]", "[SL:DATE_TIME", "@ptr8", "@ptr9", "@ptr10", "SL:DATE_TIME]", "IN:CREATE_REMINDER]"]}
{"loss": 2.5836877822875977, "class_log_probabilities": [-3.009204149246216, -3.5513534545898438, -3.9154129028320312, -4.365297794342041], "predictions": [33, 34, 401, 35, 36, 403, 404, 37, 38, 4], "target_tokens": ["[IN:DELETE_REMINDER", "[SL:PERSON_REMINDED", "@ptr4", "@ptr5", "SL:PERSON_REMINDED]", "[SL:TODO", "@ptr7", "@ptr8", "SL:TODO]", "IN:DELETE_REMINDER]"], "predicted_tokens": ["[IN:DELETE_REMINDER", "[SL:PERSON_REMINDED", "@ptr6", "SL:PERSON_REMINDED]", "[SL:TODO", "@ptr8", "@ptr9", "SL:TODO]", "IN:DELETE_REMINDER]"]}
{"loss": 1.9622902870178223, "class_log_probabilities": [-2.9721930027008057, -3.1904420852661133, -3.2058186531066895, -3.2599048614501953], "predictions": [75, 6, 400, 7, 6, 400, 7, 78, 4, 4], "target_tokens": ["[IN:CREATE_REMINDER", "[SL:PERSON_REMINDED", "@ptr1", "SL:PERSON_REMINDED]", "[SL:TODO", "[IN:CREATE_CALL", "[SL:CONTACT", "@ptr5", "@ptr6", "SL:CONTACT]", "IN:CREATE_CALL]", "SL:TODO]", "[SL:DATE_TIME", "@ptr7", "@ptr8", "@ptr9", "@ptr10", "@ptr11", "@ptr12", "SL:DATE_TIME]", "IN:CREATE_REMINDER]"], "predicted_tokens": ["[IN:CREATE_CALL", "[SL:CONTACT", "@ptr5", "SL:CONTACT]", "[SL:CONTACT", "@ptr5", "SL:CONTACT]", "IN:CREATE_CALL]"]}
{"loss": 3.5006134510040283, "class_log_probabilities": [-3.7448084354400635, -4.848466873168945, -5.408687114715576, -6.522274017333984], "predictions": [259, 260, 4, 4, 4, 4, 4, 4, 4], "target_tokens": ["[IN:UPDATE_REMINDER_DATE_TIME", "[SL:PERSON_REMINDED", "@ptr4", "@ptr5", "SL:PERSON_REMINDED]", "[SL:DATE_TIME", "@ptr6", "@ptr7", "SL:DATE_TIME]", "IN:UPDATE_REMINDER_DATE_TIME]"], "predicted_tokens": ["[IN:UPDATE_ALARM", "IN:UPDATE_ALARM]"]}
{"loss": 2.1768434047698975, "class_log_probabilities": [-11.206131935119629, -12.955204963684082, -13.816762924194336, -14.572449684143066], "predictions": [49, 34, 397, 398, 399, 35, 36, 75, 6, 399, 7, 78, 4, 4, 4, 4, 4, 4, 4, 4], "target_tokens": ["[IN:CREATE_REMINDER", "[SL:PERSON_REMINDED", "@ptr2", "SL:PERSON_REMINDED]", "[SL:TODO", "@ptr3", "@ptr4", "@ptr5", "@ptr6", "SL:TODO]", "[SL:DATE_TIME", "@ptr7", "@ptr8", "@ptr9", "@ptr10", "@ptr11", "@ptr12", "@ptr13", "@ptr14", "SL:DATE_TIME]", "IN:CREATE_REMINDER]"], "predicted_tokens": ["[IN:CREATE_REMINDER", "[SL:PERSON_REMINDED", "@ptr2", "@ptr3", "@ptr4", "SL:PERSON_REMINDED]", "[SL:TODO", "[IN:CREATE_CALL", "[SL:CONTACT", "@ptr4", "SL:CONTACT]", "IN:CREATE_CALL]"]}
{"loss": 2.249122142791748, "class_log_probabilities": [-4.421670436859131, -4.824530601501465, -26.56207847595215, -27.287235260009766], "predictions": [49, 36, 143, 36, 399, 400, 401, 402, 37, 34, 404, 35, 50, 4, 4, 4, 4, 4, 4, 4, 4, 4, 4, 4, 4, 4, 4, 4, 4, 4, 4, 4, 4, 4, 4, 4, 4, 4, 4, 4, 4, 4, 4, 4, 4, 4, 4, 4, 4, 4, 4, 4, 4, 4, 4, 4, 4, 4, 4, 4, 4, 4, 4, 4, 4, 4, 4, 4, 4, 4, 4, 4, 4, 4, 4, 4, 4, 4, 4, 4, 4, 4, 4, 4, 4, 4, 4, 4, 4, 4, 4, 4, 4, 4, 4, 4, 4, 4, 4, 4], "target_tokens": ["[IN:CREATE_REMINDER", "[SL:PERSON_REMINDED", "@ptr1", "SL:PERSON_REMINDED]", "[SL:TODO", "@ptr4", "@ptr5", "@ptr6", "@ptr7", "@ptr8", "SL:TODO]", "[SL:DATE_TIME", "@ptr9", "@ptr10", "@ptr11", "SL:DATE_TIME]", "IN:CREATE_REMINDER]"], "predicted_tokens": ["[IN:CREATE_REMINDER", "[SL:TODO", "[IN:GET_TODO", "[SL:TODO", "@ptr4", "@ptr5", "@ptr6", "@ptr7", "SL:TODO]", "[SL:PERSON_REMINDED", "@ptr9", "SL:PERSON_REMINDED]", "IN:CREATE_REMINDER]"]}
{"loss": 1.3288298845291138, "class_log_probabilities": [-3.962470769882202, -4.9063239097595215, -5.119096279144287, -5.269137382507324], "predictions": [23, 24, 398, 399, 400, 401, 25, 26, 4, 4, 4], "target_tokens": ["[IN:CREATE_REMINDER", "[SL:PERSON_REMINDED", "@ptr1", "SL:PERSON_REMINDED]", "[SL:TODO", "@ptr3", "@ptr4", "@ptr5", "SL:TODO]", "IN:CREATE_REMINDER]"], "predicted_tokens": ["[IN:SEND_MESSAGE", "[SL:CONTENT_EXACT", "@ptr3", "@ptr4", "@ptr5", "@ptr6", "SL:CONTENT_EXACT]", "IN:SEND_MESSAGE]"]}
{"loss": 1.7295396327972412, "class_log_probabilities": [-2.5072598457336426, -3.0116782188415527, -4.126946449279785, -5.406285285949707], "predictions": [49, 34, 397, 35, 36, 398, 399, 37, 16, 401, 402, 403, 17, 50, 4, 4], "target_tokens": ["[IN:CREATE_REMINDER", "[SL:PERSON_REMINDED", "@ptr2", "SL:PERSON_REMINDED]", "[SL:TODO", "@ptr3", "@ptr4", "SL:TODO]", "[SL:DATE_TIME", "@ptr5", "@ptr6", "@ptr7", "SL:DATE_TIME]", "IN:CREATE_REMINDER]"], "predicted_tokens": ["[IN:CREATE_REMINDER", "[SL:PERSON_REMINDED", "@ptr2", "SL:PERSON_REMINDED]", "[SL:TODO", "@ptr3", "@ptr4", "SL:TODO]", "[SL:DATE_TIME", "@ptr6", "@ptr7", "@ptr8", "SL:DATE_TIME]", "IN:CREATE_REMINDER]"]}
{"loss": 2.7991206645965576, "class_log_probabilities": [-2.8212385177612305, -3.0348174571990967, -4.168392658233643, -4.925382614135742], "predictions": [49, 36, 397, 398, 399, 400, 401, 402, 403, 37, 34, 405, 35, 50, 4], "target_tokens": ["[IN:CREATE_REMINDER", "[SL:PERSON_REMINDED", "@ptr2", "SL:PERSON_REMINDED]", "[SL:TODO", "@ptr3", "@ptr4", "@ptr5", "@ptr6", "SL:TODO]", "IN:CREATE_REMINDER]"], "predicted_tokens": ["[IN:CREATE_REMINDER", "[SL:TODO", "@ptr2", "@ptr3", "@ptr4", "@ptr5", "@ptr6", "@ptr7", "@ptr8", "SL:TODO]", "[SL:PERSON_REMINDED", "@ptr10", "SL:PERSON_REMINDED]", "IN:CREATE_REMINDER]"]}
{"loss": 3.4576735496520996, "class_log_probabilities": [-2.68104887008667, -3.47886061668396, -3.542253255844116, -3.6437342166900635], "predictions": [45, 16, 402, 403, 17, 46, 4, 4, 4], "target_tokens": ["[IN:CREATE_REMINDER", "[SL:DATE_TIME", "@ptr5", "@ptr6", "@ptr7", "SL:DATE_TIME]", "IN:CREATE_REMINDER]"], "predicted_tokens": ["[IN:CREATE_ALARM", "[SL:DATE_TIME", "@ptr7", "@ptr8", "SL:DATE_TIME]", "IN:CREATE_ALARM]"]}
{"loss": 1.7630969285964966, "class_log_probabilities": [-3.6099414825439453, -3.620518445968628, -4.22504997253418, -4.977972984313965], "predictions": [49, 36, 397, 398, 399, 400, 401, 402, 403, 404, 405, 406, 37, 50, 4, 4, 4, 4], "target_tokens": ["[IN:CREATE_REMINDER", "[SL:PERSON_REMINDED", "@ptr2", "SL:PERSON_REMINDED]", "[SL:TODO", "@ptr3", "@ptr4", "@ptr5", "@ptr6", "@ptr7", "@ptr8", "@ptr9", "@ptr10", "SL:TODO]", "IN:CREATE_REMINDER]"], "predicted_tokens": ["[IN:CREATE_REMINDER", "[SL:TODO", "@ptr2", "@ptr3", "@ptr4", "@ptr5", "@ptr6", "@ptr7", "@ptr8", "@ptr9", "@ptr10", "@ptr11", "SL:TODO]", "IN:CREATE_REMINDER]"]}
{"loss": 2.5669381618499756, "class_log_probabilities": [-0.9426130056381226, -2.086927652359009, -4.02677059173584, -6.288637638092041], "predictions": [47, 16, 399, 17, 48, 4, 4, 4, 4], "target_tokens": ["[IN:GET_REMINDER", "[SL:AMOUNT", "@ptr3", "SL:AMOUNT]", "[SL:DATE_TIME", "@ptr4", "@ptr5", "@ptr6", "SL:DATE_TIME]", "IN:GET_REMINDER]"], "predicted_tokens": ["[IN:GET_REMINDER", "[SL:DATE_TIME", "@ptr4", "SL:DATE_TIME]", "IN:GET_REMINDER]"]}
{"loss": 2.0650100708007812, "class_log_probabilities": [-2.840169906616211, -3.264816999435425, -3.2706494331359863, -3.541917562484741], "predictions": [45, 16, 402, 403, 404, 405, 406, 407, 408, 410, 17, 46, 4], "target_tokens": ["[IN:CREATE_REMINDER", "[SL:DATE_TIME", "@ptr5", "@ptr6", "@ptr7", "@ptr8", "@ptr9", "@ptr10", "@ptr11", "@ptr12", "@ptr13", "@ptr14", "SL:DATE_TIME]", "IN:CREATE_REMINDER]"], "predicted_tokens": ["[IN:CREATE_ALARM", "[SL:DATE_TIME", "@ptr7", "@ptr8", "@ptr9", "@ptr10", "@ptr11", "@ptr12", "@ptr13", "@ptr15", "SL:DATE_TIME]", "IN:CREATE_ALARM]"]}
{"loss": 3.2912652492523193, "class_log_probabilities": [-1.8073629140853882, -2.8061952590942383, -2.961581230163574, -3.0857796669006348], "predictions": [45, 16, 400, 401, 402, 17, 46, 4, 4], "target_tokens": ["[IN:CREATE_REMINDER", "[SL:DATE_TIME", "@ptr4", "@ptr5", "@ptr6", "SL:DATE_TIME]", "IN:CREATE_REMINDER]"], "predicted_tokens": ["[IN:CREATE_ALARM", "[SL:DATE_TIME", "@ptr5", "@ptr6", "@ptr7", "SL:DATE_TIME]", "IN:CREATE_ALARM]"]}
{"loss": 2.1823277473449707, "class_log_probabilities": [-3.4586923122406006, -3.8309574127197266, -4.507695198059082, -9.452110290527344], "predictions": [49, 36, 397, 398, 399, 400, 37, 16, 402, 403, 17, 50, 4, 4, 4, 4, 4], "target_tokens": ["[IN:CREATE_REMINDER", "[SL:PERSON_REMINDED", "@ptr2", "SL:PERSON_REMINDED]", "[SL:TODO", "@ptr4", "@ptr5", "SL:TODO]", "[SL:DATE_TIME", "@ptr6", "@ptr7", "SL:DATE_TIME]", "IN:CREATE_REMINDER]"], "predicted_tokens": ["[IN:CREATE_REMINDER", "[SL:TODO", "@ptr2", "@ptr3", "@ptr4", "@ptr5", "SL:TODO]", "[SL:DATE_TIME", "@ptr7", "@ptr8", "SL:DATE_TIME]", "IN:CREATE_REMINDER]"]}
{"loss": 1.5309638977050781, "class_log_probabilities": [-3.212080717086792, -4.559577465057373, -4.6725640296936035, -9.011772155761719], "predictions": [49, 36, 143, 36, 397, 398, 399, 400, 401, 37, 16, 402, 403, 404, 405, 17, 50, 4, 4, 4, 4], "target_tokens": ["[IN:CREATE_REMINDER", "[SL:PERSON_REMINDED", "@ptr1", "SL:PERSON_REMINDED]", "[SL:TODO", "@ptr3", "@ptr4", "@ptr5", "SL:TODO]", "[SL:DATE_TIME", "@ptr7", "@ptr8", "@ptr9", "SL:DATE_TIME]", "IN:CREATE_REMINDER]"], "predicted_tokens": ["[IN:CREATE_REMINDER", "[SL:TODO", "[IN:GET_TODO", "[SL:TODO", "@ptr2", "@ptr3", "@ptr4", "@ptr5", "@ptr6", "SL:TODO]", "[SL:DATE_TIME", "@ptr7", "@ptr8", "@ptr9", "@ptr10", "SL:DATE_TIME]", "IN:CREATE_REMINDER]"]}
{"loss": 2.798720121383667, "class_log_probabilities": [-1.4382634162902832, -1.4600006341934204, -3.3930180072784424, -5.4744648933410645], "predictions": [33, 16, 400, 401, 402, 403, 17, 38, 4], "target_tokens": ["[IN:DELETE_REMINDER", "[SL:DATE_TIME", "@ptr4", "@ptr5", "@ptr6", "@ptr7", "SL:DATE_TIME]", "IN:DELETE_REMINDER]"], "predicted_tokens": ["[IN:DELETE_REMINDER", "[SL:DATE_TIME", "@ptr5", "@ptr6", "@ptr7", "@ptr8", "SL:DATE_TIME]", "IN:DELETE_REMINDER]"]}
{"loss": 3.2721073627471924, "class_log_probabilities": [-8.8854341506958, -9.465996742248535, -9.651275634765625, -12.013039588928223], "predictions": [49, 36, 143, 36, 400, 401, 402, 403, 404, 405, 406, 407, 37, 34, 428, 35, 50, 4, 4, 4, 4, 4], "target_tokens": ["[IN:UPDATE_REMINDER_DATE_TIME", "[SL:PERSON_REMINDED", "@ptr10", "@ptr11", "SL:PERSON_REMINDED]", "[SL:TODO", "@ptr6", "@ptr7", "@ptr8", "@ptr9", "SL:TODO]", "[SL:DATE_TIME", "@ptr13", "@ptr14", "@ptr15", "SL:DATE_TIME]", "[SL:DATE_TIME", "@ptr16", "@ptr17", "@ptr18", "SL:DATE_TIME]", "IN:UPDATE_REMINDER_DATE_TIME]"], "predicted_tokens": ["[IN:CREATE_REMINDER", "[SL:TODO", "[IN:GET_TODO", "[SL:TODO", "@ptr5", "@ptr6", "@ptr7", "@ptr8", "@ptr9", "@ptr10", "@ptr11", "@ptr12", "SL:TODO]", "[SL:PERSON_REMINDED", "@ptr33", "SL:PERSON_REMINDED]", "IN:CREATE_REMINDER]"]}
{"loss": 2.0305209159851074, "class_log_probabilities": [-2.0230507850646973, -5.728621959686279, -5.799577236175537, -6.984226703643799], "predictions": [27, 30, 4, 4, 4, 4], "target_tokens": ["[IN:CREATE_REMINDER", "[SL:PERSON_REMINDED", "@ptr1", "SL:PERSON_REMINDED]", "[SL:TODO", "@ptr3", "@ptr4", "SL:TODO]", "IN:CREATE_REMINDER]"], "predicted_tokens": ["[IN:GET_INFO_RECIPES", "IN:GET_INFO_RECIPES]"]}
{"loss": 2.3078200817108154, "class_log_probabilities": [-10.390911102294922, -11.186148643493652, -14.768555641174316, -103.62773895263672], "predictions": [111, 16, 402, 403, 404, 405, 407, 409, 17, 16, 407, 409, 411, 413, 17, 112, 4, 4, 4, 4, 4, 4, 4, 4, 4, 4, 4, 4, 4, 4, 4, 4, 4, 4, 4, 4, 4, 4, 4, 4, 4, 4, 4, 4, 4, 4, 4, 4, 4, 4, 4, 4, 4, 4, 4, 4, 4, 4, 4, 4, 4, 4, 4, 4, 4, 4, 4, 4, 4, 4, 4, 4, 4, 4, 4, 4, 4, 4, 4, 4, 4, 4, 4, 4, 4, 4, 4, 4, 4, 4, 4, 4, 4, 4, 4, 4, 4, 4, 4, 4], "target_tokens": ["[IN:UPDATE_REMINDER_DATE_TIME", "[SL:DATE_TIME", "@ptr5", "@ptr6", "@ptr7", "@ptr8", "@ptr9", "@ptr10", "@ptr11", "@ptr12", "@ptr13", "SL:DATE_TIME]", "[SL:DATE_TIME", "@ptr14", "@ptr15", "@ptr16", "@ptr17", "@ptr18", "@ptr19", "SL:DATE_TIME]", "IN:UPDATE_REMINDER_DATE_TIME]"], "predicted_tokens": ["[IN:UPDATE_REMINDER_DATE_TIME", "[SL:DATE_TIME", "@ptr7", "@ptr8", "@ptr9", "@ptr10", "@ptr12", "@ptr14", "SL:DATE_TIME]", "[SL:DATE_TIME", "@ptr12", "@ptr14", "@ptr16", "@ptr18", "SL:DATE_TIME]", "IN:UPDATE_REMINDER_DATE_TIME]"]}
{"loss": 5.501565933227539, "class_log_probabilities": [-7.953958511352539, -7.976196765899658, -8.670791625976562, -8.699663162231445], "predictions": [49, 36, 143, 16, 401, 402, 403, 404, 405, 406, 413, 17, 34, 411, 413, 35, 50, 4, 4, 4], "target_tokens": ["[IN:UPDATE_REMINDER_TODO", "[SL:DATE_TIME", "@ptr8", "@ptr9", "SL:DATE_TIME]", "[SL:TODO", "@ptr4", "@ptr5", "@ptr6", "SL:TODO]", "[SL:TODO", "@ptr13", "@ptr14", "@ptr15", "@ptr16", "SL:TODO]", "IN:UPDATE_REMINDER_TODO]"], "predicted_tokens": ["[IN:CREATE_REMINDER", "[SL:TODO", "[IN:GET_TODO", "[SL:DATE_TIME", "@ptr6", "@ptr7", "@ptr8", "@ptr9", "@ptr10", "@ptr11", "@ptr18", "SL:DATE_TIME]", "[SL:PERSON_REMINDED", "@ptr16", "@ptr18", "SL:PERSON_REMINDED]", "IN:CREATE_REMINDER]"]}
{"loss": 2.740880250930786, "class_log_probabilities": [-0.2772271931171417, -5.977095603942871, -6.37200403213501, -6.537716865539551], "predictions": [213, 214, 4], "target_tokens": ["[IN:CREATE_REMINDER", "[SL:PERSON_REMINDED", "@ptr2", "SL:PERSON_REMINDED]", "[SL:TODO", "@ptr3", "@ptr4", "SL:TODO]", "IN:CREATE_REMINDER]"], "predicted_tokens": ["[IN:SILENCE_ALARM", "IN:SILENCE_ALARM]"]}
{"loss": 2.507810592651367, "class_log_probabilities": [-3.7728514671325684, -4.635219573974609, -5.522562503814697, -7.257778644561768], "predictions": [49, 34, 397, 398, 399, 35, 36, 143, 16, 401, 402, 403, 404, 17, 50, 4, 4, 4, 4, 4, 4], "target_tokens": ["[IN:CREATE_REMINDER", "[SL:PERSON_REMINDED", "@ptr2", "@ptr3", "SL:PERSON_REMINDED]", "[SL:TODO", "[IN:GET_TODO", "[SL:TODO", "@ptr4", "SL:TODO]", "[SL:DATE_TIME", "@ptr5", "@ptr6", "@ptr7", "SL:DATE_TIME]", "IN:GET_TODO]", "SL:TODO]", "[SL:DATE_TIME", "@ptr15", "@ptr16", "@ptr17", "@ptr18", "SL:DATE_TIME]", "IN:CREATE_REMINDER]"], "predicted_tokens": ["[IN:CREATE_REMINDER", "[SL:PERSON_REMINDED", "@ptr2", "@ptr3", "@ptr4", "SL:PERSON_REMINDED]", "[SL:TODO", "[IN:GET_TODO", "[SL:DATE_TIME", "@ptr6", "@ptr7", "@ptr8", "@ptr9", "SL:DATE_TIME]", "IN:CREATE_REMINDER]"]}
{"loss": 2.6852352619171143, "class_log_probabilities": [-4.23715353012085, -4.412967681884766, -5.216701507568359, -5.246430397033691], "predictions": [33, 34, 400, 35, 36, 403, 404, 405, 406, 407, 408, 37, 38, 4, 4, 4, 4], "target_tokens": ["[IN:DELETE_REMINDER", "[SL:PERSON_REMINDED", "@ptr4", "@ptr5", "SL:PERSON_REMINDED]", "[SL:TODO", "@ptr7", "@ptr8", "@ptr9", "@ptr10", "SL:TODO]", "[SL:DATE_TIME", "@ptr11", "@ptr12", "@ptr13", "@ptr14", "SL:DATE_TIME]", "IN:DELETE_REMINDER]"], "predicted_tokens": ["[IN:DELETE_REMINDER", "[SL:PERSON_REMINDED", "@ptr5", "SL:PERSON_REMINDED]", "[SL:TODO", "@ptr8", "@ptr9", "@ptr10", "@ptr11", "@ptr12", "@ptr13", "SL:TODO]", "IN:DELETE_REMINDER]"]}
{"loss": 2.6952807903289795, "class_log_probabilities": [-1.6844120025634766, -2.980447769165039, -3.4682302474975586, -7.719018936157227], "predictions": [47, 16, 399, 400, 401, 402, 403, 17, 34, 405, 35, 48, 4, 4, 4, 4], "target_tokens": ["[IN:GET_REMINDER", "[SL:PERSON_REMINDED", "@ptr8", "@ptr9", "SL:PERSON_REMINDED]", "[SL:DATE_TIME", "@ptr3", "@ptr4", "@ptr5", "@ptr6", "@ptr7", "SL:DATE_TIME]", "IN:GET_REMINDER]"], "predicted_tokens": ["[IN:GET_REMINDER", "[SL:DATE_TIME", "@ptr4", "@ptr5", "@ptr6", "@ptr7", "@ptr8", "SL:DATE_TIME]", "[SL:PERSON_REMINDED", "@ptr10", "SL:PERSON_REMINDED]", "IN:GET_REMINDER]"]}
{"loss": 3.1842541694641113, "class_log_probabilities": [-4.839359760284424, -7.493648529052734, -80.18072509765625, -82.05307006835938], "predictions": [33, 36, 143, 16, 402, 403, 17, 38, 4, 4, 4, 4, 4, 4, 4, 4, 4, 4, 4, 4, 4, 4, 4, 4, 4, 4, 4, 4, 4, 4, 4, 4, 4, 4, 4, 4, 4, 4, 4, 4, 4, 4, 4, 4, 4, 4, 4, 4, 4, 4, 4, 4, 4, 4, 4, 4, 4, 4, 4, 4, 4, 4, 4, 4, 4, 4, 4, 4, 4, 4, 4, 4, 4, 4, 4, 4, 4, 4, 4, 4, 4, 4, 4, 4, 4, 4, 4, 4, 4, 4, 4, 4, 4, 4, 4, 4, 4, 4, 4, 4], "target_tokens": ["[IN:DELETE_REMINDER", "[SL:AMOUNT", "@ptr5", "SL:AMOUNT]", "[SL:TODO", "[IN:GET_TODO", "[SL:DATE_TIME", "@ptr9", "@ptr10", "@ptr11", "@ptr12", "@ptr13", "@ptr14", "@ptr15", "@ptr16", "SL:DATE_TIME]", "[SL:TODO", "@ptr7", "@ptr8", "SL:TODO]", "IN:GET_TODO]", "SL:TODO]", "[SL:DATE_TIME", "@ptr18", "@ptr19", "SL:DATE_TIME]", "IN:DELETE_REMINDER]"], "predicted_tokens": ["[IN:DELETE_REMINDER", "[SL:TODO", "[IN:GET_TODO", "[SL:DATE_TIME", "@ptr7", "@ptr8", "SL:DATE_TIME]", "IN:DELETE_REMINDER]"]}
{"loss": 2.1123995780944824, "class_log_probabilities": [-2.2080090045928955, -3.799311399459839, -5.625211715698242, -6.287112236022949], "predictions": [45, 249, 399, 400, 401, 402, 403, 250, 46, 4], "target_tokens": ["[IN:CREATE_REMINDER", "[SL:TODO", "@ptr4", "@ptr5", "@ptr6", "@ptr7", "SL:TODO]", "IN:CREATE_REMINDER]"], "predicted_tokens": ["[IN:CREATE_ALARM", "[SL:ALARM_NAME", "@ptr4", "@ptr5", "@ptr6", "@ptr7", "@ptr8", "SL:ALARM_NAME]", "IN:CREATE_ALARM]"]}
{"loss": 3.0676207542419434, "class_log_probabilities": [-51.13674545288086, -51.51112365722656, -51.5204963684082, -51.601890563964844], "predictions": [111, 36, 143, 36, 400, 401, 402, 403, 404, 37, 34, 406, 35, 16, 407, 35, 16, 408, 35, 16, 408, 35, 16, 408, 35, 16, 408, 35, 16, 408, 35, 16, 408, 35, 16, 408, 35, 16, 408, 35, 16, 408, 35, 16, 408, 35, 16, 408, 35, 16, 408, 35, 16, 407, 35, 16, 408, 35, 16, 408, 35, 16, 408, 35, 16, 408, 35, 16, 408, 35, 16, 408, 35, 16, 408, 35, 16, 408, 35, 16, 408, 35, 16, 408, 35, 16, 408, 35, 16, 408, 35, 16, 408, 35, 16, 408, 35, 16, 408, 35], "target_tokens": ["[IN:UPDATE_REMINDER_DATE_TIME", "[SL:PERSON_REMINDED", "@ptr8", "@ptr9", "SL:PERSON_REMINDED]", "[SL:TODO", "@ptr4", "@ptr5", "@ptr6", "@ptr7", "SL:TODO]", "[SL:DATE_TIME", "@ptr10", "@ptr11", "@ptr12", "@ptr13", "@ptr14", "SL:DATE_TIME]", "IN:UPDATE_REMINDER_DATE_TIME]"], "predicted_tokens": ["[IN:UPDATE_REMINDER_DATE_TIME", "[SL:TODO", "[IN:GET_TODO", "[SL:TODO", "@ptr5", "@ptr6", "@ptr7", "@ptr8", "@ptr9", "SL:TODO]", "[SL:PERSON_REMINDED", "@ptr11", "SL:PERSON_REMINDED]", "[SL:DATE_TIME", "@ptr12", "SL:PERSON_REMINDED]", "[SL:DATE_TIME", "@ptr13", "SL:PERSON_REMINDED]", "[SL:DATE_TIME", "@ptr13", "SL:PERSON_REMINDED]", "[SL:DATE_TIME", "@ptr13", "SL:PERSON_REMINDED]", "[SL:DATE_TIME", "@ptr13", "SL:PERSON_REMINDED]", "[SL:DATE_TIME", "@ptr13", "SL:PERSON_REMINDED]", "[SL:DATE_TIME", "@ptr13", "SL:PERSON_REMINDED]", "[SL:DATE_TIME", "@ptr13", "SL:PERSON_REMINDED]", "[SL:DATE_TIME", "@ptr13", "SL:PERSON_REMINDED]", "[SL:DATE_TIME", "@ptr13", "SL:PERSON_REMINDED]", "[SL:DATE_TIME", "@ptr13", "SL:PERSON_REMINDED]", "[SL:DATE_TIME", "@ptr13", "SL:PERSON_REMINDED]", "[SL:DATE_TIME", "@ptr13", "SL:PERSON_REMINDED]", "[SL:DATE_TIME", "@ptr12", "SL:PERSON_REMINDED]", "[SL:DATE_TIME", "@ptr13", "SL:PERSON_REMINDED]", "[SL:DATE_TIME", "@ptr13", "SL:PERSON_REMINDED]", "[SL:DATE_TIME", "@ptr13", "SL:PERSON_REMINDED]", "[SL:DATE_TIME", "@ptr13", "SL:PERSON_REMINDED]", "[SL:DATE_TIME", "@ptr13", "SL:PERSON_REMINDED]", "[SL:DATE_TIME", "@ptr13", "SL:PERSON_REMINDED]", "[SL:DATE_TIME", "@ptr13", "SL:PERSON_REMINDED]", "[SL:DATE_TIME", "@ptr13", "SL:PERSON_REMINDED]", "[SL:DATE_TIME", "@ptr13", "SL:PERSON_REMINDED]", "[SL:DATE_TIME", "@ptr13", "SL:PERSON_REMINDED]", "[SL:DATE_TIME", "@ptr13", "SL:PERSON_REMINDED]", "[SL:DATE_TIME", "@ptr13", "SL:PERSON_REMINDED]", "[SL:DATE_TIME", "@ptr13", "SL:PERSON_REMINDED]", "[SL:DATE_TIME", "@ptr13", "SL:PERSON_REMINDED]", "[SL:DATE_TIME", "@ptr13", "SL:PERSON_REMINDED]"]}
{"loss": 2.4785048961639404, "class_log_probabilities": [-2.3734917640686035, -2.800729990005493, -2.843550205230713, -3.291450262069702], "predictions": [47, 34, 399, 35, 16, 401, 402, 403, 404, 405, 406, 407, 408, 17, 48, 4], "target_tokens": ["[IN:GET_REMINDER", "[SL:PERSON_REMINDED", "@ptr3", "@ptr4", "SL:PERSON_REMINDED]", "[SL:DATE_TIME", "@ptr5", "@ptr6", "@ptr7", "@ptr8", "@ptr9", "@ptr10", "@ptr11", "SL:DATE_TIME]", "IN:GET_REMINDER]"], "predicted_tokens": ["[IN:GET_REMINDER", "[SL:PERSON_REMINDED", "@ptr4", "SL:PERSON_REMINDED]", "[SL:DATE_TIME", "@ptr6", "@ptr7", "@ptr8", "@ptr9", "@ptr10", "@ptr11", "@ptr12", "@ptr13", "SL:DATE_TIME]", "IN:GET_REMINDER]"]}
{"loss": 4.248631477355957, "class_log_probabilities": [-9.470978736877441, -9.672552108764648, -9.78176498413086, -10.576473236083984], "predictions": [49, 36, 143, 14, 401, 402, 403, 404, 15, 34, 407, 35, 16, 421, 17, 50, 4, 4, 4], "target_tokens": ["[IN:UPDATE_REMINDER_DATE_TIME", "[SL:PERSON_REMINDED", "@ptr7", "@ptr8", "SL:PERSON_REMINDED]", "[SL:DATE_TIME", "@ptr5", "@ptr6", "SL:DATE_TIME]", "[SL:TODO", "@ptr10", "@ptr11", "SL:TODO]", "[SL:DATE_TIME", "@ptr12", "@ptr13", "@ptr14", "SL:DATE_TIME]", "[SL:DATE_TIME", "@ptr17", "@ptr18", "@ptr19", "@ptr20", "@ptr21", "@ptr22", "SL:DATE_TIME]", "IN:UPDATE_REMINDER_DATE_TIME]"], "predicted_tokens": ["[IN:CREATE_REMINDER", "[SL:TODO", "[IN:GET_TODO", "[SL:LOCATION", "@ptr6", "@ptr7", "@ptr8", "@ptr9", "SL:LOCATION]", "[SL:PERSON_REMINDED", "@ptr12", "SL:PERSON_REMINDED]", "[SL:DATE_TIME", "@ptr26", "SL:DATE_TIME]", "IN:CREATE_REMINDER]"]}
{"loss": 3.094547986984253, "class_log_probabilities": [-7.1467108726501465, -31.32464027404785, -32.30086135864258, -32.31664276123047], "predictions": [111, 36, 400, 401, 402, 403, 37, 34, 405, 35, 16, 407, 35, 16, 407, 35, 16, 408, 17, 112, 4, 4, 4, 4, 4, 4, 4, 4, 4, 4, 4, 4, 4, 4, 4, 4, 4, 4, 4, 4, 4, 4, 4, 4, 4, 4, 4, 4, 4, 4, 4, 4, 4, 4, 4, 4, 4, 4, 4, 4, 4, 4, 4, 4, 4, 4, 4, 4, 4, 4, 4, 4, 4, 4, 4, 4, 4, 4, 4, 4, 4, 4, 4, 4, 4, 4, 4, 4, 4, 4, 4, 4, 4, 4, 4, 4, 4, 4, 4, 4], "target_tokens": ["[IN:UPDATE_REMINDER_DATE_TIME", "[SL:PERSON_REMINDED", "@ptr7", "@ptr8", "SL:PERSON_REMINDED]", "[SL:TODO", "@ptr4", "@ptr5", "@ptr6", "SL:TODO]", "[SL:DATE_TIME", "@ptr9", "@ptr10", "@ptr11", "SL:DATE_TIME]", "IN:UPDATE_REMINDER_DATE_TIME]"], "predicted_tokens": ["[IN:UPDATE_REMINDER_DATE_TIME", "[SL:TODO", "@ptr5", "@ptr6", "@ptr7", "@ptr8", "SL:TODO]", "[SL:PERSON_REMINDED", "@ptr10", "SL:PERSON_REMINDED]", "[SL:DATE_TIME", "@ptr12", "SL:PERSON_REMINDED]", "[SL:DATE_TIME", "@ptr12", "SL:PERSON_REMINDED]", "[SL:DATE_TIME", "@ptr13", "SL:DATE_TIME]", "IN:UPDATE_REMINDER_DATE_TIME]"]}
{"loss": 4.119543075561523, "class_log_probabilities": [-80.528076171875, -82.19221496582031, -82.31300354003906, -83.07813262939453], "predictions": [263, 34, 395, 35, 36, 143, 36, 143, 36, 143, 36, 143, 36, 143, 36, 143, 36, 143, 36, 143, 36, 143, 36, 143, 36, 143, 36, 143, 36, 143, 36, 143, 36, 143, 36, 143, 36, 143, 36, 143, 36, 143, 36, 143, 36, 143, 36, 143, 36, 143, 36, 143, 36, 143, 36, 143, 36, 143, 36, 143, 36, 143, 36, 143, 36, 143, 36, 143, 36, 143, 36, 143, 36, 143, 36, 143, 36, 143, 36, 143, 36, 143, 36, 143, 36, 143, 36, 143, 243, 402, 403, 15, 144, 37, 144, 37, 144, 37, 144, 37], "target_tokens": ["[IN:UPDATE_REMINDER", "[SL:PERSON_REMINDED", "@ptr9", "@ptr10", "SL:PERSON_REMINDED]", "[SL:DATE_TIME", "@ptr15", "@ptr16", "@ptr17", "SL:DATE_TIME]", "[SL:TODO", "@ptr12", "@ptr13", "@ptr14", "SL:TODO]", "[SL:LOCATION", "@ptr19", "SL:LOCATION]", "IN:UPDATE_REMINDER]"], "predicted_tokens": ["[IN:GET_REMINDER_LOCATION", "[SL:PERSON_REMINDED", "@ptr0", "SL:PERSON_REMINDED]", "[SL:TODO", "[IN:GET_TODO", "[SL:TODO", "[IN:GET_TODO", "[SL:TODO", "[IN:GET_TODO", "[SL:TODO", "[IN:GET_TODO", "[SL:TODO", "[IN:GET_TODO", "[SL:TODO", "[IN:GET_TODO", "[SL:TODO", "[IN:GET_TODO", "[SL:TODO", "[IN:GET_TODO", "[SL:TODO", "[IN:GET_TODO", "[SL:TODO", "[IN:GET_TODO", "[SL:TODO", "[IN:GET_TODO", "[SL:TODO", "[IN:GET_TODO", "[SL:TODO", "[IN:GET_TODO", "[SL:TODO", "[IN:GET_TODO", "[SL:TODO", "[IN:GET_TODO", "[SL:TODO", "[IN:GET_TODO", "[SL:TODO", "[IN:GET_TODO", "[SL:TODO", "[IN:GET_TODO", "[SL:TODO", "[IN:GET_TODO", "[SL:TODO", "[IN:GET_TODO", "[SL:TODO", "[IN:GET_TODO", "[SL:TODO", "[IN:GET_TODO", "[SL:TODO", "[IN:GET_TODO", "[SL:TODO", "[IN:GET_TODO", "[SL:TODO", "[IN:GET_TODO", "[SL:TODO", "[IN:GET_TODO", "[SL:TODO", "[IN:GET_TODO", "[SL:TODO", "[IN:GET_TODO", "[SL:TODO", "[IN:GET_TODO", "[SL:TODO", "[IN:GET_TODO", "[SL:TODO", "[IN:GET_TODO", "[SL:TODO", "[IN:GET_TODO", "[SL:TODO", "[IN:GET_TODO", "[SL:TODO", "[IN:GET_TODO", "[SL:TODO", "[IN:GET_TODO", "[SL:TODO", "[IN:GET_TODO", "[SL:TODO", "[IN:GET_TODO", "[SL:TODO", "[IN:GET_TODO", "[SL:TODO", "[IN:GET_TODO", "[SL:TODO", "[IN:GET_TODO", "[SL:TODO", "[IN:GET_TODO", "[SL:TODO", "[IN:GET_TODO", "[SL:ATTENDEE", "@ptr7", "@ptr8", "SL:LOCATION]", "IN:GET_TODO]", "SL:TODO]", "IN:GET_TODO]", "SL:TODO]", "IN:GET_TODO]", "SL:TODO]", "IN:GET_TODO]", "SL:TODO]"]}
{"loss": 4.09034538269043, "class_log_probabilities": [-1.148772954940796, -4.636628150939941, -7.609593391418457, -8.387487411499023], "predictions": [201, 83, 396, 84, 202, 4, 4, 4, 4], "target_tokens": ["[IN:UPDATE_REMINDER_TODO", "[SL:TODO", "@ptr1", "SL:TODO]", "[SL:TODO", "@ptr4", "@ptr5", "@ptr6", "@ptr7", "SL:TODO]", "IN:UPDATE_REMINDER_TODO]"], "predicted_tokens": ["[IN:PREFER", "[SL:CATEGORY_EVENT", "@ptr1", "SL:CATEGORY_EVENT]", "IN:PREFER]"]}
{"loss": 3.640021324157715, "class_log_probabilities": [-5.221741199493408, -43.92234420776367, -44.11222457885742, -44.92547607421875], "predictions": [89, 212, 4, 4, 4, 4, 4, 4, 4, 4, 4, 4, 4, 4, 4, 4, 4, 4, 4, 4, 4, 4, 4, 4, 4, 4, 4, 4, 4, 4, 4, 4, 4, 4, 4, 4, 4, 4, 4, 4, 4, 4, 4, 4, 4, 4, 4, 4, 4, 4, 4, 4, 4, 4, 4, 4, 4, 4, 4, 4, 4, 4, 4, 4, 4, 4, 4, 4, 4, 4, 4, 4, 4, 4, 4, 4, 4, 4, 4, 4, 4, 4, 4, 4, 4, 4, 4, 4, 4, 4, 4, 4, 4, 4, 4, 4, 4, 4, 4, 4], "target_tokens": ["[IN:UPDATE_REMINDER_DATE_TIME", "[SL:PERSON_REMINDED", "@ptr6", "@ptr7", "SL:PERSON_REMINDED]", "[SL:TODO", "@ptr1", "@ptr2", "@ptr3", "@ptr4", "@ptr5", "SL:TODO]", "[SL:DATE_TIME", "@ptr8", "@ptr9", "@ptr10", "@ptr11", "@ptr12", "@ptr13", "@ptr14", "@ptr15", "@ptr16", "SL:DATE_TIME]", "[SL:DATE_TIME", "@ptr17", "@ptr18", "@ptr19", "@ptr20", "@ptr21", "@ptr22", "@ptr23", "@ptr24", "@ptr25", "SL:DATE_TIME]", "IN:UPDATE_REMINDER_DATE_TIME]"], "predicted_tokens": ["[IN:CREATE_TIMER", "IN:GET_LOCATION]"]}
{"loss": 1.7880475521087646, "class_log_probabilities": [-3.295778512954712, -3.359306573867798, -4.029953956604004, -5.29456090927124], "predictions": [49, 34, 396, 35, 36, 399, 400, 401, 402, 37, 16, 405, 406, 407, 17, 50, 4, 4, 4, 4, 4, 4, 4], "target_tokens": ["[IN:CREATE_REMINDER", "[SL:PERSON_REMINDED", "@ptr1", "SL:PERSON_REMINDED]", "[SL:TODO", "@ptr5", "@ptr6", "@ptr7", "@ptr8", "SL:TODO]", "[SL:DATE_TIME", "@ptr10", "@ptr11", "SL:DATE_TIME]", "IN:CREATE_REMINDER]"], "predicted_tokens": ["[IN:CREATE_REMINDER", "[SL:PERSON_REMINDED", "@ptr1", "SL:PERSON_REMINDED]", "[SL:TODO", "@ptr4", "@ptr5", "@ptr6", "@ptr7", "SL:TODO]", "[SL:DATE_TIME", "@ptr10", "@ptr11", "@ptr12", "SL:DATE_TIME]", "IN:CREATE_REMINDER]"]}
{"loss": 1.6942288875579834, "class_log_probabilities": [-5.363357067108154, -5.580979824066162, -6.062225818634033, -6.960562705993652], "predictions": [23, 10, 397, 11, 24, 398, 399, 400, 401, 402, 403, 404, 405, 406, 407, 25, 26, 4, 4], "target_tokens": ["[IN:CREATE_REMINDER", "[SL:PERSON_REMINDED", "@ptr1", "SL:PERSON_REMINDED]", "[SL:TODO", "@ptr3", "@ptr4", "@ptr5", "@ptr6", "@ptr7", "@ptr8", "@ptr9", "@ptr10", "SL:TODO]", "IN:CREATE_REMINDER]"], "predicted_tokens": ["[IN:SEND_MESSAGE", "[SL:RECIPIENT", "@ptr2", "SL:RECIPIENT]", "[SL:CONTENT_EXACT", "@ptr3", "@ptr4", "@ptr5", "@ptr6", "@ptr7", "@ptr8", "@ptr9", "@ptr10", "@ptr11", "@ptr12", "SL:CONTENT_EXACT]", "IN:SEND_MESSAGE]"]}
{"loss": 2.776636838912964, "class_log_probabilities": [-3.5421524047851562, -5.349663257598877, -5.80087423324585, -7.839459419250488], "predictions": [23, 10, 397, 11, 212, 4, 4, 4, 4, 4, 4, 4, 4], "target_tokens": ["[IN:CREATE_REMINDER", "[SL:PERSON_REMINDED", "@ptr2", "SL:PERSON_REMINDED]", "[SL:TODO", "@ptr4", "@ptr5", "@ptr6", "@ptr7", "@ptr8", "@ptr9", "@ptr10", "@ptr11", "@ptr12", "SL:TODO]", "[SL:DATE_TIME", "@ptr14", "@ptr15", "@ptr16", "@ptr17", "@ptr18", "@ptr19", "@ptr20", "@ptr21", "@ptr22", "SL:DATE_TIME]", "IN:CREATE_REMINDER]"], "predicted_tokens": ["[IN:SEND_MESSAGE", "[SL:RECIPIENT", "@ptr2", "SL:RECIPIENT]", "IN:GET_LOCATION]"]}
{"loss": 1.8152568340301514, "class_log_probabilities": [-11.967435836791992, -12.030255317687988, -12.333284378051758, -12.50490951538086], "predictions": [49, 36, 143, 36, 399, 400, 37, 36, 400, 414, 402, 403, 37, 16, 407, 408, 410, 412, 413, 17, 50, 4], "target_tokens": ["[IN:CREATE_REMINDER", "[SL:PERSON_REMINDED", "@ptr1", "SL:PERSON_REMINDED]", "[SL:TODO", "@ptr4", "@ptr5", "@ptr6", "@ptr7", "@ptr8", "SL:TODO]", "[SL:DATE_TIME", "@ptr9", "@ptr10", "@ptr11", "@ptr12", "@ptr13", "@ptr14", "@ptr15", "@ptr16", "@ptr17", "@ptr18", "@ptr19", "SL:DATE_TIME]", "IN:CREATE_REMINDER]"], "predicted_tokens": ["[IN:CREATE_REMINDER", "[SL:TODO", "[IN:GET_TODO", "[SL:TODO", "@ptr4", "@ptr5", "SL:TODO]", "[SL:TODO", "@ptr5", "@ptr19", "@ptr7", "@ptr8", "SL:TODO]", "[SL:DATE_TIME", "@ptr12", "@ptr13", "@ptr15", "@ptr17", "@ptr18", "SL:DATE_TIME]", "IN:CREATE_REMINDER]"]}
{"loss": 2.4731662273406982, "class_log_probabilities": [-5.404520511627197, -5.4909868240356445, -6.940726280212402, -7.634607791900635], "predictions": [49, 36, 397, 398, 399, 400, 401, 402, 37, 34, 404, 35, 16, 405, 406, 407, 17, 50, 4, 4, 4, 4, 4], "target_tokens": ["[IN:CREATE_REMINDER", "[SL:PERSON_REMINDED", "@ptr2", "SL:PERSON_REMINDED]", "[SL:TODO", "@ptr3", "@ptr4", "@ptr5", "@ptr6", "@ptr7", "@ptr8", "SL:TODO]", "[SL:DATE_TIME", "@ptr9", "@ptr10", "@ptr11", "SL:DATE_TIME]", "IN:CREATE_REMINDER]"], "predicted_tokens": ["[IN:CREATE_REMINDER", "[SL:TODO", "@ptr2", "@ptr3", "@ptr4", "@ptr5", "@ptr6", "@ptr7", "SL:TODO]", "[SL:PERSON_REMINDED", "@ptr9", "SL:PERSON_REMINDED]", "[SL:DATE_TIME", "@ptr10", "@ptr11", "@ptr12", "SL:DATE_TIME]", "IN:CREATE_REMINDER]"]}
{"loss": 2.161621570587158, "class_log_probabilities": [-4.0644989013671875, -4.403527736663818, -4.470168590545654, -5.579152584075928], "predictions": [33, 36, 402, 403, 404, 405, 37, 16, 410, 17, 38, 4, 4, 4, 4], "target_tokens": ["[IN:DELETE_REMINDER", "[SL:TODO", "@ptr6", "@ptr7", "@ptr8", "@ptr9", "@ptr10", "@ptr11", "SL:TODO]", "[SL:DATE_TIME", "@ptr12", "@ptr13", "@ptr14", "SL:DATE_TIME]", "IN:DELETE_REMINDER]"], "predicted_tokens": ["[IN:DELETE_REMINDER", "[SL:TODO", "@ptr7", "@ptr8", "@ptr9", "@ptr10", "SL:TODO]", "[SL:DATE_TIME", "@ptr15", "SL:DATE_TIME]", "IN:DELETE_REMINDER]"]}
{"loss": 2.6233792304992676, "class_log_probabilities": [-3.8495144844055176, -3.9158058166503906, -4.267822742462158, -4.325719833374023], "predictions": [33, 36, 397, 398, 399, 37, 16, 405, 406, 407, 17, 38, 4, 4, 4, 4, 4, 4], "target_tokens": ["[IN:DELETE_REMINDER", "[SL:TODO", "@ptr6", "@ptr7", "SL:TODO]", "[SL:DATE_TIME", "@ptr8", "@ptr9", "@ptr10", "@ptr11", "SL:DATE_TIME]", "IN:DELETE_REMINDER]"], "predicted_tokens": ["[IN:DELETE_REMINDER", "[SL:TODO", "@ptr2", "@ptr3", "@ptr4", "SL:TODO]", "[SL:DATE_TIME", "@ptr10", "@ptr11", "@ptr12", "SL:DATE_TIME]", "IN:DELETE_REMINDER]"]}
{"loss": 1.8508838415145874, "class_log_probabilities": [-7.492223262786865, -7.606745719909668, -8.145329475402832, -8.790031433105469], "predictions": [49, 36, 75, 6, 400, 7, 78, 37, 16, 404, 405, 406, 407, 409, 17, 50, 4, 4, 4, 4, 4], "target_tokens": ["[IN:CREATE_REMINDER", "[SL:TODO", "[IN:CREATE_CALL", "[SL:CONTACT", "@ptr7", "@ptr8", "SL:CONTACT]", "IN:CREATE_CALL]", "SL:TODO]", "[SL:DATE_TIME", "@ptr9", "@ptr10", "@ptr11", "@ptr12", "@ptr13", "@ptr14", "SL:DATE_TIME]", "IN:CREATE_REMINDER]"], "predicted_tokens": ["[IN:CREATE_REMINDER", "[SL:TODO", "[IN:CREATE_CALL", "[SL:CONTACT", "@ptr5", "SL:CONTACT]", "IN:CREATE_CALL]", "SL:TODO]", "[SL:DATE_TIME", "@ptr9", "@ptr10", "@ptr11", "@ptr12", "@ptr14", "SL:DATE_TIME]", "IN:CREATE_REMINDER]"]}
{"loss": 1.6586681604385376, "class_log_probabilities": [-1.0939760208129883, -1.78225576877594, -3.8074934482574463, -4.4650373458862305], "predictions": [33, 36, 401, 402, 403, 404, 37, 38, 4, 4], "target_tokens": ["[IN:DELETE_REMINDER", "[SL:TODO", "@ptr6", "@ptr7", "@ptr8", "SL:TODO]", "IN:DELETE_REMINDER]"], "predicted_tokens": ["[IN:DELETE_REMINDER", "[SL:TODO", "@ptr6", "@ptr7", "@ptr8", "@ptr9", "SL:TODO]", "IN:DELETE_REMINDER]"]}
{"loss": 1.5624754428863525, "class_log_probabilities": [-4.348333835601807, -5.287999153137207, -5.291045188903809, -5.449613094329834], "predictions": [49, 36, 143, 36, 401, 402, 37, 16, 403, 404, 405, 406, 407, 17, 50, 4, 4], "target_tokens": ["[IN:CREATE_REMINDER", "[SL:TODO", "@ptr5", "@ptr6", "@ptr7", "SL:TODO]", "[SL:DATE_TIME", "@ptr8", "@ptr9", "@ptr10", "@ptr11", "@ptr12", "SL:DATE_TIME]", "IN:CREATE_REMINDER]"], "predicted_tokens": ["[IN:CREATE_REMINDER", "[SL:TODO", "[IN:GET_TODO", "[SL:TODO", "@ptr6", "@ptr7", "SL:TODO]", "[SL:DATE_TIME", "@ptr8", "@ptr9", "@ptr10", "@ptr11", "@ptr12", "SL:DATE_TIME]", "IN:CREATE_REMINDER]"]}
{"loss": 2.700451135635376, "class_log_probabilities": [-2.9771888256073, -5.082160949707031, -7.558718204498291, -10.79918098449707], "predictions": [23, 10, 402, 403, 404, 405, 406, 11, 26, 4, 4, 4, 4, 4, 4], "target_tokens": ["[IN:CREATE_REMINDER", "[SL:TODO", "[IN:GET_TODO", "[SL:TODO", "[IN:CREATE_CALL", "[SL:CONTACT", "@ptr7", "@ptr8", "@ptr9", "@ptr10", "@ptr11", "@ptr12", "@ptr13", "SL:CONTACT]", "IN:CREATE_CALL]", "SL:TODO]", "[SL:TODO", "@ptr15", "@ptr16", "@ptr17", "@ptr18", "@ptr19", "@ptr20", "@ptr21", "@ptr22", "@ptr23", "@ptr24", "@ptr25", "@ptr26", "SL:TODO]", "IN:GET_TODO]", "SL:TODO]", "IN:CREATE_REMINDER]"], "predicted_tokens": ["[IN:SEND_MESSAGE", "[SL:RECIPIENT", "@ptr7", "@ptr8", "@ptr9", "@ptr10", "@ptr11", "SL:RECIPIENT]", "IN:SEND_MESSAGE]"]}
{"loss": 2.8247780799865723, "class_log_probabilities": [-6.647825241088867, -7.5804266929626465, -12.092384338378906, -12.811335563659668], "predictions": [49, 36, 143, 36, 403, 404, 37, 16, 411, 17, 50, 4, 4, 4, 4, 4, 4, 4, 4, 4, 4, 4], "target_tokens": ["[IN:CREATE_REMINDER", "[SL:TODO", "@ptr7", "@ptr8", "@ptr9", "@ptr10", "@ptr11", "@ptr12", "@ptr13", "SL:TODO]", "[SL:DATE_TIME", "@ptr14", "@ptr15", "SL:DATE_TIME]", "IN:CREATE_REMINDER]"], "predicted_tokens": ["[IN:CREATE_REMINDER", "[SL:TODO", "[IN:GET_TODO", "[SL:TODO", "@ptr8", "@ptr9", "SL:TODO]", "[SL:DATE_TIME", "@ptr16", "SL:DATE_TIME]", "IN:CREATE_REMINDER]"]}
{"loss": 1.843005657196045, "class_log_probabilities": [-3.1318278312683105, -4.896681308746338, -4.995400428771973, -5.594759464263916], "predictions": [33, 34, 401, 35, 36, 403, 404, 405, 406, 407, 408, 37, 38, 4], "target_tokens": ["[IN:DELETE_REMINDER", "[SL:PERSON_REMINDED", "@ptr4", "@ptr5", "SL:PERSON_REMINDED]", "[SL:TODO", "[IN:CREATE_CALL", "[SL:CONTACT", "@ptr10", "@ptr11", "@ptr12", "@ptr13", "SL:CONTACT]", "IN:CREATE_CALL]", "SL:TODO]", "IN:DELETE_REMINDER]"], "predicted_tokens": ["[IN:DELETE_REMINDER", "[SL:PERSON_REMINDED", "@ptr6", "SL:PERSON_REMINDED]", "[SL:TODO", "@ptr8", "@ptr9", "@ptr10", "@ptr11", "@ptr12", "@ptr13", "SL:TODO]", "IN:DELETE_REMINDER]"]}
{"loss": 1.690023422241211, "class_log_probabilities": [-6.041199207305908, -6.41201114654541, -6.531984806060791, -7.890992164611816], "predictions": [23, 24, 397, 398, 399, 400, 401, 402, 403, 404, 25, 10, 70, 93, 405, 94, 71, 407, 72, 73, 11, 26, 4, 4, 4, 4], "target_tokens": ["[IN:CREATE_REMINDER", "[SL:PERSON_REMINDED", "@ptr2", "SL:PERSON_REMINDED]", "[SL:TODO", "@ptr3", "@ptr4", "@ptr5", "@ptr6", "@ptr7", "@ptr8", "@ptr9", "@ptr10", "@ptr11", "SL:TODO]", "IN:CREATE_REMINDER]"], "predicted_tokens": ["[IN:SEND_MESSAGE", "[SL:CONTENT_EXACT", "@ptr2", "@ptr3", "@ptr4", "@ptr5", "@ptr6", "@ptr7", "@ptr8", "@ptr9", "SL:CONTENT_EXACT]", "[SL:RECIPIENT", "[IN:GET_CONTACT", "[SL:CONTACT_RELATED", "@ptr10", "SL:CONTACT_RELATED]", "[SL:TYPE_RELATION", "@ptr12", "SL:TYPE_RELATION]", "IN:GET_CONTACT]", "SL:RECIPIENT]", "IN:SEND_MESSAGE]"]}
{"loss": 1.5686720609664917, "class_log_probabilities": [-0.7889233827590942, -2.457301616668701, -4.376600742340088, -5.069925785064697], "predictions": [209, 210, 4], "target_tokens": ["[IN:IGNORE_CALL", "IN:IGNORE_CALL]"], "predicted_tokens": ["[IN:GET_CALL_CONTACT", "IN:GET_CALL_CONTACT]"]}
{"loss": 1.848381757736206, "class_log_probabilities": [-1.1265183687210083, -2.888157606124878, -3.8555731773376465, -6.38491153717041], "predictions": [107, 108, 70, 71, 396, 397, 72, 73, 109, 110, 4, 4, 4, 4, 4], "target_tokens": ["[IN:UPDATE_CALL", "[SL:CONTACT_ADDED", "[IN:GET_CONTACT", "[SL:CONTACT_RELATED", "@ptr3", "@ptr4", "SL:CONTACT_RELATED]", "[SL:TYPE_RELATION", "@ptr1", "@ptr2", "SL:TYPE_RELATION]", "IN:GET_CONTACT]", "SL:CONTACT_ADDED]", "IN:UPDATE_CALL]"], "predicted_tokens": ["[IN:UPDATE_CALL", "[SL:CONTACT_ADDED", "[IN:GET_CONTACT", "[SL:TYPE_RELATION", "@ptr1", "@ptr2", "SL:TYPE_RELATION]", "IN:GET_CONTACT]", "SL:CONTACT_ADDED]", "IN:UPDATE_CALL]"]}
{"loss": 0.9910510182380676, "class_log_probabilities": [-0.17620179057121277, -5.929196834564209, -6.717393398284912, -7.114193916320801], "predictions": [209, 210, 4], "target_tokens": ["[IN:GET_CALL_CONTACT", "IN:GET_CALL_CONTACT]"], "predicted_tokens": ["[IN:GET_CALL_CONTACT", "IN:GET_CALL_CONTACT]"]}
{"loss": 1.0302692651748657, "class_log_probabilities": [-0.5420401692390442, -4.57141637802124, -4.964966773986816, -5.809695720672607], "predictions": [209, 210, 4, 4, 4, 4], "target_tokens": ["[IN:GET_CALL_CONTACT", "IN:GET_CALL_CONTACT]"], "predicted_tokens": ["[IN:GET_CALL_CONTACT", "IN:GET_CALL_CONTACT]"]}
{"loss": 3.2680091857910156, "class_log_probabilities": [-2.529730796813965, -2.9560112953186035, -3.492774248123169, -11.754013061523438], "predictions": [61, 14, 401, 15, 16, 403, 404, 405, 17, 62, 4, 4, 4, 4, 4, 4, 4, 4, 4, 4, 4], "target_tokens": ["[IN:GET_EVENT", "[SL:LOCATION", "@ptr4", "SL:LOCATION]", "[SL:DATE_TIME", "@ptr5", "@ptr6", "@ptr7", "SL:DATE_TIME]", "IN:GET_EVENT]"], "predicted_tokens": ["[IN:GET_EVENT", "[SL:LOCATION", "@ptr6", "SL:LOCATION]", "[SL:DATE_TIME", "@ptr8", "@ptr9", "@ptr10", "SL:DATE_TIME]", "IN:GET_EVENT]"]}
{"loss": 2.736363410949707, "class_log_probabilities": [-1.7636476755142212, -4.477967262268066, -8.973945617675781, -9.337623596191406], "predictions": [61, 16, 397, 398, 399, 400, 17, 14, 401, 15, 62, 4, 4, 4, 4, 4, 4, 4, 4, 4, 4], "target_tokens": ["[IN:GET_EVENT", "[SL:CATEGORY_EVENT", "@ptr0", "SL:CATEGORY_EVENT]", "[SL:DATE_TIME", "@ptr1", "@ptr2", "@ptr3", "@ptr4", "SL:DATE_TIME]", "[SL:LOCATION", "@ptr6", "@ptr7", "@ptr8", "@ptr9", "SL:LOCATION]", "IN:GET_EVENT]"], "predicted_tokens": ["[IN:GET_EVENT", "[SL:DATE_TIME", "@ptr2", "@ptr3", "@ptr4", "@ptr5", "SL:DATE_TIME]", "[SL:LOCATION", "@ptr6", "SL:LOCATION]", "IN:GET_EVENT]"]}
{"loss": 1.204190969467163, "class_log_probabilities": [-2.0313379764556885, -2.455925464630127, -3.7849655151367188, -4.242206573486328], "predictions": [61, 83, 395, 396, 397, 84, 16, 398, 399, 400, 401, 17, 14, 403, 15, 62, 4], "target_tokens": ["[IN:GET_EVENT", "[SL:CATEGORY_EVENT", "@ptr0", "@ptr1", "@ptr2", "SL:CATEGORY_EVENT]", "[SL:DATE_TIME", "@ptr3", "@ptr4", "@ptr5", "SL:DATE_TIME]", "[SL:LOCATION", "@ptr7", "SL:LOCATION]", "IN:GET_EVENT]"], "predicted_tokens": ["[IN:GET_EVENT", "[SL:CATEGORY_EVENT", "@ptr0", "@ptr1", "@ptr2", "SL:CATEGORY_EVENT]", "[SL:DATE_TIME", "@ptr3", "@ptr4", "@ptr5", "@ptr6", "SL:DATE_TIME]", "[SL:LOCATION", "@ptr8", "SL:LOCATION]", "IN:GET_EVENT]"]}
{"loss": 3.2376327514648438, "class_log_probabilities": [-1.2464754581451416, -3.54790997505188, -4.633909225463867, -5.2619476318359375], "predictions": [61, 14, 400, 401, 402, 15, 62, 4, 4], "target_tokens": ["[IN:GET_EVENT", "[SL:LOCATION", "@ptr4", "@ptr5", "SL:LOCATION]", "IN:GET_EVENT]"], "predicted_tokens": ["[IN:GET_EVENT", "[SL:LOCATION", "@ptr5", "@ptr6", "@ptr7", "SL:LOCATION]", "IN:GET_EVENT]"]}
{"loss": 1.810281753540039, "class_log_probabilities": [-0.9006847143173218, -3.2719686031341553, -3.2741098403930664, -5.274433612823486], "predictions": [61, 14, 400, 15, 16, 403, 17, 62, 4, 4, 4], "target_tokens": ["[IN:GET_EVENT", "[SL:LOCATION", "@ptr5", "SL:LOCATION]", "[SL:DATE_TIME", "@ptr6", "@ptr7", "SL:DATE_TIME]", "IN:GET_EVENT]"], "predicted_tokens": ["[IN:GET_EVENT", "[SL:LOCATION", "@ptr5", "SL:LOCATION]", "[SL:DATE_TIME", "@ptr8", "SL:DATE_TIME]", "IN:GET_EVENT]"]}
{"loss": 2.6488542556762695, "class_log_probabilities": [-3.9773454666137695, -5.0731611251831055, -5.479228973388672, -6.006247520446777], "predictions": [295, 14, 403, 404, 405, 406, 157, 296, 4, 4, 4], "target_tokens": ["[IN:GET_EVENT", "[SL:CATEGORY_EVENT", "@ptr0", "@ptr1", "@ptr2", "@ptr3", "@ptr4", "SL:CATEGORY_EVENT]", "[SL:LOCATION", "@ptr6", "@ptr7", "@ptr8", "@ptr9", "@ptr10", "SL:LOCATION]", "IN:GET_EVENT]"], "predicted_tokens": ["[IN:GET_DATE_TIME_EVENT", "[SL:LOCATION", "@ptr8", "@ptr9", "@ptr10", "@ptr11", "SL:TITLE_EVENT]", "IN:GET_DATE_TIME_EVENT]"]}
{"loss": 2.2504465579986572, "class_log_probabilities": [-2.8069825172424316, -3.255366802215576, -133.48414611816406, -133.73204040527344], "predictions": [61, 18, 4, 4, 4, 4, 4, 4, 4, 4, 4, 4, 4, 4, 4, 4, 4, 4, 4, 4, 4, 4, 4, 4, 4, 4, 4, 4, 4, 4, 4, 4, 4, 4, 4, 4, 4, 4, 4, 4, 4, 4, 4, 4, 4, 4, 4, 4, 4, 4, 4, 4, 4, 4, 4, 4, 4, 4, 4, 4, 4, 4, 4, 4, 4, 4, 4, 4, 4, 4, 4, 4, 4, 4, 4, 4, 4, 4, 4, 4, 4, 4, 4, 4, 4, 4, 4, 4, 4, 4, 4, 4, 4, 4, 4, 4, 4, 4, 4, 4], "target_tokens": ["[IN:GET_EVENT", "[SL:DATE_TIME", "@ptr10", "@ptr11", "SL:DATE_TIME]", "IN:GET_EVENT]"], "predicted_tokens": ["[IN:GET_EVENT", "IN:GET_WEATHER]"]}
{"loss": 2.068690299987793, "class_log_probabilities": [-2.7506983280181885, -4.190426349639893, -4.809651851654053, -5.175926685333252], "predictions": [61, 83, 396, 397, 84, 14, 399, 400, 401, 402, 15, 16, 403, 17, 62, 4, 4], "target_tokens": ["[IN:GET_EVENT", "[SL:CATEGORY_EVENT", "@ptr1", "@ptr2", "SL:CATEGORY_EVENT]", "[SL:LOCATION", "@ptr4", "@ptr5", "SL:LOCATION]", "[SL:DATE_TIME", "@ptr6", "@ptr7", "SL:DATE_TIME]", "IN:GET_EVENT]"], "predicted_tokens": ["[IN:GET_EVENT", "[SL:CATEGORY_EVENT", "@ptr1", "@ptr2", "SL:CATEGORY_EVENT]", "[SL:LOCATION", "@ptr4", "@ptr5", "@ptr6", "@ptr7", "SL:LOCATION]", "[SL:DATE_TIME", "@ptr8", "SL:DATE_TIME]", "IN:GET_EVENT]"]}
{"loss": 1.8610223531723022, "class_log_probabilities": [-1.3190462589263916, -2.8071095943450928, -3.4362027645111084, -3.9028141498565674], "predictions": [61, 83, 396, 84, 14, 399, 15, 16, 402, 403, 404, 405, 17, 62, 4, 4], "target_tokens": ["[IN:GET_EVENT", "[SL:CATEGORY_EVENT", "@ptr1", "SL:CATEGORY_EVENT]", "[SL:LOCATION", "@ptr4", "SL:LOCATION]", "[SL:DATE_TIME", "@ptr6", "@ptr7", "@ptr8", "SL:DATE_TIME]", "IN:GET_EVENT]"], "predicted_tokens": ["[IN:GET_EVENT", "[SL:CATEGORY_EVENT", "@ptr1", "SL:CATEGORY_EVENT]", "[SL:LOCATION", "@ptr4", "SL:LOCATION]", "[SL:DATE_TIME", "@ptr7", "@ptr8", "@ptr9", "@ptr10", "SL:DATE_TIME]", "IN:GET_EVENT]"]}
{"loss": 2.374718427658081, "class_log_probabilities": [-1.520930528640747, -2.8892769813537598, -3.3121535778045654, -4.291591644287109], "predictions": [61, 14, 400, 401, 402, 403, 15, 16, 404, 405, 17, 62, 4, 4], "target_tokens": ["[IN:GET_EVENT", "[SL:LOCATION", "@ptr5", "@ptr6", "@ptr7", "SL:LOCATION]", "[SL:DATE_TIME", "@ptr8", "@ptr9", "SL:DATE_TIME]", "IN:GET_EVENT]"], "predicted_tokens": ["[IN:GET_EVENT", "[SL:LOCATION", "@ptr5", "@ptr6", "@ptr7", "@ptr8", "SL:LOCATION]", "[SL:DATE_TIME", "@ptr9", "@ptr10", "SL:DATE_TIME]", "IN:GET_EVENT]"]}
{"loss": 3.619856595993042, "class_log_probabilities": [-1.4810473918914795, -4.509984016418457, -5.022832870483398, -5.2866363525390625], "predictions": [61, 14, 400, 401, 402, 403, 404, 15, 16, 405, 17, 62, 4], "target_tokens": ["[IN:GET_EVENT", "[SL:LOCATION", "@ptr4", "@ptr5", "@ptr6", "SL:LOCATION]", "[SL:DATE_TIME", "@ptr7", "@ptr8", "SL:DATE_TIME]", "IN:GET_EVENT]"], "predicted_tokens": ["[IN:GET_EVENT", "[SL:LOCATION", "@ptr5", "@ptr6", "@ptr7", "@ptr8", "@ptr9", "SL:LOCATION]", "[SL:DATE_TIME", "@ptr10", "SL:DATE_TIME]", "IN:GET_EVENT]"]}
{"loss": 1.8423396348953247, "class_log_probabilities": [-5.415445804595947, -6.030229091644287, -6.222843170166016, -6.665797233581543], "predictions": [61, 14, 399, 400, 401, 15, 16, 404, 405, 406, 407, 17, 62, 4, 4], "target_tokens": ["[IN:GET_EVENT", "[SL:DATE_TIME", "@ptr9", "@ptr10", "SL:DATE_TIME]", "IN:GET_EVENT]"], "predicted_tokens": ["[IN:GET_EVENT", "[SL:LOCATION", "@ptr4", "@ptr5", "@ptr6", "SL:LOCATION]", "[SL:DATE_TIME", "@ptr9", "@ptr10", "@ptr11", "@ptr12", "SL:DATE_TIME]", "IN:GET_EVENT]"]}
{"loss": 3.6469359397888184, "class_log_probabilities": [-3.6087515354156494, -3.6587164402008057, -5.142992973327637, -5.232499599456787], "predictions": [45, 16, 400, 401, 402, 17, 46, 4], "target_tokens": ["[IN:GET_EVENT", "[SL:DATE_TIME", "@ptr4", "@ptr5", "@ptr6", "SL:DATE_TIME]", "IN:GET_EVENT]"], "predicted_tokens": ["[IN:CREATE_ALARM", "[SL:DATE_TIME", "@ptr5", "@ptr6", "@ptr7", "SL:DATE_TIME]", "IN:CREATE_ALARM]"]}
{"loss": 0.9787869453430176, "class_log_probabilities": [-0.341264009475708, -6.630025386810303, -6.976097106933594, -6.988474369049072], "predictions": [61, 83, 398, 84, 62, 4, 4], "target_tokens": ["[IN:GET_EVENT", "[SL:CATEGORY_EVENT", "@ptr3", "SL:CATEGORY_EVENT]", "IN:GET_EVENT]"], "predicted_tokens": ["[IN:GET_EVENT", "[SL:CATEGORY_EVENT", "@ptr3", "SL:CATEGORY_EVENT]", "IN:GET_EVENT]"]}
{"loss": 0.9990085959434509, "class_log_probabilities": [-0.43165022134780884, -6.3911452293396, -6.786436557769775, -6.892771244049072], "predictions": [63, 223, 396, 224, 103, 398, 104, 68, 4], "target_tokens": ["[IN:PLAY_MUSIC", "[SL:MUSIC_RADIO_ID", "@ptr1", "SL:MUSIC_RADIO_ID]", "[SL:MUSIC_PROVIDER_NAME", "@ptr3", "SL:MUSIC_PROVIDER_NAME]", "IN:PLAY_MUSIC]"], "predicted_tokens": ["[IN:PLAY_MUSIC", "[SL:MUSIC_RADIO_ID", "@ptr1", "SL:MUSIC_RADIO_ID]", "[SL:MUSIC_PROVIDER_NAME", "@ptr3", "SL:MUSIC_PROVIDER_NAME]", "IN:PLAY_MUSIC]"]}
{"loss": 2.1617677211761475, "class_log_probabilities": [-2.1757633686065674, -2.573428153991699, -3.955345392227173, -5.589838981628418], "predictions": [97, 6, 412, 7, 98, 402, 99, 100, 4, 4, 4, 4, 4, 4, 4], "target_tokens": ["[IN:GET_LIFE_EVENT", "[SL:CONTACT", "@ptr0", "@ptr1", "@ptr2", "@ptr3", "@ptr4", "SL:CONTACT]", "[SL:LIFE_EVENT", "@ptr5", "@ptr6", "SL:LIFE_EVENT]", "IN:GET_LIFE_EVENT]"], "predicted_tokens": ["[IN:GET_LIFE_EVENT", "[SL:CONTACT", "@ptr17", "SL:CONTACT]", "[SL:LIFE_EVENT", "@ptr7", "SL:LIFE_EVENT]", "IN:GET_LIFE_EVENT]"]}
{"loss": 0.971219539642334, "class_log_probabilities": [-0.3987749516963959, -7.254954814910889, -7.272251129150391, -7.670158386230469], "predictions": [105, 6, 397, 398, 7, 106, 4, 4], "target_tokens": ["[IN:GET_INFO_CONTACT", "[SL:CONTACT", "@ptr2", "@ptr3", "SL:CONTACT]", "IN:GET_INFO_CONTACT]"], "predicted_tokens": ["[IN:GET_INFO_CONTACT", "[SL:CONTACT", "@ptr2", "@ptr3", "SL:CONTACT]", "IN:GET_INFO_CONTACT]"]}
{"loss": 2.9784789085388184, "class_log_probabilities": [-2.979649305343628, -4.013535499572754, -6.1276750564575195, -6.225311279296875], "predictions": [105, 6, 402, 403, 404, 7, 106, 4], "target_tokens": ["[IN:GET_INFO_CONTACT", "[SL:CONTACT", "@ptr6", "@ptr7", "@ptr8", "SL:CONTACT]", "IN:GET_INFO_CONTACT]"], "predicted_tokens": ["[IN:GET_INFO_CONTACT", "[SL:CONTACT", "@ptr7", "@ptr8", "@ptr9", "SL:CONTACT]", "IN:GET_INFO_CONTACT]"]}
{"loss": 0.9798883199691772, "class_log_probabilities": [-0.46939778327941895, -6.69749116897583, -6.973915100097656, -9.11164379119873], "predictions": [193, 6, 395, 396, 397, 7, 196, 4, 4, 4, 4], "target_tokens": ["[IN:GET_EMPLOYMENT_TIME", "[SL:CONTACT", "@ptr0", "@ptr1", "@ptr2", "SL:CONTACT]", "IN:GET_EMPLOYMENT_TIME]"], "predicted_tokens": ["[IN:GET_EMPLOYMENT_TIME", "[SL:CONTACT", "@ptr0", "@ptr1", "@ptr2", "SL:CONTACT]", "IN:GET_EMPLOYMENT_TIME]"]}
{"loss": 0.9702944755554199, "class_log_probabilities": [-0.7380200624465942, -3.4408442974090576, -4.520346164703369, -4.729907035827637], "predictions": [137, 6, 395, 396, 397, 7, 140, 4], "target_tokens": ["[IN:GET_EMPLOYER", "[SL:CONTACT", "@ptr0", "@ptr1", "@ptr2", "SL:CONTACT]", "IN:GET_EMPLOYER]"], "predicted_tokens": ["[IN:GET_EMPLOYER", "[SL:CONTACT", "@ptr0", "@ptr1", "@ptr2", "SL:CONTACT]", "IN:GET_EMPLOYER]"]}
{"loss": 1.1282976865768433, "class_log_probabilities": [-2.1132092475891113, -2.7925353050231934, -7.550209999084473, -7.6097917556762695], "predictions": [137, 6, 395, 396, 7, 140, 4, 4, 4, 4], "target_tokens": ["[IN:GET_EMPLOYER", "[SL:CONTACT", "@ptr0", "@ptr1", "SL:CONTACT]", "IN:GET_EMPLOYER]"], "predicted_tokens": ["[IN:GET_EMPLOYER", "[SL:CONTACT", "@ptr0", "@ptr1", "SL:CONTACT]", "IN:GET_EMPLOYER]"]}
{"loss": 0.9747633337974548, "class_log_probabilities": [-0.3216094374656677, -7.614048957824707, -7.861351013183594, -8.814876556396484], "predictions": [137, 6, 395, 7, 140, 4, 4], "target_tokens": ["[IN:GET_EMPLOYER", "[SL:CONTACT", "@ptr0", "SL:CONTACT]", "IN:GET_EMPLOYER]"], "predicted_tokens": ["[IN:GET_EMPLOYER", "[SL:CONTACT", "@ptr0", "SL:CONTACT]", "IN:GET_EMPLOYER]"]}
{"loss": 1.086897611618042, "class_log_probabilities": [-1.1454249620437622, -1.655551552772522, -2.8708555698394775, -3.4266767501831055], "predictions": [137, 6, 406, 7, 140, 4, 4, 4], "target_tokens": ["[IN:GET_EMPLOYER", "[SL:CONTACT", "@ptr0", "@ptr1", "@ptr2", "SL:CONTACT]", "IN:GET_EMPLOYER]"], "predicted_tokens": ["[IN:GET_EMPLOYER", "[SL:CONTACT", "@ptr11", "SL:CONTACT]", "IN:GET_EMPLOYER]"]}
{"loss": 1.2922327518463135, "class_log_probabilities": [-0.7380650639533997, -3.26436710357666, -4.378100395202637, -5.000723838806152], "predictions": [211, 6, 397, 398, 7, 212, 4, 4], "target_tokens": ["[IN:GET_EMPLOYER", "[SL:CONTACT", "@ptr2", "@ptr3", "SL:CONTACT]", "IN:GET_EMPLOYER]"], "predicted_tokens": ["[IN:GET_LOCATION", "[SL:CONTACT", "@ptr2", "@ptr3", "SL:CONTACT]", "IN:GET_LOCATION]"]}
{"loss": 0.975523829460144, "class_log_probabilities": [-0.4776992201805115, -6.740257740020752, -7.312230110168457, -15.738821029663086], "predictions": [125, 6, 395, 396, 397, 7, 126, 4, 4, 4, 4, 4], "target_tokens": ["[IN:GET_AGE", "[SL:CONTACT", "@ptr0", "@ptr1", "@ptr2", "SL:CONTACT]", "IN:GET_AGE]"], "predicted_tokens": ["[IN:GET_AGE", "[SL:CONTACT", "@ptr0", "@ptr1", "@ptr2", "SL:CONTACT]", "IN:GET_AGE]"]}
{"loss": 1.6536916494369507, "class_log_probabilities": [-0.605648934841156, -3.5673677921295166, -6.930819034576416, -6.936577320098877], "predictions": [211, 6, 395, 396, 7, 14, 403, 15, 212, 4, 4], "target_tokens": ["[IN:GET_LOCATION", "[SL:CONTACT", "@ptr0", "@ptr1", "SL:CONTACT]", "[SL:LOCATION", "@ptr7", "SL:LOCATION]", "IN:GET_LOCATION]"], "predicted_tokens": ["[IN:GET_LOCATION", "[SL:CONTACT", "@ptr0", "@ptr1", "SL:CONTACT]", "[SL:LOCATION", "@ptr8", "SL:LOCATION]", "IN:GET_LOCATION]"]}
{"loss": 0.9669923782348633, "class_log_probabilities": [-0.3324877619743347, -7.8320841789245605, -8.02324390411377, -8.042343139648438], "predictions": [211, 6, 395, 7, 212, 4], "target_tokens": ["[IN:GET_LOCATION", "[SL:CONTACT", "@ptr0", "SL:CONTACT]", "IN:GET_LOCATION]"], "predicted_tokens": ["[IN:GET_LOCATION", "[SL:CONTACT", "@ptr0", "SL:CONTACT]", "IN:GET_LOCATION]"]}
{"loss": 3.5662994384765625, "class_log_probabilities": [-2.8037519454956055, -3.031917095184326, -6.07889461517334, -6.706064224243164], "predictions": [70, 138, 404, 405, 406, 407, 139, 73, 4, 4, 4], "target_tokens": ["[IN:GET_CONTACT", "[SL:EMPLOYER", "@ptr7", "@ptr8", "@ptr9", "@ptr10", "SL:EMPLOYER]", "IN:GET_CONTACT]"], "predicted_tokens": ["[IN:GET_CONTACT", "[SL:EMPLOYER", "@ptr9", "@ptr10", "@ptr11", "@ptr12", "SL:EMPLOYER]", "IN:GET_CONTACT]"]}
{"loss": 1.8497581481933594, "class_log_probabilities": [-0.8744910359382629, -2.1056885719299316, -4.02245569229126, -6.9422736167907715], "predictions": [70, 138, 399, 400, 401, 402, 139, 73, 4], "target_tokens": ["[IN:GET_CONTACT", "[SL:EMPLOYER", "@ptr4", "@ptr5", "@ptr6", "SL:EMPLOYER]", "IN:GET_CONTACT]"], "predicted_tokens": ["[IN:GET_CONTACT", "[SL:EMPLOYER", "@ptr4", "@ptr5", "@ptr6", "@ptr7", "SL:EMPLOYER]", "IN:GET_CONTACT]"]}
{"loss": 1.336264729499817, "class_log_probabilities": [-2.640416145324707, -3.137572765350342, -3.6421773433685303, -3.7097787857055664], "predictions": [70, 138, 399, 400, 139, 14, 402, 15, 73, 4, 4], "target_tokens": ["[IN:GET_CONTACT", "[SL:EMPLOYER", "@ptr4", "@ptr5", "SL:EMPLOYER]", "IN:GET_CONTACT]"], "predicted_tokens": ["[IN:GET_CONTACT", "[SL:EMPLOYER", "@ptr4", "@ptr5", "SL:EMPLOYER]", "[SL:LOCATION", "@ptr7", "SL:LOCATION]", "IN:GET_CONTACT]"]}
{"loss": 1.8768609762191772, "class_log_probabilities": [-2.4504754543304443, -3.7356793880462646, -4.28938102722168, -4.610411643981934], "predictions": [70, 138, 399, 400, 401, 402, 403, 404, 405, 139, 73, 4], "target_tokens": ["[IN:GET_CONTACT", "[SL:EMPLOYER", "@ptr4", "@ptr5", "SL:EMPLOYER]", "IN:GET_CONTACT]"], "predicted_tokens": ["[IN:GET_CONTACT", "[SL:EMPLOYER", "@ptr4", "@ptr5", "@ptr6", "@ptr7", "@ptr8", "@ptr9", "@ptr10", "SL:EMPLOYER]", "IN:GET_CONTACT]"]}
{"loss": 3.038017988204956, "class_log_probabilities": [-2.0822086334228516, -2.1886754035949707, -3.511451244354248, -3.782951831817627], "predictions": [70, 138, 403, 405, 139, 73, 4, 4], "target_tokens": ["[IN:GET_CONTACT", "[SL:EMPLOYER", "@ptr7", "@ptr8", "SL:EMPLOYER]", "IN:GET_CONTACT]"], "predicted_tokens": ["[IN:GET_CONTACT", "[SL:EMPLOYER", "@ptr8", "@ptr10", "SL:EMPLOYER]", "IN:GET_CONTACT]"]}
{"loss": 2.865471839904785, "class_log_probabilities": [-2.796463966369629, -3.327709674835205, -3.5829429626464844, -3.9829092025756836], "predictions": [70, 138, 402, 403, 404, 405, 139, 73, 4, 4], "target_tokens": ["[IN:GET_CONTACT", "[SL:EMPLOYER", "@ptr6", "@ptr7", "@ptr8", "@ptr9", "SL:EMPLOYER]", "IN:GET_CONTACT]"], "predicted_tokens": ["[IN:GET_CONTACT", "[SL:EMPLOYER", "@ptr7", "@ptr8", "@ptr9", "@ptr10", "SL:EMPLOYER]", "IN:GET_CONTACT]"]}
{"loss": 3.271078586578369, "class_log_probabilities": [-3.083951473236084, -3.0890631675720215, -5.653680801391602, -6.4846906661987305], "predictions": [70, 138, 405, 406, 407, 139, 73, 4, 4, 4], "target_tokens": ["[IN:GET_CONTACT", "[SL:EMPLOYER", "@ptr8", "@ptr9", "@ptr10", "SL:EMPLOYER]", "IN:GET_CONTACT]"], "predicted_tokens": ["[IN:GET_CONTACT", "[SL:EMPLOYER", "@ptr10", "@ptr11", "@ptr12", "SL:EMPLOYER]", "IN:GET_CONTACT]"]}
{"loss": 3.5647788047790527, "class_log_probabilities": [-1.7361931800842285, -7.658621311187744, -8.99552059173584, -12.738920211791992], "predictions": [70, 93, 395, 94, 73, 4, 4, 4, 4, 4, 4, 4, 4], "target_tokens": ["[IN:GET_CONTACT", "[SL:CONTACT_RELATED", "@ptr0", "SL:CONTACT_RELATED]", "[SL:SCHOOL", "@ptr13", "@ptr14", "@ptr15", "@ptr16", "@ptr17", "@ptr18", "@ptr19", "@ptr20", "SL:SCHOOL]", "IN:GET_CONTACT]"], "predicted_tokens": ["[IN:GET_CONTACT", "[SL:CONTACT_RELATED", "@ptr0", "SL:CONTACT_RELATED]", "IN:GET_CONTACT]"]}
{"loss": 3.43414568901062, "class_log_probabilities": [-4.243941783905029, -5.922077178955078, -8.034406661987305, -11.553726196289062], "predictions": [70, 257, 414, 73, 4, 4, 4, 4, 4, 4, 4, 4, 4], "target_tokens": ["[IN:GET_CONTACT", "[SL:SCHOOL", "@ptr8", "@ptr9", "SL:SCHOOL]", "[SL:DATE_TIME", "@ptr12", "SL:DATE_TIME]", "IN:GET_CONTACT]"], "predicted_tokens": ["[IN:GET_CONTACT", "[SL:SCHOOL", "@ptr19", "IN:GET_CONTACT]"]}
{"loss": 1.9070390462875366, "class_log_probabilities": [-1.7116835117340088, -3.42036771774292, -4.663438320159912, -4.89854097366333], "predictions": [70, 93, 395, 94, 6, 400, 401, 402, 7, 73, 4], "target_tokens": ["[IN:GET_CONTACT", "[SL:CONTACT_RELATED", "@ptr0", "SL:CONTACT_RELATED]", "[SL:SCHOOL", "@ptr5", "@ptr6", "SL:SCHOOL]", "IN:GET_CONTACT]"], "predicted_tokens": ["[IN:GET_CONTACT", "[SL:CONTACT_RELATED", "@ptr0", "SL:CONTACT_RELATED]", "[SL:CONTACT", "@ptr5", "@ptr6", "@ptr7", "SL:CONTACT]", "IN:GET_CONTACT]"]}
{"loss": 1.8032557964324951, "class_log_probabilities": [-3.5300004482269287, -4.8394341468811035, -5.5940141677856445, -5.890564441680908], "predictions": [70, 93, 395, 94, 257, 401, 402, 403, 258, 73, 4, 4], "target_tokens": ["[IN:GET_CONTACT", "[SL:CONTACT_RELATED", "@ptr0", "SL:CONTACT_RELATED]", "[SL:SCHOOL", "@ptr5", "@ptr6", "@ptr7", "SL:SCHOOL]", "IN:GET_CONTACT]"], "predicted_tokens": ["[IN:GET_CONTACT", "[SL:CONTACT_RELATED", "@ptr0", "SL:CONTACT_RELATED]", "[SL:SCHOOL", "@ptr6", "@ptr7", "@ptr8", "SL:SCHOOL]", "IN:GET_CONTACT]"]}
{"loss": 2.0299978256225586, "class_log_probabilities": [-1.3943144083023071, -2.431894063949585, -2.7904045581817627, -3.402297258377075], "predictions": [70, 71, 395, 72, 14, 403, 15, 73, 4, 4], "target_tokens": ["[IN:GET_CONTACT", "[SL:TYPE_RELATION", "@ptr0", "SL:TYPE_RELATION]", "[SL:LOCATION", "@ptr7", "SL:LOCATION]", "IN:GET_CONTACT]"], "predicted_tokens": ["[IN:GET_CONTACT", "[SL:TYPE_RELATION", "@ptr0", "SL:TYPE_RELATION]", "[SL:LOCATION", "@ptr8", "SL:LOCATION]", "IN:GET_CONTACT]"]}
{"loss": 0.9639334082603455, "class_log_probabilities": [-0.6100496053695679, -4.543895244598389, -6.525981903076172, -6.6032023429870605], "predictions": [70, 14, 398, 399, 400, 401, 15, 73, 4, 4], "target_tokens": ["[IN:GET_CONTACT", "[SL:LOCATION", "@ptr3", "@ptr4", "@ptr5", "@ptr6", "SL:LOCATION]", "IN:GET_CONTACT]"], "predicted_tokens": ["[IN:GET_CONTACT", "[SL:LOCATION", "@ptr3", "@ptr4", "@ptr5", "@ptr6", "SL:LOCATION]", "IN:GET_CONTACT]"]}
{"loss": 1.067119836807251, "class_log_probabilities": [-2.423198699951172, -2.4947988986968994, -2.515195846557617, -3.458357095718384], "predictions": [70, 93, 395, 94, 71, 397, 72, 6, 399, 400, 401, 15, 73, 4], "target_tokens": ["[IN:GET_CONTACT", "[SL:CONTACT_RELATED", "@ptr0", "SL:CONTACT_RELATED]", "[SL:TYPE_RELATION", "@ptr2", "SL:TYPE_RELATION]", "[SL:LOCATION", "@ptr4", "@ptr5", "@ptr6", "SL:LOCATION]", "IN:GET_CONTACT]"], "predicted_tokens": ["[IN:GET_CONTACT", "[SL:CONTACT_RELATED", "@ptr0", "SL:CONTACT_RELATED]", "[SL:TYPE_RELATION", "@ptr2", "SL:TYPE_RELATION]", "[SL:CONTACT", "@ptr4", "@ptr5", "@ptr6", "SL:LOCATION]", "IN:GET_CONTACT]"]}
{"loss": 3.251704454421997, "class_log_probabilities": [-2.5592570304870605, -2.8121159076690674, -3.081608533859253, -3.470881462097168], "predictions": [70, 71, 397, 72, 6, 400, 401, 7, 73, 4], "target_tokens": ["[IN:GET_CONTACT", "[SL:CONTACT_RELATED", "@ptr4", "@ptr5", "SL:CONTACT_RELATED]", "[SL:TYPE_RELATION", "@ptr2", "SL:TYPE_RELATION]", "IN:GET_CONTACT]"], "predicted_tokens": ["[IN:GET_CONTACT", "[SL:TYPE_RELATION", "@ptr2", "SL:TYPE_RELATION]", "[SL:CONTACT", "@ptr5", "@ptr6", "SL:CONTACT]", "IN:GET_CONTACT]"]}
{"loss": 1.452480673789978, "class_log_probabilities": [-1.2310351133346558, -3.8493764400482178, -3.868138313293457, -4.633394241333008], "predictions": [70, 71, 395, 72, 93, 397, 398, 399, 94, 73, 4, 4], "target_tokens": ["[IN:GET_CONTACT", "[SL:TYPE_RELATION", "@ptr0", "SL:TYPE_RELATION]", "[SL:CONTACT_RELATED", "@ptr2", "@ptr3", "SL:CONTACT_RELATED]", "IN:GET_CONTACT]"], "predicted_tokens": ["[IN:GET_CONTACT", "[SL:TYPE_RELATION", "@ptr0", "SL:TYPE_RELATION]", "[SL:CONTACT_RELATED", "@ptr2", "@ptr3", "@ptr4", "SL:CONTACT_RELATED]", "IN:GET_CONTACT]"]}
{"loss": 1.723254919052124, "class_log_probabilities": [-0.6353257298469543, -3.3274989128112793, -5.2756452560424805, -5.853448390960693], "predictions": [70, 71, 397, 72, 93, 399, 94, 73, 4], "target_tokens": ["[IN:GET_CONTACT", "[SL:TYPE_RELATION", "@ptr1", "SL:TYPE_RELATION]", "[SL:CONTACT_RELATED", "@ptr3", "SL:CONTACT_RELATED]", "IN:GET_CONTACT]"], "predicted_tokens": ["[IN:GET_CONTACT", "[SL:TYPE_RELATION", "@ptr2", "SL:TYPE_RELATION]", "[SL:CONTACT_RELATED", "@ptr4", "SL:CONTACT_RELATED]", "IN:GET_CONTACT]"]}
{"loss": 2.7590603828430176, "class_log_probabilities": [-1.104177713394165, -3.4471609592437744, -6.103250503540039, -6.1677470207214355], "predictions": [63, 66, 397, 398, 399, 400, 67, 68, 4], "target_tokens": ["[IN:GET_RECIPES", "[SL:RECIPES_DISH", "@ptr2", "@ptr3", "@ptr4", "SL:RECIPES_DISH]", "IN:GET_RECIPES]"], "predicted_tokens": ["[IN:PLAY_MUSIC", "[SL:MUSIC_ARTIST_NAME", "@ptr2", "@ptr3", "@ptr4", "@ptr5", "SL:MUSIC_ARTIST_NAME]", "IN:PLAY_MUSIC]"]}
{"loss": 1.0047188997268677, "class_log_probabilities": [-0.919623613357544, -3.0339486598968506, -6.456759452819824, -8.644081115722656], "predictions": [51, 52, 398, 53, 54, 4, 4, 4, 4], "target_tokens": ["[IN:GET_RECIPES", "[SL:RECIPES_DISH", "@ptr3", "SL:RECIPES_DISH]", "IN:GET_RECIPES]"], "predicted_tokens": ["[IN:GET_RECIPES", "[SL:RECIPES_DISH", "@ptr3", "SL:RECIPES_DISH]", "IN:GET_RECIPES]"]}
{"loss": 3.5306050777435303, "class_log_probabilities": [-1.1046453714370728, -3.2320659160614014, -3.7798972129821777, -3.8915927410125732], "predictions": [89, 90, 398, 91, 92, 4], "target_tokens": ["[IN:RESUME_TIMER", "[SL:METHOD_TIMER", "@ptr1", "@ptr2", "@ptr3", "SL:METHOD_TIMER]", "IN:RESUME_TIMER]"], "predicted_tokens": ["[IN:CREATE_TIMER", "[SL:METHOD_TIMER", "@ptr3", "SL:METHOD_TIMER]", "IN:CREATE_TIMER]"]}
{"loss": 3.537198781967163, "class_log_probabilities": [-0.7107216119766235, -2.655609607696533, -3.870328187942505, -5.72274923324585], "predictions": [89, 90, 398, 399, 91, 92, 4, 4, 4, 4, 4], "target_tokens": ["[IN:CREATE_TIMER", "[SL:TIMER_NAME", "@ptr4", "@ptr5", "@ptr6", "@ptr7", "SL:TIMER_NAME]", "[SL:METHOD_TIMER", "@ptr1", "@ptr2", "@ptr3", "SL:METHOD_TIMER]", "IN:CREATE_TIMER]"], "predicted_tokens": ["[IN:CREATE_TIMER", "[SL:METHOD_TIMER", "@ptr3", "@ptr4", "SL:METHOD_TIMER]", "IN:CREATE_TIMER]"]}
{"loss": 4.225558757781982, "class_log_probabilities": [-2.9260318279266357, -3.4042582511901855, -3.9092671871185303, -4.228301048278809], "predictions": [13, 14, 401, 402, 403, 404, 405, 406, 407, 408, 80, 18, 4], "target_tokens": ["[IN:QUESTION_NEWS", "[SL:NEWS_TOPIC", "@ptr0", "@ptr1", "@ptr2", "@ptr3", "@ptr4", "SL:NEWS_TOPIC]", "[SL:NEWS_SOURCE", "@ptr6", "@ptr7", "@ptr8", "SL:NEWS_SOURCE]", "[SL:DATE_TIME", "@ptr9", "@ptr10", "@ptr11", "@ptr12", "SL:DATE_TIME]", "IN:QUESTION_NEWS]"], "predicted_tokens": ["[IN:GET_WEATHER", "[SL:LOCATION", "@ptr6", "@ptr7", "@ptr8", "@ptr9", "@ptr10", "@ptr11", "@ptr12", "@ptr13", "SL:WEATHER_ATTRIBUTE]", "IN:GET_WEATHER]"]}
{"loss": 1.8552528619766235, "class_log_probabilities": [-2.167214870452881, -2.9271271228790283, -3.611147880554199, -4.886557579040527], "predictions": [55, 56, 409, 57, 58, 4, 4, 4, 4, 4], "target_tokens": ["[IN:QUESTION_NEWS", "[SL:NEWS_TOPIC", "@ptr0", "@ptr1", "@ptr2", "SL:NEWS_TOPIC]", "IN:QUESTION_NEWS]"], "predicted_tokens": ["[IN:QUESTION_NEWS", "[SL:NEWS_TOPIC", "@ptr14", "SL:NEWS_TOPIC]", "IN:QUESTION_NEWS]"]}
{"loss": 1.2007157802581787, "class_log_probabilities": [-3.3755862712860107, -4.018401145935059, -4.976895332336426, -5.324169158935547], "predictions": [39, 40, 397, 41, 56, 401, 57, 42, 4, 4, 4, 4, 4, 4], "target_tokens": ["[IN:GET_STORIES_NEWS", "[SL:NEWS_TYPE", "@ptr2", "SL:NEWS_TYPE]", "[SL:NEWS_TOPIC", "@ptr7", "@ptr8", "@ptr9", "@ptr10", "@ptr11", "@ptr12", "SL:NEWS_TOPIC]", "IN:GET_STORIES_NEWS]"], "predicted_tokens": ["[IN:GET_STORIES_NEWS", "[SL:NEWS_TYPE", "@ptr2", "SL:NEWS_TYPE]", "[SL:NEWS_TOPIC", "@ptr6", "SL:NEWS_TOPIC]", "IN:GET_STORIES_NEWS]"]}
{"loss": 3.7010319232940674, "class_log_probabilities": [-1.9614828824996948, -3.999253749847412, -4.3079962730407715, -5.9160637855529785], "predictions": [13, 14, 401, 402, 15, 18, 4], "target_tokens": ["[IN:QUESTION_NEWS", "[SL:NEWS_TOPIC", "@ptr0", "@ptr1", "@ptr2", "@ptr3", "@ptr4", "@ptr5", "@ptr6", "SL:NEWS_TOPIC]", "IN:QUESTION_NEWS]"], "predicted_tokens": ["[IN:GET_WEATHER", "[SL:LOCATION", "@ptr6", "@ptr7", "SL:LOCATION]", "IN:GET_WEATHER]"]}
{"loss": 3.439589262008667, "class_log_probabilities": [-1.4410449266433716, -6.937899589538574, -8.85839557647705, -9.125372886657715], "predictions": [5, 16, 398, 399, 400, 17, 12, 4, 4, 4, 4, 4, 4, 4], "target_tokens": ["[IN:GET_STORIES_NEWS", "[SL:NEWS_TYPE", "@ptr1", "SL:NEWS_TYPE]", "[SL:DATE_TIME", "@ptr2", "@ptr3", "@ptr4", "@ptr5", "SL:DATE_TIME]", "IN:GET_STORIES_NEWS]"], "predicted_tokens": ["[IN:GET_MESSAGE", "[SL:DATE_TIME", "@ptr3", "@ptr4", "@ptr5", "SL:DATE_TIME]", "IN:GET_MESSAGE]"]}
{"loss": 2.643235683441162, "class_log_probabilities": [-1.9565515518188477, -3.2160046100616455, -3.9409468173980713, -4.0406928062438965], "predictions": [55, 56, 399, 400, 401, 402, 403, 404, 405, 406, 407, 57, 58, 4, 4], "target_tokens": ["[IN:GET_STORIES_NEWS", "[SL:NEWS_TYPE", "@ptr1", "@ptr2", "SL:NEWS_TYPE]", "[SL:NEWS_TOPIC", "@ptr6", "@ptr7", "@ptr8", "@ptr9", "@ptr10", "@ptr11", "@ptr12", "SL:NEWS_TOPIC]", "IN:GET_STORIES_NEWS]"], "predicted_tokens": ["[IN:QUESTION_NEWS", "[SL:NEWS_TOPIC", "@ptr4", "@ptr5", "@ptr6", "@ptr7", "@ptr8", "@ptr9", "@ptr10", "@ptr11", "@ptr12", "SL:NEWS_TOPIC]", "IN:QUESTION_NEWS]"]}
{"loss": 2.2652361392974854, "class_log_probabilities": [-2.9261996746063232, -3.2151100635528564, -3.570195198059082, -4.383908748626709], "predictions": [165, 129, 407, 397, 130, 166, 4, 4, 4, 4, 4], "target_tokens": ["[IN:IS_TRUE_RECIPES", "[SL:RECIPES_INCLUDED_INGREDIENT", "@ptr0", "@ptr1", "SL:RECIPES_INCLUDED_INGREDIENT]", "IN:IS_TRUE_RECIPES]"], "predicted_tokens": ["[IN:IS_TRUE_RECIPES", "[SL:RECIPES_INCLUDED_INGREDIENT", "@ptr12", "@ptr2", "SL:RECIPES_INCLUDED_INGREDIENT]", "IN:IS_TRUE_RECIPES]"]}
{"loss": 2.790786027908325, "class_log_probabilities": [-3.726538896560669, -3.8120648860931396, -5.553626537322998, -6.541394233703613], "predictions": [39, 40, 399, 400, 41, 133, 401, 134, 42, 4, 4, 4], "target_tokens": ["[IN:GET_STORIES_NEWS", "[SL:NEWS_TYPE", "@ptr1", "@ptr2", "@ptr3", "SL:NEWS_TYPE]", "[SL:NEWS_TOPIC", "@ptr5", "@ptr6", "SL:NEWS_TOPIC]", "IN:GET_STORIES_NEWS]"], "predicted_tokens": ["[IN:GET_STORIES_NEWS", "[SL:NEWS_TYPE", "@ptr4", "@ptr5", "SL:NEWS_TYPE]", "[SL:NEWS_SOURCE", "@ptr6", "SL:NEWS_SOURCE]", "IN:GET_STORIES_NEWS]"]}
{"loss": 3.2440896034240723, "class_log_probabilities": [-2.3458147048950195, -3.563338279724121, -4.322011470794678, -5.198282718658447], "predictions": [89, 141, 397, 398, 399, 142, 16, 401, 402, 403, 17, 92, 4], "target_tokens": ["[IN:CREATE_ALARM", "[SL:PERIOD", "@ptr2", "@ptr3", "SL:PERIOD]", "[SL:DATE_TIME", "@ptr4", "@ptr5", "@ptr6", "@ptr7", "SL:DATE_TIME]", "IN:CREATE_ALARM]"], "predicted_tokens": ["[IN:CREATE_TIMER", "[SL:PERIOD", "@ptr2", "@ptr3", "@ptr4", "SL:PERIOD]", "[SL:DATE_TIME", "@ptr6", "@ptr7", "@ptr8", "SL:DATE_TIME]", "IN:CREATE_TIMER]"]}
{"loss": 4.294482707977295, "class_log_probabilities": [-1.6037875413894653, -2.435851573944092, -3.274176597595215, -3.7718169689178467], "predictions": [227, 90, 399, 91, 16, 401, 402, 17, 228, 4, 4], "target_tokens": ["[IN:UPDATE_TIMER", "[SL:METHOD_TIMER", "@ptr1", "@ptr2", "@ptr3", "SL:METHOD_TIMER]", "[SL:DATE_TIME", "@ptr4", "@ptr5", "@ptr6", "SL:DATE_TIME]", "IN:UPDATE_TIMER]"], "predicted_tokens": ["[IN:UPDATE_TIMER", "[SL:METHOD_TIMER", "@ptr4", "SL:METHOD_TIMER]", "[SL:DATE_TIME", "@ptr6", "@ptr7", "SL:DATE_TIME]", "IN:UPDATE_TIMER]"]}
{"loss": 3.316282272338867, "class_log_probabilities": [-0.6717269420623779, -4.673165321350098, -4.864547252655029, -5.897372722625732], "predictions": [89, 90, 397, 91, 16, 399, 400, 401, 17, 92, 4], "target_tokens": ["[IN:CREATE_TIMER", "[SL:METHOD_TIMER", "@ptr1", "@ptr2", "SL:METHOD_TIMER]", "[SL:DATE_TIME", "@ptr3", "@ptr4", "@ptr5", "SL:DATE_TIME]", "IN:CREATE_TIMER]"], "predicted_tokens": ["[IN:CREATE_TIMER", "[SL:METHOD_TIMER", "@ptr2", "SL:METHOD_TIMER]", "[SL:DATE_TIME", "@ptr4", "@ptr5", "@ptr6", "SL:DATE_TIME]", "IN:CREATE_TIMER]"]}
{"loss": 2.146951675415039, "class_log_probabilities": [-3.060879945755005, -4.47007942199707, -5.139274597167969, -5.365228652954102], "predictions": [89, 16, 396, 397, 17, 90, 402, 403, 91, 92, 4], "target_tokens": ["[IN:ADD_TIME_TIMER", "[SL:DATE_TIME", "@ptr1", "@ptr2", "SL:DATE_TIME]", "[SL:METHOD_TIMER", "@ptr5", "@ptr6", "@ptr7", "@ptr8", "SL:METHOD_TIMER]", "IN:ADD_TIME_TIMER]"], "predicted_tokens": ["[IN:CREATE_TIMER", "[SL:DATE_TIME", "@ptr1", "@ptr2", "SL:DATE_TIME]", "[SL:METHOD_TIMER", "@ptr7", "@ptr8", "SL:METHOD_TIMER]", "IN:CREATE_TIMER]"]}
{"loss": 3.961251974105835, "class_log_probabilities": [-2.0873665809631348, -2.3725268840789795, -2.8925673961639404, -4.096166610717773], "predictions": [219, 220, 4, 4, 4, 4], "target_tokens": ["[IN:SUBTRACT_TIME_TIMER", "[SL:DATE_TIME", "@ptr1", "@ptr2", "SL:DATE_TIME]", "[SL:ORDINAL", "@ptr7", "SL:ORDINAL]", "[SL:METHOD_TIMER", "@ptr4", "@ptr5", "@ptr6", "SL:METHOD_TIMER]", "IN:SUBTRACT_TIME_TIMER]"], "predicted_tokens": ["[IN:SUBTRACT_TIME_TIMER", "IN:SUBTRACT_TIME_TIMER]"]}
{"loss": 2.5546696186065674, "class_log_probabilities": [-1.6603387594223022, -3.596816301345825, -3.633070468902588, -4.0753607749938965], "predictions": [219, 90, 398, 91, 16, 399, 400, 401, 17, 220, 4], "target_tokens": ["[IN:SUBTRACT_TIME_TIMER", "[SL:METHOD_TIMER", "@ptr1", "@ptr2", "@ptr3", "SL:METHOD_TIMER]", "[SL:DATE_TIME", "@ptr4", "@ptr5", "SL:DATE_TIME]", "IN:SUBTRACT_TIME_TIMER]"], "predicted_tokens": ["[IN:SUBTRACT_TIME_TIMER", "[SL:METHOD_TIMER", "@ptr3", "SL:METHOD_TIMER]", "[SL:DATE_TIME", "@ptr4", "@ptr5", "@ptr6", "SL:DATE_TIME]", "IN:SUBTRACT_TIME_TIMER]"]}
{"loss": 3.4872732162475586, "class_log_probabilities": [-1.8853915929794312, -3.9608407020568848, -4.050304889678955, -4.3405046463012695], "predictions": [39, 43, 397, 44, 42, 4, 4, 4, 4], "target_tokens": ["[IN:GET_STORIES_NEWS", "[SL:DATE_TIME", "@ptr2", "SL:DATE_TIME]", "[SL:NEWS_CATEGORY", "@ptr1", "SL:NEWS_CATEGORY]", "[SL:NEWS_TYPE", "@ptr0", "SL:NEWS_TYPE]", "IN:GET_STORIES_NEWS]"], "predicted_tokens": ["[IN:GET_STORIES_NEWS", "[SL:NEWS_CATEGORY", "@ptr2", "SL:NEWS_CATEGORY]", "IN:GET_STORIES_NEWS]"]}
{"loss": 0.9712279438972473, "class_log_probabilities": [-0.33830106258392334, -5.312661647796631, -7.040131092071533, -7.051402568817139], "predictions": [39, 40, 396, 41, 42, 4, 4], "target_tokens": ["[IN:GET_STORIES_NEWS", "[SL:NEWS_TYPE", "@ptr1", "SL:NEWS_TYPE]", "IN:GET_STORIES_NEWS]"], "predicted_tokens": ["[IN:GET_STORIES_NEWS", "[SL:NEWS_TYPE", "@ptr1", "SL:NEWS_TYPE]", "IN:GET_STORIES_NEWS]"]}
{"loss": 3.56603741645813, "class_log_probabilities": [-0.6442824006080627, -5.803030014038086, -6.642273426055908, -7.24091911315918], "predictions": [13, 16, 397, 398, 17, 14, 399, 15, 18, 4], "target_tokens": ["[IN:GET_WEATHER", "[SL:DATE_TIME", "@ptr1", "@ptr2", "SL:DATE_TIME]", "[SL:WEATHER_TEMPERATURE_UNIT", "@ptr3", "SL:WEATHER_TEMPERATURE_UNIT]", "IN:GET_WEATHER]"], "predicted_tokens": ["[IN:GET_WEATHER", "[SL:DATE_TIME", "@ptr2", "@ptr3", "SL:DATE_TIME]", "[SL:LOCATION", "@ptr4", "SL:LOCATION]", "IN:GET_WEATHER]"]}
{"loss": 1.4830083847045898, "class_log_probabilities": [-4.8587646484375, -5.140038967132568, -5.384122371673584, -5.797130584716797], "predictions": [13, 14, 397, 398, 399, 400, 401, 15, 16, 403, 404, 405, 17, 79, 408, 80, 18, 4, 4], "target_tokens": ["[IN:GET_WEATHER", "[SL:LOCATION", "@ptr3", "@ptr4", "@ptr5", "@ptr6", "SL:LOCATION]", "[SL:DATE_TIME", "@ptr8", "@ptr9", "@ptr10", "SL:DATE_TIME]", "[SL:WEATHER_TEMPERATURE_UNIT", "@ptr14", "SL:WEATHER_TEMPERATURE_UNIT]", "IN:GET_WEATHER]"], "predicted_tokens": ["[IN:GET_WEATHER", "[SL:LOCATION", "@ptr2", "@ptr3", "@ptr4", "@ptr5", "@ptr6", "SL:LOCATION]", "[SL:DATE_TIME", "@ptr8", "@ptr9", "@ptr10", "SL:DATE_TIME]", "[SL:WEATHER_ATTRIBUTE", "@ptr13", "SL:WEATHER_ATTRIBUTE]", "IN:GET_WEATHER]"]}
{"loss": 4.41796350479126, "class_log_probabilities": [-2.719113349914551, -3.49953293800354, -4.476993560791016, -4.848966121673584], "predictions": [27, 52, 395, 53, 113, 402, 114, 28, 404, 29, 30, 4, 4, 4, 4, 4], "target_tokens": ["[IN:GET_INFO_RECIPES", "[SL:RECIPES_ATTRIBUTE", "@ptr8", "@ptr9", "SL:RECIPES_ATTRIBUTE]", "[SL:RECIPES_DISH", "@ptr0", "SL:RECIPES_DISH]", "[SL:RECIPES_COOKING_METHOD", "@ptr5", "@ptr6", "SL:RECIPES_COOKING_METHOD]", "IN:GET_INFO_RECIPES]"], "predicted_tokens": ["[IN:GET_INFO_RECIPES", "[SL:RECIPES_DISH", "@ptr0", "SL:RECIPES_DISH]", "[SL:RECIPES_COOKING_METHOD", "@ptr7", "SL:RECIPES_COOKING_METHOD]", "[SL:RECIPES_ATTRIBUTE", "@ptr9", "SL:RECIPES_ATTRIBUTE]", "IN:GET_INFO_RECIPES]"]}
{"loss": 0.9614968299865723, "class_log_probabilities": [-0.39684969186782837, -5.770141124725342, -5.948256015777588, -7.106324672698975], "predictions": [51, 52, 398, 53, 54, 4], "target_tokens": ["[IN:GET_RECIPES", "[SL:RECIPES_DISH", "@ptr3", "SL:RECIPES_DISH]", "IN:GET_RECIPES]"], "predicted_tokens": ["[IN:GET_RECIPES", "[SL:RECIPES_DISH", "@ptr3", "SL:RECIPES_DISH]", "IN:GET_RECIPES]"]}
{"loss": 2.3900015354156494, "class_log_probabilities": [-0.7845557332038879, -3.3835551738739014, -4.13291597366333, -4.748171329498291], "predictions": [27, 279, 398, 280, 30, 4], "target_tokens": ["[IN:GET_INFO_RECIPES", "[SL:RECIPES_QUALIFIER_NUTRITION", "@ptr4", "SL:RECIPES_QUALIFIER_NUTRITION]", "[SL:RECIPES_TYPE_NUTRITION", "@ptr3", "SL:RECIPES_TYPE_NUTRITION]", "IN:GET_INFO_RECIPES]"], "predicted_tokens": ["[IN:GET_INFO_RECIPES", "[SL:RECIPES_TYPE_NUTRITION", "@ptr3", "SL:RECIPES_TYPE_NUTRITION]", "IN:GET_INFO_RECIPES]"]}
{"loss": 1.227059245109558, "class_log_probabilities": [-2.7042789459228516, -3.335089921951294, -3.5406229496002197, -3.890913963317871], "predictions": [51, 129, 400, 401, 130, 113, 405, 114, 54, 4, 4, 4], "target_tokens": ["[IN:GET_RECIPES", "[SL:RECIPES_INCLUDED_INGREDIENT", "@ptr5", "SL:RECIPES_INCLUDED_INGREDIENT]", "[SL:RECIPES_COOKING_METHOD", "@ptr7", "@ptr8", "@ptr9", "SL:RECIPES_COOKING_METHOD]", "IN:GET_RECIPES]"], "predicted_tokens": ["[IN:GET_RECIPES", "[SL:RECIPES_INCLUDED_INGREDIENT", "@ptr5", "@ptr6", "SL:RECIPES_INCLUDED_INGREDIENT]", "[SL:RECIPES_COOKING_METHOD", "@ptr10", "SL:RECIPES_COOKING_METHOD]", "IN:GET_RECIPES]"]}
{"loss": 1.3144357204437256, "class_log_probabilities": [-0.8937724828720093, -3.4089457988739014, -3.958740234375, -4.140029430389404], "predictions": [51, 129, 399, 400, 130, 54, 4], "target_tokens": ["[IN:GET_RECIPES", "[SL:RECIPES_DISH", "@ptr4", "@ptr5", "SL:RECIPES_DISH]", "IN:GET_RECIPES]"], "predicted_tokens": ["[IN:GET_RECIPES", "[SL:RECIPES_INCLUDED_INGREDIENT", "@ptr4", "@ptr5", "SL:RECIPES_INCLUDED_INGREDIENT]", "IN:GET_RECIPES]"]}
{"loss": 3.9310624599456787, "class_log_probabilities": [-2.0940921306610107, -2.5835354328155518, -4.390246868133545, -4.864815711975098], "predictions": [51, 30, 4, 4, 4, 4, 4, 4, 4], "target_tokens": ["[IN:GET_RECIPES", "[SL:RECIPES_TYPE", "@ptr6", "SL:RECIPES_TYPE]", "[SL:RECIPES_DISH", "@ptr4", "SL:RECIPES_DISH]", "IN:GET_RECIPES]"], "predicted_tokens": ["[IN:GET_RECIPES", "IN:GET_INFO_RECIPES]"]}
{"loss": 3.122561454772949, "class_log_probabilities": [-1.2303837537765503, -4.123544216156006, -5.416653633117676, -5.431376934051514], "predictions": [27, 28, 395, 29, 129, 402, 130, 30, 4, 4, 4, 4], "target_tokens": ["[IN:GET_INFO_RECIPES", "[SL:RECIPES_COOKING_METHOD", "@ptr1", "@ptr2", "SL:RECIPES_COOKING_METHOD]", "[SL:RECIPES_INCLUDED_INGREDIENT", "@ptr6", "SL:RECIPES_INCLUDED_INGREDIENT]", "IN:GET_INFO_RECIPES]"], "predicted_tokens": ["[IN:GET_INFO_RECIPES", "[SL:RECIPES_ATTRIBUTE", "@ptr0", "SL:RECIPES_ATTRIBUTE]", "[SL:RECIPES_INCLUDED_INGREDIENT", "@ptr7", "SL:RECIPES_INCLUDED_INGREDIENT]", "IN:GET_INFO_RECIPES]"]}
{"loss": 1.906304955482483, "class_log_probabilities": [-2.261733293533325, -2.8528921604156494, -3.5694761276245117, -3.880821943283081], "predictions": [165, 129, 395, 396, 130, 181, 399, 182, 166, 4, 4], "target_tokens": ["[IN:IS_TRUE_RECIPES", "[SL:RECIPES_INCLUDED_INGREDIENT", "@ptr0", "@ptr1", "SL:RECIPES_INCLUDED_INGREDIENT]", "[SL:RECIPES_DIET", "@ptr3", "SL:RECIPES_DIET]", "IN:IS_TRUE_RECIPES]"], "predicted_tokens": ["[IN:IS_TRUE_RECIPES", "[SL:RECIPES_INCLUDED_INGREDIENT", "@ptr0", "@ptr1", "SL:RECIPES_INCLUDED_INGREDIENT]", "[SL:RECIPES_DIET", "@ptr4", "SL:RECIPES_DIET]", "IN:IS_TRUE_RECIPES]"]}
{"loss": 1.184486985206604, "class_log_probabilities": [-1.5971007347106934, -2.4002010822296143, -3.67488694190979, -6.825013160705566], "predictions": [51, 54, 4, 4, 4, 4], "target_tokens": ["[IN:GET_RECIPES", "[SL:RECIPES_DISH", "@ptr2", "SL:RECIPES_DISH]", "IN:GET_RECIPES]"], "predicted_tokens": ["[IN:GET_RECIPES", "IN:GET_RECIPES]"]}
{"loss": 1.0103870630264282, "class_log_probabilities": [-0.13786418735980988, -7.0133466720581055, -7.370005130767822, -7.637403964996338], "predictions": [221, 222, 4], "target_tokens": ["[IN:GET_SUNSET", "IN:GET_SUNSET]"], "predicted_tokens": ["[IN:GET_SUNSET", "IN:GET_SUNSET]"]}
{"loss": 1.5105808973312378, "class_log_probabilities": [-0.3986275792121887, -3.812774658203125, -4.713964939117432, -6.267521858215332], "predictions": [297, 64, 398, 65, 298, 4], "target_tokens": ["[IN:STOP_MUSIC", "[SL:MUSIC_TYPE", "@ptr2", "SL:MUSIC_TYPE]", "IN:STOP_MUSIC]"], "predicted_tokens": ["[IN:STOP_MUSIC", "[SL:MUSIC_TYPE", "@ptr3", "SL:MUSIC_TYPE]", "IN:STOP_MUSIC]"]}
{"loss": 2.433659791946411, "class_log_probabilities": [-1.058104157447815, -5.022853374481201, -5.134795188903809, -7.384516716003418], "predictions": [221, 16, 398, 399, 400, 401, 402, 17, 222, 4, 4, 4, 4, 4, 4, 4, 4], "target_tokens": ["[IN:GET_SUNSET", "[SL:DATE_TIME", "@ptr5", "@ptr6", "SL:DATE_TIME]", "IN:GET_SUNSET]"], "predicted_tokens": ["[IN:GET_SUNSET", "[SL:DATE_TIME", "@ptr3", "@ptr4", "@ptr5", "@ptr6", "@ptr7", "SL:DATE_TIME]", "IN:GET_SUNSET]"]}
{"loss": 0.981672465801239, "class_log_probabilities": [-0.15338759124279022, -7.449029445648193, -7.8225908279418945, -8.515782356262207], "predictions": [115, 116, 4, 4, 4, 4], "target_tokens": ["[IN:GET_TIMER", "IN:GET_TIMER]"], "predicted_tokens": ["[IN:GET_TIMER", "IN:GET_TIMER]"]}
{"loss": 1.8387912511825562, "class_log_probabilities": [-1.087975263595581, -3.4846808910369873, -5.152750492095947, -5.298656463623047], "predictions": [45, 16, 399, 400, 401, 402, 403, 17, 46, 4], "target_tokens": ["[IN:CREATE_ALARM", "[SL:DATE_TIME", "@ptr3", "@ptr4", "@ptr5", "@ptr6", "@ptr7", "@ptr8", "SL:DATE_TIME]", "IN:CREATE_ALARM]"], "predicted_tokens": ["[IN:CREATE_ALARM", "[SL:DATE_TIME", "@ptr4", "@ptr5", "@ptr6", "@ptr7", "@ptr8", "SL:DATE_TIME]", "IN:CREATE_ALARM]"]}
{"loss": 3.6299118995666504, "class_log_probabilities": [-3.3023641109466553, -4.393375873565674, -4.7382659912109375, -6.0869035720825195], "predictions": [63, 66, 397, 398, 399, 400, 401, 402, 405, 67, 68, 4, 4, 4], "target_tokens": ["[IN:PLAY_MUSIC", "[SL:MUSIC_PLAYLIST_TITLE", "@ptr2", "@ptr3", "SL:MUSIC_PLAYLIST_TITLE]", "[SL:MUSIC_TYPE", "@ptr1", "SL:MUSIC_TYPE]", "[SL:MUSIC_PROVIDER_NAME", "@ptr7", "@ptr8", "@ptr9", "SL:MUSIC_PROVIDER_NAME]", "IN:PLAY_MUSIC]"], "predicted_tokens": ["[IN:PLAY_MUSIC", "[SL:MUSIC_ARTIST_NAME", "@ptr2", "@ptr3", "@ptr4", "@ptr5", "@ptr6", "@ptr7", "@ptr10", "SL:MUSIC_ARTIST_NAME]", "IN:PLAY_MUSIC]"]}
{"loss": 0.9963131546974182, "class_log_probabilities": [-0.2977766692638397, -4.1277360916137695, -5.13585901260376, -6.265690326690674], "predictions": [217, 218, 4, 4, 4, 4], "target_tokens": ["[IN:GET_TRACK_INFO_MUSIC", "IN:GET_TRACK_INFO_MUSIC]"], "predicted_tokens": ["[IN:GET_TRACK_INFO_MUSIC", "IN:GET_TRACK_INFO_MUSIC]"]}
{"loss": 1.383664846420288, "class_log_probabilities": [-1.604142189025879, -1.7157012224197388, -4.56358003616333, -5.705626964569092], "predictions": [45, 16, 398, 399, 400, 401, 402, 403, 404, 405, 406, 17, 46, 4], "target_tokens": ["[IN:CREATE_ALARM", "[SL:DATE_TIME", "@ptr4", "@ptr5", "@ptr6", "@ptr7", "@ptr8", "@ptr9", "@ptr10", "@ptr11", "SL:DATE_TIME]", "IN:CREATE_ALARM]"], "predicted_tokens": ["[IN:CREATE_ALARM", "[SL:DATE_TIME", "@ptr3", "@ptr4", "@ptr5", "@ptr6", "@ptr7", "@ptr8", "@ptr9", "@ptr10", "@ptr11", "SL:DATE_TIME]", "IN:CREATE_ALARM]"]}
{"loss": 0.9797365069389343, "class_log_probabilities": [-0.32855281233787537, -7.25839376449585, -7.527408599853516, -8.648348808288574], "predictions": [287, 64, 396, 65, 288, 4, 4, 4, 4], "target_tokens": ["[IN:REPLAY_MUSIC", "[SL:MUSIC_TYPE", "@ptr1", "SL:MUSIC_TYPE]", "IN:REPLAY_MUSIC]"], "predicted_tokens": ["[IN:REPLAY_MUSIC", "[SL:MUSIC_TYPE", "@ptr1", "SL:MUSIC_TYPE]", "IN:REPLAY_MUSIC]"]}
{"loss": 3.158545732498169, "class_log_probabilities": [-1.2650173902511597, -2.0252277851104736, -4.783722400665283, -4.978940486907959], "predictions": [13, 16, 397, 398, 399, 17, 14, 401, 402, 15, 18, 4, 4], "target_tokens": ["[IN:GET_WEATHER", "[SL:DATE_TIME", "@ptr1", "@ptr2", "@ptr3", "SL:DATE_TIME]", "[SL:LOCATION", "@ptr5", "@ptr6", "SL:LOCATION]", "IN:GET_WEATHER]"], "predicted_tokens": ["[IN:GET_WEATHER", "[SL:DATE_TIME", "@ptr2", "@ptr3", "@ptr4", "SL:DATE_TIME]", "[SL:LOCATION", "@ptr6", "@ptr7", "SL:LOCATION]", "IN:GET_WEATHER]"]}
{"loss": 2.8256852626800537, "class_log_probabilities": [-1.777478575706482, -2.1816892623901367, -3.372230052947998, -6.564121723175049], "predictions": [39, 56, 399, 400, 57, 58, 4, 4, 4, 4], "target_tokens": ["[IN:GET_STORIES_NEWS", "[SL:NEWS_TYPE", "@ptr1", "SL:NEWS_TYPE]", "[SL:NEWS_TOPIC", "@ptr4", "SL:NEWS_TOPIC]", "IN:GET_STORIES_NEWS]"], "predicted_tokens": ["[IN:GET_STORIES_NEWS", "[SL:NEWS_TOPIC", "@ptr4", "@ptr5", "SL:NEWS_TOPIC]", "IN:QUESTION_NEWS]"]}
{"loss": 3.1476705074310303, "class_log_probabilities": [-0.726993203163147, -3.3173985481262207, -3.7616522312164307, -3.874555826187134], "predictions": [115, 90, 399, 91, 116, 4], "target_tokens": ["[IN:GET_TIMER", "[SL:METHOD_TIMER", "@ptr1", "@ptr2", "@ptr3", "SL:METHOD_TIMER]", "IN:GET_TIMER]"], "predicted_tokens": ["[IN:GET_TIMER", "[SL:METHOD_TIMER", "@ptr4", "SL:METHOD_TIMER]", "IN:GET_TIMER]"]}
{"loss": 2.642481803894043, "class_log_probabilities": [-0.7408654689788818, -4.223448753356934, -6.751490592956543, -7.196107387542725], "predictions": [13, 14, 395, 396, 397, 15, 18, 4, 4, 4, 4], "target_tokens": ["[IN:GET_WEATHER", "[SL:WEATHER_ATTRIBUTE", "@ptr3", "SL:WEATHER_ATTRIBUTE]", "[SL:LOCATION", "@ptr0", "@ptr1", "@ptr2", "SL:LOCATION]", "IN:GET_WEATHER]"], "predicted_tokens": ["[IN:GET_WEATHER", "[SL:LOCATION", "@ptr0", "@ptr1", "@ptr2", "SL:LOCATION]", "IN:GET_WEATHER]"]}
{"loss": 2.713261365890503, "class_log_probabilities": [-0.8730598092079163, -3.6238090991973877, -4.01737642288208, -5.157424449920654], "predictions": [13, 79, 396, 80, 16, 401, 17, 18, 4, 4], "target_tokens": ["[IN:GET_WEATHER", "[SL:WEATHER_ATTRIBUTE", "@ptr0", "SL:WEATHER_ATTRIBUTE]", "[SL:DATE_TIME", "@ptr4", "@ptr5", "SL:DATE_TIME]", "IN:GET_WEATHER]"], "predicted_tokens": ["[IN:GET_WEATHER", "[SL:WEATHER_ATTRIBUTE", "@ptr1", "SL:WEATHER_ATTRIBUTE]", "[SL:DATE_TIME", "@ptr6", "SL:DATE_TIME]", "IN:GET_WEATHER]"]}
{"loss": 3.2915890216827393, "class_log_probabilities": [-1.2672103643417358, -2.807295322418213, -3.6602935791015625, -4.17289924621582], "predictions": [89, 16, 396, 397, 17, 90, 403, 91, 92, 4], "target_tokens": ["[IN:SUBTRACT_TIME_TIMER", "[SL:DATE_TIME", "@ptr1", "@ptr2", "SL:DATE_TIME]", "[SL:METHOD_TIMER", "@ptr5", "@ptr6", "@ptr7", "SL:METHOD_TIMER]", "IN:SUBTRACT_TIME_TIMER]"], "predicted_tokens": ["[IN:CREATE_TIMER", "[SL:DATE_TIME", "@ptr1", "@ptr2", "SL:DATE_TIME]", "[SL:METHOD_TIMER", "@ptr8", "SL:METHOD_TIMER]", "IN:CREATE_TIMER]"]}
{"loss": 0.9564779996871948, "class_log_probabilities": [-0.4472515285015106, -7.563101768493652, -8.663005828857422, -9.026283264160156], "predictions": [13, 16, 395, 396, 17, 18, 4, 4, 4], "target_tokens": ["[IN:GET_WEATHER", "[SL:DATE_TIME", "@ptr0", "@ptr1", "SL:DATE_TIME]", "IN:GET_WEATHER]"], "predicted_tokens": ["[IN:GET_WEATHER", "[SL:DATE_TIME", "@ptr0", "@ptr1", "SL:DATE_TIME]", "IN:GET_WEATHER]"]}
{"loss": 3.2412755489349365, "class_log_probabilities": [-1.5200210809707642, -2.772495985031128, -3.2262015342712402, -4.49017333984375], "predictions": [13, 14, 399, 400, 401, 402, 15, 16, 403, 404, 405, 17, 18, 4], "target_tokens": ["[IN:GET_WEATHER", "[SL:LOCATION", "@ptr3", "@ptr4", "@ptr5", "SL:LOCATION]", "[SL:DATE_TIME", "@ptr6", "@ptr7", "@ptr8", "SL:DATE_TIME]", "IN:GET_WEATHER]"], "predicted_tokens": ["[IN:GET_WEATHER", "[SL:LOCATION", "@ptr4", "@ptr5", "@ptr6", "@ptr7", "SL:LOCATION]", "[SL:DATE_TIME", "@ptr8", "@ptr9", "@ptr10", "SL:DATE_TIME]", "IN:GET_WEATHER]"]}
{"loss": 3.493910789489746, "class_log_probabilities": [-0.4418722689151764, -3.3425710201263428, -4.447908878326416, -4.543773651123047], "predictions": [225, 90, 399, 91, 226, 4], "target_tokens": ["[IN:DELETE_TIMER", "[SL:METHOD_TIMER", "@ptr1", "@ptr2", "@ptr3", "SL:METHOD_TIMER]", "IN:DELETE_TIMER]"], "predicted_tokens": ["[IN:DELETE_TIMER", "[SL:METHOD_TIMER", "@ptr4", "SL:METHOD_TIMER]", "IN:DELETE_TIMER]"]}
{"loss": 2.0007975101470947, "class_log_probabilities": [-0.9825614094734192, -4.644618988037109, -4.9897074699401855, -6.063667297363281], "predictions": [89, 16, 400, 401, 402, 403, 404, 17, 92, 4], "target_tokens": ["[IN:CREATE_ALARM", "[SL:DATE_TIME", "@ptr4", "@ptr5", "@ptr6", "@ptr7", "@ptr8", "@ptr9", "SL:DATE_TIME]", "IN:CREATE_ALARM]"], "predicted_tokens": ["[IN:CREATE_TIMER", "[SL:DATE_TIME", "@ptr5", "@ptr6", "@ptr7", "@ptr8", "@ptr9", "SL:DATE_TIME]", "IN:CREATE_TIMER]"]}
{"loss": 1.366294503211975, "class_log_probabilities": [-0.7310329079627991, -3.712359666824341, -6.572213649749756, -7.091081142425537], "predictions": [13, 14, 397, 398, 399, 15, 18, 4], "target_tokens": ["[IN:GET_WEATHER", "[SL:LOCATION", "@ptr2", "@ptr3", "SL:LOCATION]", "IN:GET_WEATHER]"], "predicted_tokens": ["[IN:GET_WEATHER", "[SL:LOCATION", "@ptr2", "@ptr3", "@ptr4", "SL:LOCATION]", "IN:GET_WEATHER]"]}
{"loss": 2.9990181922912598, "class_log_probabilities": [-2.4110777378082275, -2.6275932788848877, -4.728945732116699, -5.511141777038574], "predictions": [89, 90, 397, 91, 92, 4, 4, 4, 4, 4, 4], "target_tokens": ["[IN:CREATE_ALARM", "[SL:PERIOD", "@ptr3", "@ptr4", "@ptr5", "SL:PERIOD]", "IN:CREATE_ALARM]"], "predicted_tokens": ["[IN:CREATE_TIMER", "[SL:METHOD_TIMER", "@ptr2", "SL:METHOD_TIMER]", "IN:CREATE_TIMER]"]}
{"loss": 1.2021676301956177, "class_log_probabilities": [-1.108577847480774, -2.194856643676758, -5.927489757537842, -5.960526466369629], "predictions": [13, 79, 396, 80, 18, 4], "target_tokens": ["[IN:GET_WEATHER", "[SL:WEATHER_ATTRIBUTE", "@ptr0", "SL:WEATHER_ATTRIBUTE]", "IN:GET_WEATHER]"], "predicted_tokens": ["[IN:GET_WEATHER", "[SL:WEATHER_ATTRIBUTE", "@ptr1", "SL:WEATHER_ATTRIBUTE]", "IN:GET_WEATHER]"]}
{"loss": 3.259589433670044, "class_log_probabilities": [-1.3076672554016113, -3.268327236175537, -3.5339434146881104, -4.838944435119629], "predictions": [89, 90, 396, 91, 16, 398, 399, 400, 17, 92, 4], "target_tokens": ["[IN:CREATE_TIMER", "[SL:METHOD_TIMER", "@ptr0", "@ptr1", "SL:METHOD_TIMER]", "[SL:DATE_TIME", "@ptr2", "@ptr3", "@ptr4", "SL:DATE_TIME]", "IN:CREATE_TIMER]"], "predicted_tokens": ["[IN:CREATE_TIMER", "[SL:METHOD_TIMER", "@ptr1", "SL:METHOD_TIMER]", "[SL:DATE_TIME", "@ptr3", "@ptr4", "@ptr5", "SL:DATE_TIME]", "IN:CREATE_TIMER]"]}
{"loss": 0.9603385925292969, "class_log_probabilities": [-0.3795039653778076, -6.742744445800781, -7.58750057220459, -8.871659278869629], "predictions": [13, 79, 398, 80, 18, 4, 4, 4], "target_tokens": ["[IN:GET_WEATHER", "[SL:WEATHER_ATTRIBUTE", "@ptr3", "SL:WEATHER_ATTRIBUTE]", "IN:GET_WEATHER]"], "predicted_tokens": ["[IN:GET_WEATHER", "[SL:WEATHER_ATTRIBUTE", "@ptr3", "SL:WEATHER_ATTRIBUTE]", "IN:GET_WEATHER]"]}
{"loss": 3.0327773094177246, "class_log_probabilities": [-1.1363273859024048, -1.963429570198059, -5.974578380584717, -5.991775035858154], "predictions": [13, 16, 395, 396, 17, 79, 400, 80, 18, 4], "target_tokens": ["[IN:GET_WEATHER", "[SL:WEATHER_ATTRIBUTE", "@ptr4", "SL:WEATHER_ATTRIBUTE]", "[SL:DATE_TIME", "@ptr0", "@ptr1", "SL:DATE_TIME]", "IN:GET_WEATHER]"], "predicted_tokens": ["[IN:GET_WEATHER", "[SL:DATE_TIME", "@ptr0", "@ptr1", "SL:DATE_TIME]", "[SL:WEATHER_ATTRIBUTE", "@ptr5", "SL:WEATHER_ATTRIBUTE]", "IN:GET_WEATHER]"]}
{"loss": 3.034759998321533, "class_log_probabilities": [-1.1886380910873413, -3.4890782833099365, -5.126046657562256, -5.1731133460998535], "predictions": [13, 79, 396, 80, 16, 399, 400, 17, 18, 4], "target_tokens": ["[IN:GET_WEATHER", "[SL:WEATHER_ATTRIBUTE", "@ptr0", "SL:WEATHER_ATTRIBUTE]", "[SL:DATE_TIME", "@ptr3", "@ptr4", "SL:DATE_TIME]", "IN:GET_WEATHER]"], "predicted_tokens": ["[IN:GET_WEATHER", "[SL:WEATHER_ATTRIBUTE", "@ptr1", "SL:WEATHER_ATTRIBUTE]", "[SL:DATE_TIME", "@ptr4", "@ptr5", "SL:DATE_TIME]", "IN:GET_WEATHER]"]}
{"loss": 4.132528305053711, "class_log_probabilities": [-0.9530153870582581, -1.6457765102386475, -5.699031829833984, -5.787663459777832], "predictions": [89, 90, 398, 91, 92, 4, 4], "target_tokens": ["[IN:RESUME_TIMER", "[SL:METHOD_TIMER", "@ptr1", "@ptr2", "@ptr3", "SL:METHOD_TIMER]", "IN:RESUME_TIMER]"], "predicted_tokens": ["[IN:CREATE_TIMER", "[SL:METHOD_TIMER", "@ptr3", "SL:METHOD_TIMER]", "IN:CREATE_TIMER]"]}
{"loss": 2.373302698135376, "class_log_probabilities": [-3.8538973331451416, -4.278372287750244, -4.598503589630127, -4.976099491119385], "predictions": [89, 90, 397, 91, 16, 400, 401, 402, 403, 404, 405, 406, 407, 408, 17, 92, 4, 4], "target_tokens": ["[IN:CREATE_ALARM", "[SL:DATE_TIME", "@ptr3", "@ptr4", "@ptr5", "@ptr6", "@ptr7", "@ptr8", "@ptr9", "@ptr10", "@ptr11", "@ptr12", "@ptr13", "SL:DATE_TIME]", "IN:CREATE_ALARM]"], "predicted_tokens": ["[IN:CREATE_TIMER", "[SL:METHOD_TIMER", "@ptr2", "SL:METHOD_TIMER]", "[SL:DATE_TIME", "@ptr5", "@ptr6", "@ptr7", "@ptr8", "@ptr9", "@ptr10", "@ptr11", "@ptr12", "@ptr13", "SL:DATE_TIME]", "IN:CREATE_TIMER]"]}
{"loss": 1.899104356765747, "class_log_probabilities": [-0.9027899503707886, -3.9703142642974854, -5.8060736656188965, -7.458130359649658], "predictions": [13, 79, 397, 80, 16, 399, 400, 401, 17, 18, 4, 4], "target_tokens": ["[IN:GET_WEATHER", "[SL:WEATHER_ATTRIBUTE", "@ptr2", "@ptr3", "SL:WEATHER_ATTRIBUTE]", "[SL:DATE_TIME", "@ptr5", "@ptr6", "SL:DATE_TIME]", "IN:GET_WEATHER]"], "predicted_tokens": ["[IN:GET_WEATHER", "[SL:WEATHER_ATTRIBUTE", "@ptr2", "SL:WEATHER_ATTRIBUTE]", "[SL:DATE_TIME", "@ptr4", "@ptr5", "@ptr6", "SL:DATE_TIME]", "IN:GET_WEATHER]"]}
{"loss": 2.6865994930267334, "class_log_probabilities": [-2.615358829498291, -2.871131658554077, -4.285521984100342, -4.30292272567749], "predictions": [13, 79, 398, 80, 16, 399, 400, 401, 402, 403, 404, 405, 406, 17, 18, 4], "target_tokens": ["[IN:GET_WEATHER", "[SL:WEATHER_ATTRIBUTE", "@ptr2", "SL:WEATHER_ATTRIBUTE]", "[SL:DATE_TIME", "@ptr7", "@ptr8", "@ptr9", "SL:DATE_TIME]", "IN:GET_WEATHER]"], "predicted_tokens": ["[IN:GET_WEATHER", "[SL:WEATHER_ATTRIBUTE", "@ptr3", "SL:WEATHER_ATTRIBUTE]", "[SL:DATE_TIME", "@ptr4", "@ptr5", "@ptr6", "@ptr7", "@ptr8", "@ptr9", "@ptr10", "@ptr11", "SL:DATE_TIME]", "IN:GET_WEATHER]"]}
{"loss": 1.4992808103561401, "class_log_probabilities": [-2.4458870887756348, -3.4842517375946045, -4.870118141174316, -6.416342258453369], "predictions": [55, 56, 396, 397, 398, 399, 400, 401, 402, 403, 404, 405, 406, 57, 58, 4, 4, 4], "target_tokens": ["[IN:QUESTION_NEWS", "[SL:NEWS_TOPIC", "@ptr5", "@ptr6", "@ptr7", "@ptr8", "@ptr9", "@ptr10", "@ptr11", "@ptr12", "SL:NEWS_TOPIC]", "IN:QUESTION_NEWS]"], "predicted_tokens": ["[IN:QUESTION_NEWS", "[SL:NEWS_TOPIC", "@ptr1", "@ptr2", "@ptr3", "@ptr4", "@ptr5", "@ptr6", "@ptr7", "@ptr8", "@ptr9", "@ptr10", "@ptr11", "SL:NEWS_TOPIC]", "IN:QUESTION_NEWS]"]}
{"loss": 3.5517446994781494, "class_log_probabilities": [-0.34778180718421936, -5.745777130126953, -6.548557758331299, -7.544751167297363], "predictions": [115, 90, 398, 91, 116, 4, 4], "target_tokens": ["[IN:GET_TIMER", "[SL:METHOD_TIMER", "@ptr1", "@ptr2", "@ptr3", "SL:METHOD_TIMER]", "IN:GET_TIMER]"], "predicted_tokens": ["[IN:GET_TIMER", "[SL:METHOD_TIMER", "@ptr3", "SL:METHOD_TIMER]", "IN:GET_TIMER]"]}
{"loss": 2.271437406539917, "class_log_probabilities": [-2.396284580230713, -2.715606212615967, -3.5815539360046387, -3.839785575866699], "predictions": [13, 79, 395, 80, 79, 403, 404, 80, 18, 4, 4], "target_tokens": ["[IN:GET_WEATHER", "[SL:WEATHER_ATTRIBUTE", "@ptr0", "SL:WEATHER_ATTRIBUTE]", "[SL:WEATHER_ATTRIBUTE", "@ptr6", "@ptr7", "@ptr8", "SL:WEATHER_ATTRIBUTE]", "IN:GET_WEATHER]"], "predicted_tokens": ["[IN:GET_WEATHER", "[SL:WEATHER_ATTRIBUTE", "@ptr0", "SL:WEATHER_ATTRIBUTE]", "[SL:WEATHER_ATTRIBUTE", "@ptr8", "@ptr9", "SL:WEATHER_ATTRIBUTE]", "IN:GET_WEATHER]"]}
{"loss": 3.502190113067627, "class_log_probabilities": [-1.5906249284744263, -2.067037582397461, -2.5970418453216553, -4.159576416015625], "predictions": [39, 40, 400, 41, 16, 402, 403, 17, 42, 4, 4], "target_tokens": ["[IN:GET_STORIES_NEWS", "[SL:DATE_TIME", "@ptr4", "SL:DATE_TIME]", "[SL:NEWS_TYPE", "@ptr5", "@ptr6", "SL:NEWS_TYPE]", "IN:GET_STORIES_NEWS]"], "predicted_tokens": ["[IN:GET_STORIES_NEWS", "[SL:NEWS_TYPE", "@ptr5", "SL:NEWS_TYPE]", "[SL:DATE_TIME", "@ptr7", "@ptr8", "SL:DATE_TIME]", "IN:GET_STORIES_NEWS]"]}
{"loss": 3.596116304397583, "class_log_probabilities": [-0.747870922088623, -3.191188097000122, -4.168815612792969, -4.633177280426025], "predictions": [115, 90, 400, 91, 116, 4], "target_tokens": ["[IN:GET_TIMER", "[SL:METHOD_TIMER", "@ptr3", "@ptr4", "@ptr5", "SL:METHOD_TIMER]", "IN:GET_TIMER]"], "predicted_tokens": ["[IN:GET_TIMER", "[SL:METHOD_TIMER", "@ptr5", "SL:METHOD_TIMER]", "IN:GET_TIMER]"]}
{"loss": 1.087302327156067, "class_log_probabilities": [-0.8599801063537598, -1.0998064279556274, -6.463886737823486, -7.667611598968506], "predictions": [63, 151, 399, 152, 68, 4, 4, 4, 4], "target_tokens": ["[IN:PLAY_MUSIC", "[SL:MUSIC_GENRE", "@ptr4", "SL:MUSIC_GENRE]", "IN:PLAY_MUSIC]"], "predicted_tokens": ["[IN:PLAY_MUSIC", "[SL:MUSIC_GENRE", "@ptr4", "SL:MUSIC_GENRE]", "IN:PLAY_MUSIC]"]}
{"loss": 0.9586615562438965, "class_log_probabilities": [-0.3887225091457367, -6.635682106018066, -7.938843727111816, -8.074722290039062], "predictions": [13, 79, 397, 80, 18, 4, 4], "target_tokens": ["[IN:GET_WEATHER", "[SL:WEATHER_ATTRIBUTE", "@ptr2", "SL:WEATHER_ATTRIBUTE]", "IN:GET_WEATHER]"], "predicted_tokens": ["[IN:GET_WEATHER", "[SL:WEATHER_ATTRIBUTE", "@ptr2", "SL:WEATHER_ATTRIBUTE]", "IN:GET_WEATHER]"]}
{"loss": 2.7234559059143066, "class_log_probabilities": [-2.8604960441589355, -4.691158771514893, -5.343311786651611, -6.00924825668335], "predictions": [45, 46, 4, 4, 4, 4, 4, 4, 4, 4, 4, 4, 4, 4], "target_tokens": ["[IN:CREATE_ALARM", "[SL:ALARM_NAME", "@ptr1", "@ptr2", "@ptr3", "@ptr4", "@ptr5", "@ptr6", "SL:ALARM_NAME]", "[SL:DATE_TIME", "@ptr7", "@ptr8", "@ptr9", "@ptr10", "@ptr11", "@ptr12", "SL:DATE_TIME]", "IN:CREATE_ALARM]"], "predicted_tokens": ["[IN:CREATE_ALARM", "IN:CREATE_ALARM]"]}
{"loss": 1.0610127449035645, "class_log_probabilities": [-1.8219664096832275, -2.2823445796966553, -2.386930465698242, -4.4506096839904785], "predictions": [169, 64, 397, 65, 66, 401, 402, 403, 67, 170, 4], "target_tokens": ["[IN:REMOVE_FROM_PLAYLIST_MUSIC", "[SL:MUSIC_TYPE", "@ptr2", "SL:MUSIC_TYPE]", "[SL:MUSIC_ARTIST_NAME", "@ptr6", "@ptr7", "@ptr8", "SL:MUSIC_ARTIST_NAME]", "IN:REMOVE_FROM_PLAYLIST_MUSIC]"], "predicted_tokens": ["[IN:REMOVE_FROM_PLAYLIST_MUSIC", "[SL:MUSIC_TYPE", "@ptr2", "SL:MUSIC_TYPE]", "[SL:MUSIC_ARTIST_NAME", "@ptr6", "@ptr7", "@ptr8", "SL:MUSIC_ARTIST_NAME]", "IN:REMOVE_FROM_PLAYLIST_MUSIC]"]}
{"loss": 3.771984577178955, "class_log_probabilities": [-0.5225997567176819, -4.187933921813965, -4.715085506439209, -5.674957752227783], "predictions": [115, 90, 398, 91, 116, 4], "target_tokens": ["[IN:CREATE_TIMER", "[SL:METHOD_TIMER", "@ptr1", "@ptr2", "@ptr3", "SL:METHOD_TIMER]", "IN:CREATE_TIMER]"], "predicted_tokens": ["[IN:GET_TIMER", "[SL:METHOD_TIMER", "@ptr3", "SL:METHOD_TIMER]", "IN:GET_TIMER]"]}
{"loss": 1.9735453128814697, "class_log_probabilities": [-0.8249664306640625, -2.1250874996185303, -3.7936394214630127, -6.504854679107666], "predictions": [13, 79, 400, 401, 402, 80, 18, 4, 4], "target_tokens": ["[IN:GET_WEATHER", "[SL:WEATHER_ATTRIBUTE", "@ptr4", "@ptr5", "@ptr6", "SL:WEATHER_ATTRIBUTE]", "IN:GET_WEATHER]"], "predicted_tokens": ["[IN:GET_WEATHER", "[SL:WEATHER_ATTRIBUTE", "@ptr5", "@ptr6", "@ptr7", "SL:WEATHER_ATTRIBUTE]", "IN:GET_WEATHER]"]}
{"loss": 3.5844526290893555, "class_log_probabilities": [-4.602765083312988, -6.48994255065918, -6.6226911544799805, -8.091028213500977], "predictions": [115, 90, 402, 91, 116, 4, 4, 4, 4], "target_tokens": ["[IN:GET_ALARM", "IN:GET_ALARM]"], "predicted_tokens": ["[IN:GET_TIMER", "[SL:METHOD_TIMER", "@ptr7", "SL:METHOD_TIMER]", "IN:GET_TIMER]"]}
{"loss": 0.9585111141204834, "class_log_probabilities": [-0.3999077379703522, -7.0107645988464355, -7.146963596343994, -7.342676162719727], "predictions": [13, 79, 398, 80, 18, 4], "target_tokens": ["[IN:GET_WEATHER", "[SL:WEATHER_ATTRIBUTE", "@ptr3", "SL:WEATHER_ATTRIBUTE]", "IN:GET_WEATHER]"], "predicted_tokens": ["[IN:GET_WEATHER", "[SL:WEATHER_ATTRIBUTE", "@ptr3", "SL:WEATHER_ATTRIBUTE]", "IN:GET_WEATHER]"]}
{"loss": 2.9942071437835693, "class_log_probabilities": [-0.6386163234710693, -2.7668635845184326, -5.315635681152344, -5.50889778137207], "predictions": [229, 64, 398, 65, 230, 4], "target_tokens": ["[IN:PREVIOUS_TRACK_MUSIC", "[SL:ORDINAL", "@ptr4", "@ptr5", "SL:ORDINAL]", "[SL:MUSIC_TYPE", "@ptr3", "SL:MUSIC_TYPE]", "IN:PREVIOUS_TRACK_MUSIC]"], "predicted_tokens": ["[IN:PREVIOUS_TRACK_MUSIC", "[SL:MUSIC_TYPE", "@ptr3", "SL:MUSIC_TYPE]", "IN:PREVIOUS_TRACK_MUSIC]"]}
{"loss": 4.881649017333984, "class_log_probabilities": [-3.4878928661346436, -4.134317398071289, -4.998805522918701, -5.141602516174316], "predictions": [39, 40, 396, 41, 56, 397, 398, 399, 400, 401, 402, 403, 57, 16, 404, 405, 17, 42, 4], "target_tokens": ["[IN:GET_STORIES_NEWS", "[SL:DATE_TIME", "@ptr8", "@ptr9", "SL:DATE_TIME]", "[SL:NEWS_REFERENCE", "@ptr0", "@ptr1", "SL:NEWS_REFERENCE]", "[SL:NEWS_CATEGORY", "@ptr2", "@ptr3", "SL:NEWS_CATEGORY]", "[SL:NEWS_TYPE", "@ptr4", "@ptr5", "@ptr6", "SL:NEWS_TYPE]", "IN:GET_STORIES_NEWS]"], "predicted_tokens": ["[IN:GET_STORIES_NEWS", "[SL:NEWS_TYPE", "@ptr1", "SL:NEWS_TYPE]", "[SL:NEWS_TOPIC", "@ptr2", "@ptr3", "@ptr4", "@ptr5", "@ptr6", "@ptr7", "@ptr8", "SL:NEWS_TOPIC]", "[SL:DATE_TIME", "@ptr9", "@ptr10", "SL:DATE_TIME]", "IN:GET_STORIES_NEWS]"]}
{"loss": 2.1611874103546143, "class_log_probabilities": [-1.75216805934906, -2.2064449787139893, -3.715707302093506, -3.881983757019043], "predictions": [115, 116, 4], "target_tokens": ["[IN:GET_ALARM", "IN:GET_ALARM]"], "predicted_tokens": ["[IN:GET_TIMER", "IN:GET_TIMER]"]}
{"loss": 1.885999321937561, "class_log_probabilities": [-1.6429998874664307, -2.1559691429138184, -4.044482707977295, -4.156752109527588], "predictions": [13, 16, 397, 398, 399, 400, 17, 14, 402, 15, 18, 4, 4], "target_tokens": ["[IN:GET_WEATHER", "[SL:DATE_TIME", "@ptr1", "@ptr2", "@ptr3", "@ptr4", "SL:DATE_TIME]", "[SL:LOCATION", "@ptr6", "SL:LOCATION]", "IN:GET_WEATHER]"], "predicted_tokens": ["[IN:GET_WEATHER", "[SL:DATE_TIME", "@ptr2", "@ptr3", "@ptr4", "@ptr5", "SL:DATE_TIME]", "[SL:LOCATION", "@ptr7", "SL:LOCATION]", "IN:GET_WEATHER]"]}
{"loss": 2.404719829559326, "class_log_probabilities": [-4.207661151885986, -5.085165023803711, -5.6409173011779785, -6.41679048538208], "predictions": [39, 40, 397, 398, 41, 56, 401, 402, 403, 404, 405, 406, 57, 42, 4], "target_tokens": ["[IN:GET_STORIES_NEWS", "[SL:NEWS_TYPE", "@ptr1", "@ptr2", "SL:NEWS_TYPE]", "[SL:NEWS_TOPIC", "@ptr5", "@ptr6", "@ptr7", "@ptr8", "@ptr9", "SL:NEWS_TOPIC]", "IN:GET_STORIES_NEWS]"], "predicted_tokens": ["[IN:GET_STORIES_NEWS", "[SL:NEWS_TYPE", "@ptr2", "@ptr3", "SL:NEWS_TYPE]", "[SL:NEWS_TOPIC", "@ptr6", "@ptr7", "@ptr8", "@ptr9", "@ptr10", "@ptr11", "SL:NEWS_TOPIC]", "IN:GET_STORIES_NEWS]"]}
{"loss": 2.1053194999694824, "class_log_probabilities": [-1.1912155151367188, -2.7151248455047607, -3.7163166999816895, -5.3893632888793945], "predictions": [13, 79, 396, 80, 16, 400, 401, 402, 17, 18, 4], "target_tokens": ["[IN:GET_WEATHER", "[SL:WEATHER_ATTRIBUTE", "@ptr0", "@ptr1", "SL:WEATHER_ATTRIBUTE]", "[SL:DATE_TIME", "@ptr5", "@ptr6", "SL:DATE_TIME]", "IN:GET_WEATHER]"], "predicted_tokens": ["[IN:GET_WEATHER", "[SL:WEATHER_ATTRIBUTE", "@ptr1", "SL:WEATHER_ATTRIBUTE]", "[SL:DATE_TIME", "@ptr5", "@ptr6", "@ptr7", "SL:DATE_TIME]", "IN:GET_WEATHER]"]}
{"loss": 2.5559377670288086, "class_log_probabilities": [-0.4788942039012909, -5.2727861404418945, -5.973723411560059, -7.015537738800049], "predictions": [225, 226, 4, 4, 4, 4], "target_tokens": ["[IN:DELETE_TIMER", "[SL:METHOD_TIMER", "@ptr1", "@ptr2", "@ptr3", "SL:METHOD_TIMER]", "IN:DELETE_TIMER]"], "predicted_tokens": ["[IN:DELETE_TIMER", "IN:DELETE_TIMER]"]}
{"loss": 0.9614707231521606, "class_log_probabilities": [-0.8092453479766846, -4.696485996246338, -4.840023517608643, -5.704615116119385], "predictions": [13, 79, 398, 80, 16, 401, 402, 17, 18, 4, 4], "target_tokens": ["[IN:GET_WEATHER", "[SL:WEATHER_ATTRIBUTE", "@ptr3", "SL:WEATHER_ATTRIBUTE]", "[SL:DATE_TIME", "@ptr6", "@ptr7", "SL:DATE_TIME]", "IN:GET_WEATHER]"], "predicted_tokens": ["[IN:GET_WEATHER", "[SL:WEATHER_ATTRIBUTE", "@ptr3", "SL:WEATHER_ATTRIBUTE]", "[SL:DATE_TIME", "@ptr6", "@ptr7", "SL:DATE_TIME]", "IN:GET_WEATHER]"]}
{"loss": 1.6591811180114746, "class_log_probabilities": [-1.8368406295776367, -2.131103515625, -4.6360673904418945, -4.835262298583984], "predictions": [13, 79, 395, 396, 397, 80, 16, 399, 400, 17, 18, 4, 4], "target_tokens": ["[IN:GET_WEATHER", "[SL:WEATHER_ATTRIBUTE", "@ptr0", "@ptr1", "@ptr2", "SL:WEATHER_ATTRIBUTE]", "[SL:DATE_TIME", "@ptr3", "@ptr4", "@ptr5", "SL:DATE_TIME]", "IN:GET_WEATHER]"], "predicted_tokens": ["[IN:GET_WEATHER", "[SL:WEATHER_ATTRIBUTE", "@ptr0", "@ptr1", "@ptr2", "SL:WEATHER_ATTRIBUTE]", "[SL:DATE_TIME", "@ptr4", "@ptr5", "SL:DATE_TIME]", "IN:GET_WEATHER]"]}
{"loss": 2.5328569412231445, "class_log_probabilities": [-0.712314248085022, -4.7675089836120605, -4.98842191696167, -5.726782321929932], "predictions": [13, 16, 395, 396, 17, 14, 399, 400, 15, 18, 4, 4], "target_tokens": ["[IN:GET_WEATHER", "[SL:LOCATION", "@ptr4", "@ptr5", "SL:LOCATION]", "[SL:DATE_TIME", "@ptr0", "@ptr1", "SL:DATE_TIME]", "IN:GET_WEATHER]"], "predicted_tokens": ["[IN:GET_WEATHER", "[SL:DATE_TIME", "@ptr0", "@ptr1", "SL:DATE_TIME]", "[SL:LOCATION", "@ptr4", "@ptr5", "SL:LOCATION]", "IN:GET_WEATHER]"]}
{"loss": 1.8967877626419067, "class_log_probabilities": [-1.8380001783370972, -3.8184399604797363, -4.5434651374816895, -4.661226749420166], "predictions": [39, 40, 396, 41, 56, 397, 398, 399, 400, 57, 42, 4], "target_tokens": ["[IN:GET_STORIES_NEWS", "[SL:NEWS_TYPE", "@ptr1", "SL:NEWS_TYPE]", "[SL:NEWS_CATEGORY", "@ptr3", "@ptr4", "@ptr5", "SL:NEWS_CATEGORY]", "IN:GET_STORIES_NEWS]"], "predicted_tokens": ["[IN:GET_STORIES_NEWS", "[SL:NEWS_TYPE", "@ptr1", "SL:NEWS_TYPE]", "[SL:NEWS_TOPIC", "@ptr2", "@ptr3", "@ptr4", "@ptr5", "SL:NEWS_TOPIC]", "IN:GET_STORIES_NEWS]"]}
{"loss": 1.5825263261795044, "class_log_probabilities": [-0.42839157581329346, -4.567754745483398, -4.8924736976623535, -6.635489463806152], "predictions": [13, 14, 400, 15, 18, 4, 4], "target_tokens": ["[IN:GET_WEATHER", "[SL:LOCATION", "@ptr4", "SL:LOCATION]", "IN:GET_WEATHER]"], "predicted_tokens": ["[IN:GET_WEATHER", "[SL:LOCATION", "@ptr5", "SL:LOCATION]", "IN:GET_WEATHER]"]}
{"loss": 2.7014453411102295, "class_log_probabilities": [-3.3257224559783936, -4.18039083480835, -4.266847133636475, -5.011127471923828], "predictions": [45, 249, 396, 397, 250, 16, 401, 402, 403, 404, 405, 406, 17, 46, 4], "target_tokens": ["[IN:CREATE_ALARM", "[SL:DATE_TIME", "@ptr5", "@ptr6", "@ptr7", "@ptr8", "@ptr9", "@ptr10", "SL:DATE_TIME]", "IN:CREATE_ALARM]"], "predicted_tokens": ["[IN:CREATE_ALARM", "[SL:ALARM_NAME", "@ptr1", "@ptr2", "SL:ALARM_NAME]", "[SL:DATE_TIME", "@ptr6", "@ptr7", "@ptr8", "@ptr9", "@ptr10", "@ptr11", "SL:DATE_TIME]", "IN:CREATE_ALARM]"]}
{"loss": 2.901172161102295, "class_log_probabilities": [-1.1714134216308594, -1.892836570739746, -3.524141788482666, -4.175766944885254], "predictions": [39, 40, 401, 41, 16, 403, 17, 42, 4, 4], "target_tokens": ["[IN:GET_STORIES_NEWS", "[SL:NEWS_TYPE", "@ptr5", "SL:NEWS_TYPE]", "[SL:DATE_TIME", "@ptr6", "@ptr7", "SL:DATE_TIME]", "IN:GET_STORIES_NEWS]"], "predicted_tokens": ["[IN:GET_STORIES_NEWS", "[SL:NEWS_TYPE", "@ptr6", "SL:NEWS_TYPE]", "[SL:DATE_TIME", "@ptr8", "SL:DATE_TIME]", "IN:GET_STORIES_NEWS]"]}
{"loss": 0.9945545792579651, "class_log_probabilities": [-0.7805715799331665, -3.6495208740234375, -4.771440029144287, -4.793644428253174], "predictions": [63, 64, 396, 65, 68, 4], "target_tokens": ["[IN:PLAY_MUSIC", "[SL:MUSIC_TYPE", "@ptr1", "SL:MUSIC_TYPE]", "IN:PLAY_MUSIC]"], "predicted_tokens": ["[IN:PLAY_MUSIC", "[SL:MUSIC_TYPE", "@ptr1", "SL:MUSIC_TYPE]", "IN:PLAY_MUSIC]"]}
{"loss": 2.029200553894043, "class_log_probabilities": [-2.8466897010803223, -3.1091740131378174, -6.045538425445557, -6.435018539428711], "predictions": [45, 46, 4, 4, 4, 4, 4, 4, 4, 4, 4, 4, 4, 4, 4, 4, 4], "target_tokens": ["[IN:CREATE_ALARM", "[SL:ALARM_NAME", "@ptr4", "@ptr5", "@ptr6", "SL:ALARM_NAME]", "[SL:DATE_TIME", "@ptr7", "@ptr8", "@ptr9", "@ptr10", "@ptr11", "@ptr12", "@ptr13", "@ptr14", "SL:DATE_TIME]", "IN:CREATE_ALARM]"], "predicted_tokens": ["[IN:CREATE_ALARM", "IN:CREATE_ALARM]"]}
{"loss": 2.1657867431640625, "class_log_probabilities": [-1.5932096242904663, -2.3856828212738037, -3.751131772994995, -4.557795524597168], "predictions": [45, 16, 400, 401, 17, 46, 4, 4], "target_tokens": ["[IN:CREATE_ALARM", "[SL:DATE_TIME", "@ptr3", "@ptr4", "@ptr5", "SL:DATE_TIME]", "IN:CREATE_ALARM]"], "predicted_tokens": ["[IN:CREATE_ALARM", "[SL:DATE_TIME", "@ptr5", "@ptr6", "SL:DATE_TIME]", "IN:CREATE_ALARM]"]}
{"loss": 0.9694929718971252, "class_log_probabilities": [-0.3594273626804352, -7.408819198608398, -7.638436317443848, -8.983260154724121], "predictions": [63, 64, 396, 65, 68, 4, 4, 4, 4], "target_tokens": ["[IN:PLAY_MUSIC", "[SL:MUSIC_TYPE", "@ptr1", "SL:MUSIC_TYPE]", "IN:PLAY_MUSIC]"], "predicted_tokens": ["[IN:PLAY_MUSIC", "[SL:MUSIC_TYPE", "@ptr1", "SL:MUSIC_TYPE]", "IN:PLAY_MUSIC]"]}
{"loss": 3.4996023178100586, "class_log_probabilities": [-0.4423859119415283, -4.993841648101807, -5.45584774017334, -5.871771335601807], "predictions": [115, 90, 403, 91, 116, 4, 4, 4, 4], "target_tokens": ["[IN:GET_TIMER", "[SL:METHOD_TIMER", "@ptr5", "@ptr6", "@ptr7", "SL:METHOD_TIMER]", "IN:GET_TIMER]"], "predicted_tokens": ["[IN:GET_TIMER", "[SL:METHOD_TIMER", "@ptr8", "SL:METHOD_TIMER]", "IN:GET_TIMER]"]}
{"loss": 5.000669956207275, "class_log_probabilities": [-1.2211676836013794, -1.9501875638961792, -3.157604694366455, -3.162464141845703], "predictions": [115, 90, 398, 91, 116, 4], "target_tokens": ["[IN:RESTART_TIMER", "[SL:METHOD_TIMER", "@ptr1", "@ptr2", "@ptr3", "SL:METHOD_TIMER]", "IN:RESTART_TIMER]"], "predicted_tokens": ["[IN:GET_TIMER", "[SL:METHOD_TIMER", "@ptr3", "SL:METHOD_TIMER]", "IN:GET_TIMER]"]}
{"loss": 2.102727174758911, "class_log_probabilities": [-2.97318959236145, -4.3821516036987305, -4.9328508377075195, -7.011188983917236], "predictions": [51, 52, 396, 397, 398, 53, 54, 4, 4], "target_tokens": ["[IN:CREATE_PLAYLIST_MUSIC", "[SL:MUSIC_TYPE", "@ptr1", "@ptr2", "@ptr3", "@ptr4", "SL:MUSIC_TYPE]", "IN:CREATE_PLAYLIST_MUSIC]"], "predicted_tokens": ["[IN:GET_RECIPES", "[SL:RECIPES_DISH", "@ptr1", "@ptr2", "@ptr3", "SL:RECIPES_DISH]", "IN:GET_RECIPES]"]}
{"loss": 1.0634679794311523, "class_log_probabilities": [-2.837899923324585, -3.0710010528564453, -3.8418760299682617, -4.257032871246338], "predictions": [39, 40, 396, 41, 56, 399, 400, 401, 402, 57, 16, 404, 17, 42, 4, 4, 4], "target_tokens": ["[IN:GET_STORIES_NEWS", "[SL:NEWS_TYPE", "@ptr1", "SL:NEWS_TYPE]", "[SL:NEWS_TOPIC", "@ptr4", "@ptr5", "@ptr6", "@ptr7", "SL:NEWS_TOPIC]", "[SL:DATE_TIME", "@ptr8", "@ptr9", "SL:DATE_TIME]", "IN:GET_STORIES_NEWS]"], "predicted_tokens": ["[IN:GET_STORIES_NEWS", "[SL:NEWS_TYPE", "@ptr1", "SL:NEWS_TYPE]", "[SL:NEWS_TOPIC", "@ptr4", "@ptr5", "@ptr6", "@ptr7", "SL:NEWS_TOPIC]", "[SL:DATE_TIME", "@ptr9", "SL:DATE_TIME]", "IN:GET_STORIES_NEWS]"]}
{"loss": 3.2757506370544434, "class_log_probabilities": [-1.0234036445617676, -3.661120891571045, -4.184626579284668, -4.506733417510986], "predictions": [89, 90, 401, 91, 92, 4], "target_tokens": ["[IN:RESTART_TIMER", "[SL:METHOD_TIMER", "@ptr3", "@ptr4", "@ptr5", "SL:METHOD_TIMER]", "IN:RESTART_TIMER]"], "predicted_tokens": ["[IN:CREATE_TIMER", "[SL:METHOD_TIMER", "@ptr6", "SL:METHOD_TIMER]", "IN:CREATE_TIMER]"]}
{"loss": 2.206850290298462, "class_log_probabilities": [-1.6632717847824097, -3.6393280029296875, -3.9046566486358643, -5.057411193847656], "predictions": [115, 116, 4], "target_tokens": ["[IN:GET_ALARM", "IN:GET_ALARM]"], "predicted_tokens": ["[IN:GET_TIMER", "IN:GET_TIMER]"]}
{"loss": 3.1197099685668945, "class_log_probabilities": [-0.7436757683753967, -4.39030122756958, -5.855897903442383, -6.160991191864014], "predictions": [89, 16, 399, 400, 401, 402, 17, 92, 4], "target_tokens": ["[IN:CREATE_ALARM", "[SL:DATE_TIME", "@ptr3", "@ptr4", "@ptr5", "@ptr6", "SL:DATE_TIME]", "IN:CREATE_ALARM]"], "predicted_tokens": ["[IN:CREATE_TIMER", "[SL:DATE_TIME", "@ptr4", "@ptr5", "@ptr6", "@ptr7", "SL:DATE_TIME]", "IN:CREATE_TIMER]"]}
{"loss": 0.9779106378555298, "class_log_probabilities": [-0.5680232048034668, -3.3333382606506348, -6.428454875946045, -6.565743446350098], "predictions": [219, 16, 396, 397, 17, 220, 4, 4], "target_tokens": ["[IN:SUBTRACT_TIME_TIMER", "[SL:DATE_TIME", "@ptr1", "@ptr2", "SL:DATE_TIME]", "IN:SUBTRACT_TIME_TIMER]"], "predicted_tokens": ["[IN:SUBTRACT_TIME_TIMER", "[SL:DATE_TIME", "@ptr1", "@ptr2", "SL:DATE_TIME]", "IN:SUBTRACT_TIME_TIMER]"]}
{"loss": 2.2842559814453125, "class_log_probabilities": [-0.72210294008255, -5.318703651428223, -5.5680365562438965, -6.304800510406494], "predictions": [39, 40, 396, 41, 56, 397, 398, 57, 42, 4], "target_tokens": ["[IN:GET_STORIES_NEWS", "[SL:NEWS_CATEGORY", "@ptr2", "@ptr3", "SL:NEWS_CATEGORY]", "[SL:NEWS_TYPE", "@ptr1", "SL:NEWS_TYPE]", "IN:GET_STORIES_NEWS]"], "predicted_tokens": ["[IN:GET_STORIES_NEWS", "[SL:NEWS_TYPE", "@ptr1", "SL:NEWS_TYPE]", "[SL:NEWS_TOPIC", "@ptr2", "@ptr3", "SL:NEWS_TOPIC]", "IN:GET_STORIES_NEWS]"]}
{"loss": 0.9783200025558472, "class_log_probabilities": [-0.9491645097732544, -5.551678657531738, -6.398440837860107, -6.624420642852783], "predictions": [63, 64, 396, 65, 66, 398, 399, 400, 401, 402, 67, 68, 4], "target_tokens": ["[IN:PLAY_MUSIC", "[SL:MUSIC_TYPE", "@ptr1", "SL:MUSIC_TYPE]", "[SL:MUSIC_ARTIST_NAME", "@ptr3", "@ptr4", "@ptr5", "@ptr6", "@ptr7", "SL:MUSIC_ARTIST_NAME]", "IN:PLAY_MUSIC]"], "predicted_tokens": ["[IN:PLAY_MUSIC", "[SL:MUSIC_TYPE", "@ptr1", "SL:MUSIC_TYPE]", "[SL:MUSIC_ARTIST_NAME", "@ptr3", "@ptr4", "@ptr5", "@ptr6", "@ptr7", "SL:MUSIC_ARTIST_NAME]", "IN:PLAY_MUSIC]"]}
{"loss": 2.3664801120758057, "class_log_probabilities": [-2.9474730491638184, -3.520751476287842, -4.922179698944092, -5.156743049621582], "predictions": [39, 40, 396, 397, 398, 399, 41, 133, 402, 403, 404, 134, 42, 4, 4, 4, 4], "target_tokens": ["[IN:GET_STORIES_NEWS", "[SL:NEWS_TYPE", "@ptr1", "@ptr2", "@ptr3", "SL:NEWS_TYPE]", "[SL:NEWS_SOURCE", "@ptr6", "@ptr7", "@ptr8", "SL:NEWS_SOURCE]", "IN:GET_STORIES_NEWS]"], "predicted_tokens": ["[IN:GET_STORIES_NEWS", "[SL:NEWS_TYPE", "@ptr1", "@ptr2", "@ptr3", "@ptr4", "SL:NEWS_TYPE]", "[SL:NEWS_SOURCE", "@ptr7", "@ptr8", "@ptr9", "SL:NEWS_SOURCE]", "IN:GET_STORIES_NEWS]"]}
{"loss": 0.9563446044921875, "class_log_probabilities": [-0.4477790594100952, -8.457290649414062, -9.005855560302734, -9.074410438537598], "predictions": [13, 16, 395, 396, 17, 18, 4, 4, 4], "target_tokens": ["[IN:GET_WEATHER", "[SL:DATE_TIME", "@ptr0", "@ptr1", "SL:DATE_TIME]", "IN:GET_WEATHER]"], "predicted_tokens": ["[IN:GET_WEATHER", "[SL:DATE_TIME", "@ptr0", "@ptr1", "SL:DATE_TIME]", "IN:GET_WEATHER]"]}
{"loss": 2.141709804534912, "class_log_probabilities": [-1.5421652793884277, -3.7037248611450195, -3.963054656982422, -5.07485818862915], "predictions": [45, 16, 399, 400, 401, 402, 403, 404, 405, 406, 17, 46, 4], "target_tokens": ["[IN:CREATE_ALARM", "[SL:DATE_TIME", "@ptr3", "@ptr4", "@ptr5", "@ptr6", "@ptr7", "@ptr8", "@ptr9", "@ptr10", "SL:DATE_TIME]", "IN:CREATE_ALARM]"], "predicted_tokens": ["[IN:CREATE_ALARM", "[SL:DATE_TIME", "@ptr4", "@ptr5", "@ptr6", "@ptr7", "@ptr8", "@ptr9", "@ptr10", "@ptr11", "SL:DATE_TIME]", "IN:CREATE_ALARM]"]}
{"loss": 3.237811326980591, "class_log_probabilities": [-0.9317435622215271, -4.142636299133301, -4.2013068199157715, -4.420270919799805], "predictions": [287, 66, 396, 397, 67, 288, 4], "target_tokens": ["[IN:REPLAY_MUSIC", "[SL:MUSIC_TYPE", "@ptr1", "SL:MUSIC_TYPE]", "IN:REPLAY_MUSIC]"], "predicted_tokens": ["[IN:REPLAY_MUSIC", "[SL:MUSIC_ARTIST_NAME", "@ptr1", "@ptr2", "SL:MUSIC_ARTIST_NAME]", "IN:REPLAY_MUSIC]"]}
{"loss": 1.9818984270095825, "class_log_probabilities": [-0.7805414199829102, -6.189395904541016, -6.192934036254883, -6.337703704833984], "predictions": [13, 79, 397, 80, 14, 399, 15, 16, 401, 402, 17, 18, 4, 4], "target_tokens": ["[IN:GET_WEATHER", "[SL:WEATHER_ATTRIBUTE", "@ptr2", "SL:WEATHER_ATTRIBUTE]", "[SL:LOCATION", "@ptr4", "SL:LOCATION]", "[SL:DATE_TIME", "@ptr5", "@ptr6", "SL:DATE_TIME]", "IN:GET_WEATHER]"], "predicted_tokens": ["[IN:GET_WEATHER", "[SL:WEATHER_ATTRIBUTE", "@ptr2", "SL:WEATHER_ATTRIBUTE]", "[SL:LOCATION", "@ptr4", "SL:LOCATION]", "[SL:DATE_TIME", "@ptr6", "@ptr7", "SL:DATE_TIME]", "IN:GET_WEATHER]"]}
{"loss": 2.6348507404327393, "class_log_probabilities": [-1.324747920036316, -4.173941135406494, -4.411749839782715, -5.840087890625], "predictions": [39, 40, 395, 41, 56, 399, 400, 57, 42, 4, 4, 4, 4], "target_tokens": ["[IN:GET_STORIES_NEWS", "[SL:DATE_TIME", "@ptr1", "SL:DATE_TIME]", "[SL:NEWS_TYPE", "@ptr0", "SL:NEWS_TYPE]", "[SL:NEWS_TOPIC", "@ptr4", "SL:NEWS_TOPIC]", "IN:GET_STORIES_NEWS]"], "predicted_tokens": ["[IN:GET_STORIES_NEWS", "[SL:NEWS_TYPE", "@ptr0", "SL:NEWS_TYPE]", "[SL:NEWS_TOPIC", "@ptr4", "@ptr5", "SL:NEWS_TOPIC]", "IN:GET_STORIES_NEWS]"]}
{"loss": 2.373887538909912, "class_log_probabilities": [-2.557400703430176, -4.11910343170166, -6.2027974128723145, -6.308314800262451], "predictions": [63, 64, 396, 65, 66, 397, 398, 399, 400, 401, 402, 67, 68, 4, 4, 4, 4, 4], "target_tokens": ["[IN:PLAY_MUSIC", "[SL:MUSIC_GENRE", "@ptr2", "@ptr3", "@ptr4", "SL:MUSIC_GENRE]", "[SL:MUSIC_TYPE", "@ptr1", "SL:MUSIC_TYPE]", "[SL:MUSIC_PROVIDER_NAME", "@ptr8", "@ptr9", "@ptr10", "@ptr11", "SL:MUSIC_PROVIDER_NAME]", "IN:PLAY_MUSIC]"], "predicted_tokens": ["[IN:PLAY_MUSIC", "[SL:MUSIC_TYPE", "@ptr1", "SL:MUSIC_TYPE]", "[SL:MUSIC_ARTIST_NAME", "@ptr2", "@ptr3", "@ptr4", "@ptr5", "@ptr6", "@ptr7", "SL:MUSIC_ARTIST_NAME]", "IN:PLAY_MUSIC]"]}
{"loss": 1.5272728204727173, "class_log_probabilities": [-0.8475325107574463, -3.8747684955596924, -4.451162338256836, -6.3309006690979], "predictions": [13, 79, 397, 80, 16, 399, 400, 401, 17, 18, 4, 4], "target_tokens": ["[IN:GET_WEATHER", "[SL:WEATHER_ATTRIBUTE", "@ptr2", "SL:WEATHER_ATTRIBUTE]", "[SL:DATE_TIME", "@ptr3", "@ptr4", "@ptr5", "SL:DATE_TIME]", "IN:GET_WEATHER]"], "predicted_tokens": ["[IN:GET_WEATHER", "[SL:WEATHER_ATTRIBUTE", "@ptr2", "SL:WEATHER_ATTRIBUTE]", "[SL:DATE_TIME", "@ptr4", "@ptr5", "@ptr6", "SL:DATE_TIME]", "IN:GET_WEATHER]"]}
{"loss": 3.6626102924346924, "class_log_probabilities": [-0.592825710773468, -5.118988990783691, -6.193481922149658, -6.421876430511475], "predictions": [89, 90, 397, 91, 16, 400, 401, 402, 17, 92, 4, 4], "target_tokens": ["[IN:CREATE_TIMER", "[SL:METHOD_TIMER", "@ptr1", "@ptr2", "SL:METHOD_TIMER]", "[SL:DATE_TIME", "@ptr4", "@ptr5", "@ptr6", "SL:DATE_TIME]", "IN:CREATE_TIMER]"], "predicted_tokens": ["[IN:CREATE_TIMER", "[SL:METHOD_TIMER", "@ptr2", "SL:METHOD_TIMER]", "[SL:DATE_TIME", "@ptr5", "@ptr6", "@ptr7", "SL:DATE_TIME]", "IN:CREATE_TIMER]"]}
{"loss": 2.60961651802063, "class_log_probabilities": [-0.5136598944664001, -3.620407819747925, -5.831418514251709, -5.977550983428955], "predictions": [13, 14, 399, 400, 401, 15, 18, 4], "target_tokens": ["[IN:GET_WEATHER", "[SL:LOCATION", "@ptr3", "@ptr4", "@ptr5", "SL:LOCATION]", "IN:GET_WEATHER]"], "predicted_tokens": ["[IN:GET_WEATHER", "[SL:LOCATION", "@ptr4", "@ptr5", "@ptr6", "SL:LOCATION]", "IN:GET_WEATHER]"]}
{"loss": 3.9451537132263184, "class_log_probabilities": [-4.587447643280029, -5.411276817321777, -5.79594087600708, -5.967085838317871], "predictions": [39, 40, 396, 41, 56, 401, 57, 16, 405, 17, 42, 4, 4, 4, 4, 4], "target_tokens": ["[IN:GET_STORIES_NEWS", "[SL:NEWS_REFERENCE", "@ptr2", "@ptr3", "SL:NEWS_REFERENCE]", "[SL:NEWS_TYPE", "@ptr0", "@ptr1", "SL:NEWS_TYPE]", "[SL:NEWS_TOPIC", "@ptr5", "SL:NEWS_TOPIC]", "IN:GET_STORIES_NEWS]"], "predicted_tokens": ["[IN:GET_STORIES_NEWS", "[SL:NEWS_TYPE", "@ptr1", "SL:NEWS_TYPE]", "[SL:NEWS_TOPIC", "@ptr6", "SL:NEWS_TOPIC]", "[SL:DATE_TIME", "@ptr10", "SL:DATE_TIME]", "IN:GET_STORIES_NEWS]"]}
{"loss": 2.1754965782165527, "class_log_probabilities": [-3.173569917678833, -3.240839719772339, -3.60548734664917, -3.6781599521636963], "predictions": [39, 40, 397, 41, 16, 401, 402, 403, 17, 42, 4], "target_tokens": ["[IN:GET_STORIES_NEWS", "[SL:NEWS_TYPE", "@ptr0", "@ptr1", "SL:NEWS_TYPE]", "[SL:DATE_TIME", "@ptr6", "@ptr7", "SL:DATE_TIME]", "IN:GET_STORIES_NEWS]"], "predicted_tokens": ["[IN:GET_STORIES_NEWS", "[SL:NEWS_TYPE", "@ptr2", "SL:NEWS_TYPE]", "[SL:DATE_TIME", "@ptr6", "@ptr7", "@ptr8", "SL:DATE_TIME]", "IN:GET_STORIES_NEWS]"]}
{"loss": 2.2694497108459473, "class_log_probabilities": [-4.409135341644287, -5.544849395751953, -5.98349142074585, -7.048361301422119], "predictions": [45, 16, 403, 404, 405, 406, 407, 17, 46, 4, 4, 4], "target_tokens": ["[IN:CREATE_ALARM", "[SL:ALARM_NAME", "@ptr2", "@ptr3", "@ptr4", "@ptr5", "@ptr6", "SL:ALARM_NAME]", "[SL:DATE_TIME", "@ptr7", "@ptr8", "@ptr9", "@ptr10", "@ptr11", "@ptr12", "@ptr13", "@ptr14", "@ptr15", "@ptr16", "@ptr17", "SL:DATE_TIME]", "IN:CREATE_ALARM]"], "predicted_tokens": ["[IN:CREATE_ALARM", "[SL:DATE_TIME", "@ptr8", "@ptr9", "@ptr10", "@ptr11", "@ptr12", "SL:DATE_TIME]", "IN:CREATE_ALARM]"]}
{"loss": 2.4590885639190674, "class_log_probabilities": [-0.3858439028263092, -5.377967834472656, -5.563150405883789, -6.725627899169922], "predictions": [39, 40, 399, 41, 42, 4], "target_tokens": ["[IN:GET_STORIES_NEWS", "[SL:NEWS_REFERENCE", "@ptr2", "@ptr3", "SL:NEWS_REFERENCE]", "[SL:NEWS_TYPE", "@ptr4", "SL:NEWS_TYPE]", "IN:GET_STORIES_NEWS]"], "predicted_tokens": ["[IN:GET_STORIES_NEWS", "[SL:NEWS_TYPE", "@ptr4", "SL:NEWS_TYPE]", "IN:GET_STORIES_NEWS]"]}
{"loss": 2.7351367473602295, "class_log_probabilities": [-0.5236005783081055, -4.29259729385376, -5.1379618644714355, -5.231565952301025], "predictions": [115, 90, 397, 91, 116, 4], "target_tokens": ["[IN:GET_TIMER", "[SL:METHOD_TIMER", "@ptr0", "@ptr1", "@ptr2", "SL:METHOD_TIMER]", "IN:GET_TIMER]"], "predicted_tokens": ["[IN:GET_TIMER", "[SL:METHOD_TIMER", "@ptr2", "SL:METHOD_TIMER]", "IN:GET_TIMER]"]}
{"loss": 2.525846242904663, "class_log_probabilities": [-2.407058000564575, -2.7186262607574463, -3.1203155517578125, -3.8674886226654053], "predictions": [63, 206, 399, 207, 68, 4], "target_tokens": ["[IN:START_SHUFFLE_MUSIC", "[SL:MUSIC_TYPE", "@ptr3", "SL:MUSIC_TYPE]", "IN:START_SHUFFLE_MUSIC]"], "predicted_tokens": ["[IN:PLAY_MUSIC", "[SL:MUSIC_ALBUM_TITLE", "@ptr4", "SL:MUSIC_ALBUM_TITLE]", "IN:PLAY_MUSIC]"]}
{"loss": 2.7407259941101074, "class_log_probabilities": [-1.8258332014083862, -2.635307788848877, -3.3050308227539062, -3.425114154815674], "predictions": [89, 90, 397, 398, 91, 92, 4, 4, 4, 4, 4, 4, 4], "target_tokens": ["[IN:CREATE_TIMER", "[SL:METHOD_TIMER", "@ptr1", "@ptr2", "@ptr3", "SL:METHOD_TIMER]", "[SL:DATE_TIME", "@ptr4", "@ptr5", "@ptr6", "@ptr7", "SL:DATE_TIME]", "IN:CREATE_TIMER]"], "predicted_tokens": ["[IN:CREATE_TIMER", "[SL:METHOD_TIMER", "@ptr2", "@ptr3", "SL:METHOD_TIMER]", "IN:CREATE_TIMER]"]}
{"loss": 2.8609745502471924, "class_log_probabilities": [-1.653337836265564, -2.941527843475342, -3.26212739944458, -4.283729553222656], "predictions": [45, 16, 399, 400, 401, 402, 403, 404, 17, 46, 4, 4], "target_tokens": ["[IN:CREATE_ALARM", "[SL:DATE_TIME", "@ptr2", "@ptr3", "@ptr4", "@ptr5", "@ptr6", "@ptr7", "@ptr8", "SL:DATE_TIME]", "IN:CREATE_ALARM]"], "predicted_tokens": ["[IN:CREATE_ALARM", "[SL:DATE_TIME", "@ptr4", "@ptr5", "@ptr6", "@ptr7", "@ptr8", "@ptr9", "SL:DATE_TIME]", "IN:CREATE_ALARM]"]}
{"loss": 2.6360769271850586, "class_log_probabilities": [-0.9765249490737915, -2.527651071548462, -4.912963390350342, -5.517674446105957], "predictions": [115, 90, 397, 91, 116, 4], "target_tokens": ["[IN:GET_TIMER", "[SL:METHOD_TIMER", "@ptr0", "@ptr1", "@ptr2", "SL:METHOD_TIMER]", "IN:GET_TIMER]"], "predicted_tokens": ["[IN:GET_TIMER", "[SL:METHOD_TIMER", "@ptr2", "SL:METHOD_TIMER]", "IN:GET_TIMER]"]}
{"loss": 2.879948616027832, "class_log_probabilities": [-3.170374631881714, -3.8088290691375732, -3.856135368347168, -4.382012367248535], "predictions": [61, 16, 395, 17, 62, 4, 4], "target_tokens": ["[IN:GET_STORIES_NEWS", "[SL:NEWS_REFERENCE", "@ptr4", "SL:NEWS_REFERENCE]", "[SL:NEWS_TYPE", "@ptr3", "SL:NEWS_TYPE]", "IN:GET_STORIES_NEWS]"], "predicted_tokens": ["[IN:GET_EVENT", "[SL:DATE_TIME", "@ptr0", "SL:DATE_TIME]", "IN:GET_EVENT]"]}
{"loss": 1.6264559030532837, "class_log_probabilities": [-1.7948616743087769, -1.8539111614227295, -3.6082804203033447, -5.595186233520508], "predictions": [45, 16, 399, 400, 401, 402, 403, 404, 405, 406, 17, 46, 4, 4, 4, 4, 4], "target_tokens": ["[IN:CREATE_ALARM", "[SL:DATE_TIME", "@ptr3", "@ptr4", "@ptr5", "@ptr6", "@ptr7", "@ptr8", "@ptr9", "@ptr10", "@ptr11", "SL:DATE_TIME]", "IN:CREATE_ALARM]"], "predicted_tokens": ["[IN:CREATE_ALARM", "[SL:DATE_TIME", "@ptr4", "@ptr5", "@ptr6", "@ptr7", "@ptr8", "@ptr9", "@ptr10", "@ptr11", "SL:DATE_TIME]", "IN:CREATE_ALARM]"]}
{"loss": 3.732409954071045, "class_log_probabilities": [-2.2538185119628906, -4.670133590698242, -4.7963175773620605, -5.1027326583862305], "predictions": [33, 38, 4, 4, 4, 4, 4, 4], "target_tokens": ["[IN:DELETE_ALARM", "[SL:ORDINAL", "@ptr3", "@ptr4", "@ptr5", "SL:ORDINAL]", "IN:DELETE_ALARM]"], "predicted_tokens": ["[IN:DELETE_REMINDER", "IN:DELETE_REMINDER]"]}
{"loss": 3.6482772827148438, "class_log_probabilities": [-0.5614491105079651, -2.9189538955688477, -6.750537395477295, -7.438215732574463], "predictions": [13, 16, 400, 401, 17, 18, 4, 4], "target_tokens": ["[IN:GET_WEATHER", "[SL:DATE_TIME", "@ptr4", "@ptr5", "SL:DATE_TIME]", "IN:GET_WEATHER]"], "predicted_tokens": ["[IN:GET_WEATHER", "[SL:DATE_TIME", "@ptr5", "@ptr6", "SL:DATE_TIME]", "IN:GET_WEATHER]"]}
{"loss": 3.1053762435913086, "class_log_probabilities": [-1.3789552450180054, -1.6726053953170776, -3.9938175678253174, -4.223283290863037], "predictions": [89, 92, 4, 4, 4, 4], "target_tokens": ["[IN:CREATE_TIMER", "[SL:METHOD_TIMER", "@ptr2", "@ptr3", "@ptr4", "SL:METHOD_TIMER]", "IN:CREATE_TIMER]"], "predicted_tokens": ["[IN:CREATE_TIMER", "IN:CREATE_TIMER]"]}
{"loss": 3.6735622882843018, "class_log_probabilities": [-0.604119062423706, -6.015345573425293, -6.321258068084717, -6.47053337097168], "predictions": [89, 90, 397, 91, 16, 400, 401, 402, 17, 92, 4], "target_tokens": ["[IN:CREATE_TIMER", "[SL:METHOD_TIMER", "@ptr1", "@ptr2", "SL:METHOD_TIMER]", "[SL:DATE_TIME", "@ptr3", "@ptr4", "@ptr5", "@ptr6", "SL:DATE_TIME]", "IN:CREATE_TIMER]"], "predicted_tokens": ["[IN:CREATE_TIMER", "[SL:METHOD_TIMER", "@ptr2", "SL:METHOD_TIMER]", "[SL:DATE_TIME", "@ptr5", "@ptr6", "@ptr7", "SL:DATE_TIME]", "IN:CREATE_TIMER]"]}
{"loss": 4.094420909881592, "class_log_probabilities": [-2.031597852706909, -2.7192671298980713, -4.102931976318359, -4.4110517501831055], "predictions": [111, 34, 400, 35, 16, 402, 403, 404, 17, 112, 4], "target_tokens": ["[IN:SNOOZE_ALARM", "[SL:DATE_TIME", "@ptr5", "@ptr6", "@ptr7", "@ptr8", "SL:DATE_TIME]", "IN:SNOOZE_ALARM]"], "predicted_tokens": ["[IN:UPDATE_REMINDER_DATE_TIME", "[SL:PERSON_REMINDED", "@ptr5", "SL:PERSON_REMINDED]", "[SL:DATE_TIME", "@ptr7", "@ptr8", "@ptr9", "SL:DATE_TIME]", "IN:UPDATE_REMINDER_DATE_TIME]"]}
{"loss": 1.9652808904647827, "class_log_probabilities": [-1.4241334199905396, -3.1587350368499756, -3.493274211883545, -4.56361722946167], "predictions": [45, 16, 400, 401, 402, 403, 404, 17, 46, 4], "target_tokens": ["[IN:CREATE_ALARM", "[SL:DATE_TIME", "@ptr4", "@ptr5", "@ptr6", "@ptr7", "@ptr8", "@ptr9", "SL:DATE_TIME]", "IN:CREATE_ALARM]"], "predicted_tokens": ["[IN:CREATE_ALARM", "[SL:DATE_TIME", "@ptr5", "@ptr6", "@ptr7", "@ptr8", "@ptr9", "SL:DATE_TIME]", "IN:CREATE_ALARM]"]}
{"loss": 0.9748892188072205, "class_log_probabilities": [-0.3418503403663635, -7.573821067810059, -7.581919193267822, -7.684887886047363], "predictions": [217, 64, 395, 65, 218, 4], "target_tokens": ["[IN:GET_TRACK_INFO_MUSIC", "[SL:MUSIC_TYPE", "@ptr0", "SL:MUSIC_TYPE]", "IN:GET_TRACK_INFO_MUSIC]"], "predicted_tokens": ["[IN:GET_TRACK_INFO_MUSIC", "[SL:MUSIC_TYPE", "@ptr0", "SL:MUSIC_TYPE]", "IN:GET_TRACK_INFO_MUSIC]"]}
{"loss": 4.258808612823486, "class_log_probabilities": [-0.7722817063331604, -3.1515700817108154, -4.960712432861328, -5.921996116638184], "predictions": [89, 90, 399, 91, 16, 401, 402, 403, 17, 92, 4, 4], "target_tokens": ["[IN:CREATE_TIMER", "[SL:METHOD_TIMER", "@ptr1", "@ptr2", "@ptr3", "SL:METHOD_TIMER]", "[SL:DATE_TIME", "@ptr4", "@ptr5", "@ptr6", "SL:DATE_TIME]", "IN:CREATE_TIMER]"], "predicted_tokens": ["[IN:CREATE_TIMER", "[SL:METHOD_TIMER", "@ptr4", "SL:METHOD_TIMER]", "[SL:DATE_TIME", "@ptr6", "@ptr7", "@ptr8", "SL:DATE_TIME]", "IN:CREATE_TIMER]"]}
{"loss": 0.9686409831047058, "class_log_probabilities": [-0.33035293221473694, -7.617273330688477, -8.017539978027344, -8.186502456665039], "predictions": [39, 40, 397, 41, 42, 4, 4, 4, 4], "target_tokens": ["[IN:GET_STORIES_NEWS", "[SL:NEWS_TYPE", "@ptr2", "SL:NEWS_TYPE]", "IN:GET_STORIES_NEWS]"], "predicted_tokens": ["[IN:GET_STORIES_NEWS", "[SL:NEWS_TYPE", "@ptr2", "SL:NEWS_TYPE]", "IN:GET_STORIES_NEWS]"]}
{"loss": 2.6191513538360596, "class_log_probabilities": [-0.8512973785400391, -2.950929641723633, -4.109869956970215, -4.889840602874756], "predictions": [115, 90, 396, 397, 398, 399, 91, 116, 4], "target_tokens": ["[IN:GET_TIMER", "[SL:METHOD_TIMER", "@ptr0", "@ptr1", "@ptr2", "@ptr3", "SL:METHOD_TIMER]", "IN:GET_TIMER]"], "predicted_tokens": ["[IN:GET_TIMER", "[SL:METHOD_TIMER", "@ptr1", "@ptr2", "@ptr3", "@ptr4", "SL:METHOD_TIMER]", "IN:GET_TIMER]"]}
{"loss": 2.576713800430298, "class_log_probabilities": [-0.5165024399757385, -4.336745262145996, -5.619223594665527, -6.558093070983887], "predictions": [45, 16, 399, 17, 46, 4, 4], "target_tokens": ["[IN:CREATE_ALARM", "IN:CREATE_ALARM]"], "predicted_tokens": ["[IN:CREATE_ALARM", "[SL:DATE_TIME", "@ptr4", "SL:DATE_TIME]", "IN:CREATE_ALARM]"]}
{"loss": 2.0631473064422607, "class_log_probabilities": [-4.15702486038208, -5.0750017166137695, -5.214910507202148, -5.449441432952881], "predictions": [49, 34, 400, 35, 16, 402, 403, 404, 405, 407, 409, 17, 50, 4, 4], "target_tokens": ["[IN:CREATE_ALARM", "[SL:DATE_TIME", "@ptr6", "@ptr7", "@ptr8", "@ptr9", "@ptr10", "@ptr11", "@ptr12", "@ptr13", "@ptr14", "SL:DATE_TIME]", "IN:CREATE_ALARM]"], "predicted_tokens": ["[IN:CREATE_REMINDER", "[SL:PERSON_REMINDED", "@ptr5", "SL:PERSON_REMINDED]", "[SL:DATE_TIME", "@ptr7", "@ptr8", "@ptr9", "@ptr10", "@ptr12", "@ptr14", "SL:DATE_TIME]", "IN:CREATE_REMINDER]"]}
{"loss": 1.4248950481414795, "class_log_probabilities": [-2.2682271003723145, -2.9076154232025146, -3.728696346282959, -4.1355767250061035], "predictions": [45, 16, 400, 401, 402, 403, 404, 405, 406, 407, 17, 46, 4, 4], "target_tokens": ["[IN:CREATE_ALARM", "[SL:DATE_TIME", "@ptr4", "@ptr5", "@ptr6", "@ptr7", "@ptr8", "@ptr9", "@ptr10", "@ptr11", "@ptr12", "@ptr13", "SL:DATE_TIME]", "IN:CREATE_ALARM]"], "predicted_tokens": ["[IN:CREATE_ALARM", "[SL:DATE_TIME", "@ptr5", "@ptr6", "@ptr7", "@ptr8", "@ptr9", "@ptr10", "@ptr11", "@ptr12", "SL:DATE_TIME]", "IN:CREATE_ALARM]"]}
{"loss": 3.8517258167266846, "class_log_probabilities": [-1.4638690948486328, -3.269115924835205, -4.21440315246582, -4.912219524383545], "predictions": [51, 54, 4, 4, 4, 4, 4, 4, 4, 4, 4, 4, 4], "target_tokens": ["[IN:GET_RECIPES", "[SL:RECIPES_ATTRIBUTE", "@ptr3", "@ptr4", "SL:RECIPES_ATTRIBUTE]", "[SL:RECIPES_INCLUDED_INGREDIENT", "@ptr6", "@ptr7", "SL:RECIPES_INCLUDED_INGREDIENT]", "IN:GET_RECIPES]"], "predicted_tokens": ["[IN:GET_RECIPES", "IN:GET_RECIPES]"]}
{"loss": 2.7222955226898193, "class_log_probabilities": [-2.894216775894165, -3.2748584747314453, -3.769455909729004, -4.453138828277588], "predictions": [27, 28, 396, 29, 113, 403, 114, 30, 4, 4, 4, 4], "target_tokens": ["[IN:GET_INFO_RECIPES", "[SL:RECIPES_ATTRIBUTE", "@ptr0", "SL:RECIPES_ATTRIBUTE]", "[SL:RECIPES_COOKING_METHOD", "@ptr6", "SL:RECIPES_COOKING_METHOD]", "[SL:RECIPES_INCLUDED_INGREDIENT", "@ptr7", "SL:RECIPES_INCLUDED_INGREDIENT]", "[SL:RECIPES_COOKING_METHOD", "@ptr9", "@ptr10", "SL:RECIPES_COOKING_METHOD]", "IN:GET_INFO_RECIPES]"], "predicted_tokens": ["[IN:GET_INFO_RECIPES", "[SL:RECIPES_ATTRIBUTE", "@ptr1", "SL:RECIPES_ATTRIBUTE]", "[SL:RECIPES_COOKING_METHOD", "@ptr8", "SL:RECIPES_COOKING_METHOD]", "IN:GET_INFO_RECIPES]"]}
{"loss": 1.3725295066833496, "class_log_probabilities": [-1.275539755821228, -4.004831790924072, -4.163290023803711, -4.989803791046143], "predictions": [51, 341, 397, 398, 399, 400, 401, 402, 342, 54, 4], "target_tokens": ["[IN:GET_RECIPES", "[SL:RECIPES_DISH", "@ptr2", "@ptr3", "@ptr4", "@ptr5", "@ptr6", "@ptr7", "SL:RECIPES_DISH]", "IN:GET_RECIPES]"], "predicted_tokens": ["[IN:GET_RECIPES", "[SL:RECIPES_SOURCE", "@ptr2", "@ptr3", "@ptr4", "@ptr5", "@ptr6", "@ptr7", "SL:RECIPES_SOURCE]", "IN:GET_RECIPES]"]}
{"loss": 2.3077070713043213, "class_log_probabilities": [-4.521357536315918, -5.777984142303467, -6.47230339050293, -7.63952112197876], "predictions": [51, 289, 397, 290, 52, 399, 400, 401, 402, 403, 53, 113, 404, 114, 54, 4, 4], "target_tokens": ["[IN:GET_RECIPES", "[SL:RECIPES_RATING", "@ptr2", "SL:RECIPES_RATING]", "[SL:RECIPES_DISH", "@ptr5", "SL:RECIPES_DISH]", "[SL:RECIPES_COOKING_METHOD", "@ptr6", "@ptr7", "@ptr8", "SL:RECIPES_COOKING_METHOD]", "IN:GET_RECIPES]"], "predicted_tokens": ["[IN:GET_RECIPES", "[SL:RECIPES_RATING", "@ptr2", "SL:RECIPES_RATING]", "[SL:RECIPES_DISH", "@ptr4", "@ptr5", "@ptr6", "@ptr7", "@ptr8", "SL:RECIPES_DISH]", "[SL:RECIPES_COOKING_METHOD", "@ptr9", "SL:RECIPES_COOKING_METHOD]", "IN:GET_RECIPES]"]}
{"loss": 3.49467134475708, "class_log_probabilities": [-2.76241397857666, -3.6084213256835938, -4.396450996398926, -5.284400463104248], "predictions": [51, 52, 396, 397, 398, 399, 53, 54, 4, 4, 4, 4, 4], "target_tokens": ["[IN:GET_RECIPES", "[SL:RECIPES_ATTRIBUTE", "@ptr4", "@ptr5", "SL:RECIPES_ATTRIBUTE]", "[SL:RECIPES_DISH", "@ptr1", "@ptr2", "@ptr3", "SL:RECIPES_DISH]", "[SL:RECIPES_TYPE", "@ptr7", "@ptr8", "SL:RECIPES_TYPE]", "IN:GET_RECIPES]"], "predicted_tokens": ["[IN:GET_RECIPES", "[SL:RECIPES_DISH", "@ptr1", "@ptr2", "@ptr3", "@ptr4", "SL:RECIPES_DISH]", "IN:GET_RECIPES]"]}
{"loss": 3.750271797180176, "class_log_probabilities": [-1.8257241249084473, -2.0221662521362305, -3.100489377975464, -3.110497236251831], "predictions": [23, 269, 401, 402, 403, 404, 270, 26, 4], "target_tokens": ["[IN:SEND_MESSAGE", "[SL:GROUP", "@ptr5", "@ptr6", "@ptr7", "SL:GROUP]", "IN:SEND_MESSAGE]"], "predicted_tokens": ["[IN:SEND_MESSAGE", "[SL:GROUP", "@ptr6", "@ptr7", "@ptr8", "@ptr9", "SL:GROUP]", "IN:SEND_MESSAGE]"]}
{"loss": 2.3660242557525635, "class_log_probabilities": [-0.5328444838523865, -5.314667224884033, -5.752569675445557, -5.942607402801514], "predictions": [23, 10, 398, 399, 400, 401, 11, 26, 4], "target_tokens": ["[IN:SEND_MESSAGE", "[SL:NAME_APP", "@ptr3", "@ptr4", "@ptr5", "@ptr6", "SL:NAME_APP]", "IN:SEND_MESSAGE]"], "predicted_tokens": ["[IN:SEND_MESSAGE", "[SL:RECIPIENT", "@ptr3", "@ptr4", "@ptr5", "@ptr6", "SL:RECIPIENT]", "IN:SEND_MESSAGE]"]}
{"loss": 2.326606512069702, "class_log_probabilities": [-2.629457950592041, -3.455108642578125, -3.566072463989258, -3.7145016193389893], "predictions": [23, 10, 401, 402, 403, 11, 26, 4, 4, 4, 4, 4, 4], "target_tokens": ["[IN:SEND_MESSAGE", "[SL:RECIPIENT", "@ptr6", "@ptr7", "SL:RECIPIENT]", "[SL:NAME_APP", "@ptr9", "@ptr10", "@ptr11", "@ptr12", "SL:NAME_APP]", "IN:SEND_MESSAGE]"], "predicted_tokens": ["[IN:SEND_MESSAGE", "[SL:RECIPIENT", "@ptr6", "@ptr7", "@ptr8", "SL:RECIPIENT]", "IN:SEND_MESSAGE]"]}
{"loss": 2.018575668334961, "class_log_probabilities": [-1.3244993686676025, -3.5515735149383545, -4.512272834777832, -4.689362049102783], "predictions": [75, 6, 399, 7, 78, 4, 4, 4, 4], "target_tokens": ["[IN:CREATE_CALL", "[SL:CONTACT", "@ptr4", "@ptr5", "@ptr6", "SL:CONTACT]", "IN:CREATE_CALL]"], "predicted_tokens": ["[IN:CREATE_CALL", "[SL:CONTACT", "@ptr4", "SL:CONTACT]", "IN:CREATE_CALL]"]}
{"loss": 3.4550983905792236, "class_log_probabilities": [-1.9338170289993286, -2.243351459503174, -3.862274408340454, -3.930323839187622], "predictions": [75, 6, 401, 402, 403, 404, 405, 406, 407, 7, 78, 4, 4, 4, 4], "target_tokens": ["[IN:CREATE_CALL", "[SL:GROUP", "@ptr5", "@ptr6", "@ptr7", "@ptr8", "SL:GROUP]", "[SL:NAME_APP", "@ptr10", "@ptr11", "@ptr12", "SL:NAME_APP]", "IN:CREATE_CALL]"], "predicted_tokens": ["[IN:CREATE_CALL", "[SL:CONTACT", "@ptr6", "@ptr7", "@ptr8", "@ptr9", "@ptr10", "@ptr11", "@ptr12", "SL:CONTACT]", "IN:CREATE_CALL]"]}
{"loss": 2.774242877960205, "class_log_probabilities": [-3.5052919387817383, -4.129396438598633, -4.543609619140625, -8.402620315551758], "predictions": [23, 24, 400, 401, 402, 403, 404, 405, 25, 26, 4, 4, 4, 4, 4, 4, 4], "target_tokens": ["[IN:SET_RSVP_YES", "[SL:TITLE_EVENT", "@ptr4", "@ptr5", "@ptr6", "@ptr7", "@ptr8", "SL:TITLE_EVENT]", "IN:SET_RSVP_YES]"], "predicted_tokens": ["[IN:SEND_MESSAGE", "[SL:CONTENT_EXACT", "@ptr5", "@ptr6", "@ptr7", "@ptr8", "@ptr9", "@ptr10", "SL:CONTENT_EXACT]", "IN:SEND_MESSAGE]"]}
{"loss": 1.2967623472213745, "class_log_probabilities": [-3.5194737911224365, -5.11124849319458, -7.6450934410095215, -53.36006164550781], "predictions": [155, 156, 397, 398, 399, 400, 401, 402, 403, 404, 405, 406, 407, 157, 158, 4, 4, 4, 4, 4, 4, 4, 4, 4, 4, 4, 4, 4, 4, 4, 4, 4, 4, 4, 4, 4, 4, 4, 4, 4, 4, 4, 4, 4, 4, 4, 4, 4, 4, 4, 4, 4, 4, 4, 4, 4, 4, 4, 4, 4, 4, 4, 4, 4, 4, 4, 4, 4, 4, 4, 4, 4, 4, 4, 4, 4, 4, 4, 4, 4, 4, 4, 4, 4, 4, 4, 4, 4, 4, 4, 4, 4, 4, 4, 4, 4, 4, 4, 4, 4], "target_tokens": ["[IN:SET_RSVP_YES", "[SL:TITLE_EVENT", "@ptr2", "@ptr3", "@ptr4", "@ptr5", "@ptr6", "@ptr7", "@ptr8", "@ptr9", "@ptr10", "@ptr11", "SL:TITLE_EVENT]", "IN:SET_RSVP_YES]"], "predicted_tokens": ["[IN:SET_RSVP_YES", "[SL:TITLE_EVENT", "@ptr2", "@ptr3", "@ptr4", "@ptr5", "@ptr6", "@ptr7", "@ptr8", "@ptr9", "@ptr10", "@ptr11", "@ptr12", "SL:TITLE_EVENT]", "IN:SET_RSVP_YES]"]}
{"loss": 0.9659021496772766, "class_log_probabilities": [-0.692141592502594, -5.137669086456299, -5.856061935424805, -6.688042640686035], "predictions": [75, 6, 397, 398, 399, 400, 401, 402, 7, 78, 4], "target_tokens": ["[IN:CREATE_CALL", "[SL:CONTACT", "@ptr2", "@ptr3", "@ptr4", "@ptr5", "@ptr6", "@ptr7", "SL:CONTACT]", "IN:CREATE_CALL]"], "predicted_tokens": ["[IN:CREATE_CALL", "[SL:CONTACT", "@ptr2", "@ptr3", "@ptr4", "@ptr5", "@ptr6", "@ptr7", "SL:CONTACT]", "IN:CREATE_CALL]"]}
{"loss": 2.231414794921875, "class_log_probabilities": [-2.177426338195801, -4.457249641418457, -4.506253719329834, -4.851459503173828], "predictions": [75, 6, 70, 71, 397, 72, 6, 400, 7, 73, 7, 78, 4, 4, 4, 4, 4, 4], "target_tokens": ["[IN:CREATE_CALL", "[SL:CONTACT", "[IN:GET_CONTACT", "[SL:CONTACT_RELATED", "@ptr4", "@ptr5", "@ptr6", "@ptr7", "SL:CONTACT_RELATED]", "[SL:TYPE_RELATION", "@ptr2", "SL:TYPE_RELATION]", "IN:GET_CONTACT]", "SL:CONTACT]", "IN:CREATE_CALL]"], "predicted_tokens": ["[IN:CREATE_CALL", "[SL:CONTACT", "[IN:GET_CONTACT", "[SL:TYPE_RELATION", "@ptr2", "SL:TYPE_RELATION]", "[SL:CONTACT", "@ptr5", "SL:CONTACT]", "IN:GET_CONTACT]", "SL:CONTACT]", "IN:CREATE_CALL]"]}
{"loss": 2.065579891204834, "class_log_probabilities": [-1.1617228984832764, -3.023780107498169, -3.569869041442871, -4.331318378448486], "predictions": [75, 6, 397, 398, 399, 7, 6, 401, 402, 403, 404, 405, 7, 78, 4, 4, 4], "target_tokens": ["[IN:CREATE_CALL", "[SL:NAME_APP", "@ptr2", "@ptr3", "@ptr4", "SL:NAME_APP]", "[SL:CONTACT", "@ptr6", "@ptr7", "@ptr8", "@ptr9", "SL:CONTACT]", "IN:CREATE_CALL]"], "predicted_tokens": ["[IN:CREATE_CALL", "[SL:CONTACT", "@ptr2", "@ptr3", "@ptr4", "SL:CONTACT]", "[SL:CONTACT", "@ptr6", "@ptr7", "@ptr8", "@ptr9", "@ptr10", "SL:CONTACT]", "IN:CREATE_CALL]"]}
{"loss": 1.8672977685928345, "class_log_probabilities": [-2.8543291091918945, -3.042664051055908, -3.178283452987671, -3.971409320831299], "predictions": [63, 103, 395, 104, 64, 401, 402, 403, 65, 68, 4, 4], "target_tokens": ["[IN:SET_DEFAULT_PROVIDER_MUSIC", "[SL:MUSIC_PROVIDER_NAME", "@ptr0", "SL:MUSIC_PROVIDER_NAME]", "IN:SET_DEFAULT_PROVIDER_MUSIC]"], "predicted_tokens": ["[IN:PLAY_MUSIC", "[SL:MUSIC_PROVIDER_NAME", "@ptr0", "SL:MUSIC_PROVIDER_NAME]", "[SL:MUSIC_TYPE", "@ptr6", "@ptr7", "@ptr8", "SL:MUSIC_TYPE]", "IN:PLAY_MUSIC]"]}
{"loss": 1.1712913513183594, "class_log_probabilities": [-1.891542911529541, -3.6565136909484863, -3.726700782775879, -5.024060249328613], "predictions": [75, 6, 397, 398, 399, 7, 78, 4, 4, 4, 4], "target_tokens": ["[IN:CREATE_CALL", "[SL:CONTACT", "@ptr2", "@ptr3", "@ptr4", "SL:CONTACT]", "[SL:ORDINAL", "@ptr7", "SL:ORDINAL]", "IN:CREATE_CALL]"], "predicted_tokens": ["[IN:CREATE_CALL", "[SL:CONTACT", "@ptr2", "@ptr3", "@ptr4", "SL:CONTACT]", "IN:CREATE_CALL]"]}
{"loss": 1.8321772813796997, "class_log_probabilities": [-0.580375075340271, -5.851934909820557, -6.055129528045654, -6.631592273712158], "predictions": [13, 14, 397, 398, 399, 15, 18, 4], "target_tokens": ["[IN:GET_WEATHER", "[SL:LOCATION", "@ptr2", "@ptr3", "SL:LOCATION]", "IN:GET_WEATHER]"], "predicted_tokens": ["[IN:GET_WEATHER", "[SL:LOCATION", "@ptr2", "@ptr3", "@ptr4", "SL:LOCATION]", "IN:GET_WEATHER]"]}
{"loss": 2.333648920059204, "class_log_probabilities": [-0.5673425197601318, -5.534546852111816, -6.221084117889404, -7.260420322418213], "predictions": [75, 6, 396, 397, 398, 7, 78, 4, 4, 4, 4], "target_tokens": ["[IN:CREATE_CALL", "[SL:NAME_APP", "@ptr1", "@ptr2", "@ptr3", "SL:NAME_APP]", "[SL:CONTACT", "@ptr6", "SL:CONTACT]", "IN:CREATE_CALL]"], "predicted_tokens": ["[IN:CREATE_CALL", "[SL:CONTACT", "@ptr1", "@ptr2", "@ptr3", "SL:CONTACT]", "IN:CREATE_CALL]"]}
{"loss": 1.0915364027023315, "class_log_probabilities": [-1.739936113357544, -2.5459773540496826, -5.577541828155518, -7.461977005004883], "predictions": [23, 10, 398, 399, 400, 401, 402, 11, 26, 4, 4], "target_tokens": ["[IN:SEND_MESSAGE", "[SL:RECIPIENT", "@ptr3", "@ptr4", "@ptr5", "@ptr6", "@ptr7", "@ptr8", "SL:RECIPIENT]", "IN:SEND_MESSAGE]"], "predicted_tokens": ["[IN:SEND_MESSAGE", "[SL:RECIPIENT", "@ptr3", "@ptr4", "@ptr5", "@ptr6", "@ptr7", "SL:RECIPIENT]", "IN:SEND_MESSAGE]"]}
{"loss": 0.9781039953231812, "class_log_probabilities": [-0.7356404066085815, -5.515176296234131, -5.744171619415283, -5.846489906311035], "predictions": [23, 10, 398, 399, 400, 401, 402, 11, 26, 4], "target_tokens": ["[IN:SEND_MESSAGE", "[SL:RECIPIENT", "@ptr3", "@ptr4", "@ptr5", "@ptr6", "@ptr7", "SL:RECIPIENT]", "IN:SEND_MESSAGE]"], "predicted_tokens": ["[IN:SEND_MESSAGE", "[SL:RECIPIENT", "@ptr3", "@ptr4", "@ptr5", "@ptr6", "@ptr7", "SL:RECIPIENT]", "IN:SEND_MESSAGE]"]}
{"loss": 2.0972607135772705, "class_log_probabilities": [-1.0319770574569702, -3.6800649166107178, -4.136435031890869, -4.803576469421387], "predictions": [23, 10, 400, 401, 402, 11, 26, 4], "target_tokens": ["[IN:SEND_MESSAGE", "[SL:TYPE_CONTENT", "@ptr2", "SL:TYPE_CONTENT]", "[SL:RECIPIENT", "@ptr4", "@ptr5", "@ptr6", "SL:RECIPIENT]", "IN:SEND_MESSAGE]"], "predicted_tokens": ["[IN:SEND_MESSAGE", "[SL:RECIPIENT", "@ptr5", "@ptr6", "@ptr7", "SL:RECIPIENT]", "IN:SEND_MESSAGE]"]}
{"loss": 1.9599801301956177, "class_log_probabilities": [-2.7158854007720947, -3.621443033218384, -4.514068126678467, -4.988106727600098], "predictions": [23, 8, 399, 9, 10, 404, 11, 26, 4, 4, 4, 4], "target_tokens": ["[IN:SEND_MESSAGE", "[SL:TYPE_CONTENT", "@ptr2", "SL:TYPE_CONTENT]", "IN:SEND_MESSAGE]"], "predicted_tokens": ["[IN:SEND_MESSAGE", "[SL:TYPE_CONTENT", "@ptr4", "SL:TYPE_CONTENT]", "[SL:RECIPIENT", "@ptr9", "SL:RECIPIENT]", "IN:SEND_MESSAGE]"]}
{"loss": 0.9754979014396667, "class_log_probabilities": [-1.1706867218017578, -3.543320894241333, -4.256499290466309, -5.294870853424072], "predictions": [75, 6, 399, 400, 401, 402, 403, 404, 405, 7, 78, 4], "target_tokens": ["[IN:CREATE_CALL", "[SL:CONTACT", "@ptr4", "@ptr5", "@ptr6", "@ptr7", "@ptr8", "@ptr9", "@ptr10", "SL:CONTACT]", "IN:CREATE_CALL]"], "predicted_tokens": ["[IN:CREATE_CALL", "[SL:CONTACT", "@ptr4", "@ptr5", "@ptr6", "@ptr7", "@ptr8", "@ptr9", "@ptr10", "SL:CONTACT]", "IN:CREATE_CALL]"]}
{"loss": 4.867074966430664, "class_log_probabilities": [-0.14633329212665558, -7.871886730194092, -8.227546691894531, -8.610356330871582], "predictions": [245, 246, 4, 4], "target_tokens": ["[IN:UPDATE_CALL", "IN:UPDATE_CALL]"], "predicted_tokens": ["[IN:UPDATE_METHOD_CALL", "IN:UPDATE_METHOD_CALL]"]}
{"loss": 0.957676112651825, "class_log_probabilities": [-0.26810914278030396, -4.513141632080078, -6.971567630767822, -7.30971097946167], "predictions": [31, 32, 4], "target_tokens": ["[IN:SET_UNAVAILABLE", "IN:SET_UNAVAILABLE]"], "predicted_tokens": ["[IN:SET_UNAVAILABLE", "IN:SET_UNAVAILABLE]"]}
{"loss": 0.9809286594390869, "class_log_probabilities": [-0.33328777551651, -6.748883247375488, -6.829214096069336, -7.22234582901001], "predictions": [69, 6, 395, 7, 74, 4], "target_tokens": ["[IN:GET_CALL_TIME", "[SL:CONTACT", "@ptr0", "SL:CONTACT]", "IN:GET_CALL_TIME]"], "predicted_tokens": ["[IN:GET_CALL_TIME", "[SL:CONTACT", "@ptr0", "SL:CONTACT]", "IN:GET_CALL_TIME]"]}
{"loss": 0.9691460728645325, "class_log_probabilities": [-0.5930742621421814, -3.680872917175293, -5.3321075439453125, -6.949028491973877], "predictions": [13, 14, 398, 15, 18, 4, 4, 4], "target_tokens": ["[IN:GET_WEATHER", "[SL:LOCATION", "@ptr3", "SL:LOCATION]", "IN:GET_WEATHER]"], "predicted_tokens": ["[IN:GET_WEATHER", "[SL:LOCATION", "@ptr3", "SL:LOCATION]", "IN:GET_WEATHER]"]}
{"loss": 1.770370364189148, "class_log_probabilities": [-1.5179427862167358, -1.6252564191818237, -3.193922519683838, -4.521960258483887], "predictions": [81, 82, 4], "target_tokens": ["[IN:SILENCE_ALARM", "IN:SILENCE_ALARM]"], "predicted_tokens": ["[IN:END_CALL", "IN:END_CALL]"]}
{"loss": 2.396496534347534, "class_log_probabilities": [-2.333611488342285, -3.7196319103240967, -5.118946075439453, -6.352119445800781], "predictions": [45, 249, 402, 403, 404, 405, 406, 407, 17, 46, 4, 4, 4], "target_tokens": ["[IN:CREATE_ALARM", "[SL:ALARM_NAME", "@ptr6", "@ptr7", "SL:ALARM_NAME]", "[SL:DATE_TIME", "@ptr8", "@ptr9", "@ptr10", "@ptr11", "SL:DATE_TIME]", "IN:CREATE_ALARM]"], "predicted_tokens": ["[IN:CREATE_ALARM", "[SL:ALARM_NAME", "@ptr7", "@ptr8", "@ptr9", "@ptr10", "@ptr11", "@ptr12", "SL:DATE_TIME]", "IN:CREATE_ALARM]"]}
{"loss": 2.1966793537139893, "class_log_probabilities": [-0.802553117275238, -3.0695178508758545, -4.096617698669434, -7.744318008422852], "predictions": [13, 16, 397, 398, 17, 18, 4, 4, 4], "target_tokens": ["[IN:GET_WEATHER", "[SL:DATE_TIME", "@ptr1", "@ptr2", "SL:DATE_TIME]", "IN:GET_WEATHER]"], "predicted_tokens": ["[IN:GET_WEATHER", "[SL:DATE_TIME", "@ptr2", "@ptr3", "SL:DATE_TIME]", "IN:GET_WEATHER]"]}
{"loss": 0.9809834361076355, "class_log_probabilities": [-0.3307601809501648, -4.324738025665283, -5.175800323486328, -5.333584308624268], "predictions": [213, 214, 4], "target_tokens": ["[IN:SILENCE_ALARM", "IN:SILENCE_ALARM]"], "predicted_tokens": ["[IN:SILENCE_ALARM", "IN:SILENCE_ALARM]"]}
{"loss": 2.4784083366394043, "class_log_probabilities": [-1.8429253101348877, -4.2042670249938965, -4.213550090789795, -4.285242557525635], "predictions": [45, 16, 399, 400, 401, 402, 403, 17, 46, 4, 4, 4, 4], "target_tokens": ["[IN:CREATE_ALARM", "[SL:DATE_TIME", "@ptr3", "@ptr4", "@ptr5", "@ptr6", "@ptr7", "SL:DATE_TIME]", "[SL:ALARM_NAME", "@ptr13", "@ptr14", "SL:ALARM_NAME]", "IN:CREATE_ALARM]"], "predicted_tokens": ["[IN:CREATE_ALARM", "[SL:DATE_TIME", "@ptr4", "@ptr5", "@ptr6", "@ptr7", "@ptr8", "SL:DATE_TIME]", "IN:CREATE_ALARM]"]}
{"loss": 2.2053234577178955, "class_log_probabilities": [-4.647741794586182, -5.472531318664551, -5.920835494995117, -7.004666328430176], "predictions": [45, 249, 400, 401, 402, 403, 404, 405, 250, 46, 4, 4, 4, 4, 4, 4, 4, 4], "target_tokens": ["[IN:CREATE_ALARM", "[SL:ALARM_NAME", "@ptr4", "@ptr5", "@ptr6", "@ptr7", "@ptr8", "SL:ALARM_NAME]", "[SL:DATE_TIME", "@ptr9", "@ptr10", "@ptr11", "SL:DATE_TIME]", "IN:CREATE_ALARM]"], "predicted_tokens": ["[IN:CREATE_ALARM", "[SL:ALARM_NAME", "@ptr5", "@ptr6", "@ptr7", "@ptr8", "@ptr9", "@ptr10", "SL:ALARM_NAME]", "IN:CREATE_ALARM]"]}
{"loss": 1.847010850906372, "class_log_probabilities": [-0.5170329213142395, -6.214982032775879, -7.380268573760986, -7.5128631591796875], "predictions": [63, 66, 396, 397, 67, 103, 399, 104, 68, 4], "target_tokens": ["[IN:PLAY_MUSIC", "[SL:MUSIC_TRACK_TITLE", "@ptr1", "@ptr2", "SL:MUSIC_TRACK_TITLE]", "[SL:MUSIC_PROVIDER_NAME", "@ptr4", "SL:MUSIC_PROVIDER_NAME]", "IN:PLAY_MUSIC]"], "predicted_tokens": ["[IN:PLAY_MUSIC", "[SL:MUSIC_ARTIST_NAME", "@ptr1", "@ptr2", "SL:MUSIC_ARTIST_NAME]", "[SL:MUSIC_PROVIDER_NAME", "@ptr4", "SL:MUSIC_PROVIDER_NAME]", "IN:PLAY_MUSIC]"]}
{"loss": 1.8958466053009033, "class_log_probabilities": [-1.3828790187835693, -2.954775333404541, -3.6245250701904297, -4.355316638946533], "predictions": [75, 6, 70, 71, 397, 72, 6, 400, 401, 7, 73, 7, 78, 4, 4, 4, 4, 4], "target_tokens": ["[IN:CREATE_CALL", "[SL:CONTACT", "[IN:GET_CONTACT", "[SL:CONTACT_RELATED", "@ptr4", "@ptr5", "@ptr6", "SL:CONTACT_RELATED]", "[SL:TYPE_RELATION", "@ptr2", "SL:TYPE_RELATION]", "IN:GET_CONTACT]", "SL:CONTACT]", "IN:CREATE_CALL]"], "predicted_tokens": ["[IN:CREATE_CALL", "[SL:CONTACT", "[IN:GET_CONTACT", "[SL:TYPE_RELATION", "@ptr2", "SL:TYPE_RELATION]", "[SL:CONTACT", "@ptr5", "@ptr6", "SL:CONTACT]", "IN:GET_CONTACT]", "SL:CONTACT]", "IN:CREATE_CALL]"]}
{"loss": 1.9322317838668823, "class_log_probabilities": [-4.479281425476074, -6.021097183227539, -8.767698287963867, -9.734955787658691], "predictions": [45, 16, 398, 399, 400, 17, 46, 4, 4, 4, 4, 4, 4, 4, 4, 4, 4], "target_tokens": ["[IN:CREATE_REMINDER", "[SL:PERSON_REMINDED", "@ptr1", "SL:PERSON_REMINDED]", "[SL:DATE_TIME", "@ptr2", "@ptr3", "@ptr4", "@ptr5", "SL:DATE_TIME]", "IN:CREATE_REMINDER]"], "predicted_tokens": ["[IN:CREATE_ALARM", "[SL:DATE_TIME", "@ptr3", "@ptr4", "@ptr5", "SL:DATE_TIME]", "IN:CREATE_ALARM]"]}
{"loss": 2.371506929397583, "class_log_probabilities": [-70.24982452392578, -70.24983215332031, -70.27001190185547, -70.27001953125], "predictions": [63, 86, 397, 398, 399, 400, 401, 402, 418, 418, 418, 418, 418, 418, 418, 395, 402, 418, 418, 418, 418, 418, 418, 418, 418, 418, 418, 418, 418, 418, 418, 418, 418, 418, 418, 418, 418, 418, 418, 418, 418, 418, 418, 418, 418, 418, 418, 418, 418, 418, 418, 418, 418, 418, 418, 418, 418, 418, 418, 418, 418, 418, 418, 418, 418, 418, 418, 418, 418, 418, 418, 418, 418, 418, 418, 418, 418, 418, 418, 418, 418, 418, 418, 418, 418, 418, 418, 418, 418, 418, 418, 418, 418, 418, 418, 418, 418, 418, 418, 395], "target_tokens": ["[IN:CREATE_REMINDER", "[SL:PERSON_REMINDED", "@ptr2", "SL:PERSON_REMINDED]", "[SL:TODO", "@ptr3", "@ptr4", "@ptr5", "@ptr6", "@ptr7", "@ptr8", "@ptr9", "@ptr10", "@ptr11", "@ptr12", "@ptr13", "@ptr14", "@ptr15", "SL:TODO]", "IN:CREATE_REMINDER]"], "predicted_tokens": ["[IN:PLAY_MUSIC", "[SL:MUSIC_PLAYLIST_TITLE", "@ptr2", "@ptr3", "@ptr4", "@ptr5", "@ptr6", "@ptr7", "@ptr23", "@ptr23", "@ptr23", "@ptr23", "@ptr23", "@ptr23", "@ptr23", "@ptr0", "@ptr7", "@ptr23", "@ptr23", "@ptr23", "@ptr23", "@ptr23", "@ptr23", "@ptr23", "@ptr23", "@ptr23", "@ptr23", "@ptr23", "@ptr23", "@ptr23", "@ptr23", "@ptr23", "@ptr23", "@ptr23", "@ptr23", "@ptr23", "@ptr23", "@ptr23", "@ptr23", "@ptr23", "@ptr23", "@ptr23", "@ptr23", "@ptr23", "@ptr23", "@ptr23", "@ptr23", "@ptr23", "@ptr23", "@ptr23", "@ptr23", "@ptr23", "@ptr23", "@ptr23", "@ptr23", "@ptr23", "@ptr23", "@ptr23", "@ptr23", "@ptr23", "@ptr23", "@ptr23", "@ptr23", "@ptr23", "@ptr23", "@ptr23", "@ptr23", "@ptr23", "@ptr23", "@ptr23", "@ptr23", "@ptr23", "@ptr23", "@ptr23", "@ptr23", "@ptr23", "@ptr23", "@ptr23", "@ptr23", "@ptr23", "@ptr23", "@ptr23", "@ptr23", "@ptr23", "@ptr23", "@ptr23", "@ptr23", "@ptr23", "@ptr23", "@ptr23", "@ptr23", "@ptr23", "@ptr23", "@ptr23", "@ptr23", "@ptr23", "@ptr23", "@ptr23", "@ptr23", "@ptr0"]}
{"loss": 0.95672607421875, "class_log_probabilities": [-0.20129939913749695, -7.757818222045898, -8.400128364562988, -8.434722900390625], "predictions": [171, 172, 4], "target_tokens": ["[IN:GET_AVAILABILITY", "IN:GET_AVAILABILITY]"], "predicted_tokens": ["[IN:GET_AVAILABILITY", "IN:GET_AVAILABILITY]"]}
{"loss": 3.258108377456665, "class_log_probabilities": [-0.298237144947052, -6.062129020690918, -9.037309646606445, -11.262624740600586], "predictions": [70, 73, 4, 4, 4], "target_tokens": ["[IN:GET_AVAILABILITY", "IN:GET_AVAILABILITY]"], "predicted_tokens": ["[IN:GET_CONTACT", "IN:GET_CONTACT]"]}
{"loss": 0.9688331484794617, "class_log_probabilities": [-0.16959190368652344, -7.08009147644043, -7.8896074295043945, -8.543289184570312], "predictions": [75, 78, 4, 4, 4], "target_tokens": ["[IN:CREATE_CALL", "IN:CREATE_CALL]"], "predicted_tokens": ["[IN:CREATE_CALL", "IN:CREATE_CALL]"]}
{"loss": 0.9842160940170288, "class_log_probabilities": [-0.611790657043457, -5.396692276000977, -5.582709312438965, -6.32664680480957], "predictions": [75, 6, 70, 71, 399, 72, 73, 7, 78, 4, 4, 4, 4], "target_tokens": ["[IN:CREATE_CALL", "[SL:CONTACT", "[IN:GET_CONTACT", "[SL:TYPE_RELATION", "@ptr4", "SL:TYPE_RELATION]", "IN:GET_CONTACT]", "SL:CONTACT]", "IN:CREATE_CALL]"], "predicted_tokens": ["[IN:CREATE_CALL", "[SL:CONTACT", "[IN:GET_CONTACT", "[SL:TYPE_RELATION", "@ptr4", "SL:TYPE_RELATION]", "IN:GET_CONTACT]", "SL:CONTACT]", "IN:CREATE_CALL]"]}
{"loss": 0.9653345942497253, "class_log_probabilities": [-0.4541129469871521, -4.66826057434082, -4.680071830749512, -7.3216071128845215], "predictions": [75, 6, 397, 7, 78, 4, 4, 4], "target_tokens": ["[IN:CREATE_CALL", "[SL:CONTACT", "@ptr2", "SL:CONTACT]", "IN:CREATE_CALL]"], "predicted_tokens": ["[IN:CREATE_CALL", "[SL:CONTACT", "@ptr2", "SL:CONTACT]", "IN:CREATE_CALL]"]}
{"loss": 0.9733600616455078, "class_log_probabilities": [-0.36163049936294556, -5.714944362640381, -6.758746147155762, -6.975132465362549], "predictions": [107, 108, 396, 109, 110, 4], "target_tokens": ["[IN:UPDATE_CALL", "[SL:CONTACT_ADDED", "@ptr1", "SL:CONTACT_ADDED]", "IN:UPDATE_CALL]"], "predicted_tokens": ["[IN:UPDATE_CALL", "[SL:CONTACT_ADDED", "@ptr1", "SL:CONTACT_ADDED]", "IN:UPDATE_CALL]"]}
{"loss": 1.9114265441894531, "class_log_probabilities": [-1.1924583911895752, -3.5579376220703125, -3.647037982940674, -4.092039585113525], "predictions": [171, 6, 70, 71, 395, 72, 73, 7, 172, 4, 4, 4, 4], "target_tokens": ["[IN:GET_AVAILABILITY", "[SL:CONTACT", "[IN:GET_CONTACT", "[SL:CONTACT_RELATED", "@ptr1", "@ptr2", "SL:CONTACT_RELATED]", "[SL:TYPE_RELATION", "@ptr0", "SL:TYPE_RELATION]", "IN:GET_CONTACT]", "SL:CONTACT]", "IN:GET_AVAILABILITY]"], "predicted_tokens": ["[IN:GET_AVAILABILITY", "[SL:CONTACT", "[IN:GET_CONTACT", "[SL:TYPE_RELATION", "@ptr0", "SL:TYPE_RELATION]", "IN:GET_CONTACT]", "SL:CONTACT]", "IN:GET_AVAILABILITY]"]}
{"loss": 1.9804471731185913, "class_log_probabilities": [-4.866154193878174, -5.115386009216309, -8.18797492980957, -8.26515007019043], "predictions": [23, 10, 398, 399, 400, 401, 11, 24, 405, 406, 408, 25, 26, 4, 4, 4, 4, 4, 4, 4], "target_tokens": ["[IN:SEND_MESSAGE", "[SL:RECIPIENT", "@ptr3", "@ptr4", "@ptr5", "SL:RECIPIENT]", "[SL:CONTENT_EXACT", "@ptr9", "@ptr10", "@ptr11", "@ptr12", "@ptr13", "@ptr14", "@ptr15", "SL:CONTENT_EXACT]", "IN:SEND_MESSAGE]"], "predicted_tokens": ["[IN:SEND_MESSAGE", "[SL:RECIPIENT", "@ptr3", "@ptr4", "@ptr5", "@ptr6", "SL:RECIPIENT]", "[SL:CONTENT_EXACT", "@ptr10", "@ptr11", "@ptr13", "SL:CONTENT_EXACT]", "IN:SEND_MESSAGE]"]}
{"loss": 1.2485648393630981, "class_log_probabilities": [-2.3861443996429443, -3.6367695331573486, -4.0553412437438965, -4.814610004425049], "predictions": [49, 36, 75, 6, 397, 7, 78, 37, 16, 402, 403, 404, 17, 50, 4, 4, 4, 4, 4], "target_tokens": ["[IN:CREATE_REMINDER", "[SL:PERSON_REMINDED", "@ptr2", "SL:PERSON_REMINDED]", "[SL:TODO", "[IN:CREATE_CALL", "[SL:CONTACT", "[IN:GET_CONTACT", "[SL:TYPE_RELATION", "@ptr5", "SL:TYPE_RELATION]", "IN:GET_CONTACT]", "SL:CONTACT]", "IN:CREATE_CALL]", "SL:TODO]", "[SL:DATE_TIME", "@ptr7", "@ptr8", "@ptr9", "SL:DATE_TIME]", "IN:CREATE_REMINDER]"], "predicted_tokens": ["[IN:CREATE_REMINDER", "[SL:TODO", "[IN:CREATE_CALL", "[SL:CONTACT", "@ptr2", "SL:CONTACT]", "IN:CREATE_CALL]", "SL:TODO]", "[SL:DATE_TIME", "@ptr7", "@ptr8", "@ptr9", "SL:DATE_TIME]", "IN:CREATE_REMINDER]"]}
{"loss": 3.13689923286438, "class_log_probabilities": [-4.657792091369629, -4.828670978546143, -5.837782859802246, -84.20282745361328], "predictions": [33, 36, 397, 398, 399, 400, 401, 402, 403, 404, 405, 406, 407, 37, 38, 4, 4, 4, 4, 4, 4, 4, 4, 4, 4, 4, 4, 4, 4, 4, 4, 4, 4, 4, 4, 4, 4, 4, 4, 4, 4, 4, 4, 4, 4, 4, 4, 4, 4, 4, 4, 4, 4, 4, 4, 4, 4, 4, 4, 4, 4, 4, 4, 4, 4, 4, 4, 4, 4, 4, 4, 4, 4, 4, 4, 4, 4, 4, 4, 4, 4, 4, 4, 4, 4, 4, 4, 4, 4, 4, 4, 4, 4, 4, 4, 4, 4, 4, 4, 4], "target_tokens": ["[IN:DELETE_REMINDER", "[SL:TODO", "[IN:GET_TODO", "[SL:DATE_TIME", "@ptr11", "@ptr12", "SL:DATE_TIME]", "[SL:TODO", "@ptr7", "@ptr8", "@ptr9", "SL:TODO]", "IN:GET_TODO]", "SL:TODO]", "IN:DELETE_REMINDER]"], "predicted_tokens": ["[IN:DELETE_REMINDER", "[SL:TODO", "@ptr2", "@ptr3", "@ptr4", "@ptr5", "@ptr6", "@ptr7", "@ptr8", "@ptr9", "@ptr10", "@ptr11", "@ptr12", "SL:TODO]", "IN:DELETE_REMINDER]"]}
{"loss": 3.206618547439575, "class_log_probabilities": [-1.9379923343658447, -2.6399402618408203, -3.6035268306732178, -4.904904365539551], "predictions": [33, 38, 4, 4, 4, 4, 4, 4, 4, 4], "target_tokens": ["[IN:DELETE_REMINDER", "[SL:AMOUNT", "@ptr4", "SL:AMOUNT]", "[SL:DATE_TIME", "@ptr7", "@ptr8", "@ptr9", "SL:DATE_TIME]", "IN:DELETE_REMINDER]"], "predicted_tokens": ["[IN:DELETE_REMINDER", "IN:DELETE_REMINDER]"]}
{"loss": 3.3049912452697754, "class_log_probabilities": [-7.789132595062256, -7.996534824371338, -8.608057022094727, -9.150115013122559], "predictions": [49, 36, 143, 36, 395, 396, 397, 398, 399, 400, 401, 402, 403, 405, 406, 408, 409, 37, 16, 413, 17, 50, 4, 4], "target_tokens": ["[IN:UPDATE_REMINDER", "[SL:PERSON_REMINDED", "@ptr1", "@ptr2", "SL:PERSON_REMINDED]", "[SL:TODO", "@ptr10", "@ptr11", "SL:TODO]", "[SL:DATE_TIME", "@ptr16", "@ptr17", "SL:DATE_TIME]", "IN:UPDATE_REMINDER]"], "predicted_tokens": ["[IN:CREATE_REMINDER", "[SL:TODO", "[IN:GET_TODO", "[SL:TODO", "@ptr0", "@ptr1", "@ptr2", "@ptr3", "@ptr4", "@ptr5", "@ptr6", "@ptr7", "@ptr8", "@ptr10", "@ptr11", "@ptr13", "@ptr14", "SL:TODO]", "[SL:DATE_TIME", "@ptr18", "SL:DATE_TIME]", "IN:CREATE_REMINDER]"]}
{"loss": 1.731514811515808, "class_log_probabilities": [-2.5403270721435547, -3.3423080444335938, -5.252406597137451, -5.713515758514404], "predictions": [47, 34, 395, 35, 16, 402, 403, 404, 405, 406, 17, 50, 4, 4, 4, 4], "target_tokens": ["[IN:GET_REMINDER", "[SL:PERSON_REMINDED", "@ptr0", "SL:PERSON_REMINDED]", "[SL:DATE_TIME", "@ptr6", "@ptr7", "@ptr8", "@ptr9", "@ptr10", "SL:DATE_TIME]", "IN:GET_REMINDER]"], "predicted_tokens": ["[IN:GET_REMINDER", "[SL:PERSON_REMINDED", "@ptr0", "SL:PERSON_REMINDED]", "[SL:DATE_TIME", "@ptr7", "@ptr8", "@ptr9", "@ptr10", "@ptr11", "SL:DATE_TIME]", "IN:CREATE_REMINDER]"]}
{"loss": 3.2961604595184326, "class_log_probabilities": [-2.999141216278076, -4.39643669128418, -5.115489482879639, -5.239959239959717], "predictions": [111, 34, 403, 35, 112, 4, 4, 4, 4, 4, 4, 4], "target_tokens": ["[IN:UPDATE_REMINDER_DATE_TIME", "[SL:PERSON_REMINDED", "@ptr6", "@ptr7", "SL:PERSON_REMINDED]", "[SL:DATE_TIME", "@ptr8", "@ptr9", "@ptr10", "@ptr11", "@ptr12", "@ptr13", "SL:DATE_TIME]", "IN:UPDATE_REMINDER_DATE_TIME]"], "predicted_tokens": ["[IN:UPDATE_REMINDER_DATE_TIME", "[SL:PERSON_REMINDED", "@ptr8", "SL:PERSON_REMINDED]", "IN:UPDATE_REMINDER_DATE_TIME]"]}
{"loss": 1.6310430765151978, "class_log_probabilities": [-5.907203674316406, -7.048496723175049, -10.49425983428955, -13.5653076171875], "predictions": [47, 34, 70, 71, 407, 72, 73, 35, 199, 407, 200, 48, 4, 4, 4, 4, 4, 4, 4, 4, 4, 4, 4, 4, 4], "target_tokens": ["[IN:GET_REMINDER", "[SL:TODO", "[IN:GET_TODO", "[SL:ATTENDEE", "[IN:GET_CONTACT", "[SL:TYPE_RELATION", "@ptr11", "SL:TYPE_RELATION]", "IN:GET_CONTACT]", "SL:ATTENDEE]", "IN:GET_TODO]", "SL:TODO]", "IN:GET_REMINDER]"], "predicted_tokens": ["[IN:GET_REMINDER", "[SL:PERSON_REMINDED", "[IN:GET_CONTACT", "[SL:TYPE_RELATION", "@ptr12", "SL:TYPE_RELATION]", "IN:GET_CONTACT]", "SL:PERSON_REMINDED]", "[SL:METHOD_RETRIEVAL_REMINDER", "@ptr12", "SL:METHOD_RETRIEVAL_REMINDER]", "IN:GET_REMINDER]"]}
{"loss": 2.864114761352539, "class_log_probabilities": [-8.451971054077148, -10.073670387268066, -11.3984956741333, -19.817487716674805], "predictions": [49, 16, 397, 398, 17, 36, 143, 16, 405, 406, 17, 50, 4, 4, 4, 4, 4, 4, 4, 4, 4, 4, 4, 4, 4, 4, 4, 4, 4, 4, 4, 4], "target_tokens": ["[IN:CREATE_REMINDER", "[SL:PERSON_REMINDED", "@ptr1", "SL:PERSON_REMINDED]", "[SL:DATE_TIME", "@ptr2", "@ptr3", "@ptr4", "@ptr5", "SL:DATE_TIME]", "[SL:DATE_TIME", "@ptr7", "@ptr8", "@ptr9", "@ptr10", "@ptr11", "@ptr12", "@ptr13", "SL:DATE_TIME]", "[SL:TODO", "@ptr15", "@ptr16", "@ptr17", "@ptr18", "@ptr19", "@ptr20", "@ptr21", "@ptr22", "@ptr23", "SL:TODO]", "IN:CREATE_REMINDER]"], "predicted_tokens": ["[IN:CREATE_REMINDER", "[SL:DATE_TIME", "@ptr2", "@ptr3", "SL:DATE_TIME]", "[SL:TODO", "[IN:GET_TODO", "[SL:DATE_TIME", "@ptr10", "@ptr11", "SL:DATE_TIME]", "IN:CREATE_REMINDER]"]}
{"loss": 2.311016798019409, "class_log_probabilities": [-10.971416473388672, -15.271709442138672, -80.20793914794922, -80.56866455078125], "predictions": [49, 34, 398, 399, 400, 35, 36, 402, 403, 404, 405, 406, 407, 408, 411, 37, 16, 409, 411, 412, 413, 415, 17, 50, 4, 4, 4, 4, 4, 4, 4, 4, 4, 4, 4, 4, 4, 4, 4, 4, 4, 4, 4, 4, 4, 4, 4, 4, 4, 4, 4, 4, 4, 4, 4, 4, 4, 4, 4, 4, 4, 4, 4, 4, 4, 4, 4, 4, 4, 4, 4, 4, 4, 4, 4, 4, 4, 4, 4, 4, 4, 4, 4, 4, 4, 4, 4, 4, 4, 4, 4, 4, 4, 4, 4, 4, 4, 4, 4, 4], "target_tokens": ["[IN:CREATE_REMINDER", "[SL:PERSON_REMINDED", "@ptr2", "@ptr3", "@ptr4", "SL:PERSON_REMINDED]", "[SL:TODO", "@ptr6", "@ptr7", "@ptr8", "@ptr9", "@ptr10", "@ptr11", "SL:TODO]", "[SL:DATE_TIME", "@ptr12", "@ptr13", "@ptr14", "@ptr15", "@ptr16", "@ptr17", "@ptr18", "@ptr19", "@ptr20", "@ptr21", "@ptr22", "SL:DATE_TIME]", "IN:CREATE_REMINDER]"], "predicted_tokens": ["[IN:CREATE_REMINDER", "[SL:PERSON_REMINDED", "@ptr3", "@ptr4", "@ptr5", "SL:PERSON_REMINDED]", "[SL:TODO", "@ptr7", "@ptr8", "@ptr9", "@ptr10", "@ptr11", "@ptr12", "@ptr13", "@ptr16", "SL:TODO]", "[SL:DATE_TIME", "@ptr14", "@ptr16", "@ptr17", "@ptr18", "@ptr20", "SL:DATE_TIME]", "IN:CREATE_REMINDER]"]}
{"loss": 2.3171920776367188, "class_log_probabilities": [-8.784290313720703, -9.971840858459473, -90.11044311523438, -91.24323272705078], "predictions": [63, 86, 397, 398, 399, 400, 401, 402, 403, 404, 405, 406, 67, 68, 4, 4, 4, 4, 4, 4, 4, 4, 4, 4, 4, 4, 4, 4, 4, 4, 4, 4, 4, 4, 4, 4, 4, 4, 4, 4, 4, 4, 4, 4, 4, 4, 4, 4, 4, 4, 4, 4, 4, 4, 4, 4, 4, 4, 4, 4, 4, 4, 4, 4, 4, 4, 4, 4, 4, 4, 4, 4, 4, 4, 4, 4, 4, 4, 4, 4, 4, 4, 4, 4, 4, 4, 4, 4, 4, 4, 4, 4, 4, 4, 4, 4, 4, 4, 4, 4], "target_tokens": ["[IN:CREATE_REMINDER", "[SL:PERSON_REMINDED", "@ptr2", "SL:PERSON_REMINDED]", "[SL:TODO", "@ptr3", "@ptr4", "@ptr5", "@ptr6", "@ptr7", "@ptr8", "@ptr9", "@ptr10", "@ptr11", "@ptr12", "@ptr13", "@ptr14", "SL:TODO]", "[SL:DATE_TIME", "@ptr15", "@ptr16", "SL:DATE_TIME]", "IN:CREATE_REMINDER]"], "predicted_tokens": ["[IN:PLAY_MUSIC", "[SL:MUSIC_PLAYLIST_TITLE", "@ptr2", "@ptr3", "@ptr4", "@ptr5", "@ptr6", "@ptr7", "@ptr8", "@ptr9", "@ptr10", "@ptr11", "SL:MUSIC_ARTIST_NAME]", "IN:PLAY_MUSIC]"]}
{"loss": 3.857393741607666, "class_log_probabilities": [-7.7636284828186035, -8.476383209228516, -15.552483558654785, -21.276968002319336], "predictions": [89, 14, 402, 403, 404, 15, 92, 4, 4, 4, 4, 4, 4, 4, 4, 4, 4], "target_tokens": ["[IN:CREATE_REMINDER", "[SL:PERSON_REMINDED", "@ptr0", "SL:PERSON_REMINDED]", "[SL:TODO", "@ptr6", "@ptr7", "@ptr8", "@ptr9", "@ptr10", "@ptr11", "@ptr12", "@ptr13", "@ptr14", "@ptr15", "@ptr16", "@ptr17", "@ptr18", "@ptr19", "SL:TODO]", "IN:CREATE_REMINDER]"], "predicted_tokens": ["[IN:CREATE_TIMER", "[SL:LOCATION", "@ptr7", "@ptr8", "@ptr9", "SL:LOCATION]", "IN:CREATE_TIMER]"]}
{"loss": 2.5646276473999023, "class_log_probabilities": [-47.76589584350586, -48.063777923583984, -49.009124755859375, -49.14630889892578], "predictions": [23, 10, 401, 11, 10, 401, 11, 24, 404, 405, 406, 407, 408, 409, 411, 412, 413, 413, 413, 413, 413, 413, 413, 413, 413, 413, 413, 413, 413, 413, 413, 413, 413, 413, 413, 413, 413, 413, 413, 413, 413, 413, 413, 413, 413, 413, 413, 413, 413, 413, 413, 413, 413, 413, 413, 413, 413, 413, 413, 413, 413, 413, 413, 413, 413, 413, 413, 413, 413, 413, 413, 413, 413, 413, 413, 413, 413, 413, 413, 413, 413, 413, 413, 413, 413, 413, 413, 413, 413, 413, 413, 413, 413, 413, 413, 413, 413, 413, 413, 413], "target_tokens": ["[IN:CREATE_REMINDER", "[SL:PERSON_REMINDED", "@ptr1", "SL:PERSON_REMINDED]", "[SL:TODO", "[IN:SEND_MESSAGE", "[SL:METHOD_MESSAGE", "@ptr3", "@ptr4", "SL:METHOD_MESSAGE]", "[SL:RECIPIENT", "@ptr6", "SL:RECIPIENT]", "[SL:CONTENT_EXACT", "@ptr9", "@ptr10", "@ptr11", "@ptr12", "@ptr13", "@ptr14", "@ptr15", "@ptr16", "@ptr17", "SL:CONTENT_EXACT]", "IN:SEND_MESSAGE]", "SL:TODO]", "[SL:DATE_TIME", "@ptr19", "@ptr20", "@ptr21", "@ptr22", "@ptr23", "@ptr24", "@ptr25", "SL:DATE_TIME]", "IN:CREATE_REMINDER]"], "predicted_tokens": ["[IN:SEND_MESSAGE", "[SL:RECIPIENT", "@ptr6", "SL:RECIPIENT]", "[SL:RECIPIENT", "@ptr6", "SL:RECIPIENT]", "[SL:CONTENT_EXACT", "@ptr9", "@ptr10", "@ptr11", "@ptr12", "@ptr13", "@ptr14", "@ptr16", "@ptr17", "@ptr18", "@ptr18", "@ptr18", "@ptr18", "@ptr18", "@ptr18", "@ptr18", "@ptr18", "@ptr18", "@ptr18", "@ptr18", "@ptr18", "@ptr18", "@ptr18", "@ptr18", "@ptr18", "@ptr18", "@ptr18", "@ptr18", "@ptr18", "@ptr18", "@ptr18", "@ptr18", "@ptr18", "@ptr18", "@ptr18", "@ptr18", "@ptr18", "@ptr18", "@ptr18", "@ptr18", "@ptr18", "@ptr18", "@ptr18", "@ptr18", "@ptr18", "@ptr18", "@ptr18", "@ptr18", "@ptr18", "@ptr18", "@ptr18", "@ptr18", "@ptr18", "@ptr18", "@ptr18", "@ptr18", "@ptr18", "@ptr18", "@ptr18", "@ptr18", "@ptr18", "@ptr18", "@ptr18", "@ptr18", "@ptr18", "@ptr18", "@ptr18", "@ptr18", "@ptr18", "@ptr18", "@ptr18", "@ptr18", "@ptr18", "@ptr18", "@ptr18", "@ptr18", "@ptr18", "@ptr18", "@ptr18", "@ptr18", "@ptr18", "@ptr18", "@ptr18", "@ptr18", "@ptr18", "@ptr18", "@ptr18", "@ptr18", "@ptr18", "@ptr18", "@ptr18", "@ptr18", "@ptr18"]}
{"loss": 1.2718708515167236, "class_log_probabilities": [-4.261166095733643, -4.898833751678467, -5.451925754547119, -6.562489986419678], "predictions": [49, 36, 398, 399, 400, 37, 16, 401, 402, 17, 50, 4, 4, 4, 4, 4], "target_tokens": ["[IN:CREATE_REMINDER", "[SL:PERSON_REMINDED", "@ptr1", "SL:PERSON_REMINDED]", "[SL:TODO", "@ptr3", "@ptr4", "@ptr5", "SL:TODO]", "[SL:DATE_TIME", "@ptr6", "@ptr7", "SL:DATE_TIME]", "IN:CREATE_REMINDER]"], "predicted_tokens": ["[IN:CREATE_REMINDER", "[SL:TODO", "@ptr3", "@ptr4", "@ptr5", "SL:TODO]", "[SL:DATE_TIME", "@ptr6", "@ptr7", "SL:DATE_TIME]", "IN:CREATE_REMINDER]"]}
{"loss": 0.9685423970222473, "class_log_probabilities": [-0.4038098156452179, -7.235171794891357, -7.530889987945557, -7.606584548950195], "predictions": [107, 108, 396, 397, 109, 110, 4], "target_tokens": ["[IN:UPDATE_CALL", "[SL:CONTACT_ADDED", "@ptr1", "@ptr2", "SL:CONTACT_ADDED]", "IN:UPDATE_CALL]"], "predicted_tokens": ["[IN:UPDATE_CALL", "[SL:CONTACT_ADDED", "@ptr1", "@ptr2", "SL:CONTACT_ADDED]", "IN:UPDATE_CALL]"]}
{"loss": 2.1685235500335693, "class_log_probabilities": [-1.108323097229004, -2.939854383468628, -5.0811991691589355, -5.163569927215576], "predictions": [75, 6, 70, 71, 397, 72, 73, 7, 78, 4, 4, 4, 4], "target_tokens": ["[IN:CREATE_CALL", "[SL:CONTACT", "[IN:GET_CONTACT", "[SL:CONTACT_RELATED", "@ptr4", "@ptr5", "SL:CONTACT_RELATED]", "[SL:TYPE_RELATION", "@ptr2", "SL:TYPE_RELATION]", "IN:GET_CONTACT]", "SL:CONTACT]", "IN:CREATE_CALL]"], "predicted_tokens": ["[IN:CREATE_CALL", "[SL:CONTACT", "[IN:GET_CONTACT", "[SL:TYPE_RELATION", "@ptr2", "SL:TYPE_RELATION]", "IN:GET_CONTACT]", "SL:CONTACT]", "IN:CREATE_CALL]"]}
{"loss": 0.9805896282196045, "class_log_probabilities": [-0.15328583121299744, -8.089436531066895, -8.164701461791992, -8.2610502243042], "predictions": [81, 82, 4, 4], "target_tokens": ["[IN:END_CALL", "IN:END_CALL]"], "predicted_tokens": ["[IN:END_CALL", "IN:END_CALL]"]}
{"loss": 2.2198586463928223, "class_log_probabilities": [-4.428031921386719, -4.435237407684326, -4.782243728637695, -5.330874443054199], "predictions": [61, 83, 395, 396, 397, 84, 14, 398, 399, 400, 401, 402, 15, 16, 403, 17, 62, 4, 4], "target_tokens": ["[IN:GET_EVENT", "[SL:CATEGORY_EVENT", "@ptr0", "@ptr1", "SL:CATEGORY_EVENT]", "[SL:LOCATION", "@ptr3", "@ptr4", "@ptr5", "@ptr6", "SL:LOCATION]", "[SL:DATE_TIME", "@ptr7", "SL:DATE_TIME]", "IN:GET_EVENT]"], "predicted_tokens": ["[IN:GET_EVENT", "[SL:CATEGORY_EVENT", "@ptr0", "@ptr1", "@ptr2", "SL:CATEGORY_EVENT]", "[SL:LOCATION", "@ptr3", "@ptr4", "@ptr5", "@ptr6", "@ptr7", "SL:LOCATION]", "[SL:DATE_TIME", "@ptr8", "SL:DATE_TIME]", "IN:GET_EVENT]"]}
{"loss": 3.0431771278381348, "class_log_probabilities": [-3.778106212615967, -3.927064895629883, -4.301896095275879, -4.321435928344727], "predictions": [61, 14, 401, 402, 403, 404, 405, 406, 407, 409, 17, 62, 4], "target_tokens": ["[IN:GET_EVENT", "[SL:LOCATION", "@ptr5", "@ptr6", "SL:LOCATION]", "[SL:DATE_TIME", "@ptr7", "@ptr8", "@ptr9", "@ptr10", "SL:DATE_TIME]", "IN:GET_EVENT]"], "predicted_tokens": ["[IN:GET_EVENT", "[SL:LOCATION", "@ptr6", "@ptr7", "@ptr8", "@ptr9", "@ptr10", "@ptr11", "@ptr12", "@ptr14", "SL:DATE_TIME]", "IN:GET_EVENT]"]}
{"loss": 0.9654570817947388, "class_log_probabilities": [-0.3959164321422577, -7.09158182144165, -7.559645652770996, -9.00537109375], "predictions": [61, 16, 396, 397, 17, 62, 4, 4, 4], "target_tokens": ["[IN:GET_EVENT", "[SL:DATE_TIME", "@ptr1", "@ptr2", "SL:DATE_TIME]", "IN:GET_EVENT]"], "predicted_tokens": ["[IN:GET_EVENT", "[SL:DATE_TIME", "@ptr1", "@ptr2", "SL:DATE_TIME]", "IN:GET_EVENT]"]}
{"loss": 1.585646629333496, "class_log_probabilities": [-1.0752192735671997, -2.695695400238037, -5.604297637939453, -6.933136940002441], "predictions": [61, 83, 396, 397, 398, 84, 16, 399, 400, 401, 17, 62, 4], "target_tokens": ["[IN:GET_EVENT", "[SL:CATEGORY_EVENT", "@ptr1", "@ptr2", "@ptr3", "SL:CATEGORY_EVENT]", "[SL:DATE_TIME", "@ptr4", "@ptr5", "SL:DATE_TIME]", "IN:GET_EVENT]"], "predicted_tokens": ["[IN:GET_EVENT", "[SL:CATEGORY_EVENT", "@ptr1", "@ptr2", "@ptr3", "SL:CATEGORY_EVENT]", "[SL:DATE_TIME", "@ptr4", "@ptr5", "@ptr6", "SL:DATE_TIME]", "IN:GET_EVENT]"]}
{"loss": 2.0683233737945557, "class_log_probabilities": [-3.8848679065704346, -4.6616740226745605, -4.728361129760742, -5.0649824142456055], "predictions": [61, 83, 396, 397, 398, 399, 15, 16, 401, 402, 403, 17, 62, 4, 4], "target_tokens": ["[IN:GET_EVENT", "[SL:CATEGORY_EVENT", "@ptr0", "@ptr1", "SL:CATEGORY_EVENT]", "[SL:LOCATION", "@ptr3", "SL:LOCATION]", "[SL:DATE_TIME", "@ptr5", "@ptr6", "@ptr7", "SL:DATE_TIME]", "IN:GET_EVENT]"], "predicted_tokens": ["[IN:GET_EVENT", "[SL:CATEGORY_EVENT", "@ptr1", "@ptr2", "@ptr3", "@ptr4", "SL:LOCATION]", "[SL:DATE_TIME", "@ptr6", "@ptr7", "@ptr8", "SL:DATE_TIME]", "IN:GET_EVENT]"]}
{"loss": 0.9575032591819763, "class_log_probabilities": [-0.44745248556137085, -7.29324197769165, -8.034503936767578, -8.155559539794922], "predictions": [61, 16, 395, 396, 17, 62, 4, 4], "target_tokens": ["[IN:GET_EVENT", "[SL:DATE_TIME", "@ptr0", "@ptr1", "SL:DATE_TIME]", "IN:GET_EVENT]"], "predicted_tokens": ["[IN:GET_EVENT", "[SL:DATE_TIME", "@ptr0", "@ptr1", "SL:DATE_TIME]", "IN:GET_EVENT]"]}
{"loss": 2.2451343536376953, "class_log_probabilities": [-3.833249092102051, -5.165621757507324, -6.67077112197876, -187.70265197753906], "predictions": [63, 66, 395, 396, 397, 398, 399, 400, 401, 402, 403, 404, 405, 67, 68, 4, 4, 4, 4, 4, 4, 4, 4, 4, 4, 4, 4, 4, 4, 4, 4, 4, 4, 4, 4, 4, 4, 4, 4, 4, 4, 4, 4, 4, 4, 4, 4, 4, 4, 4, 4, 4, 4, 4, 4, 4, 4, 4, 4, 4, 4, 4, 4, 4, 4, 4, 4, 4, 4, 4, 4, 4, 4, 4, 4, 4, 4, 4, 4, 4, 4, 4, 4, 4, 4, 4, 4, 4, 4, 4, 4, 4, 4, 4, 4, 4, 4, 4, 4, 4], "target_tokens": ["[IN:GET_INFO_CONTACT", "[SL:CONTACT", "@ptr0", "@ptr1", "@ptr2", "SL:CONTACT]", "IN:GET_INFO_CONTACT]"], "predicted_tokens": ["[IN:PLAY_MUSIC", "[SL:MUSIC_ARTIST_NAME", "@ptr0", "@ptr1", "@ptr2", "@ptr3", "@ptr4", "@ptr5", "@ptr6", "@ptr7", "@ptr8", "@ptr9", "@ptr10", "SL:MUSIC_ARTIST_NAME]", "IN:PLAY_MUSIC]"]}
{"loss": 0.9640147089958191, "class_log_probabilities": [-0.6416829824447632, -4.18639612197876, -4.4184370040893555, -5.377044677734375], "predictions": [211, 6, 399, 400, 7, 212, 4, 4], "target_tokens": ["[IN:GET_LOCATION", "[SL:CONTACT", "@ptr4", "@ptr5", "SL:CONTACT]", "IN:GET_LOCATION]"], "predicted_tokens": ["[IN:GET_LOCATION", "[SL:CONTACT", "@ptr4", "@ptr5", "SL:CONTACT]", "IN:GET_LOCATION]"]}
{"loss": 2.5476367473602295, "class_log_probabilities": [-1.2629536390304565, -4.382051467895508, -4.760758399963379, -5.2861480712890625], "predictions": [70, 138, 402, 403, 404, 405, 406, 139, 73, 4], "target_tokens": ["[IN:GET_CONTACT", "[SL:EMPLOYER", "@ptr6", "@ptr7", "@ptr8", "@ptr9", "@ptr10", "SL:EMPLOYER]", "IN:GET_CONTACT]"], "predicted_tokens": ["[IN:GET_CONTACT", "[SL:EMPLOYER", "@ptr7", "@ptr8", "@ptr9", "@ptr10", "@ptr11", "SL:EMPLOYER]", "IN:GET_CONTACT]"]}
{"loss": 3.278067111968994, "class_log_probabilities": [-4.219224452972412, -4.410355091094971, -5.522965431213379, -5.634173393249512], "predictions": [70, 71, 395, 72, 93, 397, 94, 257, 404, 258, 73, 4, 4, 4, 4, 4, 4], "target_tokens": ["[IN:GET_CONTACT", "[SL:CONTACT_RELATED", "@ptr1", "@ptr2", "SL:CONTACT_RELATED]", "[SL:TYPE_RELATION", "@ptr0", "SL:TYPE_RELATION]", "[SL:SCHOOL", "@ptr8", "@ptr9", "@ptr10", "@ptr11", "SL:SCHOOL]", "IN:GET_CONTACT]"], "predicted_tokens": ["[IN:GET_CONTACT", "[SL:TYPE_RELATION", "@ptr0", "SL:TYPE_RELATION]", "[SL:CONTACT_RELATED", "@ptr2", "SL:CONTACT_RELATED]", "[SL:SCHOOL", "@ptr9", "SL:SCHOOL]", "IN:GET_CONTACT]"]}
{"loss": 1.5733847618103027, "class_log_probabilities": [-0.9041640758514404, -3.066640615463257, -6.580224990844727, -7.056296348571777], "predictions": [70, 93, 395, 94, 14, 403, 404, 15, 73, 4, 4], "target_tokens": ["[IN:GET_CONTACT", "[SL:CONTACT_RELATED", "@ptr0", "SL:CONTACT_RELATED]", "[SL:LOCATION", "@ptr7", "SL:LOCATION]", "IN:GET_CONTACT]"], "predicted_tokens": ["[IN:GET_CONTACT", "[SL:CONTACT_RELATED", "@ptr0", "SL:CONTACT_RELATED]", "[SL:LOCATION", "@ptr8", "@ptr9", "SL:LOCATION]", "IN:GET_CONTACT]"]}
{"loss": 2.7402851581573486, "class_log_probabilities": [-0.4763478636741638, -5.538620948791504, -6.66971492767334, -7.067384719848633], "predictions": [51, 52, 398, 399, 400, 53, 54, 4], "target_tokens": ["[IN:GET_RECIPES", "[SL:RECIPES_TYPE", "@ptr5", "SL:RECIPES_TYPE]", "[SL:RECIPES_DISH", "@ptr3", "@ptr4", "SL:RECIPES_DISH]", "IN:GET_RECIPES]"], "predicted_tokens": ["[IN:GET_RECIPES", "[SL:RECIPES_DISH", "@ptr3", "@ptr4", "@ptr5", "SL:RECIPES_DISH]", "IN:GET_RECIPES]"]}
{"loss": 1.3981446027755737, "class_log_probabilities": [-0.8290125131607056, -5.586629867553711, -6.722604751586914, -9.179636001586914], "predictions": [39, 40, 396, 41, 56, 399, 400, 401, 57, 42, 4, 4, 4], "target_tokens": ["[IN:GET_STORIES_NEWS", "[SL:NEWS_TYPE", "@ptr1", "SL:NEWS_TYPE]", "[SL:NEWS_TOPIC", "@ptr4", "@ptr5", "SL:NEWS_TOPIC]", "IN:GET_STORIES_NEWS]"], "predicted_tokens": ["[IN:GET_STORIES_NEWS", "[SL:NEWS_TYPE", "@ptr1", "SL:NEWS_TYPE]", "[SL:NEWS_TOPIC", "@ptr4", "@ptr5", "@ptr6", "SL:NEWS_TOPIC]", "IN:GET_STORIES_NEWS]"]}
{"loss": 2.765017032623291, "class_log_probabilities": [-0.3940698802471161, -2.8008830547332764, -6.950234413146973, -7.063074111938477], "predictions": [255, 90, 398, 91, 256, 4], "target_tokens": ["[IN:PAUSE_TIMER", "[SL:METHOD_TIMER", "@ptr1", "@ptr2", "SL:METHOD_TIMER]", "IN:PAUSE_TIMER]"], "predicted_tokens": ["[IN:PAUSE_TIMER", "[SL:METHOD_TIMER", "@ptr3", "SL:METHOD_TIMER]", "IN:PAUSE_TIMER]"]}
{"loss": 2.9160430431365967, "class_log_probabilities": [-5.548691272735596, -5.610250473022461, -6.028850078582764, -10.333406448364258], "predictions": [49, 141, 397, 398, 399, 400, 142, 16, 403, 404, 405, 17, 50, 4, 4, 4, 4, 4, 4], "target_tokens": ["[IN:CREATE_ALARM", "[SL:PERIOD", "@ptr2", "@ptr3", "@ptr4", "SL:PERIOD]", "[SL:DATE_TIME", "@ptr5", "@ptr6", "@ptr7", "@ptr8", "SL:DATE_TIME]", "IN:CREATE_ALARM]"], "predicted_tokens": ["[IN:CREATE_REMINDER", "[SL:PERIOD", "@ptr2", "@ptr3", "@ptr4", "@ptr5", "SL:PERIOD]", "[SL:DATE_TIME", "@ptr8", "@ptr9", "@ptr10", "SL:DATE_TIME]", "IN:CREATE_REMINDER]"]}
{"loss": 3.3853108882904053, "class_log_probabilities": [-3.0667316913604736, -4.3030524253845215, -5.8483500480651855, -5.869421005249023], "predictions": [51, 52, 397, 398, 399, 400, 401, 402, 403, 53, 54, 4, 4, 4, 4], "target_tokens": ["[IN:GET_RECIPES", "[SL:RECIPES_RATING", "@ptr8", "@ptr9", "SL:RECIPES_RATING]", "[SL:RECIPES_DISH", "@ptr2", "@ptr3", "@ptr4", "@ptr5", "@ptr6", "@ptr7", "SL:RECIPES_DISH]", "IN:GET_RECIPES]"], "predicted_tokens": ["[IN:GET_RECIPES", "[SL:RECIPES_DISH", "@ptr2", "@ptr3", "@ptr4", "@ptr5", "@ptr6", "@ptr7", "@ptr8", "SL:RECIPES_DISH]", "IN:GET_RECIPES]"]}
{"loss": 2.1175410747528076, "class_log_probabilities": [-2.1027159690856934, -2.69917893409729, -2.9197640419006348, -7.759942054748535], "predictions": [27, 52, 397, 53, 30, 4, 4, 4, 4], "target_tokens": ["[IN:GET_INFO_RECIPES", "[SL:RECIPES_COOKING_METHOD", "@ptr1", "SL:RECIPES_COOKING_METHOD]", "[SL:RECIPES_INCLUDED_INGREDIENT", "@ptr2", "SL:RECIPES_INCLUDED_INGREDIENT]", "IN:GET_INFO_RECIPES]"], "predicted_tokens": ["[IN:GET_INFO_RECIPES", "[SL:RECIPES_DISH", "@ptr2", "SL:RECIPES_DISH]", "IN:GET_INFO_RECIPES]"]}
{"loss": 2.8365461826324463, "class_log_probabilities": [-3.066633462905884, -3.646458864212036, -3.885385036468506, -4.210935592651367], "predictions": [27, 52, 398, 399, 400, 401, 53, 113, 404, 114, 30, 4, 4, 4], "target_tokens": ["[IN:GET_INFO_RECIPES", "[SL:RECIPES_ATTRIBUTE", "@ptr0", "@ptr1", "SL:RECIPES_ATTRIBUTE]", "[SL:RECIPES_DISH", "@ptr3", "@ptr4", "@ptr5", "SL:RECIPES_DISH]", "IN:GET_INFO_RECIPES]"], "predicted_tokens": ["[IN:GET_INFO_RECIPES", "[SL:RECIPES_DISH", "@ptr3", "@ptr4", "@ptr5", "@ptr6", "SL:RECIPES_DISH]", "[SL:RECIPES_COOKING_METHOD", "@ptr9", "SL:RECIPES_COOKING_METHOD]", "IN:GET_INFO_RECIPES]"]}
{"loss": 3.6962482929229736, "class_log_probabilities": [-0.6973657011985779, -5.610774517059326, -6.218035697937012, -6.232143878936768], "predictions": [13, 14, 403, 15, 18, 4], "target_tokens": ["[IN:GET_INFO_RECIPES", "[SL:RECIPES_ATTRIBUTE", "@ptr0", "SL:RECIPES_ATTRIBUTE]", "[SL:RECIPES_DISH", "@ptr7", "SL:RECIPES_DISH]", "IN:GET_INFO_RECIPES]"], "predicted_tokens": ["[IN:GET_WEATHER", "[SL:LOCATION", "@ptr8", "SL:LOCATION]", "IN:GET_WEATHER]"]}
{"loss": 1.8559328317642212, "class_log_probabilities": [-0.3338231146335602, -6.234431743621826, -6.236055850982666, -7.028651714324951], "predictions": [63, 64, 397, 65, 68, 4], "target_tokens": ["[IN:PLAY_MUSIC", "[SL:MUSIC_TYPE", "@ptr1", "SL:MUSIC_TYPE]", "IN:PLAY_MUSIC]"], "predicted_tokens": ["[IN:PLAY_MUSIC", "[SL:MUSIC_TYPE", "@ptr2", "SL:MUSIC_TYPE]", "IN:PLAY_MUSIC]"]}
{"loss": 2.0495402812957764, "class_log_probabilities": [-2.4654433727264404, -2.8861916065216064, -3.261763334274292, -3.5916643142700195], "predictions": [221, 14, 397, 15, 16, 401, 402, 403, 17, 222, 4], "target_tokens": ["[IN:GET_SUNSET", "[SL:LOCATION", "@ptr2", "SL:LOCATION]", "IN:GET_SUNSET]"], "predicted_tokens": ["[IN:GET_SUNSET", "[SL:LOCATION", "@ptr2", "SL:LOCATION]", "[SL:DATE_TIME", "@ptr6", "@ptr7", "@ptr8", "SL:DATE_TIME]", "IN:GET_SUNSET]"]}
{"loss": 2.548413038253784, "class_log_probabilities": [-1.1925950050354004, -4.466622829437256, -4.579270362854004, -5.336270809173584], "predictions": [63, 66, 399, 400, 401, 67, 68, 4], "target_tokens": ["[IN:PLAY_MUSIC", "[SL:MUSIC_GENRE", "@ptr4", "@ptr5", "SL:MUSIC_GENRE]", "IN:PLAY_MUSIC]"], "predicted_tokens": ["[IN:PLAY_MUSIC", "[SL:MUSIC_ARTIST_NAME", "@ptr4", "@ptr5", "@ptr6", "SL:MUSIC_ARTIST_NAME]", "IN:PLAY_MUSIC]"]}
{"loss": 2.1673789024353027, "class_log_probabilities": [-1.189375638961792, -4.6103596687316895, -5.783963680267334, -7.995698928833008], "predictions": [89, 90, 397, 91, 92, 4, 4, 4, 4, 4, 4, 4, 4], "target_tokens": ["[IN:CREATE_TIMER", "[SL:METHOD_TIMER", "@ptr0", "@ptr1", "SL:METHOD_TIMER]", "[SL:TIMER_NAME", "@ptr5", "@ptr6", "@ptr7", "@ptr8", "@ptr9", "@ptr10", "@ptr11", "SL:TIMER_NAME]", "IN:CREATE_TIMER]"], "predicted_tokens": ["[IN:CREATE_TIMER", "[SL:METHOD_TIMER", "@ptr2", "SL:METHOD_TIMER]", "IN:CREATE_TIMER]"]}
{"loss": 3.154921054840088, "class_log_probabilities": [-1.5962343215942383, -3.2282228469848633, -3.99086332321167, -4.034313201904297], "predictions": [115, 90, 404, 91, 116, 4, 4], "target_tokens": ["[IN:GET_TIMER", "[SL:METHOD_TIMER", "@ptr5", "@ptr6", "@ptr7", "SL:METHOD_TIMER]", "IN:GET_TIMER]"], "predicted_tokens": ["[IN:GET_TIMER", "[SL:METHOD_TIMER", "@ptr9", "SL:METHOD_TIMER]", "IN:GET_TIMER]"]}
{"loss": 3.996131658554077, "class_log_probabilities": [-0.8228535056114197, -3.1853699684143066, -5.233015060424805, -6.419983863830566], "predictions": [89, 90, 399, 91, 16, 400, 401, 402, 17, 92, 4], "target_tokens": ["[IN:CREATE_TIMER", "[SL:METHOD_TIMER", "@ptr1", "@ptr2", "@ptr3", "SL:METHOD_TIMER]", "[SL:DATE_TIME", "@ptr4", "@ptr5", "SL:DATE_TIME]", "IN:CREATE_TIMER]"], "predicted_tokens": ["[IN:CREATE_TIMER", "[SL:METHOD_TIMER", "@ptr4", "SL:METHOD_TIMER]", "[SL:DATE_TIME", "@ptr5", "@ptr6", "@ptr7", "SL:DATE_TIME]", "IN:CREATE_TIMER]"]}
{"loss": 1.8598605394363403, "class_log_probabilities": [-1.0282387733459473, -1.4786832332611084, -4.790070533752441, -5.262016773223877], "predictions": [229, 64, 399, 65, 230, 4], "target_tokens": ["[IN:PREVIOUS_TRACK_MUSIC", "[SL:ORDINAL", "@ptr4", "SL:ORDINAL]", "[SL:MUSIC_TYPE", "@ptr3", "SL:MUSIC_TYPE]", "IN:PREVIOUS_TRACK_MUSIC]"], "predicted_tokens": ["[IN:PREVIOUS_TRACK_MUSIC", "[SL:MUSIC_TYPE", "@ptr4", "SL:MUSIC_TYPE]", "IN:PREVIOUS_TRACK_MUSIC]"]}
{"loss": 2.227005958557129, "class_log_probabilities": [-1.8625484704971313, -2.243797540664673, -3.9243338108062744, -4.200102806091309], "predictions": [89, 90, 398, 91, 92, 4, 4, 4], "target_tokens": ["[IN:CREATE_TIMER", "[SL:METHOD_TIMER", "@ptr1", "@ptr2", "@ptr3", "SL:METHOD_TIMER]", "[SL:TIMER_NAME", "@ptr5", "@ptr6", "SL:TIMER_NAME]", "IN:CREATE_TIMER]"], "predicted_tokens": ["[IN:CREATE_TIMER", "[SL:METHOD_TIMER", "@ptr3", "SL:METHOD_TIMER]", "IN:CREATE_TIMER]"]}
{"loss": 2.709939479827881, "class_log_probabilities": [-0.6301941871643066, -3.6308116912841797, -5.763608455657959, -5.777336120605469], "predictions": [13, 16, 400, 401, 402, 403, 17, 18, 4], "target_tokens": ["[IN:GET_WEATHER", "[SL:DATE_TIME", "@ptr4", "@ptr5", "@ptr6", "SL:DATE_TIME]", "IN:GET_WEATHER]"], "predicted_tokens": ["[IN:GET_WEATHER", "[SL:DATE_TIME", "@ptr5", "@ptr6", "@ptr7", "@ptr8", "SL:DATE_TIME]", "IN:GET_WEATHER]"]}
{"loss": 2.8463664054870605, "class_log_probabilities": [-0.8724369406700134, -2.538905143737793, -5.180550575256348, -5.8464202880859375], "predictions": [89, 90, 397, 91, 16, 399, 400, 17, 92, 4, 4], "target_tokens": ["[IN:CREATE_TIMER", "[SL:METHOD_TIMER", "@ptr1", "@ptr2", "SL:METHOD_TIMER]", "[SL:DATE_TIME", "@ptr3", "@ptr4", "SL:DATE_TIME]", "IN:CREATE_TIMER]"], "predicted_tokens": ["[IN:CREATE_TIMER", "[SL:METHOD_TIMER", "@ptr2", "SL:METHOD_TIMER]", "[SL:DATE_TIME", "@ptr4", "@ptr5", "SL:DATE_TIME]", "IN:CREATE_TIMER]"]}
{"loss": 3.6675972938537598, "class_log_probabilities": [-0.7910621762275696, -2.17730975151062, -3.5813679695129395, -3.6055946350097656], "predictions": [115, 90, 402, 91, 116, 4], "target_tokens": ["[IN:GET_TIMER", "[SL:METHOD_TIMER", "@ptr4", "@ptr5", "@ptr6", "SL:METHOD_TIMER]", "IN:GET_TIMER]"], "predicted_tokens": ["[IN:GET_TIMER", "[SL:METHOD_TIMER", "@ptr7", "SL:METHOD_TIMER]", "IN:GET_TIMER]"]}
{"loss": 2.957127571105957, "class_log_probabilities": [-1.8649886846542358, -2.084510564804077, -2.531573534011841, -2.5780656337738037], "predictions": [13, 16, 398, 399, 400, 401, 17, 14, 402, 15, 18, 4, 4], "target_tokens": ["[IN:GET_WEATHER", "[SL:DATE_TIME", "@ptr2", "@ptr3", "@ptr4", "SL:DATE_TIME]", "[SL:LOCATION", "@ptr6", "SL:LOCATION]", "IN:GET_WEATHER]"], "predicted_tokens": ["[IN:GET_WEATHER", "[SL:DATE_TIME", "@ptr3", "@ptr4", "@ptr5", "@ptr6", "SL:DATE_TIME]", "[SL:LOCATION", "@ptr7", "SL:LOCATION]", "IN:GET_WEATHER]"]}
{"loss": 1.5294435024261475, "class_log_probabilities": [-1.2444871664047241, -3.873504400253296, -4.19403600692749, -4.211200714111328], "predictions": [251, 64, 395, 65, 66, 399, 400, 401, 67, 252, 4], "target_tokens": ["[IN:QUESTION_MUSIC", "[SL:MUSIC_TYPE", "@ptr0", "SL:MUSIC_TYPE]", "[SL:MUSIC_ARTIST_NAME", "@ptr4", "@ptr5", "SL:MUSIC_ARTIST_NAME]", "IN:QUESTION_MUSIC]"], "predicted_tokens": ["[IN:QUESTION_MUSIC", "[SL:MUSIC_TYPE", "@ptr0", "SL:MUSIC_TYPE]", "[SL:MUSIC_ARTIST_NAME", "@ptr4", "@ptr5", "@ptr6", "SL:MUSIC_ARTIST_NAME]", "IN:QUESTION_MUSIC]"]}
{"loss": 3.2462427616119385, "class_log_probabilities": [-0.5942146182060242, -6.012821674346924, -6.327793121337891, -7.116524696350098], "predictions": [63, 66, 396, 397, 398, 399, 400, 67, 68, 4], "target_tokens": ["[IN:PLAY_MUSIC", "[SL:MUSIC_TYPE", "@ptr1", "@ptr2", "@ptr3", "@ptr4", "SL:MUSIC_TYPE]", "[SL:MUSIC_PLAYLIST_TITLE", "@ptr5", "SL:MUSIC_PLAYLIST_TITLE]", "IN:PLAY_MUSIC]"], "predicted_tokens": ["[IN:PLAY_MUSIC", "[SL:MUSIC_ARTIST_NAME", "@ptr1", "@ptr2", "@ptr3", "@ptr4", "@ptr5", "SL:MUSIC_ARTIST_NAME]", "IN:PLAY_MUSIC]"]}
{"loss": 3.44031023979187, "class_log_probabilities": [-2.919987440109253, -3.154398202896118, -4.145267963409424, -4.820369720458984], "predictions": [63, 66, 398, 399, 400, 401, 402, 403, 404, 67, 68, 4, 4, 4], "target_tokens": ["[IN:PLAY_MUSIC", "[SL:MUSIC_ARTIST_NAME", "@ptr7", "@ptr8", "SL:MUSIC_ARTIST_NAME]", "[SL:MUSIC_TYPE", "@ptr3", "SL:MUSIC_TYPE]", "IN:PLAY_MUSIC]"], "predicted_tokens": ["[IN:PLAY_MUSIC", "[SL:MUSIC_ARTIST_NAME", "@ptr3", "@ptr4", "@ptr5", "@ptr6", "@ptr7", "@ptr8", "@ptr9", "SL:MUSIC_ARTIST_NAME]", "IN:PLAY_MUSIC]"]}
{"loss": 3.298882484436035, "class_log_probabilities": [-0.4962695837020874, -3.432497501373291, -4.629295825958252, -6.602942943572998], "predictions": [63, 64, 398, 65, 151, 400, 152, 68, 4], "target_tokens": ["[IN:PLAY_MUSIC", "[SL:MUSIC_GENRE", "@ptr4", "SL:MUSIC_GENRE]", "IN:PLAY_MUSIC]"], "predicted_tokens": ["[IN:PLAY_MUSIC", "[SL:MUSIC_TYPE", "@ptr3", "SL:MUSIC_TYPE]", "[SL:MUSIC_GENRE", "@ptr5", "SL:MUSIC_GENRE]", "IN:PLAY_MUSIC]"]}
{"loss": 3.68589448928833, "class_log_probabilities": [-0.35978418588638306, -5.609281063079834, -5.615575313568115, -5.855582237243652], "predictions": [115, 90, 400, 91, 116, 4], "target_tokens": ["[IN:GET_TIMER", "[SL:METHOD_TIMER", "@ptr2", "@ptr3", "@ptr4", "SL:METHOD_TIMER]", "IN:GET_TIMER]"], "predicted_tokens": ["[IN:GET_TIMER", "[SL:METHOD_TIMER", "@ptr5", "SL:METHOD_TIMER]", "IN:GET_TIMER]"]}
{"loss": 3.166487455368042, "class_log_probabilities": [-2.2449417114257812, -2.8120412826538086, -4.667681694030762, -5.080982685089111], "predictions": [89, 90, 397, 91, 141, 399, 400, 401, 142, 92, 4], "target_tokens": ["[IN:CREATE_ALARM", "[SL:PERIOD", "@ptr3", "@ptr4", "@ptr5", "SL:PERIOD]", "IN:CREATE_ALARM]"], "predicted_tokens": ["[IN:CREATE_TIMER", "[SL:METHOD_TIMER", "@ptr2", "SL:METHOD_TIMER]", "[SL:PERIOD", "@ptr4", "@ptr5", "@ptr6", "SL:PERIOD]", "IN:CREATE_TIMER]"]}
{"loss": 2.085087299346924, "class_log_probabilities": [-2.543311834335327, -2.7623181343078613, -3.0602304935455322, -3.2026398181915283], "predictions": [39, 40, 396, 41, 133, 397, 398, 57, 42, 4], "target_tokens": ["[IN:GET_STORIES_NEWS", "[SL:NEWS_CATEGORY", "@ptr2", "@ptr3", "SL:NEWS_CATEGORY]", "[SL:NEWS_TYPE", "@ptr1", "SL:NEWS_TYPE]", "IN:GET_STORIES_NEWS]"], "predicted_tokens": ["[IN:GET_STORIES_NEWS", "[SL:NEWS_TYPE", "@ptr1", "SL:NEWS_TYPE]", "[SL:NEWS_SOURCE", "@ptr2", "@ptr3", "SL:NEWS_TOPIC]", "IN:GET_STORIES_NEWS]"]}
{"loss": 2.390676259994507, "class_log_probabilities": [-0.610146701335907, -7.465472221374512, -7.734543800354004, -7.898860454559326], "predictions": [13, 16, 395, 396, 17, 79, 402, 80, 18, 4, 4, 4, 4], "target_tokens": ["[IN:GET_WEATHER", "[SL:DATE_TIME", "@ptr0", "@ptr1", "SL:DATE_TIME]", "[SL:WEATHER_ATTRIBUTE", "@ptr6", "@ptr7", "SL:WEATHER_ATTRIBUTE]", "IN:GET_WEATHER]"], "predicted_tokens": ["[IN:GET_WEATHER", "[SL:DATE_TIME", "@ptr0", "@ptr1", "SL:DATE_TIME]", "[SL:WEATHER_ATTRIBUTE", "@ptr7", "SL:WEATHER_ATTRIBUTE]", "IN:GET_WEATHER]"]}
{"loss": 1.0553840398788452, "class_log_probabilities": [-1.2797565460205078, -1.5240544080734253, -2.9846994876861572, -6.617661476135254], "predictions": [13, 79, 396, 80, 18, 4], "target_tokens": ["[IN:GET_WEATHER", "[SL:WEATHER_ATTRIBUTE", "@ptr1", "SL:WEATHER_ATTRIBUTE]", "IN:GET_WEATHER]"], "predicted_tokens": ["[IN:GET_WEATHER", "[SL:WEATHER_ATTRIBUTE", "@ptr1", "SL:WEATHER_ATTRIBUTE]", "IN:GET_WEATHER]"]}
{"loss": 4.153884410858154, "class_log_probabilities": [-1.2201906442642212, -2.3702099323272705, -2.959590435028076, -4.086292266845703], "predictions": [89, 90, 399, 91, 16, 401, 402, 17, 92, 4, 4], "target_tokens": ["[IN:CREATE_TIMER", "[SL:METHOD_TIMER", "@ptr1", "@ptr2", "@ptr3", "SL:METHOD_TIMER]", "[SL:DATE_TIME", "@ptr4", "@ptr5", "@ptr6", "SL:DATE_TIME]", "IN:CREATE_TIMER]"], "predicted_tokens": ["[IN:CREATE_TIMER", "[SL:METHOD_TIMER", "@ptr4", "SL:METHOD_TIMER]", "[SL:DATE_TIME", "@ptr6", "@ptr7", "SL:DATE_TIME]", "IN:CREATE_TIMER]"]}
{"loss": 0.9794921875, "class_log_probabilities": [-0.6348356008529663, -4.479123115539551, -5.736940383911133, -5.892345428466797], "predictions": [63, 66, 398, 399, 400, 401, 402, 67, 68, 4], "target_tokens": ["[IN:PLAY_MUSIC", "[SL:MUSIC_ARTIST_NAME", "@ptr3", "@ptr4", "@ptr5", "@ptr6", "@ptr7", "SL:MUSIC_ARTIST_NAME]", "IN:PLAY_MUSIC]"], "predicted_tokens": ["[IN:PLAY_MUSIC", "[SL:MUSIC_ARTIST_NAME", "@ptr3", "@ptr4", "@ptr5", "@ptr6", "@ptr7", "SL:MUSIC_ARTIST_NAME]", "IN:PLAY_MUSIC]"]}
{"loss": 2.5035300254821777, "class_log_probabilities": [-0.9882091283798218, -1.6312922239303589, -4.998749256134033, -5.826681613922119], "predictions": [63, 66, 399, 400, 401, 67, 68, 4], "target_tokens": ["[IN:PLAY_MUSIC", "[SL:MUSIC_TYPE", "@ptr2", "SL:MUSIC_TYPE]", "[SL:MUSIC_ARTIST_NAME", "@ptr4", "@ptr5", "SL:MUSIC_ARTIST_NAME]", "IN:PLAY_MUSIC]"], "predicted_tokens": ["[IN:PLAY_MUSIC", "[SL:MUSIC_ARTIST_NAME", "@ptr4", "@ptr5", "@ptr6", "SL:MUSIC_ARTIST_NAME]", "IN:PLAY_MUSIC]"]}
{"loss": 1.6509615182876587, "class_log_probabilities": [-1.2683793306350708, -1.5689300298690796, -2.637242317199707, -5.5278120040893555], "predictions": [13, 79, 396, 397, 80, 18, 4, 4], "target_tokens": ["[IN:GET_WEATHER", "[SL:WEATHER_ATTRIBUTE", "@ptr0", "@ptr1", "SL:WEATHER_ATTRIBUTE]", "IN:GET_WEATHER]"], "predicted_tokens": ["[IN:GET_WEATHER", "[SL:WEATHER_ATTRIBUTE", "@ptr1", "@ptr2", "SL:WEATHER_ATTRIBUTE]", "IN:GET_WEATHER]"]}
{"loss": 1.9338374137878418, "class_log_probabilities": [-1.1451486349105835, -3.935425281524658, -4.768098831176758, -5.325918197631836], "predictions": [45, 16, 399, 400, 401, 402, 403, 404, 405, 17, 46, 4, 4], "target_tokens": ["[IN:CREATE_ALARM", "[SL:DATE_TIME", "@ptr3", "@ptr4", "@ptr5", "@ptr6", "@ptr7", "@ptr8", "@ptr9", "SL:DATE_TIME]", "IN:CREATE_ALARM]"], "predicted_tokens": ["[IN:CREATE_ALARM", "[SL:DATE_TIME", "@ptr4", "@ptr5", "@ptr6", "@ptr7", "@ptr8", "@ptr9", "@ptr10", "SL:DATE_TIME]", "IN:CREATE_ALARM]"]}
{"loss": 1.8123241662979126, "class_log_probabilities": [-1.51153564453125, -2.7837634086608887, -4.139576435089111, -4.922409534454346], "predictions": [45, 16, 401, 402, 403, 404, 405, 406, 407, 17, 46, 4, 4], "target_tokens": ["[IN:CREATE_ALARM", "[SL:DATE_TIME", "@ptr4", "@ptr5", "@ptr6", "@ptr7", "@ptr8", "@ptr9", "@ptr10", "@ptr11", "@ptr12", "SL:DATE_TIME]", "IN:CREATE_ALARM]"], "predicted_tokens": ["[IN:CREATE_ALARM", "[SL:DATE_TIME", "@ptr6", "@ptr7", "@ptr8", "@ptr9", "@ptr10", "@ptr11", "@ptr12", "SL:DATE_TIME]", "IN:CREATE_ALARM]"]}
{"loss": 1.0413569211959839, "class_log_probabilities": [-0.8630887866020203, -2.026235580444336, -4.958821773529053, -4.968449592590332], "predictions": [217, 64, 396, 65, 218, 4], "target_tokens": ["[IN:GET_TRACK_INFO_MUSIC", "[SL:MUSIC_TYPE", "@ptr1", "SL:MUSIC_TYPE]", "IN:GET_TRACK_INFO_MUSIC]"], "predicted_tokens": ["[IN:GET_TRACK_INFO_MUSIC", "[SL:MUSIC_TYPE", "@ptr1", "SL:MUSIC_TYPE]", "IN:GET_TRACK_INFO_MUSIC]"]}
{"loss": 2.2341246604919434, "class_log_probabilities": [-2.763460397720337, -3.104865789413452, -3.315622329711914, -3.3183677196502686], "predictions": [39, 40, 395, 41, 56, 396, 397, 57, 16, 399, 400, 401, 17, 42, 4], "target_tokens": ["[IN:GET_STORIES_NEWS", "[SL:NEWS_TOPIC", "@ptr1", "@ptr2", "SL:NEWS_TOPIC]", "[SL:NEWS_TYPE", "@ptr0", "SL:NEWS_TYPE]", "[SL:DATE_TIME", "@ptr3", "@ptr4", "@ptr5", "SL:DATE_TIME]", "IN:GET_STORIES_NEWS]"], "predicted_tokens": ["[IN:GET_STORIES_NEWS", "[SL:NEWS_TYPE", "@ptr0", "SL:NEWS_TYPE]", "[SL:NEWS_TOPIC", "@ptr1", "@ptr2", "SL:NEWS_TOPIC]", "[SL:DATE_TIME", "@ptr4", "@ptr5", "@ptr6", "SL:DATE_TIME]", "IN:GET_STORIES_NEWS]"]}
{"loss": 3.5115132331848145, "class_log_probabilities": [-1.0597167015075684, -2.8898861408233643, -3.3641955852508545, -3.397265672683716], "predictions": [115, 90, 397, 91, 116, 4], "target_tokens": ["[IN:GET_TIMER", "[SL:METHOD_TIMER", "@ptr4", "@ptr5", "@ptr6", "SL:METHOD_TIMER]", "IN:GET_TIMER]"], "predicted_tokens": ["[IN:GET_TIMER", "[SL:METHOD_TIMER", "@ptr2", "SL:METHOD_TIMER]", "IN:GET_TIMER]"]}
{"loss": 4.000412464141846, "class_log_probabilities": [-1.4896676540374756, -2.055128812789917, -2.430912733078003, -5.80501127243042], "predictions": [89, 90, 398, 399, 91, 16, 401, 402, 17, 92, 4], "target_tokens": ["[IN:CREATE_TIMER", "[SL:METHOD_TIMER", "@ptr1", "@ptr2", "@ptr3", "SL:METHOD_TIMER]", "[SL:DATE_TIME", "@ptr4", "@ptr5", "@ptr6", "SL:DATE_TIME]", "IN:CREATE_TIMER]"], "predicted_tokens": ["[IN:CREATE_TIMER", "[SL:METHOD_TIMER", "@ptr3", "@ptr4", "SL:METHOD_TIMER]", "[SL:DATE_TIME", "@ptr6", "@ptr7", "SL:DATE_TIME]", "IN:CREATE_TIMER]"]}
{"loss": 1.135588526725769, "class_log_probabilities": [-1.3170950412750244, -3.332784414291382, -4.1135993003845215, -4.862212657928467], "predictions": [45, 16, 399, 400, 401, 402, 403, 404, 405, 406, 17, 46, 4], "target_tokens": ["[IN:CREATE_ALARM", "[SL:DATE_TIME", "@ptr4", "@ptr5", "@ptr6", "@ptr7", "@ptr8", "@ptr9", "@ptr10", "SL:DATE_TIME]", "IN:CREATE_ALARM]"], "predicted_tokens": ["[IN:CREATE_ALARM", "[SL:DATE_TIME", "@ptr4", "@ptr5", "@ptr6", "@ptr7", "@ptr8", "@ptr9", "@ptr10", "@ptr11", "SL:DATE_TIME]", "IN:CREATE_ALARM]"]}
{"loss": 0.9930451512336731, "class_log_probabilities": [-0.4126451015472412, -4.297093391418457, -4.627774238586426, -5.670786380767822], "predictions": [347, 64, 398, 65, 348, 4], "target_tokens": ["[IN:DISLIKE_MUSIC", "[SL:MUSIC_TYPE", "@ptr3", "SL:MUSIC_TYPE]", "IN:DISLIKE_MUSIC]"], "predicted_tokens": ["[IN:DISLIKE_MUSIC", "[SL:MUSIC_TYPE", "@ptr3", "SL:MUSIC_TYPE]", "IN:DISLIKE_MUSIC]"]}
{"loss": 3.167880058288574, "class_log_probabilities": [-0.5132507085800171, -5.962057590484619, -6.171339511871338, -8.375589370727539], "predictions": [241, 64, 398, 65, 242, 4, 4, 4, 4], "target_tokens": ["[IN:SKIP_TRACK_MUSIC", "[SL:ORDINAL", "@ptr4", "@ptr5", "SL:ORDINAL]", "[SL:MUSIC_TYPE", "@ptr3", "SL:MUSIC_TYPE]", "IN:SKIP_TRACK_MUSIC]"], "predicted_tokens": ["[IN:SKIP_TRACK_MUSIC", "[SL:MUSIC_TYPE", "@ptr3", "SL:MUSIC_TYPE]", "IN:SKIP_TRACK_MUSIC]"]}
{"loss": 1.676323413848877, "class_log_probabilities": [-3.4547629356384277, -3.780111789703369, -4.354961395263672, -4.363442420959473], "predictions": [39, 40, 396, 41, 56, 402, 403, 404, 405, 406, 57, 42, 4, 4], "target_tokens": ["[IN:GET_STORIES_NEWS", "[SL:NEWS_TYPE", "@ptr1", "SL:NEWS_TYPE]", "[SL:NEWS_TOPIC", "@ptr5", "@ptr6", "@ptr7", "@ptr8", "@ptr9", "SL:NEWS_TOPIC]", "IN:GET_STORIES_NEWS]"], "predicted_tokens": ["[IN:GET_STORIES_NEWS", "[SL:NEWS_TYPE", "@ptr1", "SL:NEWS_TYPE]", "[SL:NEWS_TOPIC", "@ptr7", "@ptr8", "@ptr9", "@ptr10", "@ptr11", "SL:NEWS_TOPIC]", "IN:GET_STORIES_NEWS]"]}
{"loss": 3.503450870513916, "class_log_probabilities": [-0.5137490034103394, -3.4706006050109863, -4.998875617980957, -5.936910152435303], "predictions": [255, 90, 401, 91, 256, 4], "target_tokens": ["[IN:PAUSE_TIMER", "[SL:METHOD_TIMER", "@ptr3", "@ptr4", "@ptr5", "SL:METHOD_TIMER]", "IN:PAUSE_TIMER]"], "predicted_tokens": ["[IN:PAUSE_TIMER", "[SL:METHOD_TIMER", "@ptr6", "SL:METHOD_TIMER]", "IN:PAUSE_TIMER]"]}
{"loss": 3.111189126968384, "class_log_probabilities": [-1.8858630657196045, -2.0145697593688965, -2.645664930343628, -4.212252616882324], "predictions": [205, 208, 4], "target_tokens": ["[IN:SNOOZE_ALARM", "IN:SNOOZE_ALARM]"], "predicted_tokens": ["[IN:START_SHUFFLE_MUSIC", "IN:START_SHUFFLE_MUSIC]"]}
{"loss": 2.431797742843628, "class_log_probabilities": [-1.428989052772522, -3.412726879119873, -3.5312068462371826, -5.195095539093018], "predictions": [27, 129, 400, 401, 402, 403, 404, 405, 406, 130, 30, 4], "target_tokens": ["[IN:GET_INFO_RECIPES", "[SL:RECIPES_ATTRIBUTE", "@ptr1", "@ptr2", "SL:RECIPES_ATTRIBUTE]", "[SL:RECIPES_DISH", "@ptr5", "@ptr6", "@ptr7", "@ptr8", "@ptr9", "@ptr10", "SL:RECIPES_DISH]", "IN:GET_INFO_RECIPES]"], "predicted_tokens": ["[IN:GET_INFO_RECIPES", "[SL:RECIPES_INCLUDED_INGREDIENT", "@ptr5", "@ptr6", "@ptr7", "@ptr8", "@ptr9", "@ptr10", "@ptr11", "SL:RECIPES_INCLUDED_INGREDIENT]", "IN:GET_INFO_RECIPES]"]}
{"loss": 2.5692715644836426, "class_log_probabilities": [-0.16911563277244568, -6.978125095367432, -7.44594669342041, -8.392446517944336], "predictions": [27, 30, 4, 4, 4, 4], "target_tokens": ["[IN:GET_INFO_RECIPES", "[SL:RECIPES_INCLUDED_INGREDIENT", "@ptr0", "@ptr1", "SL:RECIPES_INCLUDED_INGREDIENT]", "IN:GET_INFO_RECIPES]"], "predicted_tokens": ["[IN:GET_INFO_RECIPES", "IN:GET_INFO_RECIPES]"]}
{"loss": 2.6300199031829834, "class_log_probabilities": [-3.340013027191162, -4.297462463378906, -5.906070709228516, -13.165950775146484], "predictions": [27, 129, 412, 130, 30, 4, 4, 4, 4, 4, 4, 4, 4, 4, 4, 4], "target_tokens": ["[IN:GET_INFO_RECIPES", "[SL:RECIPES_INCLUDED_INGREDIENT", "@ptr0", "@ptr1", "SL:RECIPES_INCLUDED_INGREDIENT]", "[SL:RECIPES_DISH", "@ptr8", "@ptr9", "SL:RECIPES_DISH]", "IN:GET_INFO_RECIPES]"], "predicted_tokens": ["[IN:GET_INFO_RECIPES", "[SL:RECIPES_INCLUDED_INGREDIENT", "@ptr17", "SL:RECIPES_INCLUDED_INGREDIENT]", "IN:GET_INFO_RECIPES]"]}
{"loss": 2.9607696533203125, "class_log_probabilities": [-2.812549591064453, -4.121718883514404, -7.406175136566162, -8.10177230834961], "predictions": [23, 10, 70, 71, 402, 72, 73, 11, 26, 4, 4, 4, 4, 4, 4, 4, 4, 4], "target_tokens": ["[IN:SEND_MESSAGE", "[SL:RECIPIENT", "[IN:GET_CONTACT", "[SL:CONTACT_RELATED", "@ptr8", "@ptr9", "SL:CONTACT_RELATED]", "[SL:TYPE_RELATION", "@ptr5", "@ptr6", "@ptr7", "SL:TYPE_RELATION]", "IN:GET_CONTACT]", "SL:RECIPIENT]", "IN:SEND_MESSAGE]"], "predicted_tokens": ["[IN:SEND_MESSAGE", "[SL:RECIPIENT", "[IN:GET_CONTACT", "[SL:TYPE_RELATION", "@ptr7", "SL:TYPE_RELATION]", "IN:GET_CONTACT]", "SL:RECIPIENT]", "IN:SEND_MESSAGE]"]}
{"loss": 2.691192626953125, "class_log_probabilities": [-1.1778440475463867, -3.183387517929077, -3.6953248977661133, -4.411767959594727], "predictions": [23, 10, 400, 11, 10, 403, 404, 405, 11, 26, 4, 4], "target_tokens": ["[IN:SEND_MESSAGE", "[SL:RECIPIENT", "@ptr5", "SL:RECIPIENT]", "[SL:RECIPIENT", "@ptr7", "@ptr8", "@ptr9", "SL:RECIPIENT]", "IN:SEND_MESSAGE]"], "predicted_tokens": ["[IN:SEND_MESSAGE", "[SL:RECIPIENT", "@ptr5", "SL:RECIPIENT]", "[SL:RECIPIENT", "@ptr8", "@ptr9", "@ptr10", "SL:RECIPIENT]", "IN:SEND_MESSAGE]"]}
{"loss": 5.073927402496338, "class_log_probabilities": [-3.578080177307129, -8.20643138885498, -69.61585998535156, -70.52906799316406], "predictions": [23, 10, 404, 11, 76, 413, 77, 26, 4, 4, 4, 4, 4, 4, 4, 4, 4, 4, 4, 4, 4, 4, 4, 4, 4, 4, 4, 4, 4, 4, 4, 4, 4, 4, 4, 4, 4, 4, 4, 4, 4, 4, 4, 4, 4, 4, 4, 4, 4, 4, 4, 4, 4, 4, 4, 4, 4, 4, 4, 4, 4, 4, 4, 4, 4, 4, 4, 4, 4, 4, 4, 4, 4, 4, 4, 4, 4, 4, 4, 4, 4, 4, 4, 4, 4, 4, 4, 4, 4, 4, 4, 4, 4, 4, 4, 4, 4, 4, 4, 4], "target_tokens": ["[IN:SEND_MESSAGE", "[SL:TYPE_CONTENT", "@ptr4", "SL:TYPE_CONTENT]", "[SL:GROUP", "@ptr8", "@ptr9", "@ptr10", "@ptr11", "@ptr12", "@ptr13", "@ptr14", "@ptr15", "SL:GROUP]", "IN:SEND_MESSAGE]"], "predicted_tokens": ["[IN:SEND_MESSAGE", "[SL:RECIPIENT", "@ptr9", "SL:RECIPIENT]", "[SL:NAME_APP", "@ptr18", "SL:NAME_APP]", "IN:SEND_MESSAGE]"]}
{"loss": 3.021745204925537, "class_log_probabilities": [-1.6383306980133057, -3.6560776233673096, -5.223385334014893, -5.81787633895874], "predictions": [23, 10, 398, 399, 400, 401, 402, 11, 26, 4, 4, 4, 4], "target_tokens": ["[IN:SEND_MESSAGE", "[SL:GROUP", "@ptr3", "@ptr4", "@ptr5", "SL:GROUP]", "IN:SEND_MESSAGE]"], "predicted_tokens": ["[IN:SEND_MESSAGE", "[SL:RECIPIENT", "@ptr3", "@ptr4", "@ptr5", "@ptr6", "@ptr7", "SL:RECIPIENT]", "IN:SEND_MESSAGE]"]}
{"loss": 3.476670026779175, "class_log_probabilities": [-2.4570512771606445, -5.421222686767578, -5.774869918823242, -6.274161338806152], "predictions": [23, 10, 399, 400, 401, 402, 11, 10, 404, 11, 26, 4, 4, 4, 4, 4], "target_tokens": ["[IN:SEND_MESSAGE", "[SL:RECIPIENT", "@ptr3", "@ptr4", "SL:RECIPIENT]", "[SL:RECIPIENT", "@ptr5", "@ptr6", "SL:RECIPIENT]", "[SL:RECIPIENT", "@ptr8", "@ptr9", "SL:RECIPIENT]", "[SL:CONTENT_EXACT", "@ptr12", "@ptr13", "@ptr14", "@ptr15", "@ptr16", "SL:CONTENT_EXACT]", "IN:SEND_MESSAGE]"], "predicted_tokens": ["[IN:SEND_MESSAGE", "[SL:RECIPIENT", "@ptr4", "@ptr5", "@ptr6", "@ptr7", "SL:RECIPIENT]", "[SL:RECIPIENT", "@ptr9", "SL:RECIPIENT]", "IN:SEND_MESSAGE]"]}
{"loss": 2.6596713066101074, "class_log_probabilities": [-1.435111165046692, -2.1571664810180664, -4.046559810638428, -4.1476311683654785], "predictions": [23, 10, 399, 400, 11, 26, 4, 4], "target_tokens": ["[IN:SEND_MESSAGE", "[SL:GROUP", "@ptr3", "@ptr4", "SL:GROUP]", "IN:SEND_MESSAGE]"], "predicted_tokens": ["[IN:SEND_MESSAGE", "[SL:RECIPIENT", "@ptr4", "@ptr5", "SL:RECIPIENT]", "IN:SEND_MESSAGE]"]}
{"loss": 2.474261522293091, "class_log_probabilities": [-1.3554353713989258, -1.5584968328475952, -4.1967997550964355, -5.01170539855957], "predictions": [23, 10, 400, 11, 10, 403, 404, 11, 26, 4, 4, 4, 4], "target_tokens": ["[IN:SEND_MESSAGE", "[SL:RECIPIENT", "@ptr5", "SL:RECIPIENT]", "[SL:RECIPIENT", "@ptr7", "@ptr8", "SL:RECIPIENT]", "IN:SEND_MESSAGE]"], "predicted_tokens": ["[IN:SEND_MESSAGE", "[SL:RECIPIENT", "@ptr5", "SL:RECIPIENT]", "[SL:RECIPIENT", "@ptr8", "@ptr9", "SL:RECIPIENT]", "IN:SEND_MESSAGE]"]}
{"loss": 3.352544069290161, "class_log_probabilities": [-1.1473228931427002, -3.123526096343994, -3.1887426376342773, -4.336338996887207], "predictions": [23, 10, 400, 11, 26, 4, 4, 4, 4, 4, 4], "target_tokens": ["[IN:SEND_MESSAGE", "[SL:GROUP", "@ptr6", "@ptr7", "SL:GROUP]", "IN:SEND_MESSAGE]"], "predicted_tokens": ["[IN:SEND_MESSAGE", "[SL:RECIPIENT", "@ptr5", "SL:RECIPIENT]", "IN:SEND_MESSAGE]"]}
{"loss": 3.154790163040161, "class_log_probabilities": [-0.8134546279907227, -4.0775651931762695, -4.152239799499512, -5.201847553253174], "predictions": [23, 8, 401, 9, 10, 403, 11, 26, 4, 4, 4, 4], "target_tokens": ["[IN:SEND_MESSAGE", "[SL:RECIPIENT", "@ptr7", "SL:RECIPIENT]", "[SL:RECIPIENT", "@ptr9", "SL:RECIPIENT]", "[SL:TYPE_CONTENT", "@ptr5", "SL:TYPE_CONTENT]", "IN:SEND_MESSAGE]"], "predicted_tokens": ["[IN:SEND_MESSAGE", "[SL:TYPE_CONTENT", "@ptr6", "SL:TYPE_CONTENT]", "[SL:RECIPIENT", "@ptr8", "SL:RECIPIENT]", "IN:SEND_MESSAGE]"]}
{"loss": 2.2968175411224365, "class_log_probabilities": [-1.795218586921692, -2.032233715057373, -3.5796914100646973, -3.8663711547851562], "predictions": [23, 10, 402, 403, 404, 405, 11, 26, 4, 4], "target_tokens": ["[IN:SEND_MESSAGE", "[SL:TYPE_CONTENT", "@ptr2", "SL:TYPE_CONTENT]", "[SL:GROUP", "@ptr7", "@ptr8", "@ptr9", "@ptr10", "SL:GROUP]", "IN:SEND_MESSAGE]"], "predicted_tokens": ["[IN:SEND_MESSAGE", "[SL:RECIPIENT", "@ptr7", "@ptr8", "@ptr9", "@ptr10", "SL:RECIPIENT]", "IN:SEND_MESSAGE]"]}
{"loss": 3.1867527961730957, "class_log_probabilities": [-1.0514618158340454, -4.6909332275390625, -4.891806125640869, -5.342653751373291], "predictions": [23, 10, 399, 11, 10, 403, 404, 405, 406, 11, 26, 4, 4, 4, 4], "target_tokens": ["[IN:SEND_MESSAGE", "[SL:RECIPIENT", "@ptr4", "@ptr5", "SL:RECIPIENT]", "[SL:RECIPIENT", "@ptr7", "@ptr8", "@ptr9", "@ptr10", "SL:RECIPIENT]", "IN:SEND_MESSAGE]"], "predicted_tokens": ["[IN:SEND_MESSAGE", "[SL:RECIPIENT", "@ptr4", "SL:RECIPIENT]", "[SL:RECIPIENT", "@ptr8", "@ptr9", "@ptr10", "@ptr11", "SL:RECIPIENT]", "IN:SEND_MESSAGE]"]}
{"loss": 2.623375654220581, "class_log_probabilities": [-0.9339078664779663, -3.429332971572876, -3.7854294776916504, -4.618772506713867], "predictions": [23, 10, 399, 11, 10, 403, 11, 26, 4, 4], "target_tokens": ["[IN:SEND_MESSAGE", "[SL:RECIPIENT", "@ptr4", "@ptr5", "SL:RECIPIENT]", "[SL:RECIPIENT", "@ptr7", "@ptr8", "SL:RECIPIENT]", "IN:SEND_MESSAGE]"], "predicted_tokens": ["[IN:SEND_MESSAGE", "[SL:RECIPIENT", "@ptr4", "SL:RECIPIENT]", "[SL:RECIPIENT", "@ptr8", "SL:RECIPIENT]", "IN:SEND_MESSAGE]"]}
{"loss": 2.6967151165008545, "class_log_probabilities": [-3.7871859073638916, -5.824076175689697, -7.077456474304199, -7.333035469055176], "predictions": [23, 10, 70, 71, 402, 72, 73, 11, 26, 4, 4, 4, 4, 4, 4, 4, 4], "target_tokens": ["[IN:SEND_MESSAGE", "[SL:RECIPIENT", "[IN:GET_CONTACT", "[SL:CONTACT_RELATED", "@ptr5", "@ptr6", "@ptr7", "SL:CONTACT_RELATED]", "[SL:TYPE_RELATION", "@ptr8", "@ptr9", "SL:TYPE_RELATION]", "IN:GET_CONTACT]", "SL:RECIPIENT]", "IN:SEND_MESSAGE]"], "predicted_tokens": ["[IN:SEND_MESSAGE", "[SL:RECIPIENT", "[IN:GET_CONTACT", "[SL:TYPE_RELATION", "@ptr7", "SL:TYPE_RELATION]", "IN:GET_CONTACT]", "SL:RECIPIENT]", "IN:SEND_MESSAGE]"]}
{"loss": 3.581050157546997, "class_log_probabilities": [-1.8357224464416504, -5.8066864013671875, -5.893842697143555, -34.400699615478516], "predictions": [5, 12, 4, 4, 4, 4, 4, 4, 4, 4, 4, 4, 4, 4, 4, 4, 4, 4, 4, 4, 4, 4, 4, 4, 4, 4, 4, 4, 4, 4, 4, 4, 4, 4, 4, 4, 4, 4, 4, 4, 4, 4, 4, 4, 4, 4, 4, 4, 4, 4, 4, 4, 4, 4, 4, 4, 4, 4, 4, 4, 4, 4, 4, 4, 4, 4, 4, 4, 4, 4, 4, 4, 4, 4, 4, 4, 4, 4, 4, 4, 4, 4, 4, 4, 4, 4, 4, 4, 4, 4, 4, 4, 4, 4, 4, 4, 4, 4, 4, 4], "target_tokens": ["[IN:GET_MESSAGE", "[SL:TYPE_CONTENT", "@ptr2", "SL:TYPE_CONTENT]", "[SL:SENDER", "[IN:GET_CONTACT", "[SL:TYPE_RELATION", "@ptr6", "SL:TYPE_RELATION]", "[SL:CONTACT", "@ptr7", "@ptr8", "SL:CONTACT]", "IN:GET_CONTACT]", "SL:SENDER]", "IN:GET_MESSAGE]"], "predicted_tokens": ["[IN:GET_MESSAGE", "IN:GET_MESSAGE]"]}
{"loss": 2.5721821784973145, "class_log_probabilities": [-1.6761244535446167, -3.7366695404052734, -3.941373825073242, -5.2754292488098145], "predictions": [5, 59, 70, 71, 399, 72, 6, 400, 401, 7, 73, 60, 12, 4, 4, 4], "target_tokens": ["[IN:GET_MESSAGE", "[SL:SENDER", "[IN:GET_CONTACT", "[SL:TYPE_RELATION", "@ptr3", "SL:TYPE_RELATION]", "[SL:CONTACT", "@ptr4", "@ptr5", "SL:CONTACT]", "IN:GET_CONTACT]", "SL:SENDER]", "IN:GET_MESSAGE]"], "predicted_tokens": ["[IN:GET_MESSAGE", "[SL:SENDER", "[IN:GET_CONTACT", "[SL:TYPE_RELATION", "@ptr4", "SL:TYPE_RELATION]", "[SL:CONTACT", "@ptr5", "@ptr6", "SL:CONTACT]", "IN:GET_CONTACT]", "SL:SENDER]", "IN:GET_MESSAGE]"]}
{"loss": 3.9816789627075195, "class_log_probabilities": [-2.5068211555480957, -2.7624831199645996, -4.2649946212768555, -5.878629207611084], "predictions": [5, 10, 401, 402, 403, 404, 405, 11, 26, 4, 4], "target_tokens": ["[IN:GET_MESSAGE", "[SL:SENDER", "[IN:GET_CONTACT", "[SL:TYPE_RELATION", "@ptr5", "@ptr6", "SL:TYPE_RELATION]", "[SL:CONTACT", "@ptr7", "@ptr8", "@ptr9", "SL:CONTACT]", "IN:GET_CONTACT]", "SL:SENDER]", "IN:GET_MESSAGE]"], "predicted_tokens": ["[IN:GET_MESSAGE", "[SL:RECIPIENT", "@ptr6", "@ptr7", "@ptr8", "@ptr9", "@ptr10", "SL:RECIPIENT]", "IN:SEND_MESSAGE]"]}
{"loss": 2.657564401626587, "class_log_probabilities": [-3.476635694503784, -3.6883294582366943, -4.288496017456055, -5.3226704597473145], "predictions": [5, 59, 70, 71, 399, 72, 6, 400, 401, 402, 7, 73, 60, 10, 403, 11, 12, 4], "target_tokens": ["[IN:GET_MESSAGE", "[SL:SENDER", "[IN:GET_CONTACT", "[SL:TYPE_RELATION", "@ptr3", "SL:TYPE_RELATION]", "[SL:CONTACT", "@ptr4", "@ptr5", "SL:CONTACT]", "IN:GET_CONTACT]", "SL:SENDER]", "IN:GET_MESSAGE]"], "predicted_tokens": ["[IN:GET_MESSAGE", "[SL:SENDER", "[IN:GET_CONTACT", "[SL:TYPE_RELATION", "@ptr4", "SL:TYPE_RELATION]", "[SL:CONTACT", "@ptr5", "@ptr6", "@ptr7", "SL:CONTACT]", "IN:GET_CONTACT]", "SL:SENDER]", "[SL:RECIPIENT", "@ptr8", "SL:RECIPIENT]", "IN:GET_MESSAGE]"]}
{"loss": 1.2295483350753784, "class_log_probabilities": [-1.1576225757598877, -3.2467880249023438, -5.5207366943359375, -5.805995464324951], "predictions": [5, 10, 400, 401, 402, 11, 12, 4], "target_tokens": ["[IN:GET_MESSAGE", "[SL:SENDER", "@ptr5", "@ptr6", "@ptr7", "SL:SENDER]", "IN:GET_MESSAGE]"], "predicted_tokens": ["[IN:GET_MESSAGE", "[SL:RECIPIENT", "@ptr5", "@ptr6", "@ptr7", "SL:RECIPIENT]", "IN:GET_MESSAGE]"]}
{"loss": 4.335763454437256, "class_log_probabilities": [-3.7770609855651855, -3.8359124660491943, -5.8521904945373535, -7.948537826538086], "predictions": [23, 24, 395, 396, 397, 398, 399, 25, 10, 401, 402, 11, 26, 4, 4, 4, 4, 4, 4, 4, 4, 4], "target_tokens": ["[IN:SEND_MESSAGE", "[SL:CONTACT", "@ptr6", "@ptr7", "SL:CONTACT]", "[SL:NAME_APP", "@ptr13", "@ptr14", "@ptr15", "@ptr16", "SL:NAME_APP]", "IN:SEND_MESSAGE]"], "predicted_tokens": ["[IN:SEND_MESSAGE", "[SL:CONTENT_EXACT", "@ptr0", "@ptr1", "@ptr2", "@ptr3", "@ptr4", "SL:CONTENT_EXACT]", "[SL:RECIPIENT", "@ptr6", "@ptr7", "SL:RECIPIENT]", "IN:SEND_MESSAGE]"]}
{"loss": 4.358721733093262, "class_log_probabilities": [-3.079881429672241, -3.4439213275909424, -4.48879861831665, -6.000016212463379], "predictions": [23, 10, 400, 11, 10, 401, 402, 11, 10, 405, 407, 11, 26, 4, 4, 4, 4, 4], "target_tokens": ["[IN:SEND_MESSAGE", "[SL:RECIPIENT", "@ptr5", "@ptr6", "SL:RECIPIENT]", "[SL:TYPE_CONTENT", "@ptr3", "SL:TYPE_CONTENT]", "[SL:NAME_APP", "@ptr9", "@ptr10", "@ptr11", "@ptr12", "SL:NAME_APP]", "IN:SEND_MESSAGE]"], "predicted_tokens": ["[IN:SEND_MESSAGE", "[SL:RECIPIENT", "@ptr5", "SL:RECIPIENT]", "[SL:RECIPIENT", "@ptr6", "@ptr7", "SL:RECIPIENT]", "[SL:RECIPIENT", "@ptr10", "@ptr12", "SL:RECIPIENT]", "IN:SEND_MESSAGE]"]}
{"loss": 3.2454702854156494, "class_log_probabilities": [-3.2887299060821533, -3.580899953842163, -3.581475019454956, -5.0950446128845215], "predictions": [23, 10, 399, 11, 10, 400, 401, 402, 403, 404, 405, 406, 11, 26, 4, 4], "target_tokens": ["[IN:SEND_MESSAGE", "[SL:RECIPIENT", "@ptr4", "@ptr5", "@ptr6", "@ptr7", "@ptr8", "SL:RECIPIENT]", "[SL:NAME_APP", "@ptr11", "@ptr12", "@ptr13", "@ptr14", "SL:NAME_APP]", "[SL:CONTENT_EXACT", "@ptr17", "@ptr18", "@ptr19", "@ptr20", "SL:CONTENT_EXACT]", "IN:SEND_MESSAGE]"], "predicted_tokens": ["[IN:SEND_MESSAGE", "[SL:RECIPIENT", "@ptr4", "SL:RECIPIENT]", "[SL:RECIPIENT", "@ptr5", "@ptr6", "@ptr7", "@ptr8", "@ptr9", "@ptr10", "@ptr11", "SL:RECIPIENT]", "IN:SEND_MESSAGE]"]}
{"loss": 3.219341516494751, "class_log_probabilities": [-1.0081690549850464, -3.216475009918213, -3.5846171379089355, -4.063197135925293], "predictions": [23, 10, 401, 402, 403, 11, 26, 4], "target_tokens": ["[IN:SEND_MESSAGE", "[SL:TYPE_CONTENT", "@ptr2", "SL:TYPE_CONTENT]", "[SL:NAME_APP", "@ptr5", "@ptr6", "@ptr7", "@ptr8", "SL:NAME_APP]", "IN:SEND_MESSAGE]"], "predicted_tokens": ["[IN:SEND_MESSAGE", "[SL:RECIPIENT", "@ptr6", "@ptr7", "@ptr8", "SL:RECIPIENT]", "IN:SEND_MESSAGE]"]}
{"loss": 2.53767466545105, "class_log_probabilities": [-1.9569751024246216, -1.9974935054779053, -2.6552979946136475, -4.11014986038208], "predictions": [23, 10, 401, 402, 403, 404, 405, 11, 26, 4, 4, 4, 4, 4], "target_tokens": ["[IN:SEND_MESSAGE", "[SL:RECIPIENT", "@ptr6", "SL:RECIPIENT]", "[SL:NAME_APP", "@ptr8", "@ptr9", "@ptr10", "SL:NAME_APP]", "IN:SEND_MESSAGE]"], "predicted_tokens": ["[IN:SEND_MESSAGE", "[SL:RECIPIENT", "@ptr6", "@ptr7", "@ptr8", "@ptr9", "@ptr10", "SL:RECIPIENT]", "IN:SEND_MESSAGE]"]}
{"loss": 0.9760270714759827, "class_log_probabilities": [-0.6155842542648315, -4.776000499725342, -5.20040225982666, -5.572681427001953], "predictions": [23, 76, 400, 401, 77, 26, 4, 4], "target_tokens": ["[IN:SEND_MESSAGE", "[SL:NAME_APP", "@ptr5", "@ptr6", "SL:NAME_APP]", "IN:SEND_MESSAGE]"], "predicted_tokens": ["[IN:SEND_MESSAGE", "[SL:NAME_APP", "@ptr5", "@ptr6", "SL:NAME_APP]", "IN:SEND_MESSAGE]"]}
{"loss": 3.8480207920074463, "class_log_probabilities": [-1.1931952238082886, -3.921504259109497, -4.458421230316162, -4.560469627380371], "predictions": [63, 68, 4, 4, 4, 4, 4, 4, 4, 4, 4, 4], "target_tokens": ["[IN:GET_STORIES_NEWS", "[SL:NEWS_SOURCE", "@ptr4", "@ptr5", "@ptr6", "SL:NEWS_SOURCE]", "[SL:NEWS_TYPE", "@ptr1", "@ptr2", "@ptr3", "SL:NEWS_TYPE]", "IN:GET_STORIES_NEWS]"], "predicted_tokens": ["[IN:PLAY_MUSIC", "IN:PLAY_MUSIC]"]}
{"loss": 3.27146053314209, "class_log_probabilities": [-4.548553943634033, -4.691235542297363, -4.859069347381592, -5.32310676574707], "predictions": [75, 6, 400, 401, 402, 403, 404, 405, 7, 78, 4, 4, 4, 4], "target_tokens": ["[IN:CREATE_CALL", "[SL:PHONE_NUMBER", "@ptr5", "@ptr6", "@ptr7", "@ptr8", "@ptr9", "SL:PHONE_NUMBER]", "[SL:NAME_APP", "@ptr11", "@ptr12", "@ptr13", "SL:NAME_APP]", "IN:CREATE_CALL]"], "predicted_tokens": ["[IN:CREATE_CALL", "[SL:CONTACT", "@ptr5", "@ptr6", "@ptr7", "@ptr8", "@ptr9", "@ptr10", "SL:CONTACT]", "IN:CREATE_CALL]"]}
{"loss": 2.605233669281006, "class_log_probabilities": [-6.31100606918335, -6.327116012573242, -6.443753719329834, -6.995909214019775], "predictions": [23, 10, 395, 396, 397, 398, 399, 400, 401, 402, 11, 10, 404, 405, 406, 11, 26, 4], "target_tokens": ["[IN:CREATE_CALL", "[SL:CONTACT", "@ptr6", "@ptr7", "SL:CONTACT]", "[SL:CONTACT", "@ptr9", "@ptr10", "SL:CONTACT]", "IN:CREATE_CALL]"], "predicted_tokens": ["[IN:SEND_MESSAGE", "[SL:RECIPIENT", "@ptr0", "@ptr1", "@ptr2", "@ptr3", "@ptr4", "@ptr5", "@ptr6", "@ptr7", "SL:RECIPIENT]", "[SL:RECIPIENT", "@ptr9", "@ptr10", "@ptr11", "SL:RECIPIENT]", "IN:SEND_MESSAGE]"]}
{"loss": 1.8264915943145752, "class_log_probabilities": [-3.5910611152648926, -3.7902305126190186, -4.438225269317627, -4.702259540557861], "predictions": [75, 6, 398, 399, 400, 401, 402, 403, 404, 405, 406, 7, 78, 4, 4, 4], "target_tokens": ["[IN:CREATE_CALL", "[SL:CONTACT", "@ptr3", "@ptr4", "@ptr5", "@ptr6", "SL:CONTACT]", "[SL:CONTACT", "@ptr7", "@ptr8", "@ptr9", "SL:CONTACT]", "[SL:CONTACT", "@ptr11", "@ptr12", "@ptr13", "@ptr14", "SL:CONTACT]", "IN:CREATE_CALL]"], "predicted_tokens": ["[IN:CREATE_CALL", "[SL:CONTACT", "@ptr3", "@ptr4", "@ptr5", "@ptr6", "@ptr7", "@ptr8", "@ptr9", "@ptr10", "@ptr11", "SL:CONTACT]", "IN:CREATE_CALL]"]}
{"loss": 2.8282554149627686, "class_log_probabilities": [-4.231287002563477, -5.429911136627197, -6.479197025299072, -8.659133911132812], "predictions": [63, 66, 395, 396, 397, 398, 399, 400, 401, 402, 403, 404, 67, 68, 4, 4, 4, 4, 4, 4, 4], "target_tokens": ["[IN:CREATE_CALL", "[SL:CONTACT", "@ptr6", "@ptr7", "@ptr8", "SL:CONTACT]", "[SL:CONTACT", "@ptr10", "@ptr11", "SL:CONTACT]", "IN:CREATE_CALL]"], "predicted_tokens": ["[IN:PLAY_MUSIC", "[SL:MUSIC_ARTIST_NAME", "@ptr0", "@ptr1", "@ptr2", "@ptr3", "@ptr4", "@ptr5", "@ptr6", "@ptr7", "@ptr8", "@ptr9", "SL:MUSIC_ARTIST_NAME]", "IN:PLAY_MUSIC]"]}
{"loss": 2.9673752784729004, "class_log_probabilities": [-3.477985143661499, -3.560359239578247, -3.7263753414154053, -5.222508907318115], "predictions": [75, 6, 396, 7, 6, 399, 7, 6, 405, 406, 407, 7, 78, 4, 4, 4, 4], "target_tokens": ["[IN:CREATE_CALL", "[SL:CONTACT", "@ptr4", "@ptr5", "SL:CONTACT]", "[SL:CONTACT", "@ptr6", "@ptr7", "SL:CONTACT]", "[SL:CONTACT", "@ptr9", "@ptr10", "@ptr11", "SL:CONTACT]", "[SL:NAME_APP", "@ptr13", "SL:NAME_APP]", "IN:CREATE_CALL]"], "predicted_tokens": ["[IN:CREATE_CALL", "[SL:CONTACT", "@ptr1", "SL:CONTACT]", "[SL:CONTACT", "@ptr4", "SL:CONTACT]", "[SL:CONTACT", "@ptr10", "@ptr11", "@ptr12", "SL:CONTACT]", "IN:CREATE_CALL]"]}
{"loss": 1.684626817703247, "class_log_probabilities": [-2.221501588821411, -2.3658652305603027, -3.307485580444336, -5.131239891052246], "predictions": [75, 6, 400, 7, 6, 405, 7, 78, 4, 4, 4, 4], "target_tokens": ["[IN:CREATE_CALL", "[SL:CONTACT", "@ptr5", "@ptr6", "@ptr7", "SL:CONTACT]", "[SL:CONTACT", "@ptr9", "SL:CONTACT]", "IN:CREATE_CALL]"], "predicted_tokens": ["[IN:CREATE_CALL", "[SL:CONTACT", "@ptr5", "SL:CONTACT]", "[SL:CONTACT", "@ptr10", "SL:CONTACT]", "IN:CREATE_CALL]"]}
{"loss": 2.377713918685913, "class_log_probabilities": [-0.5557049512863159, -5.441676139831543, -6.29589319229126, -6.6600022315979], "predictions": [75, 6, 398, 399, 400, 401, 7, 78, 4, 4], "target_tokens": ["[IN:CREATE_CALL", "[SL:GROUP", "@ptr3", "@ptr4", "@ptr5", "@ptr6", "SL:GROUP]", "IN:CREATE_CALL]"], "predicted_tokens": ["[IN:CREATE_CALL", "[SL:CONTACT", "@ptr3", "@ptr4", "@ptr5", "@ptr6", "SL:CONTACT]", "IN:CREATE_CALL]"]}
{"loss": 3.3356640338897705, "class_log_probabilities": [-1.6885864734649658, -2.7038309574127197, -3.58652925491333, -5.7083234786987305], "predictions": [75, 6, 398, 399, 400, 401, 402, 403, 404, 405, 406, 407, 7, 78, 4], "target_tokens": ["[IN:CREATE_CALL", "[SL:GROUP", "@ptr3", "@ptr4", "@ptr5", "SL:GROUP]", "[SL:NAME_APP", "@ptr9", "@ptr10", "@ptr11", "SL:NAME_APP]", "IN:CREATE_CALL]"], "predicted_tokens": ["[IN:CREATE_CALL", "[SL:CONTACT", "@ptr3", "@ptr4", "@ptr5", "@ptr6", "@ptr7", "@ptr8", "@ptr9", "@ptr10", "@ptr11", "@ptr12", "SL:CONTACT]", "IN:CREATE_CALL]"]}
{"loss": 2.300750732421875, "class_log_probabilities": [-1.1628632545471191, -2.448261260986328, -3.9643256664276123, -4.6834917068481445], "predictions": [247, 156, 397, 398, 399, 400, 401, 402, 403, 157, 248, 4], "target_tokens": ["[IN:SET_RSVP_INTERESTED", "[SL:TITLE_EVENT", "@ptr3", "@ptr4", "@ptr5", "@ptr6", "@ptr7", "SL:TITLE_EVENT]", "IN:SET_RSVP_INTERESTED]"], "predicted_tokens": ["[IN:SET_RSVP_INTERESTED", "[SL:TITLE_EVENT", "@ptr2", "@ptr3", "@ptr4", "@ptr5", "@ptr6", "@ptr7", "@ptr8", "SL:TITLE_EVENT]", "IN:SET_RSVP_INTERESTED]"]}
{"loss": 3.1106765270233154, "class_log_probabilities": [-2.2895822525024414, -3.3991689682006836, -4.384843349456787, -4.400074005126953], "predictions": [155, 158, 4], "target_tokens": ["[IN:SET_RSVP_YES", "[SL:ORDINAL", "@ptr7", "SL:ORDINAL]", "IN:SET_RSVP_YES]"], "predicted_tokens": ["[IN:SET_RSVP_YES", "IN:SET_RSVP_YES]"]}
{"loss": 1.9104108810424805, "class_log_probabilities": [-8.541516304016113, -8.58000659942627, -8.942028045654297, -10.056537628173828], "predictions": [321, 101, 397, 398, 399, 400, 401, 102, 34, 404, 35, 322, 4, 4, 4], "target_tokens": ["[IN:SET_RSVP_NO", "[SL:TITLE_EVENT", "@ptr2", "@ptr3", "@ptr4", "@ptr5", "@ptr6", "@ptr7", "@ptr8", "SL:TITLE_EVENT]", "IN:SET_RSVP_NO]"], "predicted_tokens": ["[IN:SET_RSVP_NO", "[SL:MUSIC_TRACK_TITLE", "@ptr2", "@ptr3", "@ptr4", "@ptr5", "@ptr6", "SL:MUSIC_TRACK_TITLE]", "[SL:PERSON_REMINDED", "@ptr9", "SL:PERSON_REMINDED]", "IN:SET_RSVP_NO]"]}
{"loss": 0.9774098992347717, "class_log_probabilities": [-0.5385905504226685, -6.456199645996094, -6.7997565269470215, -6.878607273101807], "predictions": [321, 156, 397, 398, 399, 400, 157, 322, 4], "target_tokens": ["[IN:SET_RSVP_NO", "[SL:TITLE_EVENT", "@ptr2", "@ptr3", "@ptr4", "@ptr5", "SL:TITLE_EVENT]", "IN:SET_RSVP_NO]"], "predicted_tokens": ["[IN:SET_RSVP_NO", "[SL:TITLE_EVENT", "@ptr2", "@ptr3", "@ptr4", "@ptr5", "SL:TITLE_EVENT]", "IN:SET_RSVP_NO]"]}
{"loss": 1.7144478559494019, "class_log_probabilities": [-4.076472759246826, -5.725988388061523, -6.389328479766846, -7.329946994781494], "predictions": [155, 156, 400, 401, 402, 403, 404, 405, 406, 407, 408, 157, 158, 4, 4], "target_tokens": ["[IN:SET_RSVP_INTERESTED", "[SL:TITLE_EVENT", "@ptr6", "@ptr7", "@ptr8", "@ptr9", "@ptr10", "@ptr11", "@ptr12", "SL:TITLE_EVENT]", "IN:SET_RSVP_INTERESTED]"], "predicted_tokens": ["[IN:SET_RSVP_YES", "[SL:TITLE_EVENT", "@ptr5", "@ptr6", "@ptr7", "@ptr8", "@ptr9", "@ptr10", "@ptr11", "@ptr12", "@ptr13", "SL:TITLE_EVENT]", "IN:SET_RSVP_YES]"]}
{"loss": 2.944359540939331, "class_log_probabilities": [-37.05550765991211, -37.829864501953125, -43.657493591308594, -93.5462875366211], "predictions": [63, 101, 402, 403, 404, 405, 406, 407, 416, 416, 416, 416, 416, 416, 416, 416, 416, 416, 416, 416, 416, 416, 416, 416, 416, 416, 416, 416, 416, 416, 416, 416, 416, 416, 416, 416, 416, 416, 416, 416, 416, 416, 416, 416, 416, 416, 416, 416, 395, 102, 68, 4, 4, 4, 4, 4, 4, 4, 4, 4, 4, 4, 4, 4, 4, 4, 4, 4, 4, 4, 4, 4, 4, 4, 4, 4, 4, 4, 4, 4, 4, 4, 4, 4, 4, 4, 4, 4, 4, 4, 4, 4, 4, 4, 4, 4, 4, 4, 4, 4], "target_tokens": ["[IN:SET_RSVP_INTERESTED", "[SL:TITLE_EVENT", "@ptr8", "@ptr9", "@ptr10", "@ptr11", "@ptr12", "@ptr13", "SL:TITLE_EVENT]", "IN:SET_RSVP_INTERESTED]"], "predicted_tokens": ["[IN:PLAY_MUSIC", "[SL:MUSIC_TRACK_TITLE", "@ptr7", "@ptr8", "@ptr9", "@ptr10", "@ptr11", "@ptr12", "@ptr21", "@ptr21", "@ptr21", "@ptr21", "@ptr21", "@ptr21", "@ptr21", "@ptr21", "@ptr21", "@ptr21", "@ptr21", "@ptr21", "@ptr21", "@ptr21", "@ptr21", "@ptr21", "@ptr21", "@ptr21", "@ptr21", "@ptr21", "@ptr21", "@ptr21", "@ptr21", "@ptr21", "@ptr21", "@ptr21", "@ptr21", "@ptr21", "@ptr21", "@ptr21", "@ptr21", "@ptr21", "@ptr21", "@ptr21", "@ptr21", "@ptr21", "@ptr21", "@ptr21", "@ptr21", "@ptr21", "@ptr0", "SL:MUSIC_TRACK_TITLE]", "IN:PLAY_MUSIC]"]}
{"loss": 0.9684340953826904, "class_log_probabilities": [-0.23295745253562927, -7.395020008087158, -7.438907146453857, -7.456521511077881], "predictions": [245, 246, 4], "target_tokens": ["[IN:UPDATE_METHOD_CALL", "IN:UPDATE_METHOD_CALL]"], "predicted_tokens": ["[IN:UPDATE_METHOD_CALL", "IN:UPDATE_METHOD_CALL]"]}
{"loss": 3.8104159832000732, "class_log_probabilities": [-0.7450554966926575, -3.0958244800567627, -4.317201137542725, -4.365084171295166], "predictions": [183, 184, 4, 4, 4, 4, 4, 4, 4, 4], "target_tokens": ["[IN:ADD_TIME_TIMER", "[SL:METHOD_TIMER", "@ptr3", "@ptr4", "@ptr5", "SL:METHOD_TIMER]", "[SL:DATE_TIME", "@ptr8", "@ptr9", "SL:DATE_TIME]", "IN:ADD_TIME_TIMER]"], "predicted_tokens": ["[IN:ADD_TIME_TIMER", "IN:ADD_TIME_TIMER]"]}
{"loss": 3.732895851135254, "class_log_probabilities": [-3.8344712257385254, -3.8683629035949707, -4.145455837249756, -5.433305740356445], "predictions": [183, 116, 4, 4, 4, 4, 4, 4, 4, 4, 4, 4], "target_tokens": ["[IN:ADD_TIME_TIMER", "[SL:METHOD_TIMER", "@ptr4", "@ptr5", "@ptr6", "SL:METHOD_TIMER]", "[SL:DATE_TIME", "@ptr9", "@ptr10", "SL:DATE_TIME]", "IN:ADD_TIME_TIMER]"], "predicted_tokens": ["[IN:ADD_TIME_TIMER", "IN:GET_TIMER]"]}
{"loss": 1.9993888139724731, "class_log_probabilities": [-2.2451484203338623, -2.9960596561431885, -3.9221725463867188, -5.817014694213867], "predictions": [75, 6, 70, 71, 401, 402, 72, 73, 7, 78, 4, 4, 4, 4, 4], "target_tokens": ["[IN:CREATE_CALL", "[SL:CONTACT", "[IN:GET_CONTACT", "[SL:TYPE_RELATION", "@ptr5", "@ptr6", "SL:TYPE_RELATION]", "IN:GET_CONTACT]", "SL:CONTACT]", "IN:CREATE_CALL]"], "predicted_tokens": ["[IN:CREATE_CALL", "[SL:CONTACT", "[IN:GET_CONTACT", "[SL:TYPE_RELATION", "@ptr6", "@ptr7", "SL:TYPE_RELATION]", "IN:GET_CONTACT]", "SL:CONTACT]", "IN:CREATE_CALL]"]}
{"loss": 3.654081106185913, "class_log_probabilities": [-1.352132797241211, -2.4502346515655518, -4.180171489715576, -4.494726181030273], "predictions": [89, 90, 396, 91, 92, 4, 4, 4], "target_tokens": ["[IN:SUBTRACT_TIME_TIMER", "[SL:TIMER_NAME", "@ptr4", "@ptr5", "SL:TIMER_NAME]", "[SL:METHOD_TIMER", "@ptr1", "@ptr2", "@ptr3", "SL:METHOD_TIMER]", "IN:SUBTRACT_TIME_TIMER]"], "predicted_tokens": ["[IN:CREATE_TIMER", "[SL:METHOD_TIMER", "@ptr1", "SL:METHOD_TIMER]", "IN:CREATE_TIMER]"]}
{"loss": 2.0170481204986572, "class_log_probabilities": [-2.2989273071289062, -2.930114269256592, -3.1598856449127197, -4.187501430511475], "predictions": [75, 6, 70, 71, 398, 72, 6, 401, 402, 403, 404, 405, 7, 78, 4, 4, 4, 4], "target_tokens": ["[IN:CREATE_CALL", "[SL:CONTACT", "[IN:GET_CONTACT", "[SL:CONTACT_RELATED", "@ptr6", "@ptr7", "@ptr8", "@ptr9", "@ptr10", "@ptr11", "@ptr12", "SL:CONTACT_RELATED]", "[SL:TYPE_RELATION", "@ptr3", "@ptr4", "SL:TYPE_RELATION]", "IN:GET_CONTACT]", "SL:CONTACT]", "IN:CREATE_CALL]"], "predicted_tokens": ["[IN:CREATE_CALL", "[SL:CONTACT", "[IN:GET_CONTACT", "[SL:TYPE_RELATION", "@ptr3", "SL:TYPE_RELATION]", "[SL:CONTACT", "@ptr6", "@ptr7", "@ptr8", "@ptr9", "@ptr10", "SL:CONTACT]", "IN:CREATE_CALL]"]}
{"loss": 2.0032875537872314, "class_log_probabilities": [-3.409013032913208, -3.5823607444763184, -3.6102335453033447, -4.130537509918213], "predictions": [75, 6, 70, 71, 397, 72, 6, 400, 7, 73, 7, 78, 4, 4, 4, 4, 4, 4], "target_tokens": ["[IN:CREATE_CALL", "[SL:CONTACT", "[IN:GET_CONTACT", "[SL:TYPE_RELATION", "@ptr2", "SL:TYPE_RELATION]", "[SL:CONTACT_RELATED", "@ptr4", "@ptr5", "@ptr6", "@ptr7", "SL:CONTACT_RELATED]", "IN:GET_CONTACT]", "SL:CONTACT]", "IN:CREATE_CALL]"], "predicted_tokens": ["[IN:CREATE_CALL", "[SL:CONTACT", "[IN:GET_CONTACT", "[SL:TYPE_RELATION", "@ptr2", "SL:TYPE_RELATION]", "[SL:CONTACT", "@ptr5", "SL:CONTACT]", "IN:GET_CONTACT]", "SL:CONTACT]", "IN:CREATE_CALL]"]}
{"loss": 2.3014872074127197, "class_log_probabilities": [-2.3561878204345703, -4.19523811340332, -4.304816246032715, -5.725135326385498], "predictions": [75, 6, 396, 397, 398, 7, 6, 401, 402, 403, 404, 7, 78, 4, 4, 4, 4, 4, 4, 4, 4], "target_tokens": ["[IN:CREATE_CALL", "[SL:NAME_APP", "@ptr6", "@ptr7", "@ptr8", "SL:NAME_APP]", "[SL:CONTACT", "[IN:GET_CONTACT", "[SL:TYPE_RELATION", "@ptr10", "SL:TYPE_RELATION]", "IN:GET_CONTACT]", "SL:CONTACT]", "IN:CREATE_CALL]"], "predicted_tokens": ["[IN:CREATE_CALL", "[SL:CONTACT", "@ptr1", "@ptr2", "@ptr3", "SL:CONTACT]", "[SL:CONTACT", "@ptr6", "@ptr7", "@ptr8", "@ptr9", "SL:CONTACT]", "IN:CREATE_CALL]"]}
{"loss": 1.8323688507080078, "class_log_probabilities": [-2.569772958755493, -3.4305009841918945, -4.087252140045166, -4.85800313949585], "predictions": [75, 6, 396, 397, 398, 7, 6, 401, 402, 403, 404, 405, 406, 7, 78, 4, 4], "target_tokens": ["[IN:CREATE_CALL", "[SL:NAME_APP", "@ptr1", "@ptr2", "@ptr3", "SL:NAME_APP]", "[SL:CONTACT", "@ptr6", "@ptr7", "@ptr8", "@ptr9", "@ptr10", "@ptr11", "SL:CONTACT]", "IN:CREATE_CALL]"], "predicted_tokens": ["[IN:CREATE_CALL", "[SL:CONTACT", "@ptr1", "@ptr2", "@ptr3", "SL:CONTACT]", "[SL:CONTACT", "@ptr6", "@ptr7", "@ptr8", "@ptr9", "@ptr10", "@ptr11", "SL:CONTACT]", "IN:CREATE_CALL]"]}
{"loss": 2.272979497909546, "class_log_probabilities": [-1.4638354778289795, -2.1814041137695312, -2.3454604148864746, -4.776425838470459], "predictions": [75, 6, 396, 397, 398, 7, 6, 402, 7, 78, 4, 4], "target_tokens": ["[IN:CREATE_CALL", "[SL:NAME_APP", "@ptr1", "@ptr2", "@ptr3", "SL:NAME_APP]", "[SL:CONTACT", "@ptr6", "SL:CONTACT]", "IN:CREATE_CALL]"], "predicted_tokens": ["[IN:CREATE_CALL", "[SL:CONTACT", "@ptr1", "@ptr2", "@ptr3", "SL:CONTACT]", "[SL:CONTACT", "@ptr7", "SL:CONTACT]", "IN:CREATE_CALL]"]}
{"loss": 2.637159824371338, "class_log_probabilities": [-2.1861300468444824, -2.407907724380493, -2.5340492725372314, -3.4359991550445557], "predictions": [75, 6, 397, 398, 399, 400, 401, 402, 7, 6, 406, 7, 78, 4, 4], "target_tokens": ["[IN:CREATE_CALL", "[SL:CONTACT", "@ptr2", "@ptr3", "@ptr4", "@ptr5", "@ptr6", "SL:CONTACT]", "[SL:NAME_APP", "@ptr9", "@ptr10", "@ptr11", "SL:NAME_APP]", "IN:CREATE_CALL]"], "predicted_tokens": ["[IN:CREATE_CALL", "[SL:CONTACT", "@ptr2", "@ptr3", "@ptr4", "@ptr5", "@ptr6", "@ptr7", "SL:CONTACT]", "[SL:CONTACT", "@ptr11", "SL:CONTACT]", "IN:CREATE_CALL]"]}
{"loss": 2.8465051651000977, "class_log_probabilities": [-2.2783010005950928, -2.5951507091522217, -3.141068458557129, -3.179473638534546], "predictions": [75, 6, 397, 398, 399, 400, 401, 402, 403, 404, 405, 406, 7, 78, 4, 4], "target_tokens": ["[IN:CREATE_CALL", "[SL:NAME_APP", "@ptr9", "@ptr10", "@ptr11", "SL:NAME_APP]", "[SL:CONTACT", "@ptr2", "@ptr3", "@ptr4", "@ptr5", "@ptr6", "@ptr7", "SL:CONTACT]", "IN:CREATE_CALL]"], "predicted_tokens": ["[IN:CREATE_CALL", "[SL:CONTACT", "@ptr2", "@ptr3", "@ptr4", "@ptr5", "@ptr6", "@ptr7", "@ptr8", "@ptr9", "@ptr10", "@ptr11", "SL:CONTACT]", "IN:CREATE_CALL]"]}
{"loss": 3.4445135593414307, "class_log_probabilities": [-0.6749758720397949, -4.258210182189941, -4.824060440063477, -5.2778754234313965], "predictions": [115, 90, 400, 91, 116, 4], "target_tokens": ["[IN:GET_TIMER", "[SL:TIMER_NAME", "@ptr4", "SL:TIMER_NAME]", "[SL:METHOD_TIMER", "@ptr1", "@ptr2", "@ptr3", "SL:METHOD_TIMER]", "IN:GET_TIMER]"], "predicted_tokens": ["[IN:GET_TIMER", "[SL:METHOD_TIMER", "@ptr5", "SL:METHOD_TIMER]", "IN:GET_TIMER]"]}
{"loss": 0.9675521850585938, "class_log_probabilities": [-0.6067694425582886, -5.296611309051514, -5.42260217666626, -6.93006706237793], "predictions": [75, 6, 399, 400, 401, 402, 7, 78, 4, 4, 4, 4], "target_tokens": ["[IN:CREATE_CALL", "[SL:CONTACT", "@ptr4", "@ptr5", "@ptr6", "@ptr7", "SL:CONTACT]", "IN:CREATE_CALL]"], "predicted_tokens": ["[IN:CREATE_CALL", "[SL:CONTACT", "@ptr4", "@ptr5", "@ptr6", "@ptr7", "SL:CONTACT]", "IN:CREATE_CALL]"]}
{"loss": 0.9706535935401917, "class_log_probabilities": [-0.16849806904792786, -8.114819526672363, -8.143559455871582, -8.344306945800781], "predictions": [81, 82, 4], "target_tokens": ["[IN:END_CALL", "IN:END_CALL]"], "predicted_tokens": ["[IN:END_CALL", "IN:END_CALL]"]}
{"loss": 2.9419238567352295, "class_log_probabilities": [-6.619885444641113, -6.701013565063477, -7.287355422973633, -8.892989158630371], "predictions": [165, 90, 399, 400, 91, 228, 4, 4, 4], "target_tokens": ["[IN:UPDATE_TIMER", "[SL:METHOD_TIMER", "@ptr2", "@ptr3", "@ptr4", "SL:METHOD_TIMER]", "[SL:TIMER_NAME", "@ptr10", "@ptr11", "SL:TIMER_NAME]", "IN:UPDATE_TIMER]"], "predicted_tokens": ["[IN:IS_TRUE_RECIPES", "[SL:METHOD_TIMER", "@ptr4", "@ptr5", "SL:METHOD_TIMER]", "IN:UPDATE_TIMER]"]}
{"loss": 1.803739309310913, "class_log_probabilities": [-2.0548746585845947, -3.2283823490142822, -3.983675003051758, -4.987907409667969], "predictions": [63, 64, 396, 65, 101, 397, 398, 399, 400, 401, 402, 102, 66, 404, 405, 407, 67, 68, 4, 4], "target_tokens": ["[IN:PLAY_MUSIC", "[SL:MUSIC_TRACK_TITLE", "@ptr2", "@ptr3", "@ptr4", "@ptr5", "@ptr6", "@ptr7", "SL:MUSIC_TRACK_TITLE]", "[SL:MUSIC_ARTIST_NAME", "@ptr9", "@ptr10", "@ptr11", "@ptr12", "SL:MUSIC_ARTIST_NAME]", "IN:PLAY_MUSIC]"], "predicted_tokens": ["[IN:PLAY_MUSIC", "[SL:MUSIC_TYPE", "@ptr1", "SL:MUSIC_TYPE]", "[SL:MUSIC_TRACK_TITLE", "@ptr2", "@ptr3", "@ptr4", "@ptr5", "@ptr6", "@ptr7", "SL:MUSIC_TRACK_TITLE]", "[SL:MUSIC_ARTIST_NAME", "@ptr9", "@ptr10", "@ptr12", "SL:MUSIC_ARTIST_NAME]", "IN:PLAY_MUSIC]"]}
{"loss": 2.5638198852539062, "class_log_probabilities": [-2.3534533977508545, -2.4561829566955566, -3.153151750564575, -3.3910579681396484], "predictions": [63, 64, 399, 400, 65, 66, 402, 403, 404, 67, 68, 4, 4], "target_tokens": ["[IN:PLAY_MUSIC", "[SL:MUSIC_ARTIST_NAME", "@ptr7", "@ptr8", "SL:MUSIC_ARTIST_NAME]", "IN:PLAY_MUSIC]"], "predicted_tokens": ["[IN:PLAY_MUSIC", "[SL:MUSIC_TYPE", "@ptr4", "@ptr5", "SL:MUSIC_TYPE]", "[SL:MUSIC_ARTIST_NAME", "@ptr7", "@ptr8", "@ptr9", "SL:MUSIC_ARTIST_NAME]", "IN:PLAY_MUSIC]"]}
{"loss": 2.2249763011932373, "class_log_probabilities": [-1.0371780395507812, -3.5868759155273438, -3.9614338874816895, -5.60497522354126], "predictions": [63, 101, 396, 397, 102, 66, 399, 400, 67, 68, 4, 4], "target_tokens": ["[IN:PLAY_MUSIC", "[SL:MUSIC_ARTIST_NAME", "@ptr4", "@ptr5", "SL:MUSIC_ARTIST_NAME]", "IN:PLAY_MUSIC]"], "predicted_tokens": ["[IN:PLAY_MUSIC", "[SL:MUSIC_TRACK_TITLE", "@ptr1", "@ptr2", "SL:MUSIC_TRACK_TITLE]", "[SL:MUSIC_ARTIST_NAME", "@ptr4", "@ptr5", "SL:MUSIC_ARTIST_NAME]", "IN:PLAY_MUSIC]"]}
{"loss": 1.7185659408569336, "class_log_probabilities": [-1.6395493745803833, -1.8375695943832397, -4.835270404815674, -5.315695285797119], "predictions": [63, 64, 396, 65, 66, 398, 399, 400, 401, 402, 67, 68, 4], "target_tokens": ["[IN:PLAY_MUSIC", "[SL:MUSIC_ARTIST_NAME", "@ptr3", "@ptr4", "@ptr5", "@ptr6", "SL:MUSIC_ARTIST_NAME]", "IN:PLAY_MUSIC]"], "predicted_tokens": ["[IN:PLAY_MUSIC", "[SL:MUSIC_TYPE", "@ptr1", "SL:MUSIC_TYPE]", "[SL:MUSIC_ARTIST_NAME", "@ptr3", "@ptr4", "@ptr5", "@ptr6", "@ptr7", "SL:MUSIC_ARTIST_NAME]", "IN:PLAY_MUSIC]"]}
{"loss": 2.2043139934539795, "class_log_probabilities": [-2.6651768684387207, -4.701003074645996, -4.793335914611816, -6.776305675506592], "predictions": [45, 46, 4, 4, 4, 4, 4, 4, 4], "target_tokens": ["[IN:PLAY_MUSIC", "[SL:MUSIC_TRACK_TITLE", "@ptr2", "@ptr3", "SL:MUSIC_TRACK_TITLE]", "IN:PLAY_MUSIC]"], "predicted_tokens": ["[IN:CREATE_ALARM", "IN:CREATE_ALARM]"]}
{"loss": 4.045616149902344, "class_log_probabilities": [-2.486672878265381, -3.84555721282959, -4.067416191101074, -6.042235374450684], "predictions": [63, 64, 399, 65, 68, 4, 4, 4, 4], "target_tokens": ["[IN:SET_DEFAULT_PROVIDER_MUSIC", "[SL:MUSIC_PROVIDER_NAME", "@ptr6", "@ptr7", "SL:MUSIC_PROVIDER_NAME]", "IN:SET_DEFAULT_PROVIDER_MUSIC]"], "predicted_tokens": ["[IN:PLAY_MUSIC", "[SL:MUSIC_TYPE", "@ptr4", "SL:MUSIC_TYPE]", "IN:PLAY_MUSIC]"]}
{"loss": 4.726670265197754, "class_log_probabilities": [-1.281281590461731, -2.31573224067688, -5.199542999267578, -5.908738136291504], "predictions": [63, 66, 398, 399, 400, 67, 64, 402, 65, 68, 4], "target_tokens": ["[IN:SET_DEFAULT_PROVIDER_MUSIC", "[SL:MUSIC_PROVIDER_NAME", "@ptr2", "@ptr3", "@ptr4", "SL:MUSIC_PROVIDER_NAME]", "IN:SET_DEFAULT_PROVIDER_MUSIC]"], "predicted_tokens": ["[IN:PLAY_MUSIC", "[SL:MUSIC_ARTIST_NAME", "@ptr3", "@ptr4", "@ptr5", "SL:MUSIC_ARTIST_NAME]", "[SL:MUSIC_TYPE", "@ptr7", "SL:MUSIC_TYPE]", "IN:PLAY_MUSIC]"]}
{"loss": 3.088393449783325, "class_log_probabilities": [-2.564474582672119, -3.7017269134521484, -3.9592583179473877, -4.8440470695495605], "predictions": [227, 228, 4, 4, 4, 4, 4, 4, 4], "target_tokens": ["[IN:UPDATE_TIMER", "[SL:TIMER_NAME", "@ptr5", "@ptr6", "SL:TIMER_NAME]", "[SL:METHOD_TIMER", "@ptr2", "@ptr3", "@ptr4", "SL:METHOD_TIMER]", "IN:UPDATE_TIMER]"], "predicted_tokens": ["[IN:UPDATE_TIMER", "IN:UPDATE_TIMER]"]}
{"loss": 2.9217147827148438, "class_log_probabilities": [-0.2604697644710541, -5.51576042175293, -5.790571212768555, -6.779935836791992], "predictions": [61, 62, 4, 4, 4, 4], "target_tokens": ["[IN:GET_EVENT", "[SL:ATTRIBUTE_EVENT", "@ptr4", "@ptr5", "SL:ATTRIBUTE_EVENT]", "IN:GET_EVENT]"], "predicted_tokens": ["[IN:GET_EVENT", "IN:GET_EVENT]"]}
{"loss": 2.8395919799804688, "class_log_probabilities": [-2.407871723175049, -2.8052937984466553, -6.780812740325928, -7.617659091949463], "predictions": [155, 158, 4, 4, 4, 4], "target_tokens": ["[IN:GET_EVENT", "[SL:USER_ATTENDEE_EVENT", "@ptr4", "SL:USER_ATTENDEE_EVENT]", "IN:GET_EVENT]"], "predicted_tokens": ["[IN:SET_RSVP_YES", "IN:SET_RSVP_YES]"]}
{"loss": 2.643585205078125, "class_log_probabilities": [-0.7138606309890747, -4.673187255859375, -5.291082382202148, -8.338909149169922], "predictions": [183, 16, 396, 397, 17, 184, 4, 4, 4, 4], "target_tokens": ["[IN:ADD_TIME_TIMER", "[SL:DATE_TIME", "@ptr1", "@ptr2", "SL:DATE_TIME]", "[SL:TIMER_NAME", "@ptr8", "SL:TIMER_NAME]", "[SL:METHOD_TIMER", "@ptr5", "@ptr6", "@ptr7", "SL:METHOD_TIMER]", "IN:ADD_TIME_TIMER]"], "predicted_tokens": ["[IN:ADD_TIME_TIMER", "[SL:DATE_TIME", "@ptr1", "@ptr2", "SL:DATE_TIME]", "IN:ADD_TIME_TIMER]"]}
{"loss": 3.1304826736450195, "class_log_probabilities": [-2.771735668182373, -3.447690010070801, -3.929903745651245, -4.729005336761475], "predictions": [183, 16, 396, 397, 398, 399, 17, 90, 403, 91, 184, 4, 4, 4, 4, 4], "target_tokens": ["[IN:ADD_TIME_TIMER", "[SL:DATE_TIME", "@ptr1", "@ptr2", "@ptr3", "SL:DATE_TIME]", "[SL:TIMER_NAME", "@ptr8", "@ptr9", "@ptr10", "SL:TIMER_NAME]", "[SL:METHOD_TIMER", "@ptr5", "@ptr6", "@ptr7", "SL:METHOD_TIMER]", "IN:ADD_TIME_TIMER]"], "predicted_tokens": ["[IN:ADD_TIME_TIMER", "[SL:DATE_TIME", "@ptr1", "@ptr2", "@ptr3", "@ptr4", "SL:DATE_TIME]", "[SL:METHOD_TIMER", "@ptr8", "SL:METHOD_TIMER]", "IN:ADD_TIME_TIMER]"]}
{"loss": 3.2336015701293945, "class_log_probabilities": [-4.445032119750977, -4.793359279632568, -5.654941558837891, -6.079301357269287], "predictions": [63, 66, 397, 398, 67, 66, 401, 402, 67, 68, 4, 4], "target_tokens": ["[IN:CREATE_CALL", "[SL:CONTACT", "@ptr2", "@ptr3", "SL:CONTACT]", "[SL:NAME_APP", "@ptr5", "@ptr6", "@ptr7", "@ptr8", "SL:NAME_APP]", "IN:CREATE_CALL]"], "predicted_tokens": ["[IN:PLAY_MUSIC", "[SL:MUSIC_ARTIST_NAME", "@ptr2", "@ptr3", "SL:MUSIC_ARTIST_NAME]", "[SL:MUSIC_ARTIST_NAME", "@ptr6", "@ptr7", "SL:MUSIC_ARTIST_NAME]", "IN:PLAY_MUSIC]"]}
{"loss": 1.8039597272872925, "class_log_probabilities": [-1.483598232269287, -1.8140209913253784, -4.010177135467529, -4.838975429534912], "predictions": [75, 6, 396, 397, 398, 399, 7, 78, 4, 4, 4, 4], "target_tokens": ["[IN:CREATE_CALL", "[SL:NAME_APP", "@ptr1", "@ptr2", "@ptr3", "@ptr4", "SL:NAME_APP]", "[SL:CONTACT", "@ptr7", "SL:CONTACT]", "IN:CREATE_CALL]"], "predicted_tokens": ["[IN:CREATE_CALL", "[SL:CONTACT", "@ptr1", "@ptr2", "@ptr3", "@ptr4", "SL:CONTACT]", "IN:CREATE_CALL]"]}
{"loss": 1.6917215585708618, "class_log_probabilities": [-2.1113133430480957, -4.585538864135742, -5.2188239097595215, -5.256310939788818], "predictions": [23, 8, 400, 9, 10, 70, 71, 402, 72, 73, 11, 26, 4], "target_tokens": ["[IN:SEND_MESSAGE", "[SL:TYPE_CONTENT", "@ptr3", "SL:TYPE_CONTENT]", "[SL:RECIPIENT", "[IN:GET_CONTACT", "[SL:TYPE_RELATION", "@ptr5", "SL:TYPE_RELATION]", "IN:GET_CONTACT]", "SL:RECIPIENT]", "IN:SEND_MESSAGE]"], "predicted_tokens": ["[IN:SEND_MESSAGE", "[SL:TYPE_CONTENT", "@ptr5", "SL:TYPE_CONTENT]", "[SL:RECIPIENT", "[IN:GET_CONTACT", "[SL:TYPE_RELATION", "@ptr7", "SL:TYPE_RELATION]", "IN:GET_CONTACT]", "SL:RECIPIENT]", "IN:SEND_MESSAGE]"]}
{"loss": 2.735116481781006, "class_log_probabilities": [-1.6762579679489136, -3.017221212387085, -4.234121799468994, -5.218456268310547], "predictions": [23, 8, 403, 9, 10, 406, 11, 26, 4, 4], "target_tokens": ["[IN:SEND_MESSAGE", "[SL:TYPE_CONTENT", "@ptr7", "SL:TYPE_CONTENT]", "[SL:RECIPIENT", "@ptr9", "@ptr10", "@ptr11", "SL:RECIPIENT]", "IN:SEND_MESSAGE]"], "predicted_tokens": ["[IN:SEND_MESSAGE", "[SL:TYPE_CONTENT", "@ptr8", "SL:TYPE_CONTENT]", "[SL:RECIPIENT", "@ptr11", "SL:RECIPIENT]", "IN:SEND_MESSAGE]"]}
{"loss": 2.950698137283325, "class_log_probabilities": [-3.740084171295166, -6.261029243469238, -6.622905731201172, -13.870469093322754], "predictions": [23, 10, 70, 93, 400, 94, 71, 402, 72, 73, 11, 26, 4, 4, 4, 4, 4, 4, 4, 4, 4, 4, 4], "target_tokens": ["[IN:SEND_MESSAGE", "[SL:TYPE_CONTENT", "@ptr3", "SL:TYPE_CONTENT]", "[SL:RECIPIENT", "[IN:GET_CONTACT", "[SL:CONTACT_RELATED", "@ptr6", "@ptr7", "SL:CONTACT_RELATED]", "[SL:TYPE_RELATION", "@ptr5", "SL:TYPE_RELATION]", "[SL:CONTACT", "@ptr8", "@ptr9", "@ptr10", "@ptr11", "@ptr12", "SL:CONTACT]", "IN:GET_CONTACT]", "SL:RECIPIENT]", "IN:SEND_MESSAGE]"], "predicted_tokens": ["[IN:SEND_MESSAGE", "[SL:RECIPIENT", "[IN:GET_CONTACT", "[SL:CONTACT_RELATED", "@ptr5", "SL:CONTACT_RELATED]", "[SL:TYPE_RELATION", "@ptr7", "SL:TYPE_RELATION]", "IN:GET_CONTACT]", "SL:RECIPIENT]", "IN:SEND_MESSAGE]"]}
{"loss": 2.9293835163116455, "class_log_probabilities": [-2.6375133991241455, -3.5669167041778564, -4.037065505981445, -5.095507621765137], "predictions": [31, 32, 4, 4, 4, 4, 4, 4, 4], "target_tokens": ["[IN:SEND_MESSAGE", "[SL:TYPE_CONTENT", "@ptr6", "SL:TYPE_CONTENT]", "[SL:RECIPIENT", "@ptr8", "@ptr9", "SL:RECIPIENT]", "IN:SEND_MESSAGE]"], "predicted_tokens": ["[IN:SET_UNAVAILABLE", "IN:SET_UNAVAILABLE]"]}
{"loss": 3.4280588626861572, "class_log_probabilities": [-2.540858507156372, -2.9556379318237305, -3.911661386489868, -4.959168910980225], "predictions": [23, 10, 403, 404, 405, 406, 11, 26, 4, 4, 4, 4, 4], "target_tokens": ["[IN:SEND_MESSAGE", "[SL:TYPE_CONTENT", "@ptr2", "SL:TYPE_CONTENT]", "[SL:RECIPIENT", "@ptr6", "@ptr7", "@ptr8", "@ptr9", "@ptr10", "SL:RECIPIENT]", "IN:SEND_MESSAGE]"], "predicted_tokens": ["[IN:SEND_MESSAGE", "[SL:RECIPIENT", "@ptr8", "@ptr9", "@ptr10", "@ptr11", "SL:RECIPIENT]", "IN:SEND_MESSAGE]"]}
{"loss": 2.6124331951141357, "class_log_probabilities": [-1.052565574645996, -2.60964035987854, -4.831949710845947, -5.318719387054443], "predictions": [75, 6, 397, 398, 399, 7, 6, 401, 7, 78, 4, 4], "target_tokens": ["[IN:CREATE_CALL", "[SL:NAME_APP", "@ptr2", "@ptr3", "SL:NAME_APP]", "[SL:CONTACT", "@ptr5", "SL:CONTACT]", "IN:CREATE_CALL]"], "predicted_tokens": ["[IN:CREATE_CALL", "[SL:CONTACT", "@ptr2", "@ptr3", "@ptr4", "SL:CONTACT]", "[SL:CONTACT", "@ptr6", "SL:CONTACT]", "IN:CREATE_CALL]"]}
{"loss": 3.9984076023101807, "class_log_probabilities": [-2.6078710556030273, -2.869168758392334, -3.273761510848999, -4.024125576019287], "predictions": [75, 6, 397, 398, 399, 7, 6, 402, 7, 78, 4, 4, 4, 4], "target_tokens": ["[IN:CREATE_CALL", "[SL:CONTACT", "@ptr6", "@ptr7", "@ptr8", "SL:CONTACT]", "[SL:NAME_APP", "@ptr2", "@ptr3", "@ptr4", "SL:NAME_APP]", "IN:CREATE_CALL]"], "predicted_tokens": ["[IN:CREATE_CALL", "[SL:CONTACT", "@ptr2", "@ptr3", "@ptr4", "SL:CONTACT]", "[SL:CONTACT", "@ptr7", "SL:CONTACT]", "IN:CREATE_CALL]"]}
{"loss": 1.5907325744628906, "class_log_probabilities": [-1.4854320287704468, -2.4629180431365967, -2.7826766967773438, -4.917189598083496], "predictions": [75, 6, 397, 398, 7, 6, 400, 401, 402, 7, 78, 4], "target_tokens": ["[IN:CREATE_CALL", "[SL:CONTACT", "@ptr2", "@ptr3", "SL:CONTACT]", "[SL:CONTACT", "@ptr5", "@ptr6", "@ptr7", "@ptr8", "SL:CONTACT]", "IN:CREATE_CALL]"], "predicted_tokens": ["[IN:CREATE_CALL", "[SL:CONTACT", "@ptr2", "@ptr3", "SL:CONTACT]", "[SL:CONTACT", "@ptr5", "@ptr6", "@ptr7", "SL:CONTACT]", "IN:CREATE_CALL]"]}
{"loss": 2.093487501144409, "class_log_probabilities": [-0.6861374378204346, -3.949728488922119, -5.686021327972412, -7.408843517303467], "predictions": [171, 6, 70, 71, 395, 72, 73, 7, 172, 4], "target_tokens": ["[IN:GET_AVAILABILITY", "[SL:CONTACT", "[IN:GET_CONTACT", "[SL:CONTACT_RELATED", "@ptr1", "@ptr2", "SL:CONTACT_RELATED]", "[SL:TYPE_RELATION", "@ptr0", "SL:TYPE_RELATION]", "IN:GET_CONTACT]", "SL:CONTACT]", "IN:GET_AVAILABILITY]"], "predicted_tokens": ["[IN:GET_AVAILABILITY", "[SL:CONTACT", "[IN:GET_CONTACT", "[SL:TYPE_RELATION", "@ptr0", "SL:TYPE_RELATION]", "IN:GET_CONTACT]", "SL:CONTACT]", "IN:GET_AVAILABILITY]"]}
{"loss": 3.2673797607421875, "class_log_probabilities": [-1.5346683263778687, -1.5477231740951538, -5.827578067779541, -5.987104415893555], "predictions": [75, 6, 397, 398, 399, 7, 78, 4], "target_tokens": ["[IN:UPDATE_CALL", "[SL:CONTACT_REMOVED", "@ptr2", "@ptr3", "SL:CONTACT_REMOVED]", "IN:UPDATE_CALL]"], "predicted_tokens": ["[IN:CREATE_CALL", "[SL:CONTACT", "@ptr2", "@ptr3", "@ptr4", "SL:CONTACT]", "IN:CREATE_CALL]"]}
{"loss": 0.9519538879394531, "class_log_probabilities": [-0.25865599513053894, -6.037056922912598, -6.552988529205322, -7.48590087890625], "predictions": [45, 46, 4], "target_tokens": ["[IN:CREATE_ALARM", "IN:CREATE_ALARM]"], "predicted_tokens": ["[IN:CREATE_ALARM", "IN:CREATE_ALARM]"]}
{"loss": 1.506582260131836, "class_log_probabilities": [-0.8407272100448608, -3.7960708141326904, -4.292105197906494, -4.437541961669922], "predictions": [13, 18, 4, 4, 4, 4, 4, 4, 4, 4, 4], "target_tokens": ["[IN:GET_WEATHER", "[SL:WEATHER_ATTRIBUTE", "@ptr4", "@ptr5", "@ptr6", "SL:WEATHER_ATTRIBUTE]", "[SL:DATE_TIME", "@ptr10", "@ptr11", "SL:DATE_TIME]", "IN:GET_WEATHER]"], "predicted_tokens": ["[IN:GET_WEATHER", "IN:GET_WEATHER]"]}
{"loss": 3.111646890640259, "class_log_probabilities": [-1.1201133728027344, -2.906158685684204, -2.9930548667907715, -5.457056522369385], "predictions": [70, 93, 402, 94, 73, 4], "target_tokens": ["[IN:GET_CONTACT", "[SL:TYPE_RELATION", "@ptr6", "@ptr7", "SL:TYPE_RELATION]", "IN:GET_CONTACT]"], "predicted_tokens": ["[IN:GET_CONTACT", "[SL:CONTACT_RELATED", "@ptr7", "SL:CONTACT_RELATED]", "IN:GET_CONTACT]"]}
{"loss": 2.1543784141540527, "class_log_probabilities": [-0.9382286071777344, -4.383332252502441, -5.018582344055176, -6.262770652770996], "predictions": [75, 6, 399, 400, 401, 402, 403, 404, 7, 78, 4, 4], "target_tokens": ["[IN:CREATE_CALL", "[SL:CONTACT", "@ptr3", "@ptr4", "@ptr5", "@ptr6", "@ptr7", "@ptr8", "SL:CONTACT]", "IN:CREATE_CALL]"], "predicted_tokens": ["[IN:CREATE_CALL", "[SL:CONTACT", "@ptr4", "@ptr5", "@ptr6", "@ptr7", "@ptr8", "@ptr9", "SL:CONTACT]", "IN:CREATE_CALL]"]}
{"loss": 0.9625324010848999, "class_log_probabilities": [-0.5901390910148621, -4.0299811363220215, -6.1886115074157715, -6.473742961883545], "predictions": [75, 6, 397, 398, 399, 7, 78, 4, 4, 4, 4], "target_tokens": ["[IN:CREATE_CALL", "[SL:CONTACT", "@ptr2", "@ptr3", "@ptr4", "SL:CONTACT]", "IN:CREATE_CALL]"], "predicted_tokens": ["[IN:CREATE_CALL", "[SL:CONTACT", "@ptr2", "@ptr3", "@ptr4", "SL:CONTACT]", "IN:CREATE_CALL]"]}
{"loss": 1.6541343927383423, "class_log_probabilities": [-1.9465289115905762, -2.224715232849121, -3.9863040447235107, -4.5198655128479], "predictions": [75, 6, 397, 398, 399, 7, 20, 401, 21, 78, 4], "target_tokens": ["[IN:CREATE_CALL", "[SL:CONTACT", "@ptr2", "@ptr3", "SL:CONTACT]", "[SL:ORDINAL", "@ptr5", "SL:ORDINAL]", "IN:CREATE_CALL]"], "predicted_tokens": ["[IN:CREATE_CALL", "[SL:CONTACT", "@ptr2", "@ptr3", "@ptr4", "SL:CONTACT]", "[SL:ORDINAL", "@ptr6", "SL:ORDINAL]", "IN:CREATE_CALL]"]}
{"loss": 1.7042886018753052, "class_log_probabilities": [-3.171773672103882, -3.5679149627685547, -3.8265695571899414, -4.591214656829834], "predictions": [295, 156, 395, 396, 397, 398, 399, 400, 401, 402, 403, 157, 296, 4, 4, 4], "target_tokens": ["[IN:GET_DATE_TIME_EVENT", "[SL:TITLE_EVENT", "@ptr0", "@ptr1", "@ptr2", "@ptr3", "@ptr4", "@ptr5", "@ptr6", "SL:TITLE_EVENT]", "IN:GET_DATE_TIME_EVENT]"], "predicted_tokens": ["[IN:GET_DATE_TIME_EVENT", "[SL:TITLE_EVENT", "@ptr0", "@ptr1", "@ptr2", "@ptr3", "@ptr4", "@ptr5", "@ptr6", "@ptr7", "@ptr8", "SL:TITLE_EVENT]", "IN:GET_DATE_TIME_EVENT]"]}
{"loss": 2.341817617416382, "class_log_probabilities": [-4.923818111419678, -5.090686798095703, -5.119661808013916, -5.339728355407715], "predictions": [265, 313, 70, 71, 396, 72, 93, 398, 94, 156, 403, 404, 405, 157, 266, 4, 4, 4], "target_tokens": ["[IN:GET_ATTENDEE_EVENT", "[SL:ATTENDEE_EVENT", "[IN:GET_CONTACT", "[SL:CONTACT_RELATED", "@ptr2", "@ptr3", "SL:CONTACT_RELATED]", "[SL:TYPE_RELATION", "@ptr1", "SL:TYPE_RELATION]", "IN:GET_CONTACT]", "SL:ATTENDEE_EVENT]", "[SL:TITLE_EVENT", "@ptr8", "@ptr9", "SL:TITLE_EVENT]", "IN:GET_ATTENDEE_EVENT]"], "predicted_tokens": ["[IN:GET_ATTENDEE_EVENT", "[SL:ATTENDEE_EVENT", "[IN:GET_CONTACT", "[SL:TYPE_RELATION", "@ptr1", "SL:TYPE_RELATION]", "[SL:CONTACT_RELATED", "@ptr3", "SL:CONTACT_RELATED]", "[SL:TITLE_EVENT", "@ptr8", "@ptr9", "@ptr10", "SL:TITLE_EVENT]", "IN:GET_ATTENDEE_EVENT]"]}
{"loss": 3.1794536113739014, "class_log_probabilities": [-0.3940542936325073, -5.842698097229004, -5.861466884613037, -6.060489654541016], "predictions": [63, 68, 4], "target_tokens": ["[IN:GET_EVENT", "[SL:CATEGORY_EVENT", "@ptr1", "@ptr2", "SL:CATEGORY_EVENT]", "IN:GET_EVENT]"], "predicted_tokens": ["[IN:PLAY_MUSIC", "IN:PLAY_MUSIC]"]}
{"loss": 2.5147788524627686, "class_log_probabilities": [-2.603368043899536, -2.6303601264953613, -4.606662273406982, -4.630433082580566], "predictions": [295, 20, 401, 21, 296, 4], "target_tokens": ["[IN:GET_DATE_TIME_EVENT", "[SL:ORDINAL", "@ptr4", "@ptr5", "SL:ORDINAL]", "IN:GET_DATE_TIME_EVENT]"], "predicted_tokens": ["[IN:GET_DATE_TIME_EVENT", "[SL:ORDINAL", "@ptr6", "SL:ORDINAL]", "IN:GET_DATE_TIME_EVENT]"]}
{"loss": 1.445447325706482, "class_log_probabilities": [-2.494311809539795, -2.99457049369812, -3.631913661956787, -3.856147289276123], "predictions": [61, 14, 398, 399, 400, 401, 15, 16, 404, 17, 62, 4, 4, 4, 4], "target_tokens": ["[IN:GET_EVENT", "[SL:LOCATION", "@ptr3", "@ptr4", "@ptr5", "@ptr6", "SL:LOCATION]", "[SL:DATE_TIME", "@ptr10", "@ptr11", "@ptr12", "SL:DATE_TIME]", "IN:GET_EVENT]"], "predicted_tokens": ["[IN:GET_EVENT", "[SL:LOCATION", "@ptr3", "@ptr4", "@ptr5", "@ptr6", "SL:LOCATION]", "[SL:DATE_TIME", "@ptr9", "SL:DATE_TIME]", "IN:GET_EVENT]"]}
{"loss": 1.1702734231948853, "class_log_probabilities": [-2.706660270690918, -4.2029595375061035, -4.90030574798584, -5.752052307128906], "predictions": [173, 156, 395, 396, 157, 174, 4], "target_tokens": ["[IN:GET_CATEGORY_EVENT", "[SL:TITLE_EVENT", "@ptr0", "@ptr1", "SL:TITLE_EVENT]", "IN:GET_CATEGORY_EVENT]"], "predicted_tokens": ["[IN:GET_CATEGORY_EVENT", "[SL:TITLE_EVENT", "@ptr0", "@ptr1", "SL:TITLE_EVENT]", "IN:GET_CATEGORY_EVENT]"]}
{"loss": 0.9766764044761658, "class_log_probabilities": [-0.6937484741210938, -5.417973041534424, -6.202242374420166, -6.671437740325928], "predictions": [63, 64, 396, 65, 101, 397, 398, 399, 102, 68, 4], "target_tokens": ["[IN:PLAY_MUSIC", "[SL:MUSIC_TYPE", "@ptr1", "SL:MUSIC_TYPE]", "[SL:MUSIC_TRACK_TITLE", "@ptr2", "@ptr3", "@ptr4", "SL:MUSIC_TRACK_TITLE]", "IN:PLAY_MUSIC]"], "predicted_tokens": ["[IN:PLAY_MUSIC", "[SL:MUSIC_TYPE", "@ptr1", "SL:MUSIC_TYPE]", "[SL:MUSIC_TRACK_TITLE", "@ptr2", "@ptr3", "@ptr4", "SL:MUSIC_TRACK_TITLE]", "IN:PLAY_MUSIC]"]}
{"loss": 2.236520290374756, "class_log_probabilities": [-0.6749549508094788, -5.547062873840332, -5.751682281494141, -5.992483139038086], "predictions": [215, 6, 397, 398, 7, 216, 4], "target_tokens": ["[IN:CREATE_CALL", "[SL:CONTACT", "@ptr2", "@ptr3", "SL:CONTACT]", "IN:CREATE_CALL]"], "predicted_tokens": ["[IN:SWITCH_CALL", "[SL:CONTACT", "@ptr2", "@ptr3", "SL:CONTACT]", "IN:SWITCH_CALL]"]}
{"loss": 0.9800386428833008, "class_log_probabilities": [-0.6691263914108276, -5.299389362335205, -5.586474895477295, -6.321741580963135], "predictions": [23, 10, 398, 399, 400, 401, 402, 11, 26, 4, 4], "target_tokens": ["[IN:SEND_MESSAGE", "[SL:RECIPIENT", "@ptr3", "@ptr4", "@ptr5", "@ptr6", "@ptr7", "SL:RECIPIENT]", "IN:SEND_MESSAGE]"], "predicted_tokens": ["[IN:SEND_MESSAGE", "[SL:RECIPIENT", "@ptr3", "@ptr4", "@ptr5", "@ptr6", "@ptr7", "SL:RECIPIENT]", "IN:SEND_MESSAGE]"]}
{"loss": 1.8185255527496338, "class_log_probabilities": [-1.3636770248413086, -2.3914246559143066, -3.033719301223755, -3.879725217819214], "predictions": [23, 10, 397, 11, 8, 401, 9, 26, 4, 4], "target_tokens": ["[IN:SEND_MESSAGE", "[SL:RECIPIENT", "@ptr2", "SL:RECIPIENT]", "[SL:TYPE_CONTENT", "@ptr5", "SL:TYPE_CONTENT]", "IN:SEND_MESSAGE]"], "predicted_tokens": ["[IN:SEND_MESSAGE", "[SL:RECIPIENT", "@ptr2", "SL:RECIPIENT]", "[SL:TYPE_CONTENT", "@ptr6", "SL:TYPE_CONTENT]", "IN:SEND_MESSAGE]"]}
{"loss": 0.9857667088508606, "class_log_probabilities": [-0.4671335816383362, -3.3560519218444824, -5.853148937225342, -6.533843994140625], "predictions": [23, 8, 397, 9, 26, 4], "target_tokens": ["[IN:SEND_MESSAGE", "[SL:TYPE_CONTENT", "@ptr2", "SL:TYPE_CONTENT]", "IN:SEND_MESSAGE]"], "predicted_tokens": ["[IN:SEND_MESSAGE", "[SL:TYPE_CONTENT", "@ptr2", "SL:TYPE_CONTENT]", "IN:SEND_MESSAGE]"]}
{"loss": 1.2414199113845825, "class_log_probabilities": [-2.0719871520996094, -3.5001227855682373, -3.710292100906372, -3.8176023960113525], "predictions": [23, 8, 399, 9, 10, 400, 11, 26, 4], "target_tokens": ["[IN:SEND_MESSAGE", "[SL:TYPE_CONTENT", "@ptr3", "SL:TYPE_CONTENT]", "[SL:RECIPIENT", "@ptr5", "SL:RECIPIENT]", "IN:SEND_MESSAGE]"], "predicted_tokens": ["[IN:SEND_MESSAGE", "[SL:TYPE_CONTENT", "@ptr4", "SL:TYPE_CONTENT]", "[SL:RECIPIENT", "@ptr5", "SL:RECIPIENT]", "IN:SEND_MESSAGE]"]}
{"loss": 2.1152522563934326, "class_log_probabilities": [-1.2819817066192627, -2.0155551433563232, -5.999095916748047, -6.008755207061768], "predictions": [23, 10, 398, 399, 400, 11, 8, 404, 9, 26, 4], "target_tokens": ["[IN:SEND_MESSAGE", "[SL:RECIPIENT", "@ptr2", "@ptr3", "@ptr4", "@ptr5", "SL:RECIPIENT]", "[SL:TYPE_CONTENT", "@ptr7", "SL:TYPE_CONTENT]", "IN:SEND_MESSAGE]"], "predicted_tokens": ["[IN:SEND_MESSAGE", "[SL:RECIPIENT", "@ptr3", "@ptr4", "@ptr5", "SL:RECIPIENT]", "[SL:TYPE_CONTENT", "@ptr9", "SL:TYPE_CONTENT]", "IN:SEND_MESSAGE]"]}
{"loss": 1.84492826461792, "class_log_probabilities": [-1.3491506576538086, -2.9091835021972656, -3.3618154525756836, -4.240045547485352], "predictions": [23, 10, 398, 399, 400, 11, 8, 403, 9, 26, 4, 4], "target_tokens": ["[IN:SEND_MESSAGE", "[SL:RECIPIENT", "@ptr2", "@ptr3", "@ptr4", "SL:RECIPIENT]", "[SL:TYPE_CONTENT", "@ptr6", "SL:TYPE_CONTENT]", "IN:SEND_MESSAGE]"], "predicted_tokens": ["[IN:SEND_MESSAGE", "[SL:RECIPIENT", "@ptr3", "@ptr4", "@ptr5", "SL:RECIPIENT]", "[SL:TYPE_CONTENT", "@ptr8", "SL:TYPE_CONTENT]", "IN:SEND_MESSAGE]"]}
{"loss": 2.1655871868133545, "class_log_probabilities": [-1.065329670906067, -2.8168907165527344, -3.5792524814605713, -4.010165691375732], "predictions": [23, 10, 400, 11, 26, 4, 4, 4], "target_tokens": ["[IN:SEND_MESSAGE", "[SL:TYPE_CONTENT", "@ptr2", "SL:TYPE_CONTENT]", "[SL:RECIPIENT", "@ptr4", "@ptr5", "@ptr6", "@ptr7", "SL:RECIPIENT]", "IN:SEND_MESSAGE]"], "predicted_tokens": ["[IN:SEND_MESSAGE", "[SL:RECIPIENT", "@ptr5", "SL:RECIPIENT]", "IN:SEND_MESSAGE]"]}
{"loss": 1.3122100830078125, "class_log_probabilities": [-5.204875469207764, -5.352840423583984, -5.3736395835876465, -5.4232306480407715], "predictions": [75, 6, 399, 7, 6, 400, 401, 402, 403, 404, 405, 406, 407, 7, 78, 4, 4], "target_tokens": ["[IN:CREATE_CALL", "[SL:CONTACT", "@ptr4", "@ptr5", "@ptr6", "@ptr7", "@ptr8", "@ptr9", "@ptr10", "@ptr11", "@ptr12", "SL:CONTACT]", "IN:CREATE_CALL]"], "predicted_tokens": ["[IN:CREATE_CALL", "[SL:CONTACT", "@ptr4", "SL:CONTACT]", "[SL:CONTACT", "@ptr5", "@ptr6", "@ptr7", "@ptr8", "@ptr9", "@ptr10", "@ptr11", "@ptr12", "SL:CONTACT]", "IN:CREATE_CALL]"]}
{"loss": 0.9964308142662048, "class_log_probabilities": [-1.3560656309127808, -2.1806445121765137, -4.696493148803711, -5.081266403198242], "predictions": [75, 6, 398, 399, 400, 401, 402, 403, 7, 78, 4, 4], "target_tokens": ["[IN:CREATE_CALL", "[SL:CONTACT", "@ptr3", "@ptr4", "@ptr5", "@ptr6", "@ptr7", "@ptr8", "SL:CONTACT]", "IN:CREATE_CALL]"], "predicted_tokens": ["[IN:CREATE_CALL", "[SL:CONTACT", "@ptr3", "@ptr4", "@ptr5", "@ptr6", "@ptr7", "@ptr8", "SL:CONTACT]", "IN:CREATE_CALL]"]}
{"loss": 2.9952235221862793, "class_log_probabilities": [-5.545517444610596, -5.674351215362549, -105.67257690429688, -106.2685317993164], "predictions": [70, 93, 399, 94, 93, 399, 94, 71, 401, 72, 73, 4, 4, 4, 4, 4, 4, 4, 4, 4, 4, 4, 4, 4, 4, 4, 4, 4, 4, 4, 4, 4, 4, 4, 4, 4, 4, 4, 4, 4, 4, 4, 4, 4, 4, 4, 4, 4, 4, 4, 4, 4, 4, 4, 4, 4, 4, 4, 4, 4, 4, 4, 4, 4, 4, 4, 4, 4, 4, 4, 4, 4, 4, 4, 4, 4, 4, 4, 4, 4, 4, 4, 4, 4, 4, 4, 4, 4, 4, 4, 4, 4, 4, 4, 4, 4, 4, 4, 4, 4], "target_tokens": ["[IN:GET_CONTACT", "[SL:CONTACT_RELATED", "@ptr4", "@ptr5", "SL:CONTACT_RELATED]", "[SL:TYPE_RELATION", "@ptr3", "SL:TYPE_RELATION]", "[SL:DATE_TIME", "@ptr10", "@ptr11", "@ptr12", "SL:DATE_TIME]", "IN:GET_CONTACT]"], "predicted_tokens": ["[IN:GET_CONTACT", "[SL:CONTACT_RELATED", "@ptr4", "SL:CONTACT_RELATED]", "[SL:CONTACT_RELATED", "@ptr4", "SL:CONTACT_RELATED]", "[SL:TYPE_RELATION", "@ptr6", "SL:TYPE_RELATION]", "IN:GET_CONTACT]"]}
{"loss": 3.6231689453125, "class_log_probabilities": [-1.476981520652771, -3.240804433822632, -3.8468878269195557, -4.024198055267334], "predictions": [13, 16, 404, 405, 17, 18, 4, 4], "target_tokens": ["[IN:GET_CONTACT", "[SL:DATE_TIME", "@ptr8", "@ptr9", "@ptr10", "SL:DATE_TIME]", "IN:GET_CONTACT]"], "predicted_tokens": ["[IN:GET_WEATHER", "[SL:DATE_TIME", "@ptr9", "@ptr10", "SL:DATE_TIME]", "IN:GET_WEATHER]"]}
{"loss": 1.6120353937149048, "class_log_probabilities": [-2.811251163482666, -2.9617414474487305, -4.581714153289795, -5.508124828338623], "predictions": [237, 238, 4], "target_tokens": ["[IN:HOLD_CALL", "IN:HOLD_CALL]"], "predicted_tokens": ["[IN:HOLD_CALL", "IN:HOLD_CALL]"]}
{"loss": 0.9793801307678223, "class_log_probabilities": [-0.15474236011505127, -8.3175687789917, -8.343355178833008, -8.348514556884766], "predictions": [81, 82, 4], "target_tokens": ["[IN:END_CALL", "IN:END_CALL]"], "predicted_tokens": ["[IN:END_CALL", "IN:END_CALL]"]}
{"loss": 0.9584280848503113, "class_log_probabilities": [-0.23375117778778076, -5.552872657775879, -7.375265598297119, -7.781843662261963], "predictions": [31, 32, 4], "target_tokens": ["[IN:SET_UNAVAILABLE", "IN:SET_UNAVAILABLE]"], "predicted_tokens": ["[IN:SET_UNAVAILABLE", "IN:SET_UNAVAILABLE]"]}
{"loss": 2.652594566345215, "class_log_probabilities": [-1.689723014831543, -1.9858835935592651, -3.7821691036224365, -5.847259998321533], "predictions": [5, 16, 404, 405, 17, 12, 4], "target_tokens": ["[IN:GET_CALL", "[SL:DATE_TIME", "@ptr8", "@ptr9", "@ptr10", "SL:DATE_TIME]", "IN:GET_CALL]"], "predicted_tokens": ["[IN:GET_MESSAGE", "[SL:DATE_TIME", "@ptr9", "@ptr10", "SL:DATE_TIME]", "IN:GET_MESSAGE]"]}
{"loss": 2.734236478805542, "class_log_probabilities": [-0.6242169737815857, -3.9328577518463135, -4.1907477378845215, -6.28709602355957], "predictions": [171, 6, 399, 400, 7, 172, 4, 4], "target_tokens": ["[IN:GET_AVAILABILITY", "[SL:CONTACT", "@ptr3", "@ptr4", "SL:CONTACT]", "IN:GET_AVAILABILITY]"], "predicted_tokens": ["[IN:GET_AVAILABILITY", "[SL:CONTACT", "@ptr4", "@ptr5", "SL:CONTACT]", "IN:GET_AVAILABILITY]"]}
{"loss": 1.3109413385391235, "class_log_probabilities": [-1.8869420289993286, -2.900714159011841, -3.2278308868408203, -3.7292513847351074], "predictions": [185, 16, 395, 396, 17, 6, 399, 400, 401, 402, 7, 186, 4], "target_tokens": ["[IN:GET_CALL", "[SL:DATE_TIME", "@ptr0", "@ptr1", "SL:DATE_TIME]", "IN:GET_CALL]"], "predicted_tokens": ["[IN:GET_CALL", "[SL:DATE_TIME", "@ptr0", "@ptr1", "SL:DATE_TIME]", "[SL:CONTACT", "@ptr4", "@ptr5", "@ptr6", "@ptr7", "SL:CONTACT]", "IN:GET_CALL]"]}
{"loss": 1.0000351667404175, "class_log_probabilities": [-0.16811253130435944, -4.942704677581787, -6.8284735679626465, -7.24045467376709], "predictions": [209, 210, 4], "target_tokens": ["[IN:GET_CALL_CONTACT", "IN:GET_CALL_CONTACT]"], "predicted_tokens": ["[IN:GET_CALL_CONTACT", "IN:GET_CALL_CONTACT]"]}
{"loss": 2.5831668376922607, "class_log_probabilities": [-1.442763328552246, -3.4120941162109375, -5.027897357940674, -5.467706203460693], "predictions": [69, 16, 395, 396, 397, 17, 6, 398, 399, 400, 401, 7, 74, 4, 4, 4, 4], "target_tokens": ["[IN:GET_CALL_TIME", "[SL:CONTACT", "@ptr3", "@ptr4", "@ptr5", "SL:CONTACT]", "[SL:DATE_TIME", "@ptr0", "@ptr1", "@ptr2", "SL:DATE_TIME]", "IN:GET_CALL_TIME]"], "predicted_tokens": ["[IN:GET_CALL_TIME", "[SL:DATE_TIME", "@ptr0", "@ptr1", "@ptr2", "SL:DATE_TIME]", "[SL:CONTACT", "@ptr3", "@ptr4", "@ptr5", "@ptr6", "SL:CONTACT]", "IN:GET_CALL_TIME]"]}
{"loss": 2.764421224594116, "class_log_probabilities": [-0.8555825352668762, -4.4823994636535645, -5.256176471710205, -5.583544731140137], "predictions": [63, 66, 396, 397, 67, 66, 399, 400, 401, 67, 68, 4], "target_tokens": ["[IN:PLAY_MUSIC", "[SL:MUSIC_ALBUM_TITLE", "@ptr1", "@ptr2", "SL:MUSIC_ALBUM_TITLE]", "[SL:MUSIC_PROVIDER_NAME", "@ptr4", "@ptr5", "@ptr6", "SL:MUSIC_PROVIDER_NAME]", "IN:PLAY_MUSIC]"], "predicted_tokens": ["[IN:PLAY_MUSIC", "[SL:MUSIC_ARTIST_NAME", "@ptr1", "@ptr2", "SL:MUSIC_ARTIST_NAME]", "[SL:MUSIC_ARTIST_NAME", "@ptr4", "@ptr5", "@ptr6", "SL:MUSIC_ARTIST_NAME]", "IN:PLAY_MUSIC]"]}
{"loss": 2.19852614402771, "class_log_probabilities": [-0.7518393397331238, -5.407107353210449, -5.765693664550781, -8.752022743225098], "predictions": [13, 79, 398, 80, 18, 4, 4, 4, 4, 4, 4, 4], "target_tokens": ["[IN:GET_WEATHER", "[SL:WEATHER_ATTRIBUTE", "@ptr2", "SL:WEATHER_ATTRIBUTE]", "[SL:DATE_TIME", "@ptr9", "@ptr10", "@ptr11", "SL:DATE_TIME]", "IN:GET_WEATHER]"], "predicted_tokens": ["[IN:GET_WEATHER", "[SL:WEATHER_ATTRIBUTE", "@ptr3", "SL:WEATHER_ATTRIBUTE]", "IN:GET_WEATHER]"]}
{"loss": 1.967237114906311, "class_log_probabilities": [-1.511137843132019, -2.101762294769287, -3.575925827026367, -4.411211967468262], "predictions": [13, 79, 397, 80, 16, 400, 401, 402, 17, 18, 4, 4], "target_tokens": ["[IN:GET_WEATHER", "[SL:WEATHER_ATTRIBUTE", "@ptr2", "@ptr3", "SL:WEATHER_ATTRIBUTE]", "[SL:DATE_TIME", "@ptr4", "@ptr5", "@ptr6", "SL:DATE_TIME]", "IN:GET_WEATHER]"], "predicted_tokens": ["[IN:GET_WEATHER", "[SL:WEATHER_ATTRIBUTE", "@ptr2", "SL:WEATHER_ATTRIBUTE]", "[SL:DATE_TIME", "@ptr5", "@ptr6", "@ptr7", "SL:DATE_TIME]", "IN:GET_WEATHER]"]}
{"loss": 1.6318482160568237, "class_log_probabilities": [-0.653428852558136, -4.906501293182373, -7.033092498779297, -7.184493541717529], "predictions": [13, 16, 398, 399, 400, 401, 402, 17, 18, 4, 4], "target_tokens": ["[IN:GET_WEATHER", "[SL:DATE_TIME", "@ptr4", "@ptr5", "@ptr6", "@ptr7", "SL:DATE_TIME]", "IN:GET_WEATHER]"], "predicted_tokens": ["[IN:GET_WEATHER", "[SL:DATE_TIME", "@ptr3", "@ptr4", "@ptr5", "@ptr6", "@ptr7", "SL:DATE_TIME]", "IN:GET_WEATHER]"]}
{"loss": 3.669987440109253, "class_log_probabilities": [-1.029677391052246, -4.097227096557617, -4.671494960784912, -4.938214302062988], "predictions": [13, 16, 395, 396, 17, 79, 399, 80, 18, 4, 4, 4, 4], "target_tokens": ["[IN:GET_WEATHER", "[SL:WEATHER_ATTRIBUTE", "@ptr3", "SL:WEATHER_ATTRIBUTE]", "[SL:LOCATION", "@ptr7", "@ptr8", "SL:LOCATION]", "[SL:DATE_TIME", "@ptr0", "@ptr1", "SL:DATE_TIME]", "IN:GET_WEATHER]"], "predicted_tokens": ["[IN:GET_WEATHER", "[SL:DATE_TIME", "@ptr0", "@ptr1", "SL:DATE_TIME]", "[SL:WEATHER_ATTRIBUTE", "@ptr4", "SL:WEATHER_ATTRIBUTE]", "IN:GET_WEATHER]"]}
{"loss": 2.5510876178741455, "class_log_probabilities": [-0.7589462399482727, -5.07528018951416, -5.886585712432861, -8.430204391479492], "predictions": [13, 18, 4, 4, 4, 4, 4, 4, 4, 4], "target_tokens": ["[IN:GET_WEATHER", "[SL:LOCATION", "@ptr5", "@ptr6", "@ptr7", "@ptr8", "SL:LOCATION]", "IN:GET_WEATHER]"], "predicted_tokens": ["[IN:GET_WEATHER", "IN:GET_WEATHER]"]}
{"loss": 2.9981579780578613, "class_log_probabilities": [-0.550475001335144, -4.584695339202881, -5.07559061050415, -5.520843029022217], "predictions": [13, 14, 401, 402, 403, 404, 15, 18, 4], "target_tokens": ["[IN:GET_WEATHER", "[SL:LOCATION", "@ptr5", "@ptr6", "@ptr7", "SL:LOCATION]", "IN:GET_WEATHER]"], "predicted_tokens": ["[IN:GET_WEATHER", "[SL:LOCATION", "@ptr6", "@ptr7", "@ptr8", "@ptr9", "SL:LOCATION]", "IN:GET_WEATHER]"]}
{"loss": 2.550492763519287, "class_log_probabilities": [-1.407579779624939, -2.588496446609497, -5.523092746734619, -6.148641109466553], "predictions": [13, 16, 395, 396, 17, 14, 403, 15, 18, 4, 4, 4, 4], "target_tokens": ["[IN:GET_WEATHER", "[SL:WEATHER_ATTRIBUTE", "@ptr7", "SL:WEATHER_ATTRIBUTE]", "[SL:LOCATION", "@ptr9", "SL:LOCATION]", "[SL:DATE_TIME", "@ptr0", "@ptr1", "SL:DATE_TIME]", "IN:GET_WEATHER]"], "predicted_tokens": ["[IN:GET_WEATHER", "[SL:DATE_TIME", "@ptr0", "@ptr1", "SL:DATE_TIME]", "[SL:LOCATION", "@ptr8", "SL:LOCATION]", "IN:GET_WEATHER]"]}
{"loss": 3.19061279296875, "class_log_probabilities": [-1.0018771886825562, -2.4640748500823975, -3.3661139011383057, -7.464858531951904], "predictions": [13, 16, 401, 402, 403, 404, 17, 18, 4], "target_tokens": ["[IN:GET_WEATHER", "[SL:DATE_TIME", "@ptr5", "@ptr6", "@ptr7", "SL:DATE_TIME]", "IN:GET_WEATHER]"], "predicted_tokens": ["[IN:GET_WEATHER", "[SL:DATE_TIME", "@ptr6", "@ptr7", "@ptr8", "@ptr9", "SL:DATE_TIME]", "IN:GET_WEATHER]"]}
{"loss": 3.0961830615997314, "class_log_probabilities": [-1.408888578414917, -2.1172282695770264, -3.5290262699127197, -4.179685592651367], "predictions": [13, 16, 398, 399, 400, 401, 402, 17, 14, 403, 404, 405, 15, 18, 4], "target_tokens": ["[IN:GET_WEATHER", "[SL:DATE_TIME", "@ptr2", "@ptr3", "@ptr4", "@ptr5", "@ptr6", "@ptr7", "@ptr8", "SL:DATE_TIME]", "IN:GET_WEATHER]"], "predicted_tokens": ["[IN:GET_WEATHER", "[SL:DATE_TIME", "@ptr3", "@ptr4", "@ptr5", "@ptr6", "@ptr7", "SL:DATE_TIME]", "[SL:LOCATION", "@ptr8", "@ptr9", "@ptr10", "SL:LOCATION]", "IN:GET_WEATHER]"]}
{"loss": 0.9571052193641663, "class_log_probabilities": [-0.5083997249603271, -8.117231369018555, -8.425182342529297, -9.022294998168945], "predictions": [13, 16, 395, 396, 397, 17, 18, 4, 4, 4], "target_tokens": ["[IN:GET_WEATHER", "[SL:DATE_TIME", "@ptr0", "@ptr1", "@ptr2", "SL:DATE_TIME]", "IN:GET_WEATHER]"], "predicted_tokens": ["[IN:GET_WEATHER", "[SL:DATE_TIME", "@ptr0", "@ptr1", "@ptr2", "SL:DATE_TIME]", "IN:GET_WEATHER]"]}
{"loss": 3.451789140701294, "class_log_probabilities": [-0.8345708847045898, -2.235661029815674, -5.487637042999268, -6.124573230743408], "predictions": [13, 16, 401, 402, 403, 404, 17, 18, 4], "target_tokens": ["[IN:GET_WEATHER", "[SL:DATE_TIME", "@ptr5", "@ptr6", "@ptr7", "SL:DATE_TIME]", "IN:GET_WEATHER]"], "predicted_tokens": ["[IN:GET_WEATHER", "[SL:DATE_TIME", "@ptr6", "@ptr7", "@ptr8", "@ptr9", "SL:DATE_TIME]", "IN:GET_WEATHER]"]}
{"loss": 1.2805495262145996, "class_log_probabilities": [-0.9242608547210693, -2.866215467453003, -3.190394163131714, -6.551593780517578], "predictions": [13, 14, 399, 15, 18, 4, 4], "target_tokens": ["[IN:GET_WEATHER", "[SL:LOCATION", "@ptr3", "SL:LOCATION]", "IN:GET_WEATHER]"], "predicted_tokens": ["[IN:GET_WEATHER", "[SL:LOCATION", "@ptr4", "SL:LOCATION]", "IN:GET_WEATHER]"]}
{"loss": 1.0860871076583862, "class_log_probabilities": [-1.0995248556137085, -1.2805157899856567, -3.0549890995025635, -5.170813083648682], "predictions": [13, 14, 403, 15, 18, 4], "target_tokens": ["[IN:GET_WEATHER", "[SL:LOCATION", "@ptr7", "SL:LOCATION]", "IN:GET_WEATHER]"], "predicted_tokens": ["[IN:GET_WEATHER", "[SL:LOCATION", "@ptr8", "SL:LOCATION]", "IN:GET_WEATHER]"]}
{"loss": 1.3283576965332031, "class_log_probabilities": [-0.4833903908729553, -2.867851972579956, -7.347654819488525, -7.718728542327881], "predictions": [13, 14, 400, 15, 18, 4], "target_tokens": ["[IN:GET_WEATHER", "[SL:LOCATION", "@ptr4", "SL:LOCATION]", "IN:GET_WEATHER]"], "predicted_tokens": ["[IN:GET_WEATHER", "[SL:LOCATION", "@ptr5", "SL:LOCATION]", "IN:GET_WEATHER]"]}
{"loss": 1.7322906255722046, "class_log_probabilities": [-0.5656245946884155, -2.9261765480041504, -4.755975246429443, -5.524172782897949], "predictions": [13, 14, 400, 15, 18, 4, 4], "target_tokens": ["[IN:GET_WEATHER", "[SL:LOCATION", "@ptr4", "SL:LOCATION]", "IN:GET_WEATHER]"], "predicted_tokens": ["[IN:GET_WEATHER", "[SL:LOCATION", "@ptr5", "SL:LOCATION]", "IN:GET_WEATHER]"]}
{"loss": 2.451852560043335, "class_log_probabilities": [-1.1082051992416382, -3.6147825717926025, -6.6064534187316895, -6.684168815612793], "predictions": [13, 79, 396, 80, 16, 399, 400, 401, 402, 17, 18, 4, 4], "target_tokens": ["[IN:GET_WEATHER", "[SL:WEATHER_ATTRIBUTE", "@ptr0", "SL:WEATHER_ATTRIBUTE]", "[SL:DATE_TIME", "@ptr3", "@ptr4", "@ptr5", "SL:DATE_TIME]", "IN:GET_WEATHER]"], "predicted_tokens": ["[IN:GET_WEATHER", "[SL:WEATHER_ATTRIBUTE", "@ptr1", "SL:WEATHER_ATTRIBUTE]", "[SL:DATE_TIME", "@ptr4", "@ptr5", "@ptr6", "@ptr7", "SL:DATE_TIME]", "IN:GET_WEATHER]"]}
{"loss": 3.2993786334991455, "class_log_probabilities": [-0.6681200265884399, -4.719913482666016, -7.0350341796875, -7.175389289855957], "predictions": [13, 16, 395, 396, 17, 79, 397, 80, 18, 4, 4], "target_tokens": ["[IN:GET_WEATHER", "[SL:WEATHER_ATTRIBUTE", "@ptr2", "SL:WEATHER_ATTRIBUTE]", "[SL:DATE_TIME", "@ptr0", "@ptr1", "SL:DATE_TIME]", "IN:GET_WEATHER]"], "predicted_tokens": ["[IN:GET_WEATHER", "[SL:DATE_TIME", "@ptr0", "@ptr1", "SL:DATE_TIME]", "[SL:WEATHER_ATTRIBUTE", "@ptr2", "SL:WEATHER_ATTRIBUTE]", "IN:GET_WEATHER]"]}
{"loss": 1.8982042074203491, "class_log_probabilities": [-1.6925811767578125, -2.5137429237365723, -3.6839542388916016, -3.730853319168091], "predictions": [259, 260, 4], "target_tokens": ["[IN:SNOOZE_ALARM", "IN:SNOOZE_ALARM]"], "predicted_tokens": ["[IN:UPDATE_ALARM", "IN:UPDATE_ALARM]"]}
{"loss": 4.198305130004883, "class_log_probabilities": [-2.718005418777466, -2.848036289215088, -3.060983657836914, -3.254013776779175], "predictions": [255, 90, 397, 91, 16, 401, 402, 403, 17, 256, 4, 4], "target_tokens": ["[IN:SNOOZE_ALARM", "[SL:DATE_TIME", "@ptr3", "@ptr4", "@ptr5", "@ptr6", "SL:DATE_TIME]", "IN:SNOOZE_ALARM]"], "predicted_tokens": ["[IN:PAUSE_TIMER", "[SL:METHOD_TIMER", "@ptr2", "SL:METHOD_TIMER]", "[SL:DATE_TIME", "@ptr6", "@ptr7", "@ptr8", "SL:DATE_TIME]", "IN:PAUSE_TIMER]"]}
{"loss": 3.25886607170105, "class_log_probabilities": [-1.7070088386535645, -1.8188693523406982, -4.689988613128662, -5.461341381072998], "predictions": [45, 16, 400, 401, 402, 17, 46, 4], "target_tokens": ["[IN:CREATE_ALARM", "[SL:DATE_TIME", "@ptr4", "@ptr5", "@ptr6", "SL:DATE_TIME]", "IN:CREATE_ALARM]"], "predicted_tokens": ["[IN:CREATE_ALARM", "[SL:DATE_TIME", "@ptr5", "@ptr6", "@ptr7", "SL:DATE_TIME]", "IN:CREATE_ALARM]"]}
{"loss": 3.008618116378784, "class_log_probabilities": [-1.0154216289520264, -2.096888542175293, -6.378660678863525, -6.683828353881836], "predictions": [45, 16, 401, 402, 403, 17, 46, 4, 4, 4, 4, 4], "target_tokens": ["[IN:CREATE_ALARM", "[SL:DATE_TIME", "@ptr5", "@ptr6", "@ptr7", "SL:DATE_TIME]", "IN:CREATE_ALARM]"], "predicted_tokens": ["[IN:CREATE_ALARM", "[SL:DATE_TIME", "@ptr6", "@ptr7", "@ptr8", "SL:DATE_TIME]", "IN:CREATE_ALARM]"]}
{"loss": 0.9734206795692444, "class_log_probabilities": [-1.0609198808670044, -3.1309056282043457, -5.1102824211120605, -5.311891555786133], "predictions": [45, 16, 400, 401, 402, 403, 404, 405, 17, 46, 4], "target_tokens": ["[IN:CREATE_ALARM", "[SL:DATE_TIME", "@ptr5", "@ptr6", "@ptr7", "@ptr8", "@ptr9", "@ptr10", "SL:DATE_TIME]", "IN:CREATE_ALARM]"], "predicted_tokens": ["[IN:CREATE_ALARM", "[SL:DATE_TIME", "@ptr5", "@ptr6", "@ptr7", "@ptr8", "@ptr9", "@ptr10", "SL:DATE_TIME]", "IN:CREATE_ALARM]"]}
{"loss": 1.1718225479125977, "class_log_probabilities": [-1.5137138366699219, -3.397091865539551, -3.6108057498931885, -3.9990427494049072], "predictions": [45, 16, 399, 400, 401, 402, 403, 404, 405, 407, 17, 46, 4, 4], "target_tokens": ["[IN:CREATE_ALARM", "[SL:DATE_TIME", "@ptr4", "@ptr5", "@ptr6", "@ptr7", "@ptr8", "@ptr9", "@ptr10", "@ptr11", "@ptr12", "SL:DATE_TIME]", "IN:CREATE_ALARM]"], "predicted_tokens": ["[IN:CREATE_ALARM", "[SL:DATE_TIME", "@ptr4", "@ptr5", "@ptr6", "@ptr7", "@ptr8", "@ptr9", "@ptr10", "@ptr12", "SL:DATE_TIME]", "IN:CREATE_ALARM]"]}
{"loss": 1.7907085418701172, "class_log_probabilities": [-1.6442440748214722, -4.9268388748168945, -4.930503845214844, -5.391381740570068], "predictions": [45, 16, 400, 401, 402, 403, 404, 405, 406, 17, 46, 4, 4, 4, 4], "target_tokens": ["[IN:CREATE_ALARM", "[SL:DATE_TIME", "@ptr4", "@ptr5", "@ptr6", "@ptr7", "@ptr8", "@ptr9", "@ptr10", "SL:DATE_TIME]", "IN:CREATE_ALARM]"], "predicted_tokens": ["[IN:CREATE_ALARM", "[SL:DATE_TIME", "@ptr5", "@ptr6", "@ptr7", "@ptr8", "@ptr9", "@ptr10", "@ptr11", "SL:DATE_TIME]", "IN:CREATE_ALARM]"]}
{"loss": 2.3651645183563232, "class_log_probabilities": [-1.0989134311676025, -2.501732110977173, -4.474850177764893, -6.114728927612305], "predictions": [75, 6, 398, 7, 78, 4, 4, 4, 4, 4, 4, 4, 4, 4, 4], "target_tokens": ["[IN:CREATE_ALARM", "[SL:DATE_TIME", "@ptr4", "@ptr5", "@ptr6", "@ptr7", "@ptr8", "SL:DATE_TIME]", "IN:CREATE_ALARM]"], "predicted_tokens": ["[IN:CREATE_CALL", "[SL:CONTACT", "@ptr3", "SL:CONTACT]", "IN:CREATE_CALL]"]}
{"loss": 1.281880497932434, "class_log_probabilities": [-0.8994655609130859, -4.982778549194336, -5.222668170928955, -6.05142879486084], "predictions": [45, 16, 399, 400, 401, 402, 403, 404, 405, 406, 17, 46, 4, 4], "target_tokens": ["[IN:CREATE_ALARM", "[SL:DATE_TIME", "@ptr3", "@ptr4", "@ptr5", "@ptr6", "@ptr7", "@ptr8", "@ptr9", "@ptr10", "@ptr11", "SL:DATE_TIME]", "IN:CREATE_ALARM]"], "predicted_tokens": ["[IN:CREATE_ALARM", "[SL:DATE_TIME", "@ptr4", "@ptr5", "@ptr6", "@ptr7", "@ptr8", "@ptr9", "@ptr10", "@ptr11", "SL:DATE_TIME]", "IN:CREATE_ALARM]"]}
{"loss": 3.4141459465026855, "class_log_probabilities": [-2.2715001106262207, -2.542384624481201, -2.9965553283691406, -3.2756807804107666], "predictions": [49, 36, 402, 403, 404, 37, 50, 4, 4, 4, 4, 4, 4, 4, 4], "target_tokens": ["[IN:CREATE_ALARM", "[SL:ALARM_NAME", "@ptr1", "@ptr7", "@ptr8", "SL:ALARM_NAME]", "[SL:DATE_TIME", "@ptr9", "@ptr10", "@ptr11", "SL:DATE_TIME]", "IN:CREATE_ALARM]"], "predicted_tokens": ["[IN:CREATE_REMINDER", "[SL:TODO", "@ptr7", "@ptr8", "@ptr9", "SL:TODO]", "IN:CREATE_REMINDER]"]}
{"loss": 2.301788330078125, "class_log_probabilities": [-2.495272159576416, -2.5672686100006104, -2.621202230453491, -3.240797758102417], "predictions": [45, 16, 403, 404, 405, 406, 407, 408, 409, 410, 17, 46, 4], "target_tokens": ["[IN:CREATE_ALARM", "[SL:ALARM_NAME", "@ptr5", "SL:ALARM_NAME]", "[SL:DATE_TIME", "@ptr7", "@ptr8", "@ptr9", "@ptr10", "@ptr11", "@ptr12", "@ptr13", "@ptr14", "SL:DATE_TIME]", "IN:CREATE_ALARM]"], "predicted_tokens": ["[IN:CREATE_ALARM", "[SL:DATE_TIME", "@ptr8", "@ptr9", "@ptr10", "@ptr11", "@ptr12", "@ptr13", "@ptr14", "@ptr15", "SL:DATE_TIME]", "IN:CREATE_ALARM]"]}
{"loss": 3.041264772415161, "class_log_probabilities": [-3.396286964416504, -3.8805012702941895, -4.029116153717041, -5.42587947845459], "predictions": [49, 36, 143, 14, 400, 401, 15, 16, 403, 404, 405, 406, 407, 408, 17, 50, 4, 4, 4], "target_tokens": ["[IN:CREATE_ALARM", "[SL:ALARM_NAME", "@ptr5", "SL:ALARM_NAME]", "[SL:DATE_TIME", "@ptr6", "@ptr7", "@ptr8", "@ptr9", "@ptr10", "@ptr11", "@ptr12", "SL:DATE_TIME]", "IN:CREATE_ALARM]"], "predicted_tokens": ["[IN:CREATE_REMINDER", "[SL:TODO", "[IN:GET_TODO", "[SL:LOCATION", "@ptr5", "@ptr6", "SL:LOCATION]", "[SL:DATE_TIME", "@ptr8", "@ptr9", "@ptr10", "@ptr11", "@ptr12", "@ptr13", "SL:DATE_TIME]", "IN:CREATE_REMINDER]"]}
{"loss": 2.3986124992370605, "class_log_probabilities": [-5.480963230133057, -6.924328804016113, -7.57525110244751, -7.630345344543457], "predictions": [89, 16, 403, 404, 405, 406, 407, 408, 410, 17, 92, 4, 4, 4, 4], "target_tokens": ["[IN:CREATE_ALARM", "[SL:DATE_TIME", "@ptr6", "@ptr7", "@ptr8", "@ptr9", "@ptr10", "@ptr11", "@ptr12", "@ptr13", "@ptr14", "@ptr15", "@ptr16", "SL:DATE_TIME]", "IN:CREATE_ALARM]"], "predicted_tokens": ["[IN:CREATE_TIMER", "[SL:DATE_TIME", "@ptr8", "@ptr9", "@ptr10", "@ptr11", "@ptr12", "@ptr13", "@ptr15", "SL:DATE_TIME]", "IN:CREATE_TIMER]"]}
{"loss": 3.949601888656616, "class_log_probabilities": [-3.5618669986724854, -4.03464937210083, -4.738487720489502, -5.581617832183838], "predictions": [89, 90, 397, 91, 16, 404, 405, 406, 407, 17, 92, 4, 4], "target_tokens": ["[IN:UPDATE_ALARM", "[SL:ALARM_NAME", "@ptr5", "SL:ALARM_NAME]", "[SL:DATE_TIME", "@ptr6", "@ptr7", "@ptr8", "@ptr9", "@ptr10", "SL:DATE_TIME]", "IN:UPDATE_ALARM]"], "predicted_tokens": ["[IN:CREATE_TIMER", "[SL:METHOD_TIMER", "@ptr2", "SL:METHOD_TIMER]", "[SL:DATE_TIME", "@ptr9", "@ptr10", "@ptr11", "@ptr12", "SL:DATE_TIME]", "IN:CREATE_TIMER]"]}
{"loss": 2.413799285888672, "class_log_probabilities": [-1.6685254573822021, -2.7561757564544678, -4.273560523986816, -5.2464518547058105], "predictions": [63, 66, 398, 399, 400, 67, 68, 4, 4], "target_tokens": ["[IN:END_CALL", "[SL:CONTACT", "@ptr3", "@ptr4", "@ptr5", "SL:CONTACT]", "IN:END_CALL]"], "predicted_tokens": ["[IN:PLAY_MUSIC", "[SL:MUSIC_ARTIST_NAME", "@ptr3", "@ptr4", "@ptr5", "SL:MUSIC_ARTIST_NAME]", "IN:PLAY_MUSIC]"]}
{"loss": 0.9666299819946289, "class_log_probabilities": [-0.8043559193611145, -5.883031368255615, -6.242072105407715, -6.419886112213135], "predictions": [107, 108, 398, 399, 400, 401, 402, 109, 110, 4, 4], "target_tokens": ["[IN:UPDATE_CALL", "[SL:CONTACT_ADDED", "@ptr3", "@ptr4", "@ptr5", "@ptr6", "@ptr7", "SL:CONTACT_ADDED]", "IN:UPDATE_CALL]"], "predicted_tokens": ["[IN:UPDATE_CALL", "[SL:CONTACT_ADDED", "@ptr3", "@ptr4", "@ptr5", "@ptr6", "@ptr7", "SL:CONTACT_ADDED]", "IN:UPDATE_CALL]"]}
{"loss": 0.9852948188781738, "class_log_probabilities": [-0.15632180869579315, -7.331597328186035, -7.450802326202393, -7.564202785491943], "predictions": [5, 12, 4], "target_tokens": ["[IN:GET_MESSAGE", "IN:GET_MESSAGE]"], "predicted_tokens": ["[IN:GET_MESSAGE", "IN:GET_MESSAGE]"]}
{"loss": 4.393886566162109, "class_log_probabilities": [-0.7889577746391296, -3.632185935974121, -5.606780529022217, -5.86725378036499], "predictions": [45, 16, 400, 401, 402, 17, 46, 4], "target_tokens": ["[IN:CREATE_ALARM", "[SL:DATE_TIME", "@ptr3", "@ptr4", "@ptr5", "SL:DATE_TIME]", "IN:CREATE_ALARM]"], "predicted_tokens": ["[IN:CREATE_ALARM", "[SL:DATE_TIME", "@ptr5", "@ptr6", "@ptr7", "SL:DATE_TIME]", "IN:CREATE_ALARM]"]}
{"loss": 1.8128631114959717, "class_log_probabilities": [-1.034665584564209, -3.7178399562835693, -5.126357078552246, -5.309656620025635], "predictions": [45, 16, 400, 401, 402, 403, 404, 17, 46, 4], "target_tokens": ["[IN:CREATE_ALARM", "[SL:DATE_TIME", "@ptr4", "@ptr5", "@ptr6", "@ptr7", "@ptr8", "@ptr9", "SL:DATE_TIME]", "IN:CREATE_ALARM]"], "predicted_tokens": ["[IN:CREATE_ALARM", "[SL:DATE_TIME", "@ptr5", "@ptr6", "@ptr7", "@ptr8", "@ptr9", "SL:DATE_TIME]", "IN:CREATE_ALARM]"]}
{"loss": 1.4680765867233276, "class_log_probabilities": [-1.4690229892730713, -2.1362013816833496, -3.1353883743286133, -3.919557809829712], "predictions": [45, 16, 400, 401, 402, 403, 404, 17, 46, 4], "target_tokens": ["[IN:CREATE_ALARM", "[SL:DATE_TIME", "@ptr4", "@ptr5", "@ptr6", "@ptr7", "@ptr8", "@ptr9", "SL:DATE_TIME]", "IN:CREATE_ALARM]"], "predicted_tokens": ["[IN:CREATE_ALARM", "[SL:DATE_TIME", "@ptr5", "@ptr6", "@ptr7", "@ptr8", "@ptr9", "SL:DATE_TIME]", "IN:CREATE_ALARM]"]}
{"loss": 1.8269829750061035, "class_log_probabilities": [-1.0913865566253662, -3.6091270446777344, -5.097289562225342, -5.121877670288086], "predictions": [45, 16, 400, 401, 402, 403, 404, 17, 46, 4], "target_tokens": ["[IN:CREATE_ALARM", "[SL:DATE_TIME", "@ptr4", "@ptr5", "@ptr6", "@ptr7", "@ptr8", "@ptr9", "SL:DATE_TIME]", "IN:CREATE_ALARM]"], "predicted_tokens": ["[IN:CREATE_ALARM", "[SL:DATE_TIME", "@ptr5", "@ptr6", "@ptr7", "@ptr8", "@ptr9", "SL:DATE_TIME]", "IN:CREATE_ALARM]"]}
{"loss": 2.7737746238708496, "class_log_probabilities": [-2.6409664154052734, -4.100870609283447, -4.1362175941467285, -8.101419448852539], "predictions": [75, 6, 70, 93, 397, 398, 399, 400, 94, 71, 402, 72, 73, 7, 78, 4, 4, 4, 4, 4, 4, 4, 4], "target_tokens": ["[IN:CREATE_CALL", "[SL:CONTACT", "[IN:GET_CONTACT", "[SL:CONTACT", "@ptr2", "@ptr3", "@ptr4", "SL:CONTACT]", "[SL:CONTACT_RELATED", "@ptr8", "@ptr9", "SL:CONTACT_RELATED]", "[SL:TYPE_RELATION", "@ptr5", "@ptr6", "@ptr7", "SL:TYPE_RELATION]", "IN:GET_CONTACT]", "SL:CONTACT]", "IN:CREATE_CALL]"], "predicted_tokens": ["[IN:CREATE_CALL", "[SL:CONTACT", "[IN:GET_CONTACT", "[SL:CONTACT_RELATED", "@ptr2", "@ptr3", "@ptr4", "@ptr5", "SL:CONTACT_RELATED]", "[SL:TYPE_RELATION", "@ptr7", "SL:TYPE_RELATION]", "IN:GET_CONTACT]", "SL:CONTACT]", "IN:CREATE_CALL]"]}
{"loss": 3.3154590129852295, "class_log_probabilities": [-1.096911072731018, -4.253669738769531, -4.563494682312012, -5.070724964141846], "predictions": [89, 16, 397, 398, 399, 17, 92, 4], "target_tokens": ["[IN:SNOOZE_ALARM", "[SL:DATE_TIME", "@ptr1", "@ptr2", "@ptr3", "SL:DATE_TIME]", "IN:SNOOZE_ALARM]"], "predicted_tokens": ["[IN:CREATE_TIMER", "[SL:DATE_TIME", "@ptr2", "@ptr3", "@ptr4", "SL:DATE_TIME]", "IN:CREATE_TIMER]"]}
{"loss": 2.355947494506836, "class_log_probabilities": [-0.6230782866477966, -3.8940646648406982, -6.8705525398254395, -7.057669639587402], "predictions": [45, 16, 401, 402, 403, 17, 46, 4, 4], "target_tokens": ["[IN:CREATE_ALARM", "[SL:DATE_TIME", "@ptr5", "@ptr6", "@ptr7", "SL:DATE_TIME]", "IN:CREATE_ALARM]"], "predicted_tokens": ["[IN:CREATE_ALARM", "[SL:DATE_TIME", "@ptr6", "@ptr7", "@ptr8", "SL:DATE_TIME]", "IN:CREATE_ALARM]"]}
{"loss": 3.4706759452819824, "class_log_probabilities": [-1.9829250574111938, -2.0025835037231445, -2.9152097702026367, -3.4063456058502197], "predictions": [45, 16, 400, 17, 46, 4, 4, 4, 4], "target_tokens": ["[IN:CREATE_ALARM", "[SL:DATE_TIME", "@ptr4", "@ptr5", "@ptr6", "SL:DATE_TIME]", "IN:CREATE_ALARM]"], "predicted_tokens": ["[IN:CREATE_ALARM", "[SL:DATE_TIME", "@ptr5", "SL:DATE_TIME]", "IN:CREATE_ALARM]"]}
{"loss": 2.4595978260040283, "class_log_probabilities": [-2.5827972888946533, -5.074917793273926, -59.8275260925293, -76.48140716552734], "predictions": [45, 46, 4, 4, 4, 4, 4, 4, 4, 4, 4, 4, 4, 4, 4, 4, 4, 4, 4, 4, 4, 4, 4, 4, 4, 4, 4, 4, 4, 4, 4, 4, 4, 4, 4, 4, 4, 4, 4, 4, 4, 4, 4, 4, 4, 4, 4, 4, 4, 4, 4, 4, 4, 4, 4, 4, 4, 4, 4, 4, 4, 4, 4, 4, 4, 4, 4, 4, 4, 4, 4, 4, 4, 4, 4, 4, 4, 4, 4, 4, 4, 4, 4, 4, 4, 4, 4], "target_tokens": ["[IN:CREATE_ALARM", "[SL:ALARM_NAME", "@ptr7", "@ptr8", "SL:ALARM_NAME]", "[SL:DATE_TIME", "@ptr10", "@ptr11", "@ptr12", "@ptr13", "@ptr14", "@ptr15", "SL:DATE_TIME]", "IN:CREATE_ALARM]"], "predicted_tokens": ["[IN:CREATE_ALARM", "IN:CREATE_ALARM]"]}
{"loss": 2.9922778606414795, "class_log_probabilities": [-94.6156997680664, -94.61820983886719, -94.62821197509766, -94.6551513671875], "predictions": [49, 36, 143, 36, 400, 401, 402, 37, 16, 404, 405, 406, 407, 409, 411, 407, 409, 411, 407, 409, 411, 407, 409, 411, 407, 409, 411, 407, 409, 411, 407, 409, 411, 407, 409, 411, 407, 409, 411, 407, 409, 411, 407, 409, 411, 407, 409, 411, 407, 409, 411, 407, 409, 411, 407, 409, 411, 407, 409, 411, 407, 409, 411, 407, 409, 411, 407, 409, 411, 407, 409, 411, 407, 409, 411, 407, 409, 411, 407, 409, 411, 407, 409, 411, 407, 409, 411, 407, 408, 409, 411, 407, 409, 411, 407, 409, 411, 407, 409, 411], "target_tokens": ["[IN:CREATE_ALARM", "[SL:ALARM_NAME", "@ptr4", "@ptr5", "@ptr6", "SL:ALARM_NAME]", "[SL:DATE_TIME", "@ptr7", "@ptr8", "@ptr9", "@ptr10", "@ptr11", "@ptr12", "@ptr13", "@ptr14", "@ptr15", "@ptr16", "SL:DATE_TIME]", "IN:CREATE_ALARM]"], "predicted_tokens": ["[IN:CREATE_REMINDER", "[SL:TODO", "[IN:GET_TODO", "[SL:TODO", "@ptr5", "@ptr6", "@ptr7", "SL:TODO]", "[SL:DATE_TIME", "@ptr9", "@ptr10", "@ptr11", "@ptr12", "@ptr14", "@ptr16", "@ptr12", "@ptr14", "@ptr16", "@ptr12", "@ptr14", "@ptr16", "@ptr12", "@ptr14", "@ptr16", "@ptr12", "@ptr14", "@ptr16", "@ptr12", "@ptr14", "@ptr16", "@ptr12", "@ptr14", "@ptr16", "@ptr12", "@ptr14", "@ptr16", "@ptr12", "@ptr14", "@ptr16", "@ptr12", "@ptr14", "@ptr16", "@ptr12", "@ptr14", "@ptr16", "@ptr12", "@ptr14", "@ptr16", "@ptr12", "@ptr14", "@ptr16", "@ptr12", "@ptr14", "@ptr16", "@ptr12", "@ptr14", "@ptr16", "@ptr12", "@ptr14", "@ptr16", "@ptr12", "@ptr14", "@ptr16", "@ptr12", "@ptr14", "@ptr16", "@ptr12", "@ptr14", "@ptr16", "@ptr12", "@ptr14", "@ptr16", "@ptr12", "@ptr14", "@ptr16", "@ptr12", "@ptr14", "@ptr16", "@ptr12", "@ptr14", "@ptr16", "@ptr12", "@ptr14", "@ptr16", "@ptr12", "@ptr14", "@ptr16", "@ptr12", "@ptr13", "@ptr14", "@ptr16", "@ptr12", "@ptr14", "@ptr16", "@ptr12", "@ptr14", "@ptr16", "@ptr12", "@ptr14", "@ptr16"]}
{"loss": 2.4708149433135986, "class_log_probabilities": [-2.9479846954345703, -3.6062419414520264, -3.6959540843963623, -4.27077054977417], "predictions": [49, 36, 399, 400, 401, 37, 16, 402, 403, 404, 17, 50, 4], "target_tokens": ["[IN:CREATE_ALARM", "[SL:ALARM_NAME", "@ptr4", "@ptr5", "SL:ALARM_NAME]", "[SL:DATE_TIME", "@ptr6", "@ptr7", "@ptr8", "SL:DATE_TIME]", "IN:CREATE_ALARM]"], "predicted_tokens": ["[IN:CREATE_REMINDER", "[SL:TODO", "@ptr4", "@ptr5", "@ptr6", "SL:TODO]", "[SL:DATE_TIME", "@ptr7", "@ptr8", "@ptr9", "SL:DATE_TIME]", "IN:CREATE_REMINDER]"]}
{"loss": 1.6146537065505981, "class_log_probabilities": [-0.3776121437549591, -3.993192195892334, -4.672933101654053, -7.952673435211182], "predictions": [13, 14, 401, 15, 18, 4, 4, 4, 4], "target_tokens": ["[IN:GET_WEATHER", "[SL:LOCATION", "@ptr5", "SL:LOCATION]", "IN:GET_WEATHER]"], "predicted_tokens": ["[IN:GET_WEATHER", "[SL:LOCATION", "@ptr6", "SL:LOCATION]", "IN:GET_WEATHER]"]}
{"loss": 2.368140935897827, "class_log_probabilities": [-0.9199730753898621, -3.439143657684326, -5.62406587600708, -6.158379554748535], "predictions": [13, 16, 400, 401, 402, 403, 404, 405, 406, 407, 17, 18, 4], "target_tokens": ["[IN:GET_WEATHER", "[SL:DATE_TIME", "@ptr4", "@ptr5", "@ptr6", "@ptr7", "@ptr8", "@ptr9", "@ptr10", "SL:DATE_TIME]", "IN:GET_WEATHER]"], "predicted_tokens": ["[IN:GET_WEATHER", "[SL:DATE_TIME", "@ptr5", "@ptr6", "@ptr7", "@ptr8", "@ptr9", "@ptr10", "@ptr11", "@ptr12", "SL:DATE_TIME]", "IN:GET_WEATHER]"]}
{"loss": 3.4483144283294678, "class_log_probabilities": [-2.140620470046997, -2.7275876998901367, -3.620020866394043, -4.023397445678711], "predictions": [13, 79, 398, 80, 79, 401, 80, 135, 403, 136, 18, 4, 4, 4, 4], "target_tokens": ["[IN:GET_WEATHER", "[SL:WEATHER_ATTRIBUTE", "@ptr2", "@ptr3", "@ptr4", "@ptr5", "@ptr6", "SL:WEATHER_ATTRIBUTE]", "[SL:WEATHER_TEMPERATURE_UNIT", "@ptr7", "SL:WEATHER_TEMPERATURE_UNIT]", "IN:GET_WEATHER]"], "predicted_tokens": ["[IN:GET_WEATHER", "[SL:WEATHER_ATTRIBUTE", "@ptr3", "SL:WEATHER_ATTRIBUTE]", "[SL:WEATHER_ATTRIBUTE", "@ptr6", "SL:WEATHER_ATTRIBUTE]", "[SL:WEATHER_TEMPERATURE_UNIT", "@ptr8", "SL:WEATHER_TEMPERATURE_UNIT]", "IN:GET_WEATHER]"]}
{"loss": 0.9975436329841614, "class_log_probabilities": [-0.4298086166381836, -5.82882833480835, -6.230030536651611, -6.468709468841553], "predictions": [63, 103, 397, 104, 223, 400, 224, 68, 4], "target_tokens": ["[IN:PLAY_MUSIC", "[SL:MUSIC_PROVIDER_NAME", "@ptr2", "SL:MUSIC_PROVIDER_NAME]", "[SL:MUSIC_RADIO_ID", "@ptr5", "SL:MUSIC_RADIO_ID]", "IN:PLAY_MUSIC]"], "predicted_tokens": ["[IN:PLAY_MUSIC", "[SL:MUSIC_PROVIDER_NAME", "@ptr2", "SL:MUSIC_PROVIDER_NAME]", "[SL:MUSIC_RADIO_ID", "@ptr5", "SL:MUSIC_RADIO_ID]", "IN:PLAY_MUSIC]"]}
{"loss": 1.0000009536743164, "class_log_probabilities": [-0.44096681475639343, -6.5999755859375, -6.825296878814697, -6.895406723022461], "predictions": [63, 223, 396, 397, 224, 103, 399, 104, 68, 4, 4, 4, 4], "target_tokens": ["[IN:PLAY_MUSIC", "[SL:MUSIC_RADIO_ID", "@ptr1", "@ptr2", "SL:MUSIC_RADIO_ID]", "[SL:MUSIC_PROVIDER_NAME", "@ptr4", "SL:MUSIC_PROVIDER_NAME]", "IN:PLAY_MUSIC]"], "predicted_tokens": ["[IN:PLAY_MUSIC", "[SL:MUSIC_RADIO_ID", "@ptr1", "@ptr2", "SL:MUSIC_RADIO_ID]", "[SL:MUSIC_PROVIDER_NAME", "@ptr4", "SL:MUSIC_PROVIDER_NAME]", "IN:PLAY_MUSIC]"]}
{"loss": 1.6834815740585327, "class_log_probabilities": [-0.6334013342857361, -2.350006580352783, -4.8039655685424805, -5.159336090087891], "predictions": [75, 6, 404, 7, 78, 4], "target_tokens": ["[IN:CREATE_CALL", "[SL:CONTACT", "@ptr8", "SL:CONTACT]", "IN:CREATE_CALL]"], "predicted_tokens": ["[IN:CREATE_CALL", "[SL:CONTACT", "@ptr9", "SL:CONTACT]", "IN:CREATE_CALL]"]}
{"loss": 1.5405129194259644, "class_log_probabilities": [-0.69378662109375, -5.1757097244262695, -5.397760391235352, -7.603299140930176], "predictions": [13, 16, 396, 397, 398, 17, 18, 4], "target_tokens": ["[IN:GET_WEATHER", "[SL:DATE_TIME", "@ptr1", "@ptr2", "SL:DATE_TIME]", "IN:GET_WEATHER]"], "predicted_tokens": ["[IN:GET_WEATHER", "[SL:DATE_TIME", "@ptr1", "@ptr2", "@ptr3", "SL:DATE_TIME]", "IN:GET_WEATHER]"]}
{"loss": 4.190727233886719, "class_log_probabilities": [-0.8767709732055664, -2.886272668838501, -4.973659038543701, -6.083384990692139], "predictions": [13, 16, 395, 396, 17, 79, 403, 404, 80, 18, 4, 4], "target_tokens": ["[IN:GET_WEATHER", "[SL:WEATHER_ATTRIBUTE", "@ptr7", "@ptr8", "SL:WEATHER_ATTRIBUTE]", "[SL:DATE_TIME", "@ptr0", "@ptr1", "SL:DATE_TIME]", "IN:GET_WEATHER]"], "predicted_tokens": ["[IN:GET_WEATHER", "[SL:DATE_TIME", "@ptr0", "@ptr1", "SL:DATE_TIME]", "[SL:WEATHER_ATTRIBUTE", "@ptr8", "@ptr9", "SL:WEATHER_ATTRIBUTE]", "IN:GET_WEATHER]"]}
{"loss": 3.05609130859375, "class_log_probabilities": [-2.2826504707336426, -3.728849411010742, -5.037500381469727, -5.578933238983154], "predictions": [13, 18, 4, 4, 4, 4, 4, 4, 4, 4, 4, 4, 4], "target_tokens": ["[IN:GET_WEATHER", "[SL:WEATHER_ATTRIBUTE", "@ptr0", "@ptr2", "SL:WEATHER_ATTRIBUTE]", "[SL:LOCATION", "@ptr9", "@ptr10", "SL:LOCATION]", "[SL:DATE_TIME", "@ptr11", "@ptr12", "@ptr13", "@ptr14", "@ptr15", "@ptr16", "SL:DATE_TIME]", "IN:GET_WEATHER]"], "predicted_tokens": ["[IN:GET_WEATHER", "IN:GET_WEATHER]"]}
{"loss": 2.7451465129852295, "class_log_probabilities": [-1.152571678161621, -4.061891078948975, -4.315671443939209, -5.246511459350586], "predictions": [13, 16, 398, 399, 400, 17, 14, 402, 403, 404, 405, 15, 18, 4, 4], "target_tokens": ["[IN:GET_WEATHER", "[SL:DATE_TIME", "@ptr2", "@ptr3", "@ptr4", "SL:DATE_TIME]", "[SL:LOCATION", "@ptr6", "@ptr7", "@ptr8", "@ptr9", "SL:LOCATION]", "IN:GET_WEATHER]"], "predicted_tokens": ["[IN:GET_WEATHER", "[SL:DATE_TIME", "@ptr3", "@ptr4", "@ptr5", "SL:DATE_TIME]", "[SL:LOCATION", "@ptr7", "@ptr8", "@ptr9", "@ptr10", "SL:LOCATION]", "IN:GET_WEATHER]"]}
{"loss": 1.799318790435791, "class_log_probabilities": [-2.991582155227661, -3.4091882705688477, -3.6420464515686035, -3.8386309146881104], "predictions": [13, 14, 403, 15, 16, 406, 407, 17, 18, 4, 4], "target_tokens": ["[IN:GET_WEATHER", "[SL:LOCATION", "@ptr7", "SL:LOCATION]", "[SL:DATE_TIME", "@ptr8", "@ptr9", "@ptr10", "@ptr11", "SL:DATE_TIME]", "IN:GET_WEATHER]"], "predicted_tokens": ["[IN:GET_WEATHER", "[SL:LOCATION", "@ptr8", "SL:LOCATION]", "[SL:DATE_TIME", "@ptr11", "@ptr12", "SL:DATE_TIME]", "IN:GET_WEATHER]"]}
{"loss": 2.383596658706665, "class_log_probabilities": [-0.9728793501853943, -2.068937301635742, -2.5441012382507324, -4.1415324211120605], "predictions": [13, 16, 400, 17, 18, 4, 4, 4], "target_tokens": ["[IN:GET_WEATHER", "[SL:DATE_TIME", "@ptr5", "@ptr6", "SL:DATE_TIME]", "IN:GET_WEATHER]"], "predicted_tokens": ["[IN:GET_WEATHER", "[SL:DATE_TIME", "@ptr5", "SL:DATE_TIME]", "IN:GET_WEATHER]"]}
{"loss": 2.574909210205078, "class_log_probabilities": [-0.7568151354789734, -2.940213441848755, -7.396511077880859, -7.468136787414551], "predictions": [13, 16, 398, 399, 400, 401, 17, 18, 4, 4], "target_tokens": ["[IN:GET_WEATHER", "[SL:DATE_TIME", "@ptr2", "@ptr3", "@ptr4", "@ptr5", "SL:DATE_TIME]", "IN:GET_WEATHER]"], "predicted_tokens": ["[IN:GET_WEATHER", "[SL:DATE_TIME", "@ptr3", "@ptr4", "@ptr5", "@ptr6", "SL:DATE_TIME]", "IN:GET_WEATHER]"]}
{"loss": 1.7878354787826538, "class_log_probabilities": [-1.1563622951507568, -2.8893914222717285, -5.414614677429199, -5.620981216430664], "predictions": [13, 14, 398, 399, 400, 401, 402, 15, 18, 4], "target_tokens": ["[IN:GET_WEATHER", "[SL:LOCATION", "@ptr3", "@ptr4", "@ptr5", "SL:LOCATION]", "IN:GET_WEATHER]"], "predicted_tokens": ["[IN:GET_WEATHER", "[SL:LOCATION", "@ptr3", "@ptr4", "@ptr5", "@ptr6", "@ptr7", "SL:LOCATION]", "IN:GET_WEATHER]"]}
{"loss": 2.4404683113098145, "class_log_probabilities": [-1.1419881582260132, -1.492648720741272, -3.660985231399536, -3.71939754486084], "predictions": [13, 14, 400, 401, 402, 403, 15, 18, 4], "target_tokens": ["[IN:GET_WEATHER", "[SL:LOCATION", "@ptr4", "@ptr5", "@ptr6", "SL:LOCATION]", "IN:GET_WEATHER]"], "predicted_tokens": ["[IN:GET_WEATHER", "[SL:LOCATION", "@ptr5", "@ptr6", "@ptr7", "@ptr8", "SL:LOCATION]", "IN:GET_WEATHER]"]}
{"loss": 2.7415590286254883, "class_log_probabilities": [-0.7766930460929871, -5.694884300231934, -6.523715496063232, -6.691176414489746], "predictions": [13, 16, 398, 399, 400, 401, 402, 403, 404, 405, 17, 18, 4], "target_tokens": ["[IN:GET_WEATHER", "[SL:DATE_TIME", "@ptr2", "@ptr3", "@ptr4", "@ptr5", "@ptr6", "@ptr7", "@ptr8", "SL:DATE_TIME]", "IN:GET_WEATHER]"], "predicted_tokens": ["[IN:GET_WEATHER", "[SL:DATE_TIME", "@ptr3", "@ptr4", "@ptr5", "@ptr6", "@ptr7", "@ptr8", "@ptr9", "@ptr10", "SL:DATE_TIME]", "IN:GET_WEATHER]"]}
{"loss": 1.4789164066314697, "class_log_probabilities": [-2.1412811279296875, -2.325054883956909, -2.843618631362915, -2.9066364765167236], "predictions": [13, 16, 401, 402, 403, 404, 405, 406, 407, 17, 18, 4], "target_tokens": ["[IN:GET_WEATHER", "[SL:DATE_TIME", "@ptr6", "@ptr7", "@ptr8", "@ptr9", "@ptr10", "@ptr11", "@ptr12", "@ptr13", "@ptr14", "SL:DATE_TIME]", "IN:GET_WEATHER]"], "predicted_tokens": ["[IN:GET_WEATHER", "[SL:DATE_TIME", "@ptr6", "@ptr7", "@ptr8", "@ptr9", "@ptr10", "@ptr11", "@ptr12", "SL:DATE_TIME]", "IN:GET_WEATHER]"]}
{"loss": 4.3272600173950195, "class_log_probabilities": [-0.46266528964042664, -4.545782089233398, -5.555143356323242, -6.622717380523682], "predictions": [13, 79, 401, 80, 18, 4, 4, 4, 4], "target_tokens": ["[IN:GET_WEATHER", "[SL:WEATHER_ATTRIBUTE", "@ptr5", "@ptr6", "SL:WEATHER_ATTRIBUTE]", "[SL:DATE_TIME", "@ptr0", "@ptr1", "@ptr2", "@ptr3", "SL:DATE_TIME]", "IN:GET_WEATHER]"], "predicted_tokens": ["[IN:GET_WEATHER", "[SL:WEATHER_ATTRIBUTE", "@ptr6", "SL:WEATHER_ATTRIBUTE]", "IN:GET_WEATHER]"]}
{"loss": 2.9315595626831055, "class_log_probabilities": [-0.48287010192871094, -8.235574722290039, -8.274691581726074, -9.115625381469727], "predictions": [13, 16, 397, 398, 399, 17, 18, 4, 4, 4], "target_tokens": ["[IN:GET_WEATHER", "[SL:DATE_TIME", "@ptr1", "@ptr2", "@ptr3", "SL:DATE_TIME]", "IN:GET_WEATHER]"], "predicted_tokens": ["[IN:GET_WEATHER", "[SL:DATE_TIME", "@ptr2", "@ptr3", "@ptr4", "SL:DATE_TIME]", "IN:GET_WEATHER]"]}
{"loss": 3.7216060161590576, "class_log_probabilities": [-1.745445728302002, -1.810990810394287, -2.454813003540039, -4.7999491691589355], "predictions": [13, 16, 400, 401, 402, 403, 17, 18, 4], "target_tokens": ["[IN:GET_WEATHER", "[SL:DATE_TIME", "@ptr4", "@ptr5", "@ptr6", "SL:DATE_TIME]", "IN:GET_WEATHER]"], "predicted_tokens": ["[IN:GET_WEATHER", "[SL:DATE_TIME", "@ptr5", "@ptr6", "@ptr7", "@ptr8", "SL:DATE_TIME]", "IN:GET_WEATHER]"]}
{"loss": 3.596022367477417, "class_log_probabilities": [-1.8168606758117676, -2.80155348777771, -3.293517827987671, -3.4408342838287354], "predictions": [13, 16, 404, 406, 408, 17, 18, 4, 4], "target_tokens": ["[IN:GET_WEATHER", "[SL:DATE_TIME", "@ptr8", "@ptr9", "@ptr10", "@ptr11", "@ptr12", "SL:DATE_TIME]", "IN:GET_WEATHER]"], "predicted_tokens": ["[IN:GET_WEATHER", "[SL:DATE_TIME", "@ptr9", "@ptr11", "@ptr13", "SL:DATE_TIME]", "IN:GET_WEATHER]"]}
{"loss": 3.4684274196624756, "class_log_probabilities": [-0.9456490874290466, -2.3105106353759766, -2.83978533744812, -4.204617977142334], "predictions": [13, 16, 402, 403, 17, 18, 4, 4], "target_tokens": ["[IN:GET_WEATHER", "[SL:DATE_TIME", "@ptr5", "@ptr6", "@ptr7", "SL:DATE_TIME]", "IN:GET_WEATHER]"], "predicted_tokens": ["[IN:GET_WEATHER", "[SL:DATE_TIME", "@ptr7", "@ptr8", "SL:DATE_TIME]", "IN:GET_WEATHER]"]}
{"loss": 1.4258594512939453, "class_log_probabilities": [-0.47502732276916504, -3.633998394012451, -7.30206298828125, -7.714401721954346], "predictions": [13, 14, 399, 15, 18, 4], "target_tokens": ["[IN:GET_WEATHER", "[SL:LOCATION", "@ptr3", "SL:LOCATION]", "IN:GET_WEATHER]"], "predicted_tokens": ["[IN:GET_WEATHER", "[SL:LOCATION", "@ptr4", "SL:LOCATION]", "IN:GET_WEATHER]"]}
{"loss": 2.854100465774536, "class_log_probabilities": [-0.5079452991485596, -5.473630905151367, -6.472541809082031, -6.6366167068481445], "predictions": [13, 14, 398, 399, 400, 15, 18, 4], "target_tokens": ["[IN:GET_WEATHER", "[SL:LOCATION", "@ptr4", "SL:LOCATION]", "IN:GET_WEATHER]"], "predicted_tokens": ["[IN:GET_WEATHER", "[SL:LOCATION", "@ptr3", "@ptr4", "@ptr5", "SL:LOCATION]", "IN:GET_WEATHER]"]}
{"loss": 2.023883819580078, "class_log_probabilities": [-1.5893863439559937, -1.8778445720672607, -2.896312713623047, -3.4781315326690674], "predictions": [13, 14, 403, 404, 405, 406, 15, 18, 4, 4, 4], "target_tokens": ["[IN:GET_WEATHER", "[SL:LOCATION", "@ptr7", "@ptr8", "@ptr9", "@ptr10", "SL:LOCATION]", "IN:GET_WEATHER]"], "predicted_tokens": ["[IN:GET_WEATHER", "[SL:LOCATION", "@ptr8", "@ptr9", "@ptr10", "@ptr11", "SL:LOCATION]", "IN:GET_WEATHER]"]}
{"loss": 0.9725255966186523, "class_log_probabilities": [-0.24924254417419434, -6.033957004547119, -6.4274001121521, -7.1871657371521], "predictions": [213, 214, 4], "target_tokens": ["[IN:SILENCE_ALARM", "IN:SILENCE_ALARM]"], "predicted_tokens": ["[IN:SILENCE_ALARM", "IN:SILENCE_ALARM]"]}
{"loss": 1.2357709407806396, "class_log_probabilities": [-1.375260591506958, -2.9131388664245605, -3.265268087387085, -3.8293659687042236], "predictions": [213, 214, 4], "target_tokens": ["[IN:SILENCE_ALARM", "IN:SILENCE_ALARM]"], "predicted_tokens": ["[IN:SILENCE_ALARM", "IN:SILENCE_ALARM]"]}
{"loss": 2.2148561477661133, "class_log_probabilities": [-1.9342001676559448, -3.2308638095855713, -3.61446475982666, -5.620590686798096], "predictions": [159, 16, 398, 399, 400, 401, 17, 160, 4, 4, 4, 4], "target_tokens": ["[IN:CREATE_ALARM", "[SL:DATE_TIME", "@ptr2", "@ptr3", "@ptr4", "@ptr5", "SL:DATE_TIME]", "IN:CREATE_ALARM]"], "predicted_tokens": ["[IN:SNOOZE_ALARM", "[SL:DATE_TIME", "@ptr3", "@ptr4", "@ptr5", "@ptr6", "SL:DATE_TIME]", "IN:SNOOZE_ALARM]"]}
{"loss": 1.1069378852844238, "class_log_probabilities": [-3.0190985202789307, -3.1385929584503174, -3.71905255317688, -4.235988140106201], "predictions": [45, 16, 402, 403, 404, 405, 406, 17, 46, 4, 4], "target_tokens": ["[IN:CREATE_ALARM", "[SL:DATE_TIME", "@ptr7", "@ptr8", "@ptr9", "@ptr10", "@ptr11", "@ptr12", "SL:DATE_TIME]", "IN:CREATE_ALARM]"], "predicted_tokens": ["[IN:CREATE_ALARM", "[SL:DATE_TIME", "@ptr7", "@ptr8", "@ptr9", "@ptr10", "@ptr11", "SL:DATE_TIME]", "IN:CREATE_ALARM]"]}
{"loss": 1.4306044578552246, "class_log_probabilities": [-2.706740140914917, -3.098393440246582, -3.1898889541625977, -3.5365757942199707], "predictions": [49, 16, 399, 400, 401, 402, 403, 404, 17, 50, 4], "target_tokens": ["[IN:CREATE_ALARM", "[SL:DATE_TIME", "@ptr3", "@ptr4", "@ptr5", "@ptr6", "@ptr7", "@ptr8", "SL:DATE_TIME]", "IN:CREATE_ALARM]"], "predicted_tokens": ["[IN:CREATE_REMINDER", "[SL:DATE_TIME", "@ptr4", "@ptr5", "@ptr6", "@ptr7", "@ptr8", "@ptr9", "SL:DATE_TIME]", "IN:CREATE_REMINDER]"]}
{"loss": 3.2529609203338623, "class_log_probabilities": [-4.916162967681885, -5.130553245544434, -5.443777561187744, -6.2435503005981445], "predictions": [45, 16, 403, 404, 405, 407, 17, 46, 4, 4, 4], "target_tokens": ["[IN:CREATE_ALARM", "[SL:DATE_TIME", "@ptr6", "@ptr7", "@ptr8", "@ptr9", "@ptr10", "SL:DATE_TIME]", "IN:CREATE_ALARM]"], "predicted_tokens": ["[IN:CREATE_ALARM", "[SL:DATE_TIME", "@ptr8", "@ptr9", "@ptr10", "@ptr12", "SL:DATE_TIME]", "IN:CREATE_ALARM]"]}
{"loss": 1.3799214363098145, "class_log_probabilities": [-2.840369939804077, -10.158492088317871, -10.78669548034668, -13.380560874938965], "predictions": [45, 16, 395, 396, 397, 398, 399, 17, 16, 404, 17, 46, 4, 4, 4, 4, 4, 4, 4, 4, 4, 4, 4, 4, 4], "target_tokens": ["[IN:CREATE_ALARM", "[SL:DATE_TIME", "@ptr0", "@ptr1", "@ptr2", "@ptr3", "@ptr4", "SL:DATE_TIME]", "[SL:DATE_TIME", "@ptr9", "@ptr10", "@ptr11", "@ptr12", "@ptr13", "@ptr14", "SL:DATE_TIME]", "IN:CREATE_ALARM]"], "predicted_tokens": ["[IN:CREATE_ALARM", "[SL:DATE_TIME", "@ptr0", "@ptr1", "@ptr2", "@ptr3", "@ptr4", "SL:DATE_TIME]", "[SL:DATE_TIME", "@ptr9", "SL:DATE_TIME]", "IN:CREATE_ALARM]"]}
{"loss": 2.6511623859405518, "class_log_probabilities": [-1.673209547996521, -2.211729049682617, -3.7952828407287598, -5.370277404785156], "predictions": [45, 16, 399, 400, 401, 402, 403, 404, 405, 17, 46, 4], "target_tokens": ["[IN:CREATE_ALARM", "[SL:DATE_TIME", "@ptr3", "@ptr4", "@ptr5", "@ptr6", "@ptr7", "SL:DATE_TIME]", "IN:CREATE_ALARM]"], "predicted_tokens": ["[IN:CREATE_ALARM", "[SL:DATE_TIME", "@ptr4", "@ptr5", "@ptr6", "@ptr7", "@ptr8", "@ptr9", "@ptr10", "SL:DATE_TIME]", "IN:CREATE_ALARM]"]}
{"loss": 2.9854724407196045, "class_log_probabilities": [-1.1266491413116455, -4.019179821014404, -4.635931491851807, -4.941441059112549], "predictions": [89, 16, 399, 400, 401, 402, 403, 404, 405, 406, 17, 92, 4], "target_tokens": ["[IN:CREATE_ALARM", "[SL:DATE_TIME", "@ptr3", "@ptr4", "@ptr5", "@ptr6", "@ptr7", "@ptr8", "@ptr9", "SL:DATE_TIME]", "IN:CREATE_ALARM]"], "predicted_tokens": ["[IN:CREATE_TIMER", "[SL:DATE_TIME", "@ptr4", "@ptr5", "@ptr6", "@ptr7", "@ptr8", "@ptr9", "@ptr10", "@ptr11", "SL:DATE_TIME]", "IN:CREATE_TIMER]"]}
{"loss": 1.565375566482544, "class_log_probabilities": [-2.588860511779785, -2.8757388591766357, -2.8875391483306885, -3.120232582092285], "predictions": [45, 16, 401, 402, 403, 404, 405, 406, 407, 408, 17, 46, 4], "target_tokens": ["[IN:CREATE_ALARM", "[SL:DATE_TIME", "@ptr4", "@ptr5", "@ptr6", "@ptr7", "@ptr8", "@ptr9", "@ptr10", "@ptr11", "SL:DATE_TIME]", "IN:CREATE_ALARM]"], "predicted_tokens": ["[IN:CREATE_ALARM", "[SL:DATE_TIME", "@ptr6", "@ptr7", "@ptr8", "@ptr9", "@ptr10", "@ptr11", "@ptr12", "@ptr13", "SL:DATE_TIME]", "IN:CREATE_ALARM]"]}
{"loss": 2.132822036743164, "class_log_probabilities": [-6.798216342926025, -6.933225154876709, -7.082139492034912, -7.365795612335205], "predictions": [49, 36, 75, 6, 401, 7, 6, 403, 7, 78, 37, 16, 404, 405, 406, 407, 408, 410, 17, 50, 4, 4], "target_tokens": ["[IN:CREATE_ALARM", "[SL:ALARM_NAME", "@ptr7", "SL:ALARM_NAME]", "[SL:DATE_TIME", "@ptr8", "@ptr9", "@ptr10", "@ptr11", "@ptr12", "@ptr13", "@ptr14", "@ptr15", "SL:DATE_TIME]", "IN:CREATE_ALARM]"], "predicted_tokens": ["[IN:CREATE_REMINDER", "[SL:TODO", "[IN:CREATE_CALL", "[SL:CONTACT", "@ptr6", "SL:CONTACT]", "[SL:CONTACT", "@ptr8", "SL:CONTACT]", "IN:CREATE_CALL]", "SL:TODO]", "[SL:DATE_TIME", "@ptr9", "@ptr10", "@ptr11", "@ptr12", "@ptr13", "@ptr15", "SL:DATE_TIME]", "IN:CREATE_REMINDER]"]}
{"loss": 3.926419496536255, "class_log_probabilities": [-0.32544147968292236, -6.766663074493408, -7.1114630699157715, -8.792614936828613], "predictions": [47, 34, 395, 35, 48, 4, 4], "target_tokens": ["[IN:GET_ALARM", "IN:GET_ALARM]"], "predicted_tokens": ["[IN:GET_REMINDER", "[SL:PERSON_REMINDED", "@ptr0", "SL:PERSON_REMINDED]", "IN:GET_REMINDER]"]}
{"loss": 3.526012420654297, "class_log_probabilities": [-2.3199896812438965, -2.531095504760742, -4.351024627685547, -4.613851547241211], "predictions": [47, 120, 400, 121, 34, 402, 35, 48, 4, 4, 4, 4], "target_tokens": ["[IN:GET_ALARM", "[SL:AMOUNT", "@ptr4", "SL:AMOUNT]", "IN:GET_ALARM]"], "predicted_tokens": ["[IN:GET_REMINDER", "[SL:AMOUNT", "@ptr5", "SL:AMOUNT]", "[SL:PERSON_REMINDED", "@ptr7", "SL:PERSON_REMINDED]", "IN:GET_REMINDER]"]}
{"loss": 3.5902178287506104, "class_log_probabilities": [-1.2727534770965576, -1.5186587572097778, -3.750302791595459, -4.191803932189941], "predictions": [33, 16, 401, 402, 17, 38, 4, 4], "target_tokens": ["[IN:DELETE_ALARM", "[SL:DATE_TIME", "@ptr5", "@ptr6", "SL:DATE_TIME]", "IN:DELETE_ALARM]"], "predicted_tokens": ["[IN:DELETE_REMINDER", "[SL:DATE_TIME", "@ptr6", "@ptr7", "SL:DATE_TIME]", "IN:DELETE_REMINDER]"]}
{"loss": 2.0353076457977295, "class_log_probabilities": [-1.0025936365127563, -2.4192099571228027, -4.571501731872559, -5.1462626457214355], "predictions": [119, 120, 401, 121, 122, 4], "target_tokens": ["[IN:DELETE_ALARM", "[SL:AMOUNT", "@ptr4", "SL:AMOUNT]", "IN:DELETE_ALARM]"], "predicted_tokens": ["[IN:DELETE_ALARM", "[SL:AMOUNT", "@ptr6", "SL:AMOUNT]", "IN:DELETE_ALARM]"]}
{"loss": 0.9606183171272278, "class_log_probabilities": [-0.18951010704040527, -7.730471611022949, -7.986535549163818, -8.703974723815918], "predictions": [45, 46, 4, 4, 4], "target_tokens": ["[IN:CREATE_ALARM", "IN:CREATE_ALARM]"], "predicted_tokens": ["[IN:CREATE_ALARM", "IN:CREATE_ALARM]"]}
{"loss": 1.7035969495773315, "class_log_probabilities": [-2.7292697429656982, -3.0484604835510254, -3.686739921569824, -4.037156581878662], "predictions": [189, 190, 4], "target_tokens": ["[IN:CREATE_ALARM", "IN:CREATE_ALARM]"], "predicted_tokens": ["[IN:SET_AVAILABLE", "IN:SET_AVAILABLE]"]}
{"loss": 5.188362121582031, "class_log_probabilities": [-0.8839582800865173, -4.1905317306518555, -6.490375995635986, -7.2461018562316895], "predictions": [75, 6, 397, 398, 399, 400, 401, 7, 78, 4, 4, 4, 4], "target_tokens": ["[IN:END_CALL", "IN:END_CALL]"], "predicted_tokens": ["[IN:CREATE_CALL", "[SL:CONTACT", "@ptr2", "@ptr3", "@ptr4", "@ptr5", "@ptr6", "SL:CONTACT]", "IN:CREATE_CALL]"]}
{"loss": 3.420151948928833, "class_log_probabilities": [-0.20648795366287231, -7.207659721374512, -7.208339691162109, -7.2558488845825195], "predictions": [81, 82, 4], "target_tokens": ["[IN:HOLD_CALL", "IN:HOLD_CALL]"], "predicted_tokens": ["[IN:END_CALL", "IN:END_CALL]"]}
{"loss": 3.980161428451538, "class_log_probabilities": [-2.853935480117798, -3.4410293102264404, -3.481142997741699, -3.5083272457122803], "predictions": [75, 6, 403, 7, 6, 403, 7, 78, 4], "target_tokens": ["[IN:ANSWER_CALL", "[SL:CONTACT", "@ptr7", "@ptr8", "SL:CONTACT]", "IN:ANSWER_CALL]"], "predicted_tokens": ["[IN:CREATE_CALL", "[SL:CONTACT", "@ptr8", "SL:CONTACT]", "[SL:CONTACT", "@ptr8", "SL:CONTACT]", "IN:CREATE_CALL]"]}
{"loss": 0.9803354144096375, "class_log_probabilities": [-0.501244068145752, -5.84971809387207, -6.170446872711182, -6.356076240539551], "predictions": [107, 108, 70, 71, 396, 72, 73, 109, 110, 4], "target_tokens": ["[IN:UPDATE_CALL", "[SL:CONTACT_ADDED", "[IN:GET_CONTACT", "[SL:TYPE_RELATION", "@ptr1", "SL:TYPE_RELATION]", "IN:GET_CONTACT]", "SL:CONTACT_ADDED]", "IN:UPDATE_CALL]"], "predicted_tokens": ["[IN:UPDATE_CALL", "[SL:CONTACT_ADDED", "[IN:GET_CONTACT", "[SL:TYPE_RELATION", "@ptr1", "SL:TYPE_RELATION]", "IN:GET_CONTACT]", "SL:CONTACT_ADDED]", "IN:UPDATE_CALL]"]}
{"loss": 0.9793283343315125, "class_log_probabilities": [-0.6615267395973206, -3.729900360107422, -5.890022277832031, -6.706091403961182], "predictions": [171, 6, 395, 7, 172, 4], "target_tokens": ["[IN:GET_AVAILABILITY", "[SL:CONTACT", "@ptr0", "SL:CONTACT]", "IN:GET_AVAILABILITY]"], "predicted_tokens": ["[IN:GET_AVAILABILITY", "[SL:CONTACT", "@ptr0", "SL:CONTACT]", "IN:GET_AVAILABILITY]"]}
{"loss": 2.145489454269409, "class_log_probabilities": [-0.6698803305625916, -3.3613781929016113, -5.927464008331299, -6.20954704284668], "predictions": [185, 16, 402, 403, 17, 186, 4], "target_tokens": ["[IN:GET_CALL", "[SL:DATE_TIME", "@ptr6", "@ptr7", "@ptr8", "SL:DATE_TIME]", "IN:GET_CALL]"], "predicted_tokens": ["[IN:GET_CALL", "[SL:DATE_TIME", "@ptr7", "@ptr8", "SL:DATE_TIME]", "IN:GET_CALL]"]}
{"loss": 1.448767066001892, "class_log_probabilities": [-1.0908939838409424, -2.416360378265381, -4.005761623382568, -5.051174640655518], "predictions": [171, 172, 4, 4, 4, 4, 4, 4, 4], "target_tokens": ["[IN:GET_AVAILABILITY", "[SL:CONTACT", "@ptr6", "SL:CONTACT]", "IN:GET_AVAILABILITY]"], "predicted_tokens": ["[IN:GET_AVAILABILITY", "IN:GET_AVAILABILITY]"]}
{"loss": 0.967544436454773, "class_log_probabilities": [-0.5024782419204712, -6.510097026824951, -7.126739978790283, -7.378457069396973], "predictions": [185, 16, 395, 396, 17, 186, 4], "target_tokens": ["[IN:GET_CALL", "[SL:DATE_TIME", "@ptr0", "@ptr1", "SL:DATE_TIME]", "IN:GET_CALL]"], "predicted_tokens": ["[IN:GET_CALL", "[SL:DATE_TIME", "@ptr0", "@ptr1", "SL:DATE_TIME]", "IN:GET_CALL]"]}
{"loss": 0.9727490544319153, "class_log_probabilities": [-0.16428110003471375, -8.097859382629395, -8.198600769042969, -8.413899421691895], "predictions": [81, 82, 4, 4], "target_tokens": ["[IN:END_CALL", "IN:END_CALL]"], "predicted_tokens": ["[IN:END_CALL", "IN:END_CALL]"]}
{"loss": 0.9746763706207275, "class_log_probabilities": [-0.16178742051124573, -8.16826057434082, -8.172107696533203, -8.271727561950684], "predictions": [81, 82, 4, 4], "target_tokens": ["[IN:END_CALL", "IN:END_CALL]"], "predicted_tokens": ["[IN:END_CALL", "IN:END_CALL]"]}
{"loss": 1.6722569465637207, "class_log_probabilities": [-0.39164605736732483, -5.1321563720703125, -7.634661674499512, -7.742569923400879], "predictions": [75, 6, 399, 7, 78, 4, 4, 4], "target_tokens": ["[IN:CREATE_CALL", "[SL:CONTACT", "@ptr3", "SL:CONTACT]", "IN:CREATE_CALL]"], "predicted_tokens": ["[IN:CREATE_CALL", "[SL:CONTACT", "@ptr4", "SL:CONTACT]", "IN:CREATE_CALL]"]}
{"loss": 0.9580391645431519, "class_log_probabilities": [-0.4763110280036926, -7.008062362670898, -7.025515079498291, -7.037653923034668], "predictions": [75, 6, 397, 398, 7, 78, 4], "target_tokens": ["[IN:CREATE_CALL", "[SL:CONTACT", "@ptr2", "@ptr3", "SL:CONTACT]", "IN:CREATE_CALL]"], "predicted_tokens": ["[IN:CREATE_CALL", "[SL:CONTACT", "@ptr2", "@ptr3", "SL:CONTACT]", "IN:CREATE_CALL]"]}
{"loss": 2.2643187046051025, "class_log_probabilities": [-1.159604549407959, -4.49553108215332, -4.813575744628906, -7.109607219696045], "predictions": [75, 6, 70, 71, 397, 72, 73, 7, 78, 4, 4, 4, 4, 4, 4], "target_tokens": ["[IN:CREATE_CALL", "[SL:CONTACT", "[IN:GET_CONTACT", "[SL:CONTACT_RELATED", "@ptr3", "@ptr4", "SL:CONTACT_RELATED]", "[SL:TYPE_RELATION", "@ptr2", "SL:TYPE_RELATION]", "IN:GET_CONTACT]", "SL:CONTACT]", "IN:CREATE_CALL]"], "predicted_tokens": ["[IN:CREATE_CALL", "[SL:CONTACT", "[IN:GET_CONTACT", "[SL:TYPE_RELATION", "@ptr2", "SL:TYPE_RELATION]", "IN:GET_CONTACT]", "SL:CONTACT]", "IN:CREATE_CALL]"]}
{"loss": 0.9614218473434448, "class_log_probabilities": [-0.4521642327308655, -5.916593074798584, -6.701893329620361, -7.379628658294678], "predictions": [75, 6, 399, 400, 7, 78, 4, 4], "target_tokens": ["[IN:CREATE_CALL", "[SL:CONTACT", "@ptr4", "@ptr5", "SL:CONTACT]", "IN:CREATE_CALL]"], "predicted_tokens": ["[IN:CREATE_CALL", "[SL:CONTACT", "@ptr4", "@ptr5", "SL:CONTACT]", "IN:CREATE_CALL]"]}
{"loss": 3.4712629318237305, "class_log_probabilities": [-0.5332664847373962, -5.765219688415527, -6.261532306671143, -6.704197406768799], "predictions": [81, 6, 397, 398, 7, 82, 4, 4, 4], "target_tokens": ["[IN:UPDATE_CALL", "[SL:CONTACT_REMOVED", "[IN:GET_CONTACT", "[SL:TYPE_RELATION", "@ptr1", "SL:TYPE_RELATION]", "[SL:CONTACT", "@ptr2", "SL:CONTACT]", "IN:GET_CONTACT]", "SL:CONTACT_REMOVED]", "IN:UPDATE_CALL]"], "predicted_tokens": ["[IN:END_CALL", "[SL:CONTACT", "@ptr2", "@ptr3", "SL:CONTACT]", "IN:END_CALL]"]}
{"loss": 3.0358006954193115, "class_log_probabilities": [-3.804130792617798, -4.962360382080078, -6.058502674102783, -6.194684982299805], "predictions": [23, 10, 70, 71, 396, 397, 398, 72, 73, 11, 26, 4, 4, 4, 4, 4, 4], "target_tokens": ["[IN:UPDATE_CALL", "[SL:CONTACT_REMOVED", "[IN:GET_CONTACT", "[SL:CONTACT_RELATED", "@ptr3", "@ptr4", "SL:CONTACT_RELATED]", "[SL:TYPE_RELATION", "@ptr1", "@ptr2", "SL:TYPE_RELATION]", "IN:GET_CONTACT]", "SL:CONTACT_REMOVED]", "IN:UPDATE_CALL]"], "predicted_tokens": ["[IN:SEND_MESSAGE", "[SL:RECIPIENT", "[IN:GET_CONTACT", "[SL:TYPE_RELATION", "@ptr1", "@ptr2", "@ptr3", "SL:TYPE_RELATION]", "IN:GET_CONTACT]", "SL:RECIPIENT]", "IN:SEND_MESSAGE]"]}
{"loss": 1.8640192747116089, "class_log_probabilities": [-2.112030506134033, -2.6869232654571533, -4.7596354484558105, -4.832749843597412], "predictions": [95, 6, 400, 401, 7, 96, 4], "target_tokens": ["[IN:UPDATE_CALL", "[SL:CONTACT_REMOVED", "@ptr5", "@ptr6", "SL:CONTACT_REMOVED]", "IN:UPDATE_CALL]"], "predicted_tokens": ["[IN:IGNORE_CALL", "[SL:CONTACT", "@ptr5", "@ptr6", "SL:CONTACT]", "IN:IGNORE_CALL]"]}
{"loss": 0.9870113730430603, "class_log_probabilities": [-0.4591095745563507, -6.087426662445068, -6.931849002838135, -7.129166126251221], "predictions": [63, 101, 396, 102, 103, 398, 104, 68, 4, 4, 4, 4], "target_tokens": ["[IN:PLAY_MUSIC", "[SL:MUSIC_TRACK_TITLE", "@ptr1", "SL:MUSIC_TRACK_TITLE]", "[SL:MUSIC_PROVIDER_NAME", "@ptr3", "SL:MUSIC_PROVIDER_NAME]", "IN:PLAY_MUSIC]"], "predicted_tokens": ["[IN:PLAY_MUSIC", "[SL:MUSIC_TRACK_TITLE", "@ptr1", "SL:MUSIC_TRACK_TITLE]", "[SL:MUSIC_PROVIDER_NAME", "@ptr3", "SL:MUSIC_PROVIDER_NAME]", "IN:PLAY_MUSIC]"]}
{"loss": 2.9933297634124756, "class_log_probabilities": [-1.9489856958389282, -2.5753355026245117, -4.201052665710449, -4.757981300354004], "predictions": [63, 64, 398, 65, 66, 402, 403, 404, 405, 67, 68, 4], "target_tokens": ["[IN:PLAY_MUSIC", "[SL:MUSIC_ARTIST_NAME", "@ptr7", "@ptr8", "@ptr9", "SL:MUSIC_ARTIST_NAME]", "[SL:MUSIC_TYPE", "@ptr3", "SL:MUSIC_TYPE]", "IN:PLAY_MUSIC]"], "predicted_tokens": ["[IN:PLAY_MUSIC", "[SL:MUSIC_TYPE", "@ptr3", "SL:MUSIC_TYPE]", "[SL:MUSIC_ARTIST_NAME", "@ptr7", "@ptr8", "@ptr9", "@ptr10", "SL:MUSIC_ARTIST_NAME]", "IN:PLAY_MUSIC]"]}
{"loss": 3.043351173400879, "class_log_probabilities": [-2.0096302032470703, -2.4549505710601807, -3.423293352127075, -5.062437534332275], "predictions": [63, 66, 397, 398, 399, 400, 401, 402, 403, 404, 67, 68, 4], "target_tokens": ["[IN:PLAY_MUSIC", "[SL:MUSIC_ARTIST_NAME", "@ptr6", "@ptr7", "SL:MUSIC_ARTIST_NAME]", "[SL:MUSIC_ALBUM_TITLE", "@ptr2", "@ptr3", "@ptr4", "SL:MUSIC_ALBUM_TITLE]", "[SL:MUSIC_TYPE", "@ptr1", "SL:MUSIC_TYPE]", "IN:PLAY_MUSIC]"], "predicted_tokens": ["[IN:PLAY_MUSIC", "[SL:MUSIC_ARTIST_NAME", "@ptr2", "@ptr3", "@ptr4", "@ptr5", "@ptr6", "@ptr7", "@ptr8", "@ptr9", "SL:MUSIC_ARTIST_NAME]", "IN:PLAY_MUSIC]"]}
{"loss": 1.9594707489013672, "class_log_probabilities": [-2.468611240386963, -2.9315271377563477, -4.6407341957092285, -5.2314581871032715], "predictions": [63, 64, 398, 65, 66, 400, 401, 402, 403, 404, 405, 67, 68, 4], "target_tokens": ["[IN:PLAY_MUSIC", "[SL:MUSIC_ARTIST_NAME", "@ptr5", "@ptr6", "@ptr7", "@ptr8", "@ptr9", "SL:MUSIC_ARTIST_NAME]", "IN:PLAY_MUSIC]"], "predicted_tokens": ["[IN:PLAY_MUSIC", "[SL:MUSIC_TYPE", "@ptr3", "SL:MUSIC_TYPE]", "[SL:MUSIC_ARTIST_NAME", "@ptr5", "@ptr6", "@ptr7", "@ptr8", "@ptr9", "@ptr10", "SL:MUSIC_ARTIST_NAME]", "IN:PLAY_MUSIC]"]}
{"loss": 2.8049533367156982, "class_log_probabilities": [-5.306647777557373, -5.797204971313477, -6.1347503662109375, -6.686408519744873], "predictions": [63, 101, 398, 399, 102, 66, 401, 402, 404, 405, 406, 67, 68, 4, 4, 4], "target_tokens": ["[IN:PLAY_MUSIC", "[SL:MUSIC_ARTIST_NAME", "@ptr6", "@ptr7", "@ptr8", "@ptr9", "SL:MUSIC_ARTIST_NAME]", "[SL:MUSIC_TRACK_TITLE", "@ptr3", "@ptr4", "SL:MUSIC_TRACK_TITLE]", "[SL:MUSIC_PROVIDER_NAME", "@ptr11", "@ptr12", "@ptr13", "@ptr14", "SL:MUSIC_PROVIDER_NAME]", "IN:PLAY_MUSIC]"], "predicted_tokens": ["[IN:PLAY_MUSIC", "[SL:MUSIC_TRACK_TITLE", "@ptr3", "@ptr4", "SL:MUSIC_TRACK_TITLE]", "[SL:MUSIC_ARTIST_NAME", "@ptr6", "@ptr7", "@ptr9", "@ptr10", "@ptr11", "SL:MUSIC_ARTIST_NAME]", "IN:PLAY_MUSIC]"]}
{"loss": 2.5949137210845947, "class_log_probabilities": [-3.390530824661255, -3.441046953201294, -3.592848777770996, -4.513873100280762], "predictions": [63, 64, 396, 65, 66, 398, 399, 400, 401, 67, 68, 4, 4, 4, 4, 4, 4, 4], "target_tokens": ["[IN:PLAY_MUSIC", "[SL:MUSIC_ARTIST_NAME", "@ptr3", "@ptr4", "@ptr5", "@ptr6", "SL:MUSIC_ARTIST_NAME]", "[SL:MUSIC_PROVIDER_NAME", "@ptr8", "@ptr9", "@ptr10", "@ptr11", "SL:MUSIC_PROVIDER_NAME]", "IN:PLAY_MUSIC]"], "predicted_tokens": ["[IN:PLAY_MUSIC", "[SL:MUSIC_TYPE", "@ptr1", "SL:MUSIC_TYPE]", "[SL:MUSIC_ARTIST_NAME", "@ptr3", "@ptr4", "@ptr5", "@ptr6", "SL:MUSIC_ARTIST_NAME]", "IN:PLAY_MUSIC]"]}
{"loss": 2.4752249717712402, "class_log_probabilities": [-0.997671365737915, -1.4622358083724976, -6.577950954437256, -7.195121765136719], "predictions": [63, 64, 399, 65, 66, 401, 67, 68, 4], "target_tokens": ["[IN:PLAY_MUSIC", "[SL:MUSIC_ARTIST_NAME", "@ptr6", "SL:MUSIC_ARTIST_NAME]", "[SL:MUSIC_TYPE", "@ptr3", "SL:MUSIC_TYPE]", "IN:PLAY_MUSIC]"], "predicted_tokens": ["[IN:PLAY_MUSIC", "[SL:MUSIC_TYPE", "@ptr4", "SL:MUSIC_TYPE]", "[SL:MUSIC_ARTIST_NAME", "@ptr6", "SL:MUSIC_ARTIST_NAME]", "IN:PLAY_MUSIC]"]}
{"loss": 1.3125234842300415, "class_log_probabilities": [-2.8647680282592773, -3.4953300952911377, -5.319490432739258, -6.202015399932861], "predictions": [63, 64, 396, 65, 66, 401, 402, 404, 405, 67, 68, 4, 4], "target_tokens": ["[IN:PLAY_MUSIC", "[SL:MUSIC_TYPE", "@ptr1", "SL:MUSIC_TYPE]", "[SL:MUSIC_ARTIST_NAME", "@ptr6", "@ptr7", "@ptr8", "@ptr9", "SL:MUSIC_ARTIST_NAME]", "IN:PLAY_MUSIC]"], "predicted_tokens": ["[IN:PLAY_MUSIC", "[SL:MUSIC_TYPE", "@ptr1", "SL:MUSIC_TYPE]", "[SL:MUSIC_ARTIST_NAME", "@ptr6", "@ptr7", "@ptr9", "@ptr10", "SL:MUSIC_ARTIST_NAME]", "IN:PLAY_MUSIC]"]}
{"loss": 1.719422459602356, "class_log_probabilities": [-2.116335391998291, -2.1685121059417725, -2.4771134853363037, -4.172828674316406], "predictions": [75, 6, 70, 71, 397, 72, 6, 399, 400, 7, 73, 7, 78, 4, 4], "target_tokens": ["[IN:CREATE_CALL", "[SL:CONTACT", "[IN:GET_CONTACT", "[SL:CONTACT_RELATED", "@ptr4", "@ptr5", "SL:CONTACT_RELATED]", "[SL:TYPE_RELATION", "@ptr2", "SL:TYPE_RELATION]", "IN:GET_CONTACT]", "SL:CONTACT]", "IN:CREATE_CALL]"], "predicted_tokens": ["[IN:CREATE_CALL", "[SL:CONTACT", "[IN:GET_CONTACT", "[SL:TYPE_RELATION", "@ptr2", "SL:TYPE_RELATION]", "[SL:CONTACT", "@ptr4", "@ptr5", "SL:CONTACT]", "IN:GET_CONTACT]", "SL:CONTACT]", "IN:CREATE_CALL]"]}
{"loss": 2.3442306518554688, "class_log_probabilities": [-2.4358510971069336, -3.3132431507110596, -3.403981924057007, -3.663455009460449], "predictions": [75, 6, 70, 71, 397, 72, 73, 7, 78, 4, 4, 4, 4, 4, 4, 4, 4], "target_tokens": ["[IN:CREATE_CALL", "[SL:CONTACT", "[IN:GET_CONTACT", "[SL:CONTACT_RELATED", "@ptr6", "@ptr7", "SL:CONTACT_RELATED]", "[SL:TYPE_RELATION", "@ptr2", "@ptr3", "@ptr4", "SL:TYPE_RELATION]", "IN:GET_CONTACT]", "SL:CONTACT]", "IN:CREATE_CALL]"], "predicted_tokens": ["[IN:CREATE_CALL", "[SL:CONTACT", "[IN:GET_CONTACT", "[SL:TYPE_RELATION", "@ptr2", "SL:TYPE_RELATION]", "IN:GET_CONTACT]", "SL:CONTACT]", "IN:CREATE_CALL]"]}
{"loss": 1.8155992031097412, "class_log_probabilities": [-1.8081506490707397, -2.5510034561157227, -3.623875617980957, -4.013796806335449], "predictions": [75, 6, 70, 71, 397, 72, 6, 399, 7, 73, 7, 78, 4], "target_tokens": ["[IN:CREATE_CALL", "[SL:CONTACT", "[IN:GET_CONTACT", "[SL:CONTACT_RELATED", "@ptr4", "SL:CONTACT_RELATED]", "[SL:TYPE_RELATION", "@ptr2", "SL:TYPE_RELATION]", "IN:GET_CONTACT]", "SL:CONTACT]", "IN:CREATE_CALL]"], "predicted_tokens": ["[IN:CREATE_CALL", "[SL:CONTACT", "[IN:GET_CONTACT", "[SL:TYPE_RELATION", "@ptr2", "SL:TYPE_RELATION]", "[SL:CONTACT", "@ptr4", "SL:CONTACT]", "IN:GET_CONTACT]", "SL:CONTACT]", "IN:CREATE_CALL]"]}
{"loss": 2.455094337463379, "class_log_probabilities": [-2.8733601570129395, -3.6045079231262207, -3.9496946334838867, -4.442533493041992], "predictions": [75, 6, 70, 71, 397, 72, 6, 400, 7, 73, 7, 78, 4, 4, 4, 4, 4, 4, 4], "target_tokens": ["[IN:CREATE_CALL", "[SL:CONTACT", "[IN:GET_CONTACT", "[SL:CONTACT_RELATED", "@ptr4", "@ptr5", "@ptr6", "@ptr7", "@ptr8", "SL:CONTACT_RELATED]", "[SL:TYPE_RELATION", "@ptr2", "SL:TYPE_RELATION]", "IN:GET_CONTACT]", "SL:CONTACT]", "IN:CREATE_CALL]"], "predicted_tokens": ["[IN:CREATE_CALL", "[SL:CONTACT", "[IN:GET_CONTACT", "[SL:TYPE_RELATION", "@ptr2", "SL:TYPE_RELATION]", "[SL:CONTACT", "@ptr5", "SL:CONTACT]", "IN:GET_CONTACT]", "SL:CONTACT]", "IN:CREATE_CALL]"]}
{"loss": 2.6678123474121094, "class_log_probabilities": [-1.8491171598434448, -2.0171117782592773, -2.859163284301758, -3.4161338806152344], "predictions": [75, 6, 70, 71, 398, 72, 6, 400, 401, 7, 73, 7, 78, 4], "target_tokens": ["[IN:CREATE_CALL", "[SL:CONTACT", "[IN:GET_CONTACT", "[SL:CONTACT_RELATED", "@ptr4", "@ptr5", "SL:CONTACT_RELATED]", "[SL:TYPE_RELATION", "@ptr2", "SL:TYPE_RELATION]", "IN:GET_CONTACT]", "SL:CONTACT]", "IN:CREATE_CALL]"], "predicted_tokens": ["[IN:CREATE_CALL", "[SL:CONTACT", "[IN:GET_CONTACT", "[SL:TYPE_RELATION", "@ptr3", "SL:TYPE_RELATION]", "[SL:CONTACT", "@ptr5", "@ptr6", "SL:CONTACT]", "IN:GET_CONTACT]", "SL:CONTACT]", "IN:CREATE_CALL]"]}
{"loss": 2.264580011367798, "class_log_probabilities": [-3.07770037651062, -3.1327037811279297, -3.512085437774658, -4.211629867553711], "predictions": [75, 6, 70, 71, 397, 72, 73, 7, 6, 401, 402, 403, 7, 78, 4], "target_tokens": ["[IN:CREATE_CALL", "[SL:CONTACT", "[IN:GET_CONTACT", "[SL:CONTACT_RELATED", "@ptr5", "@ptr6", "@ptr7", "SL:CONTACT_RELATED]", "[SL:TYPE_RELATION", "@ptr2", "@ptr3", "SL:TYPE_RELATION]", "IN:GET_CONTACT]", "SL:CONTACT]", "IN:CREATE_CALL]"], "predicted_tokens": ["[IN:CREATE_CALL", "[SL:CONTACT", "[IN:GET_CONTACT", "[SL:TYPE_RELATION", "@ptr2", "SL:TYPE_RELATION]", "IN:GET_CONTACT]", "SL:CONTACT]", "[SL:CONTACT", "@ptr6", "@ptr7", "@ptr8", "SL:CONTACT]", "IN:CREATE_CALL]"]}
{"loss": 1.9411700963974, "class_log_probabilities": [-1.8263723850250244, -3.108501434326172, -3.722503662109375, -4.463348865509033], "predictions": [75, 6, 70, 71, 397, 72, 6, 400, 401, 402, 7, 73, 7, 78, 4, 4], "target_tokens": ["[IN:CREATE_CALL", "[SL:CONTACT", "[IN:GET_CONTACT", "[SL:CONTACT_RELATED", "@ptr4", "@ptr5", "@ptr6", "SL:CONTACT_RELATED]", "[SL:TYPE_RELATION", "@ptr2", "SL:TYPE_RELATION]", "IN:GET_CONTACT]", "SL:CONTACT]", "IN:CREATE_CALL]"], "predicted_tokens": ["[IN:CREATE_CALL", "[SL:CONTACT", "[IN:GET_CONTACT", "[SL:TYPE_RELATION", "@ptr2", "SL:TYPE_RELATION]", "[SL:CONTACT", "@ptr5", "@ptr6", "@ptr7", "SL:CONTACT]", "IN:GET_CONTACT]", "SL:CONTACT]", "IN:CREATE_CALL]"]}
{"loss": 1.7901268005371094, "class_log_probabilities": [-1.6375879049301147, -3.160719633102417, -3.727318048477173, -3.8010685443878174], "predictions": [75, 6, 70, 71, 397, 72, 6, 400, 7, 73, 7, 78, 4, 4, 4, 4], "target_tokens": ["[IN:CREATE_CALL", "[SL:CONTACT", "[IN:GET_CONTACT", "[SL:CONTACT_RELATED", "@ptr4", "@ptr5", "SL:CONTACT_RELATED]", "[SL:TYPE_RELATION", "@ptr2", "SL:TYPE_RELATION]", "IN:GET_CONTACT]", "SL:CONTACT]", "IN:CREATE_CALL]"], "predicted_tokens": ["[IN:CREATE_CALL", "[SL:CONTACT", "[IN:GET_CONTACT", "[SL:TYPE_RELATION", "@ptr2", "SL:TYPE_RELATION]", "[SL:CONTACT", "@ptr5", "SL:CONTACT]", "IN:GET_CONTACT]", "SL:CONTACT]", "IN:CREATE_CALL]"]}
{"loss": 2.5767765045166016, "class_log_probabilities": [-6.537080764770508, -6.640230655670166, -7.7393717765808105, -8.378328323364258], "predictions": [61, 83, 398, 399, 84, 16, 402, 404, 405, 17, 14, 410, 15, 62, 4, 4, 4, 4], "target_tokens": ["[IN:GET_EVENT", "[SL:CATEGORY_EVENT", "@ptr1", "@ptr2", "@ptr3", "SL:CATEGORY_EVENT]", "[SL:DATE_TIME", "@ptr7", "@ptr8", "@ptr9", "SL:DATE_TIME]", "[SL:LOCATION", "@ptr11", "@ptr12", "@ptr13", "SL:LOCATION]", "IN:GET_EVENT]"], "predicted_tokens": ["[IN:GET_EVENT", "[SL:CATEGORY_EVENT", "@ptr3", "@ptr4", "SL:CATEGORY_EVENT]", "[SL:DATE_TIME", "@ptr7", "@ptr9", "@ptr10", "SL:DATE_TIME]", "[SL:LOCATION", "@ptr15", "SL:LOCATION]", "IN:GET_EVENT]"]}
{"loss": 2.4158825874328613, "class_log_probabilities": [-2.9010889530181885, -2.972057819366455, -6.784453868865967, -7.735891819000244], "predictions": [61, 62, 4, 4, 4, 4, 4, 4, 4, 4, 4], "target_tokens": ["[IN:GET_EVENT", "[SL:CATEGORY_EVENT", "@ptr3", "@ptr4", "@ptr5", "SL:CATEGORY_EVENT]", "[SL:DATE_TIME", "@ptr9", "@ptr10", "@ptr11", "SL:DATE_TIME]", "IN:GET_EVENT]"], "predicted_tokens": ["[IN:GET_EVENT", "IN:GET_EVENT]"]}
{"loss": 3.597747325897217, "class_log_probabilities": [-5.988873481750488, -8.852761268615723, -11.185877799987793, -12.644285202026367], "predictions": [23, 24, 397, 398, 399, 400, 401, 402, 403, 404, 25, 10, 409, 11, 26, 4, 4, 4, 4, 4, 4, 4, 4, 4, 4, 4, 4, 4, 4], "target_tokens": ["[IN:GET_CONTACT", "[SL:CONTACT_RELATED", "@ptr12", "SL:CONTACT_RELATED]", "[SL:TYPE_RELATION", "@ptr10", "SL:TYPE_RELATION]", "IN:GET_CONTACT]"], "predicted_tokens": ["[IN:SEND_MESSAGE", "[SL:CONTENT_EXACT", "@ptr2", "@ptr3", "@ptr4", "@ptr5", "@ptr6", "@ptr7", "@ptr8", "@ptr9", "SL:CONTENT_EXACT]", "[SL:RECIPIENT", "@ptr14", "SL:RECIPIENT]", "IN:SEND_MESSAGE]"]}
{"loss": 2.4236881732940674, "class_log_probabilities": [-2.8904621601104736, -2.9481472969055176, -4.012660980224609, -5.606195449829102], "predictions": [371, 16, 395, 396, 397, 17, 372, 4], "target_tokens": ["[IN:GET_CONTACT", "[SL:DATE_TIME", "@ptr1", "@ptr2", "SL:DATE_TIME]", "IN:GET_CONTACT]"], "predicted_tokens": ["[IN:GET_AIRQUALITY", "[SL:DATE_TIME", "@ptr0", "@ptr1", "@ptr2", "SL:DATE_TIME]", "IN:GET_AIRQUALITY]"]}
{"loss": 3.067930221557617, "class_log_probabilities": [-8.278820037841797, -8.552209854125977, -8.735902786254883, -11.77260684967041], "predictions": [70, 71, 400, 72, 93, 402, 403, 405, 406, 407, 94, 73, 4, 4, 4, 4, 4, 4, 4, 4, 4], "target_tokens": ["[IN:GET_CONTACT", "[SL:CONTACT_RELATED", "@ptr6", "@ptr7", "@ptr8", "@ptr9", "@ptr10", "@ptr11", "@ptr12", "SL:CONTACT_RELATED]", "[SL:TYPE_RELATION", "@ptr3", "@ptr4", "SL:TYPE_RELATION]", "IN:GET_CONTACT]"], "predicted_tokens": ["[IN:GET_CONTACT", "[SL:TYPE_RELATION", "@ptr5", "SL:TYPE_RELATION]", "[SL:CONTACT_RELATED", "@ptr7", "@ptr8", "@ptr10", "@ptr11", "@ptr12", "SL:CONTACT_RELATED]", "IN:GET_CONTACT]"]}
{"loss": 2.487926483154297, "class_log_probabilities": [-0.9020509719848633, -6.218135833740234, -6.331199645996094, -6.463811874389648], "predictions": [70, 16, 400, 401, 402, 403, 17, 73, 4], "target_tokens": ["[IN:GET_CONTACT", "[SL:DATE_TIME", "@ptr6", "@ptr7", "SL:DATE_TIME]", "IN:GET_CONTACT]"], "predicted_tokens": ["[IN:GET_CONTACT", "[SL:DATE_TIME", "@ptr5", "@ptr6", "@ptr7", "@ptr8", "SL:DATE_TIME]", "IN:GET_CONTACT]"]}
{"loss": 4.5649943351745605, "class_log_probabilities": [-7.550190448760986, -8.391251564025879, -9.628321647644043, -9.889791488647461], "predictions": [23, 24, 395, 396, 397, 398, 399, 400, 401, 402, 403, 404, 405, 406, 407, 408, 409, 411, 412, 4, 4, 4, 4, 4, 4], "target_tokens": ["[IN:GET_CONTACT", "[SL:CONTACT_RELATED", "@ptr13", "@ptr14", "@ptr15", "@ptr16", "SL:CONTACT_RELATED]", "[SL:TYPE_RELATION", "@ptr9", "SL:TYPE_RELATION]", "IN:GET_CONTACT]"], "predicted_tokens": ["[IN:SEND_MESSAGE", "[SL:CONTENT_EXACT", "@ptr0", "@ptr1", "@ptr2", "@ptr3", "@ptr4", "@ptr5", "@ptr6", "@ptr7", "@ptr8", "@ptr9", "@ptr10", "@ptr11", "@ptr12", "@ptr13", "@ptr14", "@ptr16", "@ptr17"]}
{"loss": 2.9889140129089355, "class_log_probabilities": [-2.962395191192627, -3.5632781982421875, -5.778858661651611, -8.352493286132812], "predictions": [49, 36, 395, 396, 397, 398, 399, 400, 401, 402, 403, 404, 405, 406, 407, 37, 50, 4, 4, 4, 4, 4, 4], "target_tokens": ["[IN:CREATE_REMINDER", "[SL:TODO", "@ptr9", "@ptr10", "SL:TODO]", "IN:CREATE_REMINDER]"], "predicted_tokens": ["[IN:CREATE_REMINDER", "[SL:TODO", "@ptr0", "@ptr1", "@ptr2", "@ptr3", "@ptr4", "@ptr5", "@ptr6", "@ptr7", "@ptr8", "@ptr9", "@ptr10", "@ptr11", "@ptr12", "SL:TODO]", "IN:CREATE_REMINDER]"]}
{"loss": 2.1847565174102783, "class_log_probabilities": [-2.8747997283935547, -2.9221150875091553, -3.2463810443878174, -3.9922432899475098], "predictions": [49, 16, 400, 401, 402, 403, 404, 405, 407, 17, 50, 4, 4], "target_tokens": ["[IN:CREATE_REMINDER", "[SL:DATE_TIME", "@ptr4", "@ptr5", "@ptr6", "@ptr7", "@ptr8", "@ptr9", "@ptr10", "@ptr11", "SL:DATE_TIME]", "IN:CREATE_REMINDER]"], "predicted_tokens": ["[IN:CREATE_REMINDER", "[SL:DATE_TIME", "@ptr5", "@ptr6", "@ptr7", "@ptr8", "@ptr9", "@ptr10", "@ptr12", "SL:DATE_TIME]", "IN:CREATE_REMINDER]"]}
{"loss": 1.4706428050994873, "class_log_probabilities": [-3.108994483947754, -3.2847278118133545, -3.5302305221557617, -3.779783248901367], "predictions": [49, 36, 399, 400, 401, 402, 37, 16, 404, 405, 406, 407, 408, 17, 50, 4, 4], "target_tokens": ["[IN:CREATE_REMINDER", "[SL:TODO", "@ptr4", "@ptr5", "@ptr6", "SL:TODO]", "[SL:DATE_TIME", "@ptr9", "@ptr10", "@ptr11", "@ptr12", "@ptr13", "SL:DATE_TIME]", "IN:CREATE_REMINDER]"], "predicted_tokens": ["[IN:CREATE_REMINDER", "[SL:TODO", "@ptr4", "@ptr5", "@ptr6", "@ptr7", "SL:TODO]", "[SL:DATE_TIME", "@ptr9", "@ptr10", "@ptr11", "@ptr12", "@ptr13", "SL:DATE_TIME]", "IN:CREATE_REMINDER]"]}
{"loss": 0.9754378199577332, "class_log_probabilities": [-0.17323189973831177, -7.270389556884766, -7.530300617218018, -7.726115703582764], "predictions": [5, 12, 4], "target_tokens": ["[IN:GET_MESSAGE", "IN:GET_MESSAGE]"], "predicted_tokens": ["[IN:GET_MESSAGE", "IN:GET_MESSAGE]"]}
{"loss": 2.342971086502075, "class_log_probabilities": [-3.0756659507751465, -3.730177640914917, -4.296071529388428, -4.595536231994629], "predictions": [75, 6, 398, 7, 6, 403, 405, 7, 78, 4, 4, 4, 4, 4, 4], "target_tokens": ["[IN:CREATE_CALL", "[SL:CONTACT", "@ptr3", "@ptr4", "@ptr5", "@ptr6", "@ptr7", "@ptr8", "@ptr9", "@ptr10", "SL:CONTACT]", "IN:CREATE_CALL]"], "predicted_tokens": ["[IN:CREATE_CALL", "[SL:CONTACT", "@ptr3", "SL:CONTACT]", "[SL:CONTACT", "@ptr8", "@ptr10", "SL:CONTACT]", "IN:CREATE_CALL]"]}
{"loss": 2.488189458847046, "class_log_probabilities": [-0.6960119009017944, -3.802177667617798, -4.523575305938721, -4.934418678283691], "predictions": [75, 6, 399, 400, 401, 402, 7, 78, 4], "target_tokens": ["[IN:CREATE_CALL", "[SL:CONTACT", "@ptr3", "@ptr4", "@ptr5", "@ptr6", "SL:CONTACT]", "IN:CREATE_CALL]"], "predicted_tokens": ["[IN:CREATE_CALL", "[SL:CONTACT", "@ptr4", "@ptr5", "@ptr6", "@ptr7", "SL:CONTACT]", "IN:CREATE_CALL]"]}
{"loss": 2.2700440883636475, "class_log_probabilities": [-1.7530333995819092, -2.9973092079162598, -3.9034929275512695, -3.993537664413452], "predictions": [75, 6, 398, 399, 7, 78, 4], "target_tokens": ["[IN:CREATE_CALL", "IN:CREATE_CALL]"], "predicted_tokens": ["[IN:CREATE_CALL", "[SL:CONTACT", "@ptr3", "@ptr4", "SL:CONTACT]", "IN:CREATE_CALL]"]}
{"loss": 0.9726981520652771, "class_log_probabilities": [-0.26106715202331543, -4.890913486480713, -5.64005708694458, -6.20433235168457], "predictions": [153, 154, 4], "target_tokens": ["[IN:ANSWER_CALL", "IN:ANSWER_CALL]"], "predicted_tokens": ["[IN:ANSWER_CALL", "IN:ANSWER_CALL]"]}
{"loss": 5.028019428253174, "class_log_probabilities": [-0.6154214143753052, -6.034857749938965, -6.473267078399658, -6.596817493438721], "predictions": [75, 6, 397, 398, 399, 7, 78, 4, 4], "target_tokens": ["[IN:ANSWER_CALL", "IN:ANSWER_CALL]"], "predicted_tokens": ["[IN:CREATE_CALL", "[SL:CONTACT", "@ptr2", "@ptr3", "@ptr4", "SL:CONTACT]", "IN:CREATE_CALL]"]}
{"loss": 3.133232593536377, "class_log_probabilities": [-0.5123975276947021, -4.752399921417236, -5.479632377624512, -5.680299282073975], "predictions": [81, 6, 399, 400, 401, 7, 82, 4, 4], "target_tokens": ["[IN:END_CALL", "[SL:CONTACT", "@ptr3", "@ptr4", "@ptr5", "SL:CONTACT]", "IN:END_CALL]"], "predicted_tokens": ["[IN:END_CALL", "[SL:CONTACT", "@ptr4", "@ptr5", "@ptr6", "SL:CONTACT]", "IN:END_CALL]"]}
{"loss": 2.8194782733917236, "class_log_probabilities": [-4.73828649520874, -4.865548133850098, -6.602159023284912, -8.259033203125], "predictions": [63, 66, 395, 396, 397, 398, 399, 67, 66, 401, 402, 403, 404, 67, 68, 4, 4, 4], "target_tokens": ["[IN:CREATE_CALL", "[SL:CONTACT", "@ptr6", "@ptr7", "@ptr8", "@ptr9", "SL:CONTACT]", "IN:CREATE_CALL]"], "predicted_tokens": ["[IN:PLAY_MUSIC", "[SL:MUSIC_ARTIST_NAME", "@ptr0", "@ptr1", "@ptr2", "@ptr3", "@ptr4", "SL:MUSIC_ARTIST_NAME]", "[SL:MUSIC_ARTIST_NAME", "@ptr6", "@ptr7", "@ptr8", "@ptr9", "SL:MUSIC_ARTIST_NAME]", "IN:PLAY_MUSIC]"]}
{"loss": 1.0361747741699219, "class_log_probabilities": [-1.220978021621704, -1.2304118871688843, -6.644227027893066, -7.391252040863037], "predictions": [75, 6, 70, 71, 399, 72, 73, 7, 78, 4, 4, 4, 4], "target_tokens": ["[IN:CREATE_CALL", "[SL:CONTACT", "[IN:GET_CONTACT", "[SL:TYPE_RELATION", "@ptr4", "SL:TYPE_RELATION]", "IN:GET_CONTACT]", "SL:CONTACT]", "IN:CREATE_CALL]"], "predicted_tokens": ["[IN:CREATE_CALL", "[SL:CONTACT", "[IN:GET_CONTACT", "[SL:TYPE_RELATION", "@ptr4", "SL:TYPE_RELATION]", "IN:GET_CONTACT]", "SL:CONTACT]", "IN:CREATE_CALL]"]}
{"loss": 1.012299656867981, "class_log_probabilities": [-0.8526193499565125, -1.7744780778884888, -4.548933506011963, -5.660451889038086], "predictions": [75, 6, 401, 402, 7, 78, 4, 4], "target_tokens": ["[IN:CREATE_CALL", "[SL:CONTACT", "@ptr6", "@ptr7", "SL:CONTACT]", "IN:CREATE_CALL]"], "predicted_tokens": ["[IN:CREATE_CALL", "[SL:CONTACT", "@ptr6", "@ptr7", "SL:CONTACT]", "IN:CREATE_CALL]"]}
{"loss": 0.9623273015022278, "class_log_probabilities": [-0.47350308299064636, -5.188465118408203, -5.907670021057129, -6.677962779998779], "predictions": [171, 6, 399, 400, 7, 172, 4], "target_tokens": ["[IN:GET_AVAILABILITY", "[SL:CONTACT", "@ptr4", "@ptr5", "SL:CONTACT]", "IN:GET_AVAILABILITY]"], "predicted_tokens": ["[IN:GET_AVAILABILITY", "[SL:CONTACT", "@ptr4", "@ptr5", "SL:CONTACT]", "IN:GET_AVAILABILITY]"]}
{"loss": 0.957782506942749, "class_log_probabilities": [-0.19775962829589844, -7.679116725921631, -8.499500274658203, -8.50624942779541], "predictions": [171, 172, 4, 4], "target_tokens": ["[IN:GET_AVAILABILITY", "IN:GET_AVAILABILITY]"], "predicted_tokens": ["[IN:GET_AVAILABILITY", "IN:GET_AVAILABILITY]"]}
{"loss": 2.3787143230438232, "class_log_probabilities": [-0.18260645866394043, -7.8524909019470215, -8.34096908569336, -8.574678421020508], "predictions": [171, 172, 4, 4], "target_tokens": ["[IN:GET_AVAILABILITY", "[SL:CONTACT", "[IN:GET_CONTACT", "[SL:TYPE_RELATION", "@ptr3", "SL:TYPE_RELATION]", "IN:GET_CONTACT]", "SL:CONTACT]", "IN:GET_AVAILABILITY]"], "predicted_tokens": ["[IN:GET_AVAILABILITY", "IN:GET_AVAILABILITY]"]}
{"loss": 0.9567899703979492, "class_log_probabilities": [-0.20190778374671936, -7.5863261222839355, -8.373866081237793, -8.454703330993652], "predictions": [171, 172, 4, 4], "target_tokens": ["[IN:GET_AVAILABILITY", "IN:GET_AVAILABILITY]"], "predicted_tokens": ["[IN:GET_AVAILABILITY", "IN:GET_AVAILABILITY]"]}
{"loss": 1.9114265441894531, "class_log_probabilities": [-1.1924583911895752, -3.5579376220703125, -3.647037982940674, -4.092039585113525], "predictions": [171, 6, 70, 71, 395, 72, 73, 7, 172, 4, 4, 4, 4], "target_tokens": ["[IN:GET_AVAILABILITY", "[SL:CONTACT", "[IN:GET_CONTACT", "[SL:CONTACT_RELATED", "@ptr1", "@ptr2", "SL:CONTACT_RELATED]", "[SL:TYPE_RELATION", "@ptr0", "SL:TYPE_RELATION]", "IN:GET_CONTACT]", "SL:CONTACT]", "IN:GET_AVAILABILITY]"], "predicted_tokens": ["[IN:GET_AVAILABILITY", "[SL:CONTACT", "[IN:GET_CONTACT", "[SL:TYPE_RELATION", "@ptr0", "SL:TYPE_RELATION]", "IN:GET_CONTACT]", "SL:CONTACT]", "IN:GET_AVAILABILITY]"]}
{"loss": 0.9631645083427429, "class_log_probabilities": [-0.19605568051338196, -7.501186847686768, -7.502976894378662, -7.610657215118408], "predictions": [31, 32, 4], "target_tokens": ["[IN:SET_UNAVAILABLE", "IN:SET_UNAVAILABLE]"], "predicted_tokens": ["[IN:SET_UNAVAILABLE", "IN:SET_UNAVAILABLE]"]}
{"loss": 2.790745496749878, "class_log_probabilities": [-0.20411446690559387, -6.451352596282959, -7.26917839050293, -7.604612350463867], "predictions": [31, 32, 4], "target_tokens": ["[IN:SET_AVAILABLE", "IN:SET_AVAILABLE]"], "predicted_tokens": ["[IN:SET_UNAVAILABLE", "IN:SET_UNAVAILABLE]"]}
{"loss": 0.9603738784790039, "class_log_probabilities": [-0.46541017293930054, -6.100985527038574, -6.86661434173584, -7.2311553955078125], "predictions": [75, 6, 398, 399, 7, 78, 4], "target_tokens": ["[IN:CREATE_CALL", "[SL:CONTACT", "@ptr3", "@ptr4", "SL:CONTACT]", "IN:CREATE_CALL]"], "predicted_tokens": ["[IN:CREATE_CALL", "[SL:CONTACT", "@ptr3", "@ptr4", "SL:CONTACT]", "IN:CREATE_CALL]"]}
{"loss": 0.9566490054130554, "class_log_probabilities": [-0.201714426279068, -7.626119136810303, -8.382758140563965, -8.396353721618652], "predictions": [171, 172, 4, 4], "target_tokens": ["[IN:GET_AVAILABILITY", "IN:GET_AVAILABILITY]"], "predicted_tokens": ["[IN:GET_AVAILABILITY", "IN:GET_AVAILABILITY]"]}
{"loss": 0.9581266045570374, "class_log_probabilities": [-0.19664424657821655, -7.7375898361206055, -8.440568923950195, -8.633090019226074], "predictions": [171, 172, 4, 4], "target_tokens": ["[IN:GET_AVAILABILITY", "IN:GET_AVAILABILITY]"], "predicted_tokens": ["[IN:GET_AVAILABILITY", "IN:GET_AVAILABILITY]"]}
{"loss": 0.9630042910575867, "class_log_probabilities": [-0.18837526440620422, -7.915245056152344, -8.026366233825684, -8.121439933776855], "predictions": [81, 82, 4], "target_tokens": ["[IN:END_CALL", "IN:END_CALL]"], "predicted_tokens": ["[IN:END_CALL", "IN:END_CALL]"]}
{"loss": 0.9696807861328125, "class_log_probabilities": [-0.22806578874588013, -5.151176929473877, -6.195294380187988, -6.875129699707031], "predictions": [215, 216, 4], "target_tokens": ["[IN:SWITCH_CALL", "IN:SWITCH_CALL]"], "predicted_tokens": ["[IN:SWITCH_CALL", "IN:SWITCH_CALL]"]}
{"loss": 1.1837025880813599, "class_log_probabilities": [-1.0837675333023071, -2.066972494125366, -5.171237945556641, -6.0539069175720215], "predictions": [107, 110, 4, 4, 4, 4], "target_tokens": ["[IN:UPDATE_CALL", "IN:UPDATE_CALL]"], "predicted_tokens": ["[IN:UPDATE_CALL", "IN:UPDATE_CALL]"]}
{"loss": 0.9648652672767639, "class_log_probabilities": [-0.3371824026107788, -6.479562282562256, -6.56129264831543, -7.31270694732666], "predictions": [189, 190, 4], "target_tokens": ["[IN:SET_AVAILABLE", "IN:SET_AVAILABLE]"], "predicted_tokens": ["[IN:SET_AVAILABLE", "IN:SET_AVAILABLE]"]}
{"loss": 1.5225311517715454, "class_log_probabilities": [-2.4230856895446777, -4.580606937408447, -4.755992412567139, -10.3550443649292], "predictions": [31, 32, 4, 4, 4, 4, 4, 4, 4, 4, 4, 4], "target_tokens": ["[IN:SET_UNAVAILABLE", "IN:SET_UNAVAILABLE]"], "predicted_tokens": ["[IN:SET_UNAVAILABLE", "IN:SET_UNAVAILABLE]"]}
{"loss": 0.9738948941230774, "class_log_probabilities": [-0.16207805275917053, -8.11093807220459, -8.396424293518066, -8.400518417358398], "predictions": [81, 82, 4], "target_tokens": ["[IN:END_CALL", "IN:END_CALL]"], "predicted_tokens": ["[IN:END_CALL", "IN:END_CALL]"]}
{"loss": 0.9574155807495117, "class_log_probabilities": [-0.1997099220752716, -7.879366874694824, -8.192265510559082, -8.436232566833496], "predictions": [171, 172, 4], "target_tokens": ["[IN:GET_AVAILABILITY", "IN:GET_AVAILABILITY]"], "predicted_tokens": ["[IN:GET_AVAILABILITY", "IN:GET_AVAILABILITY]"]}
{"loss": 0.9535806179046631, "class_log_probabilities": [-0.2159578651189804, -7.608390808105469, -8.278916358947754, -8.627176284790039], "predictions": [171, 172, 4, 4], "target_tokens": ["[IN:GET_AVAILABILITY", "IN:GET_AVAILABILITY]"], "predicted_tokens": ["[IN:GET_AVAILABILITY", "IN:GET_AVAILABILITY]"]}
{"loss": 0.9557600021362305, "class_log_probabilities": [-0.2056700438261032, -7.695411682128906, -8.199427604675293, -8.212397575378418], "predictions": [171, 172, 4], "target_tokens": ["[IN:GET_AVAILABILITY", "IN:GET_AVAILABILITY]"], "predicted_tokens": ["[IN:GET_AVAILABILITY", "IN:GET_AVAILABILITY]"]}
{"loss": 0.9551934599876404, "class_log_probabilities": [-0.20755945146083832, -7.809297561645508, -8.645952224731445, -8.93970012664795], "predictions": [171, 172, 4, 4], "target_tokens": ["[IN:GET_AVAILABILITY", "IN:GET_AVAILABILITY]"], "predicted_tokens": ["[IN:GET_AVAILABILITY", "IN:GET_AVAILABILITY]"]}
{"loss": 2.7925891876220703, "class_log_probabilities": [-0.21660488843917847, -6.494906902313232, -7.248441696166992, -7.341376781463623], "predictions": [31, 32, 4], "target_tokens": ["[IN:SET_AVAILABLE", "IN:SET_AVAILABLE]"], "predicted_tokens": ["[IN:SET_UNAVAILABLE", "IN:SET_UNAVAILABLE]"]}
{"loss": 0.9551164507865906, "class_log_probabilities": [-0.20943641662597656, -7.731264591217041, -8.450775146484375, -8.475733757019043], "predictions": [171, 172, 4], "target_tokens": ["[IN:GET_AVAILABILITY", "IN:GET_AVAILABILITY]"], "predicted_tokens": ["[IN:GET_AVAILABILITY", "IN:GET_AVAILABILITY]"]}
{"loss": 0.9558547139167786, "class_log_probabilities": [-0.20641367137432098, -7.744694709777832, -7.970621109008789, -8.2634916305542], "predictions": [171, 172, 4], "target_tokens": ["[IN:GET_AVAILABILITY", "IN:GET_AVAILABILITY]"], "predicted_tokens": ["[IN:GET_AVAILABILITY", "IN:GET_AVAILABILITY]"]}
{"loss": 1.3377941846847534, "class_log_probabilities": [-1.1530507802963257, -3.635903835296631, -4.1124749183654785, -5.83151912689209], "predictions": [107, 108, 397, 398, 399, 109, 110, 4], "target_tokens": ["[IN:UPDATE_CALL", "[SL:CONTACT_ADDED", "@ptr2", "@ptr3", "SL:CONTACT_ADDED]", "IN:UPDATE_CALL]"], "predicted_tokens": ["[IN:UPDATE_CALL", "[SL:CONTACT_ADDED", "@ptr2", "@ptr3", "@ptr4", "SL:CONTACT_ADDED]", "IN:UPDATE_CALL]"]}
{"loss": 1.252988576889038, "class_log_probabilities": [-0.5911713242530823, -2.343879461288452, -6.75241231918335, -7.415034770965576], "predictions": [107, 108, 398, 109, 110, 4, 4], "target_tokens": ["[IN:UPDATE_CALL", "[SL:CONTACT_ADDED", "@ptr2", "SL:CONTACT_ADDED]", "IN:UPDATE_CALL]"], "predicted_tokens": ["[IN:UPDATE_CALL", "[SL:CONTACT_ADDED", "@ptr3", "SL:CONTACT_ADDED]", "IN:UPDATE_CALL]"]}
{"loss": 0.9687799215316772, "class_log_probabilities": [-0.4034591317176819, -7.435103893280029, -7.497315406799316, -7.870913982391357], "predictions": [107, 108, 396, 397, 109, 110, 4], "target_tokens": ["[IN:UPDATE_CALL", "[SL:CONTACT_ADDED", "@ptr1", "@ptr2", "SL:CONTACT_ADDED]", "IN:UPDATE_CALL]"], "predicted_tokens": ["[IN:UPDATE_CALL", "[SL:CONTACT_ADDED", "@ptr1", "@ptr2", "SL:CONTACT_ADDED]", "IN:UPDATE_CALL]"]}
{"loss": 0.98128741979599, "class_log_probabilities": [-0.28944069147109985, -7.369104862213135, -7.60948371887207, -8.529126167297363], "predictions": [107, 108, 396, 109, 110, 4, 4, 4], "target_tokens": ["[IN:UPDATE_CALL", "[SL:CONTACT_ADDED", "@ptr1", "SL:CONTACT_ADDED]", "IN:UPDATE_CALL]"], "predicted_tokens": ["[IN:UPDATE_CALL", "[SL:CONTACT_ADDED", "@ptr1", "SL:CONTACT_ADDED]", "IN:UPDATE_CALL]"]}
{"loss": 0.9601572751998901, "class_log_probabilities": [-0.5013772249221802, -6.068965911865234, -6.592884540557861, -6.77441930770874], "predictions": [75, 6, 398, 399, 7, 78, 4], "target_tokens": ["[IN:CREATE_CALL", "[SL:CONTACT", "@ptr3", "@ptr4", "SL:CONTACT]", "IN:CREATE_CALL]"], "predicted_tokens": ["[IN:CREATE_CALL", "[SL:CONTACT", "@ptr3", "@ptr4", "SL:CONTACT]", "IN:CREATE_CALL]"]}
{"loss": 2.534358501434326, "class_log_probabilities": [-0.5803396701812744, -4.0526347160339355, -4.480397701263428, -5.641471862792969], "predictions": [75, 6, 399, 400, 401, 7, 78, 4], "target_tokens": ["[IN:CREATE_CALL", "[SL:CONTACT", "@ptr3", "@ptr4", "@ptr5", "SL:CONTACT]", "IN:CREATE_CALL]"], "predicted_tokens": ["[IN:CREATE_CALL", "[SL:CONTACT", "@ptr4", "@ptr5", "@ptr6", "SL:CONTACT]", "IN:CREATE_CALL]"]}
{"loss": 0.9720230102539062, "class_log_probabilities": [-0.4754749834537506, -3.9630842208862305, -4.911249160766602, -7.0379157066345215], "predictions": [107, 108, 396, 109, 110, 4, 4], "target_tokens": ["[IN:UPDATE_CALL", "[SL:CONTACT_ADDED", "@ptr1", "SL:CONTACT_ADDED]", "IN:UPDATE_CALL]"], "predicted_tokens": ["[IN:UPDATE_CALL", "[SL:CONTACT_ADDED", "@ptr1", "SL:CONTACT_ADDED]", "IN:UPDATE_CALL]"]}
{"loss": 2.0122950077056885, "class_log_probabilities": [-1.0413784980773926, -3.3177947998046875, -6.232898712158203, -6.637452602386475], "predictions": [107, 108, 70, 71, 397, 72, 73, 109, 110, 4, 4, 4, 4, 4], "target_tokens": ["[IN:UPDATE_CALL", "[SL:CONTACT_ADDED", "[IN:GET_CONTACT", "[SL:CONTACT_RELATED", "@ptr3", "@ptr4", "SL:CONTACT_RELATED]", "[SL:TYPE_RELATION", "@ptr2", "SL:TYPE_RELATION]", "IN:GET_CONTACT]", "SL:CONTACT_ADDED]", "IN:UPDATE_CALL]"], "predicted_tokens": ["[IN:UPDATE_CALL", "[SL:CONTACT_ADDED", "[IN:GET_CONTACT", "[SL:TYPE_RELATION", "@ptr2", "SL:TYPE_RELATION]", "IN:GET_CONTACT]", "SL:CONTACT_ADDED]", "IN:UPDATE_CALL]"]}
{"loss": 0.9829078912734985, "class_log_probabilities": [-0.8668103218078613, -2.7257144451141357, -4.316712379455566, -5.959348678588867], "predictions": [75, 6, 399, 400, 401, 7, 78, 4, 4], "target_tokens": ["[IN:CREATE_CALL", "[SL:CONTACT", "@ptr4", "@ptr5", "@ptr6", "SL:CONTACT]", "IN:CREATE_CALL]"], "predicted_tokens": ["[IN:CREATE_CALL", "[SL:CONTACT", "@ptr4", "@ptr5", "@ptr6", "SL:CONTACT]", "IN:CREATE_CALL]"]}
{"loss": 0.968542754650116, "class_log_probabilities": [-0.5798954367637634, -3.7527084350585938, -4.658528804779053, -5.089118957519531], "predictions": [75, 6, 400, 401, 7, 78, 4, 4], "target_tokens": ["[IN:CREATE_CALL", "[SL:CONTACT", "@ptr5", "@ptr6", "SL:CONTACT]", "IN:CREATE_CALL]"], "predicted_tokens": ["[IN:CREATE_CALL", "[SL:CONTACT", "@ptr5", "@ptr6", "SL:CONTACT]", "IN:CREATE_CALL]"]}
{"loss": 0.9603067636489868, "class_log_probabilities": [-0.49223923683166504, -6.4641265869140625, -6.478433132171631, -7.085272312164307], "predictions": [75, 6, 397, 398, 399, 7, 78, 4, 4], "target_tokens": ["[IN:CREATE_CALL", "[SL:CONTACT", "@ptr2", "@ptr3", "@ptr4", "SL:CONTACT]", "IN:CREATE_CALL]"], "predicted_tokens": ["[IN:CREATE_CALL", "[SL:CONTACT", "@ptr2", "@ptr3", "@ptr4", "SL:CONTACT]", "IN:CREATE_CALL]"]}
{"loss": 1.090490698814392, "class_log_probabilities": [-1.5559165477752686, -1.738083839416504, -5.0509796142578125, -6.275672912597656], "predictions": [107, 108, 404, 109, 110, 4, 4, 4], "target_tokens": ["[IN:UPDATE_CALL", "[SL:CONTACT_ADDED", "@ptr1", "@ptr2", "SL:CONTACT_ADDED]", "IN:UPDATE_CALL]"], "predicted_tokens": ["[IN:UPDATE_CALL", "[SL:CONTACT_ADDED", "@ptr9", "SL:CONTACT_ADDED]", "IN:UPDATE_CALL]"]}
{"loss": 2.4604084491729736, "class_log_probabilities": [-0.4941101372241974, -4.9237165451049805, -5.748589515686035, -6.474757194519043], "predictions": [75, 6, 400, 401, 7, 78, 4], "target_tokens": ["[IN:CREATE_CALL", "[SL:CONTACT", "@ptr4", "@ptr5", "SL:CONTACT]", "IN:CREATE_CALL]"], "predicted_tokens": ["[IN:CREATE_CALL", "[SL:CONTACT", "@ptr5", "@ptr6", "SL:CONTACT]", "IN:CREATE_CALL]"]}
{"loss": 0.9580370187759399, "class_log_probabilities": [-0.46478724479675293, -6.71822452545166, -7.217130661010742, -7.544672012329102], "predictions": [75, 6, 397, 398, 7, 78, 4, 4], "target_tokens": ["[IN:CREATE_CALL", "[SL:CONTACT", "@ptr2", "@ptr3", "SL:CONTACT]", "IN:CREATE_CALL]"], "predicted_tokens": ["[IN:CREATE_CALL", "[SL:CONTACT", "@ptr2", "@ptr3", "SL:CONTACT]", "IN:CREATE_CALL]"]}
{"loss": 0.9673280119895935, "class_log_probabilities": [-0.8472500443458557, -5.041598796844482, -5.750660419464111, -5.795882701873779], "predictions": [107, 108, 70, 71, 396, 397, 72, 73, 109, 110, 4], "target_tokens": ["[IN:UPDATE_CALL", "[SL:CONTACT_ADDED", "[IN:GET_CONTACT", "[SL:TYPE_RELATION", "@ptr1", "@ptr2", "SL:TYPE_RELATION]", "IN:GET_CONTACT]", "SL:CONTACT_ADDED]", "IN:UPDATE_CALL]"], "predicted_tokens": ["[IN:UPDATE_CALL", "[SL:CONTACT_ADDED", "[IN:GET_CONTACT", "[SL:TYPE_RELATION", "@ptr1", "@ptr2", "SL:TYPE_RELATION]", "IN:GET_CONTACT]", "SL:CONTACT_ADDED]", "IN:UPDATE_CALL]"]}
{"loss": 3.0113534927368164, "class_log_probabilities": [-2.2150468826293945, -6.124811172485352, -8.798635482788086, -9.290035247802734], "predictions": [75, 6, 70, 71, 399, 72, 73, 7, 78, 4, 4, 4, 4, 4, 4, 4, 4, 4, 4, 4], "target_tokens": ["[IN:CREATE_CALL", "[SL:CONTACT", "[IN:GET_CONTACT", "[SL:CONTACT_RELATED", "@ptr6", "@ptr7", "SL:CONTACT_RELATED]", "[SL:TYPE_RELATION", "@ptr3", "@ptr4", "@ptr5", "SL:TYPE_RELATION]", "IN:GET_CONTACT]", "SL:CONTACT]", "IN:CREATE_CALL]"], "predicted_tokens": ["[IN:CREATE_CALL", "[SL:CONTACT", "[IN:GET_CONTACT", "[SL:TYPE_RELATION", "@ptr4", "SL:TYPE_RELATION]", "IN:GET_CONTACT]", "SL:CONTACT]", "IN:CREATE_CALL]"]}
{"loss": 0.9854065179824829, "class_log_probabilities": [-0.8669943809509277, -2.6694788932800293, -5.861552715301514, -5.919071197509766], "predictions": [107, 108, 70, 71, 396, 72, 73, 109, 110, 4], "target_tokens": ["[IN:UPDATE_CALL", "[SL:CONTACT_ADDED", "[IN:GET_CONTACT", "[SL:TYPE_RELATION", "@ptr1", "SL:TYPE_RELATION]", "IN:GET_CONTACT]", "SL:CONTACT_ADDED]", "IN:UPDATE_CALL]"], "predicted_tokens": ["[IN:UPDATE_CALL", "[SL:CONTACT_ADDED", "[IN:GET_CONTACT", "[SL:TYPE_RELATION", "@ptr1", "SL:TYPE_RELATION]", "IN:GET_CONTACT]", "SL:CONTACT_ADDED]", "IN:UPDATE_CALL]"]}
{"loss": 2.0582876205444336, "class_log_probabilities": [-2.4226930141448975, -4.249330997467041, -4.790607929229736, -5.915230751037598], "predictions": [75, 6, 70, 93, 398, 94, 71, 399, 72, 73, 7, 78, 4, 4], "target_tokens": ["[IN:CREATE_CALL", "[SL:CONTACT", "[IN:GET_CONTACT", "[SL:CONTACT_RELATED", "@ptr4", "@ptr5", "SL:CONTACT_RELATED]", "[SL:TYPE_RELATION", "@ptr3", "SL:TYPE_RELATION]", "IN:GET_CONTACT]", "SL:CONTACT]", "IN:CREATE_CALL]"], "predicted_tokens": ["[IN:CREATE_CALL", "[SL:CONTACT", "[IN:GET_CONTACT", "[SL:CONTACT_RELATED", "@ptr3", "SL:CONTACT_RELATED]", "[SL:TYPE_RELATION", "@ptr4", "SL:TYPE_RELATION]", "IN:GET_CONTACT]", "SL:CONTACT]", "IN:CREATE_CALL]"]}
{"loss": 1.6775389909744263, "class_log_probabilities": [-3.5407702922821045, -4.37332010269165, -4.718564987182617, -6.1214494705200195], "predictions": [23, 10, 399, 400, 11, 24, 402, 403, 404, 405, 406, 407, 408, 409, 25, 26, 4, 4, 4], "target_tokens": ["[IN:SEND_MESSAGE", "[SL:RECIPIENT", "@ptr4", "@ptr5", "SL:RECIPIENT]", "[SL:CONTENT_EXACT", "@ptr10", "@ptr11", "@ptr12", "@ptr13", "@ptr14", "@ptr15", "@ptr16", "SL:CONTENT_EXACT]", "IN:SEND_MESSAGE]"], "predicted_tokens": ["[IN:SEND_MESSAGE", "[SL:RECIPIENT", "@ptr4", "@ptr5", "SL:RECIPIENT]", "[SL:CONTENT_EXACT", "@ptr7", "@ptr8", "@ptr9", "@ptr10", "@ptr11", "@ptr12", "@ptr13", "@ptr14", "SL:CONTENT_EXACT]", "IN:SEND_MESSAGE]"]}
{"loss": 1.3817228078842163, "class_log_probabilities": [-4.154972553253174, -4.198728561401367, -4.272124290466309, -4.3202643394470215], "predictions": [23, 10, 398, 399, 11, 24, 402, 404, 405, 406, 407, 408, 409, 411, 25, 26, 4], "target_tokens": ["[IN:SEND_MESSAGE", "[SL:RECIPIENT", "@ptr3", "@ptr4", "SL:RECIPIENT]", "[SL:CONTENT_EXACT", "@ptr7", "@ptr8", "@ptr9", "@ptr10", "@ptr11", "@ptr12", "@ptr13", "@ptr14", "SL:CONTENT_EXACT]", "IN:SEND_MESSAGE]"], "predicted_tokens": ["[IN:SEND_MESSAGE", "[SL:RECIPIENT", "@ptr3", "@ptr4", "SL:RECIPIENT]", "[SL:CONTENT_EXACT", "@ptr7", "@ptr9", "@ptr10", "@ptr11", "@ptr12", "@ptr13", "@ptr14", "@ptr16", "SL:CONTENT_EXACT]", "IN:SEND_MESSAGE]"]}
{"loss": 1.4554541110992432, "class_log_probabilities": [-1.5497350692749023, -2.551682472229004, -3.5805890560150146, -3.651702880859375], "predictions": [23, 10, 70, 71, 399, 72, 73, 11, 24, 402, 403, 404, 25, 26, 4, 4, 4, 4], "target_tokens": ["[IN:SEND_MESSAGE", "[SL:RECIPIENT", "[IN:GET_CONTACT", "[SL:TYPE_RELATION", "@ptr3", "SL:TYPE_RELATION]", "IN:GET_CONTACT]", "SL:RECIPIENT]", "[SL:CONTENT_EXACT", "@ptr6", "@ptr7", "@ptr8", "@ptr9", "SL:CONTENT_EXACT]", "IN:SEND_MESSAGE]"], "predicted_tokens": ["[IN:SEND_MESSAGE", "[SL:RECIPIENT", "[IN:GET_CONTACT", "[SL:TYPE_RELATION", "@ptr4", "SL:TYPE_RELATION]", "IN:GET_CONTACT]", "SL:RECIPIENT]", "[SL:CONTENT_EXACT", "@ptr7", "@ptr8", "@ptr9", "SL:CONTENT_EXACT]", "IN:SEND_MESSAGE]"]}
{"loss": 2.303107261657715, "class_log_probabilities": [-2.569141387939453, -2.7227158546447754, -3.129180669784546, -3.453493118286133], "predictions": [23, 24, 398, 399, 400, 401, 25, 10, 404, 11, 26, 4, 4], "target_tokens": ["[IN:SEND_MESSAGE", "[SL:CONTENT_EXACT", "@ptr2", "@ptr3", "@ptr4", "SL:CONTENT_EXACT]", "[SL:RECIPIENT", "@ptr7", "SL:RECIPIENT]", "IN:SEND_MESSAGE]"], "predicted_tokens": ["[IN:SEND_MESSAGE", "[SL:CONTENT_EXACT", "@ptr3", "@ptr4", "@ptr5", "@ptr6", "SL:CONTENT_EXACT]", "[SL:RECIPIENT", "@ptr9", "SL:RECIPIENT]", "IN:SEND_MESSAGE]"]}
{"loss": 2.303398370742798, "class_log_probabilities": [-5.179664134979248, -6.451109886169434, -6.68996524810791, -7.763748645782471], "predictions": [23, 10, 70, 93, 398, 94, 71, 399, 72, 73, 11, 24, 405, 406, 407, 409, 411, 25, 26, 4, 4, 4, 4, 4], "target_tokens": ["[IN:SEND_MESSAGE", "[SL:RECIPIENT", "[IN:GET_CONTACT", "[SL:CONTACT_RELATED", "@ptr4", "@ptr5", "SL:CONTACT_RELATED]", "[SL:TYPE_RELATION", "@ptr3", "SL:TYPE_RELATION]", "IN:GET_CONTACT]", "SL:RECIPIENT]", "[SL:CONTENT_EXACT", "@ptr9", "@ptr10", "@ptr11", "@ptr12", "@ptr13", "@ptr14", "@ptr15", "@ptr16", "@ptr17", "SL:CONTENT_EXACT]", "IN:SEND_MESSAGE]"], "predicted_tokens": ["[IN:SEND_MESSAGE", "[SL:RECIPIENT", "[IN:GET_CONTACT", "[SL:CONTACT_RELATED", "@ptr3", "SL:CONTACT_RELATED]", "[SL:TYPE_RELATION", "@ptr4", "SL:TYPE_RELATION]", "IN:GET_CONTACT]", "SL:RECIPIENT]", "[SL:CONTENT_EXACT", "@ptr10", "@ptr11", "@ptr12", "@ptr14", "@ptr16", "SL:CONTENT_EXACT]", "IN:SEND_MESSAGE]"]}
{"loss": 1.4474560022354126, "class_log_probabilities": [-72.19944763183594, -72.22444915771484, -72.71417999267578, -72.72888946533203], "predictions": [23, 10, 398, 11, 24, 403, 405, 406, 407, 408, 409, 411, 412, 413, 413, 413, 413, 413, 413, 413, 413, 413, 413, 413, 413, 413, 413, 413, 413, 413, 413, 413, 413, 413, 413, 413, 413, 413, 413, 413, 413, 413, 413, 413, 413, 413, 413, 413, 413, 413, 413, 413, 413, 413, 413, 413, 413, 413, 413, 413, 413, 413, 413, 413, 413, 413, 413, 413, 413, 413, 413, 413, 413, 413, 413, 413, 413, 413, 413, 413, 413, 413, 413, 413, 413, 413, 413, 413, 413, 413, 413, 413, 413, 413, 413, 413, 413, 413, 414, 415], "target_tokens": ["[IN:SEND_MESSAGE", "[SL:RECIPIENT", "@ptr3", "SL:RECIPIENT]", "[SL:CONTENT_EXACT", "@ptr8", "@ptr9", "@ptr10", "@ptr11", "@ptr12", "@ptr13", "@ptr14", "@ptr15", "@ptr16", "@ptr17", "@ptr18", "@ptr19", "@ptr20", "@ptr21", "@ptr22", "SL:CONTENT_EXACT]", "IN:SEND_MESSAGE]"], "predicted_tokens": ["[IN:SEND_MESSAGE", "[SL:RECIPIENT", "@ptr3", "SL:RECIPIENT]", "[SL:CONTENT_EXACT", "@ptr8", "@ptr10", "@ptr11", "@ptr12", "@ptr13", "@ptr14", "@ptr16", "@ptr17", "@ptr18", "@ptr18", "@ptr18", "@ptr18", "@ptr18", "@ptr18", "@ptr18", "@ptr18", "@ptr18", "@ptr18", "@ptr18", "@ptr18", "@ptr18", "@ptr18", "@ptr18", "@ptr18", "@ptr18", "@ptr18", "@ptr18", "@ptr18", "@ptr18", "@ptr18", "@ptr18", "@ptr18", "@ptr18", "@ptr18", "@ptr18", "@ptr18", "@ptr18", "@ptr18", "@ptr18", "@ptr18", "@ptr18", "@ptr18", "@ptr18", "@ptr18", "@ptr18", "@ptr18", "@ptr18", "@ptr18", "@ptr18", "@ptr18", "@ptr18", "@ptr18", "@ptr18", "@ptr18", "@ptr18", "@ptr18", "@ptr18", "@ptr18", "@ptr18", "@ptr18", "@ptr18", "@ptr18", "@ptr18", "@ptr18", "@ptr18", "@ptr18", "@ptr18", "@ptr18", "@ptr18", "@ptr18", "@ptr18", "@ptr18", "@ptr18", "@ptr18", "@ptr18", "@ptr18", "@ptr18", "@ptr18", "@ptr18", "@ptr18", "@ptr18", "@ptr18", "@ptr18", "@ptr18", "@ptr18", "@ptr18", "@ptr18", "@ptr18", "@ptr18", "@ptr18", "@ptr18", "@ptr18", "@ptr18", "@ptr19", "@ptr20"]}
{"loss": 1.4139961004257202, "class_log_probabilities": [-6.895644187927246, -7.779046535491943, -8.012124061584473, -8.89401626586914], "predictions": [23, 10, 398, 11, 24, 403, 404, 405, 406, 407, 408, 409, 411, 412, 413, 414, 415, 417, 25, 26, 4, 4, 4], "target_tokens": ["[IN:SEND_MESSAGE", "[SL:RECIPIENT", "@ptr3", "SL:RECIPIENT]", "[SL:CONTENT_EXACT", "@ptr7", "@ptr8", "@ptr9", "@ptr10", "@ptr11", "@ptr12", "@ptr13", "@ptr14", "@ptr15", "@ptr16", "@ptr17", "@ptr18", "@ptr19", "@ptr20", "@ptr21", "SL:CONTENT_EXACT]", "IN:SEND_MESSAGE]"], "predicted_tokens": ["[IN:SEND_MESSAGE", "[SL:RECIPIENT", "@ptr3", "SL:RECIPIENT]", "[SL:CONTENT_EXACT", "@ptr8", "@ptr9", "@ptr10", "@ptr11", "@ptr12", "@ptr13", "@ptr14", "@ptr16", "@ptr17", "@ptr18", "@ptr19", "@ptr20", "@ptr22", "SL:CONTENT_EXACT]", "IN:SEND_MESSAGE]"]}
{"loss": 2.6773431301116943, "class_log_probabilities": [-6.467040061950684, -6.860357761383057, -7.782920837402344, -9.153794288635254], "predictions": [23, 10, 70, 93, 398, 94, 71, 399, 400, 72, 73, 11, 24, 405, 406, 407, 408, 409, 411, 412, 414, 25, 26, 4, 4, 4], "target_tokens": ["[IN:SEND_MESSAGE", "[SL:RECIPIENT", "[IN:GET_CONTACT", "[SL:CONTACT_RELATED", "@ptr5", "SL:CONTACT_RELATED]", "[SL:TYPE_RELATION", "@ptr3", "@ptr4", "SL:TYPE_RELATION]", "IN:GET_CONTACT]", "SL:RECIPIENT]", "[SL:CONTENT_EXACT", "@ptr9", "@ptr10", "@ptr11", "@ptr12", "@ptr13", "@ptr14", "@ptr15", "@ptr16", "@ptr17", "@ptr18", "SL:CONTENT_EXACT]", "IN:SEND_MESSAGE]"], "predicted_tokens": ["[IN:SEND_MESSAGE", "[SL:RECIPIENT", "[IN:GET_CONTACT", "[SL:CONTACT_RELATED", "@ptr3", "SL:CONTACT_RELATED]", "[SL:TYPE_RELATION", "@ptr4", "@ptr5", "SL:TYPE_RELATION]", "IN:GET_CONTACT]", "SL:RECIPIENT]", "[SL:CONTENT_EXACT", "@ptr10", "@ptr11", "@ptr12", "@ptr13", "@ptr14", "@ptr16", "@ptr17", "@ptr19", "SL:CONTENT_EXACT]", "IN:SEND_MESSAGE]"]}
{"loss": 2.753735065460205, "class_log_probabilities": [-3.7929847240448, -4.501089572906494, -7.09247350692749, -9.994329452514648], "predictions": [23, 10, 397, 398, 399, 400, 401, 402, 403, 404, 405, 11, 26, 4, 4, 4, 4, 4, 4, 4, 4, 4], "target_tokens": ["[IN:SEND_MESSAGE", "[SL:RECIPIENT", "[IN:GET_CONTACT", "[SL:TYPE_RELATION", "@ptr5", "@ptr6", "@ptr7", "SL:TYPE_RELATION]", "[SL:CONTACT", "@ptr1", "@ptr2", "SL:CONTACT]", "IN:GET_CONTACT]", "SL:RECIPIENT]", "[SL:CONTENT_EXACT", "@ptr9", "@ptr10", "@ptr11", "@ptr12", "@ptr13", "@ptr14", "@ptr15", "@ptr16", "@ptr17", "@ptr18", "@ptr19", "SL:CONTENT_EXACT]", "IN:SEND_MESSAGE]"], "predicted_tokens": ["[IN:SEND_MESSAGE", "[SL:RECIPIENT", "@ptr2", "@ptr3", "@ptr4", "@ptr5", "@ptr6", "@ptr7", "@ptr8", "@ptr9", "@ptr10", "SL:RECIPIENT]", "IN:SEND_MESSAGE]"]}
{"loss": 1.2500523328781128, "class_log_probabilities": [-6.55141544342041, -6.677288055419922, -7.131746768951416, -7.771817684173584], "predictions": [23, 10, 398, 399, 11, 24, 401, 402, 403, 404, 405, 406, 407, 408, 409, 411, 413, 414, 415, 416, 417, 25, 26, 4, 4], "target_tokens": ["[IN:SEND_MESSAGE", "[SL:RECIPIENT", "@ptr3", "@ptr4", "SL:RECIPIENT]", "[SL:CONTENT_EXACT", "@ptr6", "@ptr7", "@ptr8", "@ptr9", "@ptr10", "@ptr11", "@ptr12", "@ptr13", "@ptr14", "@ptr15", "@ptr16", "@ptr17", "@ptr18", "@ptr19", "@ptr20", "@ptr21", "@ptr22", "SL:CONTENT_EXACT]", "IN:SEND_MESSAGE]"], "predicted_tokens": ["[IN:SEND_MESSAGE", "[SL:RECIPIENT", "@ptr3", "@ptr4", "SL:RECIPIENT]", "[SL:CONTENT_EXACT", "@ptr6", "@ptr7", "@ptr8", "@ptr9", "@ptr10", "@ptr11", "@ptr12", "@ptr13", "@ptr14", "@ptr16", "@ptr18", "@ptr19", "@ptr20", "@ptr21", "@ptr22", "SL:CONTENT_EXACT]", "IN:SEND_MESSAGE]"]}
{"loss": 1.5210660696029663, "class_log_probabilities": [-1.6910096406936646, -4.793558120727539, -5.621275424957275, -5.622823238372803], "predictions": [23, 10, 70, 71, 397, 72, 73, 11, 24, 400, 401, 402, 403, 404, 405, 406, 25, 26, 4], "target_tokens": ["[IN:SEND_MESSAGE", "[SL:RECIPIENT", "[IN:GET_CONTACT", "[SL:CONTACT_RELATED", "@ptr2", "@ptr3", "SL:CONTACT_RELATED]", "[SL:TYPE_RELATION", "@ptr1", "SL:TYPE_RELATION]", "IN:GET_CONTACT]", "SL:RECIPIENT]", "[SL:CONTENT_EXACT", "@ptr5", "@ptr6", "@ptr7", "@ptr8", "@ptr9", "@ptr10", "@ptr11", "SL:CONTENT_EXACT]", "IN:SEND_MESSAGE]"], "predicted_tokens": ["[IN:SEND_MESSAGE", "[SL:RECIPIENT", "[IN:GET_CONTACT", "[SL:TYPE_RELATION", "@ptr2", "SL:TYPE_RELATION]", "IN:GET_CONTACT]", "SL:RECIPIENT]", "[SL:CONTENT_EXACT", "@ptr5", "@ptr6", "@ptr7", "@ptr8", "@ptr9", "@ptr10", "@ptr11", "SL:CONTENT_EXACT]", "IN:SEND_MESSAGE]"]}
{"loss": 2.489863634109497, "class_log_probabilities": [-3.806790828704834, -6.784031391143799, -7.21226167678833, -7.571774959564209], "predictions": [247, 212, 4, 4, 4, 4, 4, 4, 4, 4, 4, 4], "target_tokens": ["[IN:SEND_MESSAGE", "[SL:RECIPIENT", "@ptr2", "SL:RECIPIENT]", "[SL:CONTENT_EXACT", "@ptr3", "@ptr4", "@ptr5", "@ptr6", "@ptr7", "@ptr8", "SL:CONTENT_EXACT]", "IN:SEND_MESSAGE]"], "predicted_tokens": ["[IN:SET_RSVP_INTERESTED", "IN:GET_LOCATION]"]}
{"loss": 1.4876172542572021, "class_log_probabilities": [-5.21908712387085, -5.965054988861084, -6.10314416885376, -6.566314697265625], "predictions": [23, 10, 398, 11, 24, 401, 402, 403, 404, 405, 406, 407, 408, 410, 25, 26, 4, 4], "target_tokens": ["[IN:SEND_MESSAGE", "[SL:RECIPIENT", "@ptr3", "SL:RECIPIENT]", "[SL:CONTENT_EXACT", "@ptr6", "@ptr7", "@ptr8", "@ptr9", "@ptr10", "@ptr11", "@ptr12", "SL:CONTENT_EXACT]", "IN:SEND_MESSAGE]"], "predicted_tokens": ["[IN:SEND_MESSAGE", "[SL:RECIPIENT", "@ptr3", "SL:RECIPIENT]", "[SL:CONTENT_EXACT", "@ptr6", "@ptr7", "@ptr8", "@ptr9", "@ptr10", "@ptr11", "@ptr12", "@ptr13", "@ptr15", "SL:CONTENT_EXACT]", "IN:SEND_MESSAGE]"]}
{"loss": 1.4693859815597534, "class_log_probabilities": [-6.919437885284424, -7.937005043029785, -14.06137466430664, -15.733290672302246], "predictions": [23, 10, 398, 11, 24, 401, 402, 403, 404, 405, 406, 407, 408, 409, 411, 412, 25, 26, 4, 4, 4, 4, 4, 4, 4, 4], "target_tokens": ["[IN:SEND_MESSAGE", "[SL:RECIPIENT", "@ptr2", "SL:RECIPIENT]", "[SL:CONTENT_EXACT", "@ptr5", "@ptr6", "@ptr7", "@ptr8", "@ptr9", "@ptr10", "@ptr11", "@ptr12", "@ptr13", "@ptr14", "@ptr15", "@ptr16", "@ptr17", "SL:CONTENT_EXACT]", "IN:SEND_MESSAGE]"], "predicted_tokens": ["[IN:SEND_MESSAGE", "[SL:RECIPIENT", "@ptr3", "SL:RECIPIENT]", "[SL:CONTENT_EXACT", "@ptr6", "@ptr7", "@ptr8", "@ptr9", "@ptr10", "@ptr11", "@ptr12", "@ptr13", "@ptr14", "@ptr16", "@ptr17", "SL:CONTENT_EXACT]", "IN:SEND_MESSAGE]"]}
{"loss": 1.7720097303390503, "class_log_probabilities": [-3.7305922508239746, -4.512607097625732, -4.557949066162109, -5.545212268829346], "predictions": [23, 10, 396, 397, 398, 399, 11, 24, 401, 402, 403, 404, 405, 406, 407, 408, 409, 410, 25, 26, 4, 4], "target_tokens": ["[IN:SEND_MESSAGE", "[SL:RECIPIENT", "@ptr1", "@ptr2", "@ptr3", "SL:RECIPIENT]", "[SL:CONTENT_EXACT", "@ptr5", "@ptr6", "@ptr7", "@ptr8", "@ptr9", "@ptr10", "@ptr11", "@ptr12", "SL:CONTENT_EXACT]", "IN:SEND_MESSAGE]"], "predicted_tokens": ["[IN:SEND_MESSAGE", "[SL:RECIPIENT", "@ptr1", "@ptr2", "@ptr3", "@ptr4", "SL:RECIPIENT]", "[SL:CONTENT_EXACT", "@ptr6", "@ptr7", "@ptr8", "@ptr9", "@ptr10", "@ptr11", "@ptr12", "@ptr13", "@ptr14", "@ptr15", "SL:CONTENT_EXACT]", "IN:SEND_MESSAGE]"]}
{"loss": 1.1726725101470947, "class_log_probabilities": [-3.8883979320526123, -4.006250858306885, -5.32535982131958, -7.237156391143799], "predictions": [23, 10, 398, 399, 11, 24, 404, 405, 406, 407, 408, 409, 410, 25, 26, 4, 4, 4, 4, 4, 4], "target_tokens": ["[IN:SEND_MESSAGE", "[SL:RECIPIENT", "@ptr3", "@ptr4", "SL:RECIPIENT]", "[SL:CONTENT_EXACT", "@ptr9", "@ptr10", "@ptr11", "@ptr12", "@ptr13", "@ptr14", "@ptr15", "SL:CONTENT_EXACT]", "IN:SEND_MESSAGE]"], "predicted_tokens": ["[IN:SEND_MESSAGE", "[SL:RECIPIENT", "@ptr3", "@ptr4", "SL:RECIPIENT]", "[SL:CONTENT_EXACT", "@ptr9", "@ptr10", "@ptr11", "@ptr12", "@ptr13", "@ptr14", "@ptr15", "SL:CONTENT_EXACT]", "IN:SEND_MESSAGE]"]}
{"loss": 1.2502163648605347, "class_log_probabilities": [-1.8849307298660278, -3.9995031356811523, -5.298142910003662, -5.7196760177612305], "predictions": [23, 10, 70, 71, 396, 72, 73, 11, 24, 398, 399, 400, 401, 402, 403, 404, 405, 25, 26, 4, 4, 4, 4], "target_tokens": ["[IN:SEND_MESSAGE", "[SL:RECIPIENT", "[IN:GET_CONTACT", "[SL:TYPE_RELATION", "@ptr1", "SL:TYPE_RELATION]", "IN:GET_CONTACT]", "SL:RECIPIENT]", "[SL:CONTENT_EXACT", "@ptr3", "@ptr4", "@ptr5", "@ptr6", "@ptr7", "@ptr8", "@ptr9", "SL:CONTENT_EXACT]", "IN:SEND_MESSAGE]"], "predicted_tokens": ["[IN:SEND_MESSAGE", "[SL:RECIPIENT", "[IN:GET_CONTACT", "[SL:TYPE_RELATION", "@ptr1", "SL:TYPE_RELATION]", "IN:GET_CONTACT]", "SL:RECIPIENT]", "[SL:CONTENT_EXACT", "@ptr3", "@ptr4", "@ptr5", "@ptr6", "@ptr7", "@ptr8", "@ptr9", "@ptr10", "SL:CONTENT_EXACT]", "IN:SEND_MESSAGE]"]}
{"loss": 1.8738354444503784, "class_log_probabilities": [-3.5870018005371094, -4.254709243774414, -5.291000843048096, -5.491725444793701], "predictions": [5, 10, 398, 11, 16, 399, 400, 401, 402, 17, 12, 4], "target_tokens": ["[IN:GET_MESSAGE", "[SL:SENDER", "@ptr3", "SL:SENDER]", "[SL:DATE_TIME", "@ptr4", "@ptr5", "@ptr6", "SL:DATE_TIME]", "IN:GET_MESSAGE]"], "predicted_tokens": ["[IN:GET_MESSAGE", "[SL:RECIPIENT", "@ptr3", "SL:RECIPIENT]", "[SL:DATE_TIME", "@ptr4", "@ptr5", "@ptr6", "@ptr7", "SL:DATE_TIME]", "IN:GET_MESSAGE]"]}
{"loss": 1.3089340925216675, "class_log_probabilities": [-3.1227574348449707, -3.3184597492218018, -3.9707884788513184, -4.030425071716309], "predictions": [23, 24, 399, 400, 401, 402, 403, 404, 405, 406, 407, 408, 11, 26, 4, 4, 4, 4], "target_tokens": ["[IN:SEND_MESSAGE", "[SL:CONTENT_EXACT", "@ptr4", "@ptr5", "@ptr6", "@ptr7", "@ptr8", "@ptr9", "@ptr10", "@ptr11", "@ptr12", "@ptr13", "SL:CONTENT_EXACT]", "[SL:RECIPIENT", "@ptr16", "SL:RECIPIENT]", "IN:SEND_MESSAGE]"], "predicted_tokens": ["[IN:SEND_MESSAGE", "[SL:CONTENT_EXACT", "@ptr4", "@ptr5", "@ptr6", "@ptr7", "@ptr8", "@ptr9", "@ptr10", "@ptr11", "@ptr12", "@ptr13", "SL:RECIPIENT]", "IN:SEND_MESSAGE]"]}
{"loss": 1.9514662027359009, "class_log_probabilities": [-2.1822586059570312, -2.218412399291992, -3.922574758529663, -4.034334659576416], "predictions": [23, 10, 70, 93, 398, 94, 71, 399, 72, 73, 11, 24, 405, 406, 407, 408, 25, 26, 4], "target_tokens": ["[IN:SEND_MESSAGE", "[SL:RECIPIENT", "[IN:GET_CONTACT", "[SL:CONTACT_RELATED", "@ptr4", "@ptr5", "SL:CONTACT_RELATED]", "[SL:TYPE_RELATION", "@ptr3", "SL:TYPE_RELATION]", "IN:GET_CONTACT]", "SL:RECIPIENT]", "[SL:CONTENT_EXACT", "@ptr10", "@ptr11", "SL:CONTENT_EXACT]", "IN:SEND_MESSAGE]"], "predicted_tokens": ["[IN:SEND_MESSAGE", "[SL:RECIPIENT", "[IN:GET_CONTACT", "[SL:CONTACT_RELATED", "@ptr3", "SL:CONTACT_RELATED]", "[SL:TYPE_RELATION", "@ptr4", "SL:TYPE_RELATION]", "IN:GET_CONTACT]", "SL:RECIPIENT]", "[SL:CONTENT_EXACT", "@ptr10", "@ptr11", "@ptr12", "@ptr13", "SL:CONTENT_EXACT]", "IN:SEND_MESSAGE]"]}
{"loss": 2.109827995300293, "class_log_probabilities": [-0.8534699082374573, -3.6406328678131104, -3.6720826625823975, -4.1259965896606445], "predictions": [23, 10, 70, 71, 399, 72, 73, 11, 26, 4, 4, 4, 4], "target_tokens": ["[IN:SEND_MESSAGE", "[SL:RECIPIENT", "[IN:GET_CONTACT", "[SL:CONTACT_RELATED", "@ptr4", "@ptr5", "SL:CONTACT_RELATED]", "[SL:TYPE_RELATION", "@ptr3", "SL:TYPE_RELATION]", "IN:GET_CONTACT]", "SL:RECIPIENT]", "IN:SEND_MESSAGE]"], "predicted_tokens": ["[IN:SEND_MESSAGE", "[SL:RECIPIENT", "[IN:GET_CONTACT", "[SL:TYPE_RELATION", "@ptr4", "SL:TYPE_RELATION]", "IN:GET_CONTACT]", "SL:RECIPIENT]", "IN:SEND_MESSAGE]"]}
{"loss": 1.9193910360336304, "class_log_probabilities": [-4.556437015533447, -4.827574729919434, -5.566411972045898, -5.959029197692871], "predictions": [23, 10, 397, 398, 11, 24, 400, 401, 402, 403, 404, 405, 406, 407, 408, 410, 25, 26, 4, 4], "target_tokens": ["[IN:SEND_MESSAGE", "[SL:RECIPIENT", "@ptr1", "@ptr2", "SL:RECIPIENT]", "[SL:CONTENT_EXACT", "@ptr5", "@ptr6", "@ptr7", "@ptr8", "@ptr9", "@ptr10", "@ptr11", "@ptr12", "@ptr13", "@ptr14", "SL:CONTENT_EXACT]", "IN:SEND_MESSAGE]"], "predicted_tokens": ["[IN:SEND_MESSAGE", "[SL:RECIPIENT", "@ptr2", "@ptr3", "SL:RECIPIENT]", "[SL:CONTENT_EXACT", "@ptr5", "@ptr6", "@ptr7", "@ptr8", "@ptr9", "@ptr10", "@ptr11", "@ptr12", "@ptr13", "@ptr15", "SL:CONTENT_EXACT]", "IN:SEND_MESSAGE]"]}
{"loss": 1.9071269035339355, "class_log_probabilities": [-2.7773642539978027, -3.0907702445983887, -3.9865918159484863, -4.157338619232178], "predictions": [23, 10, 398, 11, 24, 403, 404, 405, 406, 407, 408, 25, 26, 4, 4], "target_tokens": ["[IN:SEND_MESSAGE", "[SL:RECIPIENT", "@ptr3", "@ptr4", "SL:RECIPIENT]", "[SL:CONTENT_EXACT", "@ptr7", "@ptr8", "@ptr9", "@ptr10", "@ptr11", "@ptr12", "SL:CONTENT_EXACT]", "IN:SEND_MESSAGE]"], "predicted_tokens": ["[IN:SEND_MESSAGE", "[SL:RECIPIENT", "@ptr3", "SL:RECIPIENT]", "[SL:CONTENT_EXACT", "@ptr8", "@ptr9", "@ptr10", "@ptr11", "@ptr12", "@ptr13", "SL:CONTENT_EXACT]", "IN:SEND_MESSAGE]"]}
{"loss": 2.004150629043579, "class_log_probabilities": [-96.36579895019531, -97.1189956665039, -97.11901092529297, -97.12847137451172], "predictions": [23, 10, 399, 400, 11, 10, 401, 402, 401, 402, 401, 402, 401, 402, 401, 402, 401, 402, 401, 402, 401, 402, 401, 402, 401, 402, 401, 402, 401, 402, 401, 402, 401, 402, 401, 402, 401, 402, 401, 402, 401, 402, 401, 402, 401, 402, 401, 402, 401, 402, 401, 402, 401, 402, 401, 402, 401, 402, 401, 402, 401, 402, 401, 402, 401, 402, 401, 402, 401, 402, 401, 402, 401, 402, 401, 402, 401, 402, 401, 402, 401, 402, 401, 402, 401, 402, 401, 402, 401, 402, 401, 402, 401, 402, 401, 402, 401, 402, 401, 402], "target_tokens": ["[IN:SEND_MESSAGE", "[SL:RECIPIENT", "@ptr4", "@ptr5", "@ptr6", "SL:RECIPIENT]", "[SL:CONTENT_EXACT", "@ptr10", "@ptr11", "@ptr12", "@ptr13", "@ptr14", "SL:CONTENT_EXACT]", "IN:SEND_MESSAGE]"], "predicted_tokens": ["[IN:SEND_MESSAGE", "[SL:RECIPIENT", "@ptr4", "@ptr5", "SL:RECIPIENT]", "[SL:RECIPIENT", "@ptr6", "@ptr7", "@ptr6", "@ptr7", "@ptr6", "@ptr7", "@ptr6", "@ptr7", "@ptr6", "@ptr7", "@ptr6", "@ptr7", "@ptr6", "@ptr7", "@ptr6", "@ptr7", "@ptr6", "@ptr7", "@ptr6", "@ptr7", "@ptr6", "@ptr7", "@ptr6", "@ptr7", "@ptr6", "@ptr7", "@ptr6", "@ptr7", "@ptr6", "@ptr7", "@ptr6", "@ptr7", "@ptr6", "@ptr7", "@ptr6", "@ptr7", "@ptr6", "@ptr7", "@ptr6", "@ptr7", "@ptr6", "@ptr7", "@ptr6", "@ptr7", "@ptr6", "@ptr7", "@ptr6", "@ptr7", "@ptr6", "@ptr7", "@ptr6", "@ptr7", "@ptr6", "@ptr7", "@ptr6", "@ptr7", "@ptr6", "@ptr7", "@ptr6", "@ptr7", "@ptr6", "@ptr7", "@ptr6", "@ptr7", "@ptr6", "@ptr7", "@ptr6", "@ptr7", "@ptr6", "@ptr7", "@ptr6", "@ptr7", "@ptr6", "@ptr7", "@ptr6", "@ptr7", "@ptr6", "@ptr7", "@ptr6", "@ptr7", "@ptr6", "@ptr7", "@ptr6", "@ptr7", "@ptr6", "@ptr7", "@ptr6", "@ptr7", "@ptr6", "@ptr7", "@ptr6", "@ptr7", "@ptr6", "@ptr7"]}
{"loss": 1.9084604978561401, "class_log_probabilities": [-5.647834777832031, -5.784817218780518, -6.543946743011475, -9.765191078186035], "predictions": [23, 24, 399, 400, 401, 402, 403, 404, 405, 406, 25, 10, 11, 26, 4, 4, 4, 4, 4, 4, 4, 4], "target_tokens": ["[IN:SEND_MESSAGE", "[SL:RECIPIENT", "@ptr4", "SL:RECIPIENT]", "[SL:CONTENT_EXACT", "@ptr6", "@ptr7", "@ptr8", "@ptr9", "@ptr10", "@ptr11", "@ptr12", "SL:CONTENT_EXACT]", "IN:SEND_MESSAGE]"], "predicted_tokens": ["[IN:SEND_MESSAGE", "[SL:CONTENT_EXACT", "@ptr4", "@ptr5", "@ptr6", "@ptr7", "@ptr8", "@ptr9", "@ptr10", "@ptr11", "SL:CONTENT_EXACT]", "[SL:RECIPIENT", "SL:RECIPIENT]", "IN:SEND_MESSAGE]"]}
{"loss": 2.2933127880096436, "class_log_probabilities": [-0.592315137386322, -5.2406721115112305, -5.558516025543213, -6.636061191558838], "predictions": [39, 40, 396, 41, 133, 398, 134, 42, 4], "target_tokens": ["[IN:GET_STORIES_NEWS", "[SL:NEWS_SOURCE", "@ptr3", "SL:NEWS_SOURCE]", "IN:GET_STORIES_NEWS]"], "predicted_tokens": ["[IN:GET_STORIES_NEWS", "[SL:NEWS_TYPE", "@ptr1", "SL:NEWS_TYPE]", "[SL:NEWS_SOURCE", "@ptr3", "SL:NEWS_SOURCE]", "IN:GET_STORIES_NEWS]"]}
{"loss": 2.6539952754974365, "class_log_probabilities": [-6.478410720825195, -7.375121593475342, -7.535459041595459, -12.654901504516602], "predictions": [49, 36, 143, 14, 399, 400, 401, 402, 403, 404, 405, 15, 16, 413, 17, 50, 4, 4, 4, 4, 4, 4, 4, 4, 4, 4, 4], "target_tokens": ["[IN:CREATE_REMINDER", "[SL:PERSON_REMINDED", "@ptr4", "SL:PERSON_REMINDED]", "[SL:TODO", "@ptr5", "@ptr6", "@ptr7", "@ptr8", "@ptr9", "@ptr10", "@ptr11", "@ptr12", "@ptr13", "@ptr14", "SL:TODO]", "[SL:DATE_TIME", "@ptr15", "@ptr16", "@ptr17", "SL:DATE_TIME]", "IN:CREATE_REMINDER]"], "predicted_tokens": ["[IN:CREATE_REMINDER", "[SL:TODO", "[IN:GET_TODO", "[SL:LOCATION", "@ptr4", "@ptr5", "@ptr6", "@ptr7", "@ptr8", "@ptr9", "@ptr10", "SL:LOCATION]", "[SL:DATE_TIME", "@ptr18", "SL:DATE_TIME]", "IN:CREATE_REMINDER]"]}
{"loss": 1.8962829113006592, "class_log_probabilities": [-4.5736565589904785, -5.473037242889404, -7.397270679473877, -7.98883581161499], "predictions": [27, 28, 397, 398, 399, 400, 29, 113, 402, 403, 404, 114, 30, 4, 4, 4, 4, 4], "target_tokens": ["[IN:CREATE_REMINDER", "[SL:PERSON_REMINDED", "@ptr1", "SL:PERSON_REMINDED]", "[SL:DATE_TIME", "@ptr2", "@ptr3", "@ptr4", "SL:DATE_TIME]", "[SL:TODO", "@ptr6", "@ptr7", "@ptr8", "@ptr9", "@ptr10", "@ptr11", "@ptr12", "SL:TODO]", "IN:CREATE_REMINDER]"], "predicted_tokens": ["[IN:GET_INFO_RECIPES", "[SL:RECIPES_ATTRIBUTE", "@ptr2", "@ptr3", "@ptr4", "@ptr5", "SL:RECIPES_ATTRIBUTE]", "[SL:RECIPES_COOKING_METHOD", "@ptr7", "@ptr8", "@ptr9", "SL:RECIPES_COOKING_METHOD]", "IN:GET_INFO_RECIPES]"]}
{"loss": 1.6688369512557983, "class_log_probabilities": [-1.6142390966415405, -3.3216919898986816, -4.17764139175415, -5.1983819007873535], "predictions": [49, 36, 75, 6, 397, 7, 78, 37, 16, 402, 403, 17, 50, 4, 4, 4, 4], "target_tokens": ["[IN:CREATE_REMINDER", "[SL:PERSON_REMINDED", "@ptr2", "SL:PERSON_REMINDED]", "[SL:TODO", "[IN:CREATE_CALL", "[SL:CONTACT", "@ptr5", "SL:CONTACT]", "IN:CREATE_CALL]", "SL:TODO]", "[SL:DATE_TIME", "@ptr6", "@ptr7", "SL:DATE_TIME]", "IN:CREATE_REMINDER]"], "predicted_tokens": ["[IN:CREATE_REMINDER", "[SL:TODO", "[IN:CREATE_CALL", "[SL:CONTACT", "@ptr2", "SL:CONTACT]", "IN:CREATE_CALL]", "SL:TODO]", "[SL:DATE_TIME", "@ptr7", "@ptr8", "SL:DATE_TIME]", "IN:CREATE_REMINDER]"]}
{"loss": 2.298938751220703, "class_log_probabilities": [-6.439511299133301, -7.268666744232178, -8.191390991210938, -67.59358215332031], "predictions": [49, 36, 398, 399, 400, 401, 402, 37, 16, 404, 405, 406, 407, 408, 410, 17, 50, 4, 4, 4, 4, 4, 4, 4, 4, 4, 4, 4, 4, 4, 4, 4, 4, 4, 4, 4, 4, 4, 4, 4, 4, 4, 4, 4, 4, 4, 4, 4, 4, 4, 4, 4, 4, 4, 4, 4, 4, 4, 4, 4, 4, 4, 4, 4, 4, 4, 4, 4, 4, 4, 4, 4, 4, 4, 4, 4, 4, 4, 4, 4, 4, 4, 4, 4, 4, 4, 4, 4, 4, 4, 4, 4, 4, 4, 4, 4, 4, 4, 4, 4], "target_tokens": ["[IN:CREATE_REMINDER", "[SL:PERSON_REMINDED", "@ptr2", "SL:PERSON_REMINDED]", "[SL:TODO", "@ptr3", "@ptr4", "@ptr5", "@ptr6", "SL:TODO]", "[SL:DATE_TIME", "@ptr7", "@ptr8", "@ptr9", "@ptr10", "@ptr11", "@ptr12", "@ptr13", "@ptr14", "@ptr15", "SL:DATE_TIME]", "IN:CREATE_REMINDER]"], "predicted_tokens": ["[IN:CREATE_REMINDER", "[SL:TODO", "@ptr3", "@ptr4", "@ptr5", "@ptr6", "@ptr7", "SL:TODO]", "[SL:DATE_TIME", "@ptr9", "@ptr10", "@ptr11", "@ptr12", "@ptr13", "@ptr15", "SL:DATE_TIME]", "IN:CREATE_REMINDER]"]}
{"loss": 3.652021646499634, "class_log_probabilities": [-4.715216159820557, -5.955035209655762, -5.961865425109863, -6.057718276977539], "predictions": [47, 34, 403, 35, 120, 403, 121, 48, 4, 4, 4, 4, 4], "target_tokens": ["[IN:GET_REMINDER", "[SL:METHOD_RETRIEVAL_REMINDER", "@ptr1", "SL:METHOD_RETRIEVAL_REMINDER]", "[SL:AMOUNT", "@ptr6", "SL:AMOUNT]", "[SL:PERSON_REMINDED", "@ptr7", "@ptr8", "SL:PERSON_REMINDED]", "IN:GET_REMINDER]"], "predicted_tokens": ["[IN:GET_REMINDER", "[SL:PERSON_REMINDED", "@ptr8", "SL:PERSON_REMINDED]", "[SL:AMOUNT", "@ptr8", "SL:AMOUNT]", "IN:GET_REMINDER]"]}
{"loss": 1.1659364700317383, "class_log_probabilities": [-2.9431910514831543, -3.0171988010406494, -4.6163105964660645, -4.924205303192139], "predictions": [49, 36, 397, 398, 399, 37, 16, 400, 401, 402, 403, 404, 17, 50, 4, 4, 4], "target_tokens": ["[IN:CREATE_REMINDER", "[SL:PERSON_REMINDED", "@ptr2", "SL:PERSON_REMINDED]", "[SL:TODO", "@ptr3", "@ptr4", "SL:TODO]", "[SL:DATE_TIME", "@ptr5", "@ptr6", "@ptr7", "@ptr8", "SL:DATE_TIME]", "IN:CREATE_REMINDER]"], "predicted_tokens": ["[IN:CREATE_REMINDER", "[SL:TODO", "@ptr2", "@ptr3", "@ptr4", "SL:TODO]", "[SL:DATE_TIME", "@ptr5", "@ptr6", "@ptr7", "@ptr8", "@ptr9", "SL:DATE_TIME]", "IN:CREATE_REMINDER]"]}
{"loss": 2.658991813659668, "class_log_probabilities": [-5.891302585601807, -7.7828545570373535, -7.8018999099731445, -7.856454849243164], "predictions": [49, 36, 143, 36, 397, 398, 399, 400, 401, 402, 403, 37, 16, 404, 405, 17, 50, 4, 4, 4, 4, 4, 4], "target_tokens": ["[IN:CREATE_REMINDER", "[SL:TODO", "@ptr6", "@ptr7", "SL:TODO]", "[SL:DATE_TIME", "@ptr8", "@ptr9", "@ptr10", "@ptr11", "@ptr12", "@ptr13", "@ptr14", "@ptr15", "SL:DATE_TIME]", "IN:CREATE_REMINDER]"], "predicted_tokens": ["[IN:CREATE_REMINDER", "[SL:TODO", "[IN:GET_TODO", "[SL:TODO", "@ptr2", "@ptr3", "@ptr4", "@ptr5", "@ptr6", "@ptr7", "@ptr8", "SL:TODO]", "[SL:DATE_TIME", "@ptr9", "@ptr10", "SL:DATE_TIME]", "IN:CREATE_REMINDER]"]}
{"loss": 2.2533421516418457, "class_log_probabilities": [-2.218442678451538, -2.4585061073303223, -5.5387678146362305, -6.763921737670898], "predictions": [23, 24, 397, 398, 399, 400, 401, 402, 403, 25, 26, 4], "target_tokens": ["[IN:CREATE_REMINDER", "[SL:TODO", "@ptr3", "@ptr4", "@ptr5", "@ptr6", "@ptr7", "SL:TODO]", "IN:CREATE_REMINDER]"], "predicted_tokens": ["[IN:SEND_MESSAGE", "[SL:CONTENT_EXACT", "@ptr2", "@ptr3", "@ptr4", "@ptr5", "@ptr6", "@ptr7", "@ptr8", "SL:CONTENT_EXACT]", "IN:SEND_MESSAGE]"]}
{"loss": 2.6370818614959717, "class_log_probabilities": [-7.443251132965088, -7.891061782836914, -8.421627044677734, -9.457599639892578], "predictions": [49, 36, 143, 36, 397, 398, 399, 400, 401, 402, 403, 404, 405, 406, 37, 16, 408, 411, 17, 50, 4, 4, 4], "target_tokens": ["[IN:CREATE_REMINDER", "[SL:TODO", "@ptr9", "@ptr10", "SL:TODO]", "[SL:DATE_TIME", "@ptr11", "@ptr12", "@ptr13", "@ptr14", "@ptr15", "@ptr16", "SL:DATE_TIME]", "IN:CREATE_REMINDER]"], "predicted_tokens": ["[IN:CREATE_REMINDER", "[SL:TODO", "[IN:GET_TODO", "[SL:TODO", "@ptr2", "@ptr3", "@ptr4", "@ptr5", "@ptr6", "@ptr7", "@ptr8", "@ptr9", "@ptr10", "@ptr11", "SL:TODO]", "[SL:DATE_TIME", "@ptr13", "@ptr16", "SL:DATE_TIME]", "IN:CREATE_REMINDER]"]}
{"loss": 2.99749755859375, "class_log_probabilities": [-2.514206647872925, -2.8884975910186768, -4.916771411895752, -4.963991165161133], "predictions": [33, 120, 401, 121, 34, 402, 35, 38, 4, 4, 4, 4], "target_tokens": ["[IN:DELETE_REMINDER", "[SL:AMOUNT", "@ptr4", "SL:AMOUNT]", "[SL:PERSON_REMINDED", "@ptr5", "@ptr6", "SL:PERSON_REMINDED]", "IN:DELETE_REMINDER]"], "predicted_tokens": ["[IN:DELETE_REMINDER", "[SL:AMOUNT", "@ptr6", "SL:AMOUNT]", "[SL:PERSON_REMINDED", "@ptr7", "SL:PERSON_REMINDED]", "IN:DELETE_REMINDER]"]}
{"loss": 1.287359356880188, "class_log_probabilities": [-4.474282741546631, -4.682694435119629, -4.735814571380615, -6.084812641143799], "predictions": [49, 36, 398, 399, 37, 16, 400, 401, 402, 17, 50, 4, 4, 4, 4, 4], "target_tokens": ["[IN:CREATE_REMINDER", "[SL:PERSON_REMINDED", "@ptr1", "SL:PERSON_REMINDED]", "[SL:TODO", "@ptr3", "@ptr4", "SL:TODO]", "[SL:DATE_TIME", "@ptr5", "@ptr6", "@ptr7", "SL:DATE_TIME]", "IN:CREATE_REMINDER]"], "predicted_tokens": ["[IN:CREATE_REMINDER", "[SL:TODO", "@ptr3", "@ptr4", "SL:TODO]", "[SL:DATE_TIME", "@ptr5", "@ptr6", "@ptr7", "SL:DATE_TIME]", "IN:CREATE_REMINDER]"]}
{"loss": 1.3211506605148315, "class_log_probabilities": [-3.0363516807556152, -3.0559394359588623, -3.8616974353790283, -5.594009876251221], "predictions": [49, 36, 397, 398, 399, 400, 37, 16, 401, 402, 403, 404, 405, 406, 407, 408, 17, 50, 4, 4], "target_tokens": ["[IN:CREATE_REMINDER", "[SL:PERSON_REMINDED", "@ptr2", "SL:PERSON_REMINDED]", "[SL:TODO", "@ptr3", "@ptr4", "@ptr5", "SL:TODO]", "[SL:DATE_TIME", "@ptr6", "@ptr7", "@ptr8", "@ptr9", "@ptr10", "@ptr11", "@ptr12", "@ptr13", "SL:DATE_TIME]", "IN:CREATE_REMINDER]"], "predicted_tokens": ["[IN:CREATE_REMINDER", "[SL:TODO", "@ptr2", "@ptr3", "@ptr4", "@ptr5", "SL:TODO]", "[SL:DATE_TIME", "@ptr6", "@ptr7", "@ptr8", "@ptr9", "@ptr10", "@ptr11", "@ptr12", "@ptr13", "SL:DATE_TIME]", "IN:CREATE_REMINDER]"]}
{"loss": 2.8699188232421875, "class_log_probabilities": [-2.1461117267608643, -3.94814395904541, -3.970531702041626, -4.005105972290039], "predictions": [23, 24, 397, 398, 399, 25, 10, 70, 71, 402, 72, 73, 11, 26, 4, 4, 4, 4], "target_tokens": ["[IN:CREATE_REMINDER", "[SL:PERSON_REMINDED", "@ptr2", "SL:PERSON_REMINDED]", "[SL:TODO", "@ptr3", "@ptr4", "@ptr5", "@ptr6", "SL:TODO]", "IN:CREATE_REMINDER]"], "predicted_tokens": ["[IN:SEND_MESSAGE", "[SL:CONTENT_EXACT", "@ptr2", "@ptr3", "@ptr4", "SL:CONTENT_EXACT]", "[SL:RECIPIENT", "[IN:GET_CONTACT", "[SL:TYPE_RELATION", "@ptr7", "SL:TYPE_RELATION]", "IN:GET_CONTACT]", "SL:RECIPIENT]", "IN:SEND_MESSAGE]"]}
{"loss": 2.101640224456787, "class_log_probabilities": [-4.396636962890625, -6.003232479095459, -6.826947212219238, -7.482626438140869], "predictions": [23, 10, 401, 402, 403, 404, 405, 406, 11, 26, 4], "target_tokens": ["[IN:CREATE_REMINDER", "[SL:TODO", "@ptr5", "@ptr6", "@ptr7", "@ptr8", "@ptr9", "@ptr10", "SL:TODO]", "IN:CREATE_REMINDER]"], "predicted_tokens": ["[IN:SEND_MESSAGE", "[SL:RECIPIENT", "@ptr6", "@ptr7", "@ptr8", "@ptr9", "@ptr10", "@ptr11", "SL:RECIPIENT]", "IN:SEND_MESSAGE]"]}
{"loss": 2.0307559967041016, "class_log_probabilities": [-5.622213840484619, -6.032226085662842, -6.476336479187012, -6.88087272644043], "predictions": [49, 36, 143, 36, 398, 399, 400, 401, 402, 403, 37, 34, 404, 35, 16, 406, 407, 17, 50, 4, 4, 4, 4], "target_tokens": ["[IN:CREATE_REMINDER", "[SL:PERSON_REMINDED", "@ptr1", "SL:PERSON_REMINDED]", "[SL:TODO", "@ptr4", "@ptr5", "@ptr6", "@ptr7", "@ptr8", "SL:TODO]", "[SL:DATE_TIME", "@ptr9", "@ptr10", "@ptr11", "SL:DATE_TIME]", "IN:CREATE_REMINDER]"], "predicted_tokens": ["[IN:CREATE_REMINDER", "[SL:TODO", "[IN:GET_TODO", "[SL:TODO", "@ptr3", "@ptr4", "@ptr5", "@ptr6", "@ptr7", "@ptr8", "SL:TODO]", "[SL:PERSON_REMINDED", "@ptr9", "SL:PERSON_REMINDED]", "[SL:DATE_TIME", "@ptr11", "@ptr12", "SL:DATE_TIME]", "IN:CREATE_REMINDER]"]}
{"loss": 3.9061384201049805, "class_log_probabilities": [-1.5000250339508057, -2.754671335220337, -3.037071704864502, -4.412933826446533], "predictions": [33, 16, 402, 403, 17, 120, 405, 121, 38, 4, 4], "target_tokens": ["[IN:DELETE_REMINDER", "[SL:AMOUNT", "@ptr8", "SL:AMOUNT]", "[SL:DATE_TIME", "@ptr5", "@ptr6", "@ptr7", "SL:DATE_TIME]", "IN:DELETE_REMINDER]"], "predicted_tokens": ["[IN:DELETE_REMINDER", "[SL:DATE_TIME", "@ptr7", "@ptr8", "SL:DATE_TIME]", "[SL:AMOUNT", "@ptr10", "SL:AMOUNT]", "IN:DELETE_REMINDER]"]}
{"loss": 1.355816125869751, "class_log_probabilities": [-4.050713062286377, -4.1704487800598145, -4.364694118499756, -4.975527286529541], "predictions": [49, 36, 397, 398, 399, 37, 16, 401, 402, 403, 404, 405, 17, 50, 4], "target_tokens": ["[IN:CREATE_REMINDER", "[SL:PERSON_REMINDED", "@ptr1", "SL:PERSON_REMINDED]", "[SL:TODO", "@ptr3", "@ptr4", "SL:TODO]", "[SL:DATE_TIME", "@ptr5", "@ptr6", "@ptr7", "@ptr8", "@ptr9", "@ptr10", "SL:DATE_TIME]", "IN:CREATE_REMINDER]"], "predicted_tokens": ["[IN:CREATE_REMINDER", "[SL:TODO", "@ptr2", "@ptr3", "@ptr4", "SL:TODO]", "[SL:DATE_TIME", "@ptr6", "@ptr7", "@ptr8", "@ptr9", "@ptr10", "SL:DATE_TIME]", "IN:CREATE_REMINDER]"]}
{"loss": 1.736396074295044, "class_log_probabilities": [-1.9856451749801636, -3.757110834121704, -4.511538505554199, -5.097937107086182], "predictions": [49, 36, 397, 398, 399, 37, 50, 4], "target_tokens": ["[IN:CREATE_REMINDER", "[SL:PERSON_REMINDED", "@ptr2", "SL:PERSON_REMINDED]", "[SL:TODO", "@ptr3", "@ptr4", "SL:TODO]", "IN:CREATE_REMINDER]"], "predicted_tokens": ["[IN:CREATE_REMINDER", "[SL:TODO", "@ptr2", "@ptr3", "@ptr4", "SL:TODO]", "IN:CREATE_REMINDER]"]}
{"loss": 3.0001044273376465, "class_log_probabilities": [-1.1675934791564941, -1.7014288902282715, -5.508727550506592, -8.293889045715332], "predictions": [33, 36, 400, 401, 402, 403, 404, 37, 38, 4, 4, 4, 4, 4], "target_tokens": ["[IN:DELETE_REMINDER", "[SL:PERSON_REMINDED", "@ptr8", "@ptr9", "SL:PERSON_REMINDED]", "[SL:TODO", "@ptr4", "@ptr5", "@ptr6", "@ptr7", "SL:TODO]", "IN:DELETE_REMINDER]"], "predicted_tokens": ["[IN:DELETE_REMINDER", "[SL:TODO", "@ptr5", "@ptr6", "@ptr7", "@ptr8", "@ptr9", "SL:TODO]", "IN:DELETE_REMINDER]"]}
{"loss": 2.298491954803467, "class_log_probabilities": [-4.9304609298706055, -5.287757873535156, -5.733492374420166, -5.836575031280518], "predictions": [49, 36, 143, 36, 397, 398, 399, 400, 401, 37, 34, 403, 35, 16, 404, 406, 407, 17, 50, 4], "target_tokens": ["[IN:CREATE_REMINDER", "[SL:PERSON_REMINDED", "@ptr2", "SL:PERSON_REMINDED]", "[SL:TODO", "@ptr3", "@ptr4", "@ptr5", "@ptr6", "@ptr7", "SL:TODO]", "[SL:DATE_TIME", "@ptr8", "@ptr9", "@ptr10", "@ptr11", "SL:DATE_TIME]", "IN:CREATE_REMINDER]"], "predicted_tokens": ["[IN:CREATE_REMINDER", "[SL:TODO", "[IN:GET_TODO", "[SL:TODO", "@ptr2", "@ptr3", "@ptr4", "@ptr5", "@ptr6", "SL:TODO]", "[SL:PERSON_REMINDED", "@ptr8", "SL:PERSON_REMINDED]", "[SL:DATE_TIME", "@ptr9", "@ptr11", "@ptr12", "SL:DATE_TIME]", "IN:CREATE_REMINDER]"]}
{"loss": 3.826176643371582, "class_log_probabilities": [-2.3304028511047363, -2.7054500579833984, -3.3246240615844727, -5.766677379608154], "predictions": [33, 36, 404, 37, 38, 4, 4, 4, 4, 4, 4, 4, 4, 4], "target_tokens": ["[IN:HELP_REMINDER", "IN:HELP_REMINDER]"], "predicted_tokens": ["[IN:DELETE_REMINDER", "[SL:TODO", "@ptr9", "SL:TODO]", "IN:DELETE_REMINDER]"]}
{"loss": 1.750544548034668, "class_log_probabilities": [-8.854520797729492, -10.811054229736328, -43.7596435546875, -44.481693267822266], "predictions": [49, 34, 396, 35, 36, 399, 400, 401, 402, 403, 404, 405, 406, 37, 16, 407, 408, 409, 410, 410, 410, 410, 410, 410, 17, 50, 4, 4, 4, 4, 4, 4, 4, 4, 4, 4, 4, 4, 4, 4, 4, 4, 4, 4, 4, 4, 4, 4, 4, 4, 4, 4, 4, 4, 4, 4, 4, 4, 4, 4, 4, 4, 4, 4, 4, 4, 4, 4, 4, 4, 4, 4, 4, 4, 4, 4, 4, 4, 4, 4, 4, 4, 4, 4, 4, 4, 4, 4, 4, 4, 4, 4, 4, 4, 4, 4, 4, 4, 4, 4], "target_tokens": ["[IN:CREATE_REMINDER", "[SL:PERSON_REMINDED", "@ptr1", "SL:PERSON_REMINDED]", "[SL:TODO", "@ptr4", "@ptr5", "@ptr6", "@ptr7", "@ptr8", "@ptr9", "SL:TODO]", "[SL:DATE_TIME", "@ptr10", "@ptr11", "@ptr12", "SL:DATE_TIME]", "IN:CREATE_REMINDER]"], "predicted_tokens": ["[IN:CREATE_REMINDER", "[SL:PERSON_REMINDED", "@ptr1", "SL:PERSON_REMINDED]", "[SL:TODO", "@ptr4", "@ptr5", "@ptr6", "@ptr7", "@ptr8", "@ptr9", "@ptr10", "@ptr11", "SL:TODO]", "[SL:DATE_TIME", "@ptr12", "@ptr13", "@ptr14", "@ptr15", "@ptr15", "@ptr15", "@ptr15", "@ptr15", "@ptr15", "SL:DATE_TIME]", "IN:CREATE_REMINDER]"]}
{"loss": 2.0691044330596924, "class_log_probabilities": [-3.9193003177642822, -4.380453586578369, -4.4149489402771, -8.070405960083008], "predictions": [23, 10, 397, 398, 399, 400, 11, 26, 4, 4, 4, 4], "target_tokens": ["[IN:CREATE_REMINDER", "[SL:PERSON_REMINDED", "@ptr2", "SL:PERSON_REMINDED]", "[SL:TODO", "@ptr3", "@ptr4", "SL:TODO]", "IN:CREATE_REMINDER]"], "predicted_tokens": ["[IN:SEND_MESSAGE", "[SL:RECIPIENT", "@ptr2", "@ptr3", "@ptr4", "@ptr5", "SL:RECIPIENT]", "IN:SEND_MESSAGE]"]}
{"loss": 2.3161656856536865, "class_log_probabilities": [-3.696500301361084, -4.8781352043151855, -5.42478609085083, -6.497128486633301], "predictions": [33, 36, 402, 403, 404, 405, 406, 407, 17, 38, 4, 4, 4, 4, 4, 4, 4, 4], "target_tokens": ["[IN:DELETE_REMINDER", "[SL:PERSON_REMINDED", "@ptr4", "@ptr5", "SL:PERSON_REMINDED]", "[SL:TODO", "@ptr7", "@ptr8", "@ptr9", "@ptr10", "@ptr11", "@ptr12", "@ptr13", "SL:TODO]", "[SL:DATE_TIME", "@ptr14", "@ptr15", "@ptr16", "SL:DATE_TIME]", "IN:DELETE_REMINDER]"], "predicted_tokens": ["[IN:DELETE_REMINDER", "[SL:TODO", "@ptr7", "@ptr8", "@ptr9", "@ptr10", "@ptr11", "@ptr12", "SL:DATE_TIME]", "IN:DELETE_REMINDER]"]}
{"loss": 2.884749412536621, "class_log_probabilities": [-4.691689491271973, -4.758087158203125, -5.123993396759033, -5.447571754455566], "predictions": [47, 34, 400, 35, 34, 402, 35, 16, 404, 405, 406, 407, 17, 48, 4, 4], "target_tokens": ["[IN:GET_REMINDER", "[SL:METHOD_RETRIEVAL_REMINDER", "@ptr1", "SL:METHOD_RETRIEVAL_REMINDER]", "[SL:PERSON_REMINDED", "@ptr6", "@ptr7", "SL:PERSON_REMINDED]", "[SL:DATE_TIME", "@ptr8", "@ptr9", "@ptr10", "@ptr11", "@ptr12", "SL:DATE_TIME]", "IN:GET_REMINDER]"], "predicted_tokens": ["[IN:GET_REMINDER", "[SL:PERSON_REMINDED", "@ptr5", "SL:PERSON_REMINDED]", "[SL:PERSON_REMINDED", "@ptr7", "SL:PERSON_REMINDED]", "[SL:DATE_TIME", "@ptr9", "@ptr10", "@ptr11", "@ptr12", "SL:DATE_TIME]", "IN:GET_REMINDER]"]}
{"loss": 4.1122965812683105, "class_log_probabilities": [-12.354982376098633, -14.558128356933594, -16.73771858215332, -67.92149353027344], "predictions": [49, 36, 143, 36, 75, 6, 401, 7, 6, 402, 7, 6, 403, 7, 78, 37, 34, 405, 35, 16, 407, 35, 50, 4, 4, 4, 4, 4, 4, 4, 4, 4, 4, 4, 4, 4, 4, 4, 4, 4, 4, 4, 4, 4, 4, 4, 4, 4, 4, 4, 4, 4, 4, 4, 4, 4, 4, 4, 4, 4, 4, 4, 4, 4, 4, 4, 4, 4, 4, 4, 4, 4, 4, 4, 4, 4, 4, 4, 4, 4, 4, 4, 4, 4, 4, 4, 4, 4, 4, 4, 4, 4, 4, 4, 4, 4, 4, 4, 4, 4], "target_tokens": ["[IN:CREATE_REMINDER", "[SL:TODO", "@ptr5", "@ptr6", "@ptr7", "@ptr8", "@ptr9", "SL:TODO]", "[SL:DATE_TIME", "@ptr11", "@ptr12", "@ptr13", "SL:DATE_TIME]", "IN:CREATE_REMINDER]"], "predicted_tokens": ["[IN:CREATE_REMINDER", "[SL:TODO", "[IN:GET_TODO", "[SL:TODO", "[IN:CREATE_CALL", "[SL:CONTACT", "@ptr6", "SL:CONTACT]", "[SL:CONTACT", "@ptr7", "SL:CONTACT]", "[SL:CONTACT", "@ptr8", "SL:CONTACT]", "IN:CREATE_CALL]", "SL:TODO]", "[SL:PERSON_REMINDED", "@ptr10", "SL:PERSON_REMINDED]", "[SL:DATE_TIME", "@ptr12", "SL:PERSON_REMINDED]", "IN:CREATE_REMINDER]"]}
{"loss": 1.8621286153793335, "class_log_probabilities": [-5.727506637573242, -8.18276596069336, -11.410684585571289, -13.21253776550293], "predictions": [49, 34, 400, 35, 16, 404, 35, 16, 404, 17, 50, 4, 4, 4, 4, 4, 4, 4, 4, 4], "target_tokens": ["[IN:GET_REMINDER", "[SL:PERSON_REMINDED", "@ptr5", "SL:PERSON_REMINDED]", "[SL:DATE_TIME", "@ptr9", "@ptr10", "@ptr11", "@ptr12", "@ptr13", "@ptr14", "@ptr15", "@ptr16", "@ptr17", "@ptr18", "@ptr19", "@ptr20", "@ptr21", "SL:DATE_TIME]", "IN:GET_REMINDER]"], "predicted_tokens": ["[IN:CREATE_REMINDER", "[SL:PERSON_REMINDED", "@ptr5", "SL:PERSON_REMINDED]", "[SL:DATE_TIME", "@ptr9", "SL:PERSON_REMINDED]", "[SL:DATE_TIME", "@ptr9", "SL:DATE_TIME]", "IN:CREATE_REMINDER]"]}
{"loss": 2.472672939300537, "class_log_probabilities": [-2.1135220527648926, -3.910329580307007, -3.958724021911621, -6.4150710105896], "predictions": [47, 36, 398, 399, 37, 16, 401, 402, 403, 17, 48, 4], "target_tokens": ["[IN:GET_REMINDER", "[SL:DATE_TIME", "@ptr5", "@ptr6", "@ptr7", "SL:DATE_TIME]", "IN:GET_REMINDER]"], "predicted_tokens": ["[IN:GET_REMINDER", "[SL:TODO", "@ptr3", "@ptr4", "SL:TODO]", "[SL:DATE_TIME", "@ptr6", "@ptr7", "@ptr8", "SL:DATE_TIME]", "IN:GET_REMINDER]"]}
{"loss": 2.651233673095703, "class_log_probabilities": [-8.442208290100098, -8.598337173461914, -10.470915794372559, -11.226975440979004], "predictions": [33, 34, 396, 35, 36, 143, 36, 403, 37, 34, 407, 35, 16, 414, 38, 4, 4, 4, 4, 4, 4], "target_tokens": ["[IN:DELETE_REMINDER", "[SL:PERSON_REMINDED", "@ptr10", "@ptr11", "SL:PERSON_REMINDED]", "[SL:TODO", "@ptr14", "@ptr15", "SL:TODO]", "[SL:DATE_TIME", "@ptr17", "@ptr18", "@ptr19", "SL:DATE_TIME]", "IN:DELETE_REMINDER]"], "predicted_tokens": ["[IN:DELETE_REMINDER", "[SL:PERSON_REMINDED", "@ptr1", "SL:PERSON_REMINDED]", "[SL:TODO", "[IN:GET_TODO", "[SL:TODO", "@ptr8", "SL:TODO]", "[SL:PERSON_REMINDED", "@ptr12", "SL:PERSON_REMINDED]", "[SL:DATE_TIME", "@ptr19", "IN:DELETE_REMINDER]"]}
{"loss": 2.6320018768310547, "class_log_probabilities": [-5.5534586906433105, -5.948203086853027, -6.1565446853637695, -6.315491199493408], "predictions": [47, 34, 395, 396, 35, 36, 403, 404, 405, 406, 37, 16, 409, 411, 17, 48, 4, 4], "target_tokens": ["[IN:GET_REMINDER", "[SL:PERSON_REMINDED", "@ptr0", "@ptr1", "SL:PERSON_REMINDED]", "[SL:TODO", "@ptr7", "@ptr8", "@ptr9", "SL:TODO]", "[SL:DATE_TIME", "@ptr10", "@ptr11", "@ptr12", "@ptr13", "@ptr14", "@ptr15", "@ptr16", "SL:DATE_TIME]", "IN:GET_REMINDER]"], "predicted_tokens": ["[IN:GET_REMINDER", "[SL:PERSON_REMINDED", "@ptr0", "@ptr1", "SL:PERSON_REMINDED]", "[SL:TODO", "@ptr8", "@ptr9", "@ptr10", "@ptr11", "SL:TODO]", "[SL:DATE_TIME", "@ptr14", "@ptr16", "SL:DATE_TIME]", "IN:GET_REMINDER]"]}
{"loss": 3.793276071548462, "class_log_probabilities": [-4.892890453338623, -6.110910415649414, -7.627058982849121, -7.851149559020996], "predictions": [49, 36, 399, 400, 401, 402, 37, 34, 404, 35, 50, 4, 4], "target_tokens": ["[IN:GET_REMINDER", "[SL:PERSON_REMINDED", "@ptr7", "@ptr8", "SL:PERSON_REMINDED]", "[SL:TODO", "@ptr5", "@ptr6", "SL:TODO]", "IN:GET_REMINDER]"], "predicted_tokens": ["[IN:CREATE_REMINDER", "[SL:TODO", "@ptr4", "@ptr5", "@ptr6", "@ptr7", "SL:TODO]", "[SL:PERSON_REMINDED", "@ptr9", "SL:PERSON_REMINDED]", "IN:CREATE_REMINDER]"]}
{"loss": 3.0045177936553955, "class_log_probabilities": [-2.682918071746826, -3.672147035598755, -3.9575726985931396, -4.050507068634033], "predictions": [49, 36, 401, 402, 37, 50, 4, 4, 4, 4, 4, 4], "target_tokens": ["[IN:GET_REMINDER", "[SL:TODO", "@ptr6", "SL:TODO]", "IN:GET_REMINDER]"], "predicted_tokens": ["[IN:CREATE_REMINDER", "[SL:TODO", "@ptr6", "@ptr7", "SL:TODO]", "IN:CREATE_REMINDER]"]}
{"loss": 2.193190336227417, "class_log_probabilities": [-5.682448387145996, -5.955426216125488, -6.442140102386475, -71.72862243652344], "predictions": [49, 34, 397, 35, 36, 399, 400, 401, 402, 403, 404, 37, 16, 405, 406, 407, 408, 17, 50, 4, 4, 4, 4, 4, 4, 4, 4, 4, 4, 4, 4, 4, 4, 4, 4, 4, 4, 4, 4, 4, 4, 4, 4, 4, 4, 4, 4, 4, 4, 4, 4, 4, 4, 4, 4, 4, 4, 4, 4, 4, 4, 4, 4, 4, 4, 4, 4, 4, 4, 4, 4, 4, 4, 4, 4, 4, 4, 4, 4, 4, 4, 4, 4, 4, 4, 4, 4, 4, 4, 4, 4, 4, 4, 4, 4, 4, 4, 4, 4, 4], "target_tokens": ["[IN:CREATE_REMINDER", "[SL:PERSON_REMINDED", "@ptr2", "SL:PERSON_REMINDED]", "[SL:TODO", "@ptr3", "@ptr4", "@ptr5", "@ptr6", "@ptr7", "SL:TODO]", "[SL:DATE_TIME", "@ptr8", "@ptr9", "@ptr10", "@ptr11", "@ptr12", "@ptr13", "SL:DATE_TIME]", "IN:CREATE_REMINDER]"], "predicted_tokens": ["[IN:CREATE_REMINDER", "[SL:PERSON_REMINDED", "@ptr2", "SL:PERSON_REMINDED]", "[SL:TODO", "@ptr4", "@ptr5", "@ptr6", "@ptr7", "@ptr8", "@ptr9", "SL:TODO]", "[SL:DATE_TIME", "@ptr10", "@ptr11", "@ptr12", "@ptr13", "SL:DATE_TIME]", "IN:CREATE_REMINDER]"]}
{"loss": 3.347878932952881, "class_log_probabilities": [-4.266256809234619, -4.646331787109375, -4.678049564361572, -5.234343528747559], "predictions": [117, 16, 395, 396, 17, 34, 397, 35, 36, 400, 37, 118, 4], "target_tokens": ["[IN:GET_REMINDER_AMOUNT", "[SL:PERSON_REMINDED", "@ptr2", "SL:PERSON_REMINDED]", "[SL:DATE_TIME", "@ptr0", "@ptr1", "SL:DATE_TIME]", "IN:GET_REMINDER_AMOUNT]"], "predicted_tokens": ["[IN:GET_REMINDER_DATE_TIME", "[SL:DATE_TIME", "@ptr0", "@ptr1", "SL:DATE_TIME]", "[SL:PERSON_REMINDED", "@ptr2", "SL:PERSON_REMINDED]", "[SL:TODO", "@ptr5", "SL:TODO]", "IN:GET_REMINDER_DATE_TIME]"]}
{"loss": 1.680355191230774, "class_log_probabilities": [-4.436398029327393, -4.528103351593018, -6.270585060119629, -6.551012992858887], "predictions": [45, 249, 399, 400, 250, 16, 402, 403, 404, 405, 406, 407, 17, 46, 4, 4], "target_tokens": ["[IN:CREATE_REMINDER", "[SL:PERSON_REMINDED", "@ptr4", "SL:PERSON_REMINDED]", "[SL:TODO", "@ptr5", "@ptr6", "SL:TODO]", "[SL:DATE_TIME", "@ptr7", "@ptr8", "@ptr9", "@ptr10", "@ptr11", "@ptr12", "SL:DATE_TIME]", "IN:CREATE_REMINDER]"], "predicted_tokens": ["[IN:CREATE_ALARM", "[SL:ALARM_NAME", "@ptr4", "@ptr5", "SL:ALARM_NAME]", "[SL:DATE_TIME", "@ptr7", "@ptr8", "@ptr9", "@ptr10", "@ptr11", "@ptr12", "SL:DATE_TIME]", "IN:CREATE_ALARM]"]}
{"loss": 2.6645679473876953, "class_log_probabilities": [-5.5205254554748535, -5.7537970542907715, -5.759649276733398, -6.60860538482666], "predictions": [23, 10, 401, 11, 24, 413, 25, 26, 4, 4, 4, 4, 4], "target_tokens": ["[IN:GET_REMINDER", "[SL:METHOD_RETRIEVAL_REMINDER", "@ptr0", "SL:METHOD_RETRIEVAL_REMINDER]", "[SL:PERSON_REMINDED", "@ptr5", "SL:PERSON_REMINDED]", "[SL:TODO", "@ptr6", "@ptr7", "@ptr8", "@ptr9", "@ptr10", "@ptr11", "@ptr12", "@ptr13", "SL:TODO]", "IN:GET_REMINDER]"], "predicted_tokens": ["[IN:SEND_MESSAGE", "[SL:RECIPIENT", "@ptr6", "SL:RECIPIENT]", "[SL:CONTENT_EXACT", "@ptr18", "SL:CONTENT_EXACT]", "IN:SEND_MESSAGE]"]}
{"loss": 3.5013582706451416, "class_log_probabilities": [-5.1201653480529785, -6.164001941680908, -7.003684043884277, -7.4486236572265625], "predictions": [259, 10, 402, 403, 404, 405, 406, 11, 260, 4], "target_tokens": ["[IN:UPDATE_REMINDER_DATE_TIME", "[SL:PERSON_REMINDED", "@ptr6", "@ptr7", "@ptr8", "@ptr9", "SL:PERSON_REMINDED]", "[SL:DATE_TIME", "@ptr10", "@ptr11", "SL:DATE_TIME]", "[SL:DATE_TIME", "@ptr12", "@ptr13", "SL:DATE_TIME]", "IN:UPDATE_REMINDER_DATE_TIME]"], "predicted_tokens": ["[IN:UPDATE_ALARM", "[SL:RECIPIENT", "@ptr7", "@ptr8", "@ptr9", "@ptr10", "@ptr11", "SL:RECIPIENT]", "IN:UPDATE_ALARM]"]}
{"loss": 3.7796430587768555, "class_log_probabilities": [-4.314117908477783, -4.750614166259766, -4.950131416320801, -5.039721965789795], "predictions": [49, 34, 401, 35, 50, 4, 4, 4, 4, 4, 4, 4, 4], "target_tokens": ["[IN:GET_REMINDER", "[SL:PERSON_REMINDED", "@ptr5", "@ptr6", "SL:PERSON_REMINDED]", "[SL:TODO", "@ptr8", "@ptr9", "SL:TODO]", "IN:GET_REMINDER]"], "predicted_tokens": ["[IN:CREATE_REMINDER", "[SL:PERSON_REMINDED", "@ptr6", "SL:PERSON_REMINDED]", "IN:CREATE_REMINDER]"]}
{"loss": 2.1415982246398926, "class_log_probabilities": [-5.844930171966553, -19.091005325317383, -23.901752471923828, -24.335084915161133], "predictions": [117, 34, 395, 35, 36, 143, 34, 402, 35, 144, 37, 118, 4, 4, 4, 4, 4, 4, 4, 4, 4, 4, 4, 4, 4, 4, 4, 4, 4, 4, 4, 4, 4, 4, 4, 4, 4, 4, 4, 4, 4, 4, 4, 4, 4, 4, 4, 4, 4, 4, 4, 4, 4, 4, 4, 4, 4, 4, 4, 4, 4, 4, 4, 4, 4, 4, 4, 4, 4, 4, 4, 4, 4, 4, 4, 4, 4, 4, 4, 4, 4, 4, 4, 4, 4, 4, 4, 4, 4, 4, 4, 4, 4, 4, 4, 4, 4, 4, 4, 4], "target_tokens": ["[IN:GET_REMINDER_AMOUNT", "[SL:PERSON_REMINDED", "@ptr0", "SL:PERSON_REMINDED]", "[SL:TODO", "@ptr7", "SL:TODO]", "IN:GET_REMINDER_AMOUNT]"], "predicted_tokens": ["[IN:GET_REMINDER_DATE_TIME", "[SL:PERSON_REMINDED", "@ptr0", "SL:PERSON_REMINDED]", "[SL:TODO", "[IN:GET_TODO", "[SL:PERSON_REMINDED", "@ptr7", "SL:PERSON_REMINDED]", "IN:GET_TODO]", "SL:TODO]", "IN:GET_REMINDER_DATE_TIME]"]}
{"loss": 2.3871395587921143, "class_log_probabilities": [-2.300999402999878, -2.8340981006622314, -4.4028425216674805, -6.454448699951172], "predictions": [49, 36, 397, 398, 399, 400, 401, 402, 403, 37, 16, 404, 405, 406, 407, 17, 50, 4, 4, 4, 4], "target_tokens": ["[IN:CREATE_REMINDER", "[SL:PERSON_REMINDED", "@ptr2", "SL:PERSON_REMINDED]", "[SL:TODO", "@ptr3", "@ptr4", "@ptr5", "@ptr6", "SL:TODO]", "[SL:DATE_TIME", "@ptr8", "@ptr9", "@ptr10", "@ptr11", "SL:DATE_TIME]", "IN:CREATE_REMINDER]"], "predicted_tokens": ["[IN:CREATE_REMINDER", "[SL:TODO", "@ptr2", "@ptr3", "@ptr4", "@ptr5", "@ptr6", "@ptr7", "@ptr8", "SL:TODO]", "[SL:DATE_TIME", "@ptr9", "@ptr10", "@ptr11", "@ptr12", "SL:DATE_TIME]", "IN:CREATE_REMINDER]"]}
{"loss": 2.1417131423950195, "class_log_probabilities": [-4.597862243652344, -5.951518535614014, -7.114571571350098, -7.908008098602295], "predictions": [45, 249, 399, 400, 401, 402, 403, 404, 405, 406, 250, 16, 408, 17, 46, 4, 4, 4, 4, 4, 4], "target_tokens": ["[IN:CREATE_REMINDER", "[SL:PERSON_REMINDED", "@ptr4", "SL:PERSON_REMINDED]", "[SL:TODO", "@ptr5", "@ptr6", "@ptr7", "@ptr8", "@ptr9", "@ptr10", "@ptr11", "SL:TODO]", "[SL:DATE_TIME", "@ptr12", "@ptr13", "@ptr14", "SL:DATE_TIME]", "IN:CREATE_REMINDER]"], "predicted_tokens": ["[IN:CREATE_ALARM", "[SL:ALARM_NAME", "@ptr4", "@ptr5", "@ptr6", "@ptr7", "@ptr8", "@ptr9", "@ptr10", "@ptr11", "SL:ALARM_NAME]", "[SL:DATE_TIME", "@ptr13", "SL:DATE_TIME]", "IN:CREATE_ALARM]"]}
{"loss": 2.9429733753204346, "class_log_probabilities": [-1.3033864498138428, -2.373037338256836, -3.327754259109497, -3.7346785068511963], "predictions": [33, 16, 402, 404, 17, 38, 4, 4], "target_tokens": ["[IN:DELETE_REMINDER", "[SL:AMOUNT", "@ptr5", "SL:AMOUNT]", "[SL:DATE_TIME", "@ptr6", "@ptr7", "@ptr8", "@ptr9", "SL:DATE_TIME]", "IN:DELETE_REMINDER]"], "predicted_tokens": ["[IN:DELETE_REMINDER", "[SL:DATE_TIME", "@ptr7", "@ptr9", "SL:DATE_TIME]", "IN:DELETE_REMINDER]"]}
{"loss": 2.8607373237609863, "class_log_probabilities": [-9.732358932495117, -10.066686630249023, -10.945127487182617, -13.103232383728027], "predictions": [47, 34, 397, 35, 36, 404, 406, 407, 408, 37, 16, 411, 17, 199, 410, 411, 200, 48, 4, 4, 4, 4, 4, 4, 4, 4], "target_tokens": ["[IN:GET_REMINDER", "[SL:METHOD_RETRIEVAL_REMINDER", "@ptr0", "SL:METHOD_RETRIEVAL_REMINDER]", "[SL:PERSON_REMINDED", "@ptr2", "SL:PERSON_REMINDED]", "[SL:AMOUNT", "@ptr7", "SL:AMOUNT]", "[SL:TODO", "@ptr9", "@ptr10", "@ptr11", "@ptr12", "SL:TODO]", "[SL:DATE_TIME", "@ptr13", "@ptr14", "@ptr15", "SL:DATE_TIME]", "IN:GET_REMINDER]"], "predicted_tokens": ["[IN:GET_REMINDER", "[SL:PERSON_REMINDED", "@ptr2", "SL:PERSON_REMINDED]", "[SL:TODO", "@ptr9", "@ptr11", "@ptr12", "@ptr13", "SL:TODO]", "[SL:DATE_TIME", "@ptr16", "SL:DATE_TIME]", "[SL:METHOD_RETRIEVAL_REMINDER", "@ptr15", "@ptr16", "SL:METHOD_RETRIEVAL_REMINDER]", "IN:GET_REMINDER]"]}
{"loss": 1.4716218709945679, "class_log_probabilities": [-1.5810073614120483, -3.248253583908081, -3.4748289585113525, -5.203526496887207], "predictions": [49, 36, 398, 399, 400, 37, 16, 401, 402, 403, 404, 17, 50, 4], "target_tokens": ["[IN:CREATE_REMINDER", "[SL:TODO", "@ptr3", "@ptr4", "@ptr5", "SL:TODO]", "[SL:DATE_TIME", "@ptr6", "@ptr7", "@ptr8", "SL:DATE_TIME]", "IN:CREATE_REMINDER]"], "predicted_tokens": ["[IN:CREATE_REMINDER", "[SL:TODO", "@ptr3", "@ptr4", "@ptr5", "SL:TODO]", "[SL:DATE_TIME", "@ptr6", "@ptr7", "@ptr8", "@ptr9", "SL:DATE_TIME]", "IN:CREATE_REMINDER]"]}
{"loss": 3.673868417739868, "class_log_probabilities": [-3.3620400428771973, -5.495625972747803, -5.586360454559326, -5.624123573303223], "predictions": [33, 34, 402, 403, 35, 16, 405, 17, 38, 4, 4], "target_tokens": ["[IN:DELETE_REMINDER", "[SL:TODO", "@ptr6", "@ptr7", "SL:TODO]", "[SL:DATE_TIME", "@ptr8", "@ptr9", "@ptr10", "SL:DATE_TIME]", "IN:DELETE_REMINDER]"], "predicted_tokens": ["[IN:DELETE_REMINDER", "[SL:PERSON_REMINDED", "@ptr7", "@ptr8", "SL:PERSON_REMINDED]", "[SL:DATE_TIME", "@ptr10", "SL:DATE_TIME]", "IN:DELETE_REMINDER]"]}
{"loss": 2.1809728145599365, "class_log_probabilities": [-8.438965797424316, -11.208820343017578, -11.332331657409668, -12.435969352722168], "predictions": [33, 36, 402, 403, 404, 405, 406, 407, 408, 409, 412, 37, 16, 409, 412, 17, 50, 4, 4, 4, 4, 4], "target_tokens": ["[IN:DELETE_REMINDER", "[SL:TODO", "@ptr6", "@ptr7", "@ptr8", "@ptr9", "@ptr10", "SL:TODO]", "[SL:DATE_TIME", "@ptr11", "@ptr12", "@ptr13", "@ptr14", "@ptr15", "SL:DATE_TIME]", "IN:DELETE_REMINDER]"], "predicted_tokens": ["[IN:DELETE_REMINDER", "[SL:TODO", "@ptr7", "@ptr8", "@ptr9", "@ptr10", "@ptr11", "@ptr12", "@ptr13", "@ptr14", "@ptr17", "SL:TODO]", "[SL:DATE_TIME", "@ptr14", "@ptr17", "SL:DATE_TIME]", "IN:CREATE_REMINDER]"]}
{"loss": 1.6273107528686523, "class_log_probabilities": [-1.0434521436691284, -2.002349615097046, -5.152313709259033, -7.216109275817871], "predictions": [33, 36, 401, 402, 403, 404, 405, 406, 37, 38, 4, 4, 4, 4], "target_tokens": ["[IN:DELETE_REMINDER", "[SL:TODO", "@ptr5", "@ptr6", "@ptr7", "@ptr8", "@ptr9", "@ptr10", "@ptr11", "SL:TODO]", "IN:DELETE_REMINDER]"], "predicted_tokens": ["[IN:DELETE_REMINDER", "[SL:TODO", "@ptr6", "@ptr7", "@ptr8", "@ptr9", "@ptr10", "@ptr11", "SL:TODO]", "IN:DELETE_REMINDER]"]}
{"loss": 2.224216938018799, "class_log_probabilities": [-3.9016003608703613, -5.3435211181640625, -6.379672050476074, -87.24481964111328], "predictions": [47, 34, 395, 35, 36, 398, 399, 400, 401, 402, 37, 48, 4, 4, 4, 4, 4, 4, 4, 4, 4, 4, 4, 4, 4, 4, 4, 4, 4, 4, 4, 4, 4, 4, 4, 4, 4, 4, 4, 4, 4, 4, 4, 4, 4, 4, 4, 4, 4, 4, 4, 4, 4, 4, 4, 4, 4, 4, 4, 4, 4, 4, 4, 4, 4, 4, 4, 4, 4, 4, 4, 4, 4, 4, 4, 4, 4, 4, 4, 4, 4, 4, 4, 4, 4, 4, 4, 4, 4, 4, 4, 4, 4, 4, 4, 4, 4, 4, 4, 4], "target_tokens": ["[IN:GET_REMINDER", "[SL:PERSON_REMINDED", "@ptr0", "SL:PERSON_REMINDED]", "[SL:TODO", "@ptr8", "@ptr9", "@ptr10", "@ptr11", "SL:TODO]", "[SL:DATE_TIME", "@ptr12", "@ptr13", "@ptr14", "SL:DATE_TIME]", "IN:GET_REMINDER]"], "predicted_tokens": ["[IN:GET_REMINDER", "[SL:PERSON_REMINDED", "@ptr0", "SL:PERSON_REMINDED]", "[SL:TODO", "@ptr3", "@ptr4", "@ptr5", "@ptr6", "@ptr7", "SL:TODO]", "IN:GET_REMINDER]"]}
{"loss": 4.511805534362793, "class_log_probabilities": [-6.8954877853393555, -10.069265365600586, -10.2940034866333, -24.197410583496094], "predictions": [23, 10, 401, 442, 11, 10, 403, 11, 26, 4, 4, 4, 4, 4, 4, 4, 4, 4, 4, 4, 4, 4, 4, 4, 4, 4, 4, 4, 4, 4, 4, 4], "target_tokens": ["[IN:UPDATE_REMINDER_DATE_TIME", "[SL:PERSON_REMINDED", "@ptr6", "@ptr7", "SL:PERSON_REMINDED]", "[SL:TODO", "@ptr9", "@ptr10", "@ptr11", "@ptr12", "@ptr13", "@ptr14", "@ptr15", "@ptr16", "@ptr17", "SL:TODO]", "[SL:DATE_TIME", "@ptr18", "@ptr19", "@ptr20", "@ptr21", "@ptr22", "@ptr23", "@ptr24", "SL:DATE_TIME]", "[SL:DATE_TIME", "@ptr25", "@ptr26", "@ptr27", "@ptr28", "@ptr29", "@ptr30", "@ptr31", "@ptr32", "@ptr33", "@ptr34", "SL:DATE_TIME]", "IN:UPDATE_REMINDER_DATE_TIME]"], "predicted_tokens": ["[IN:SEND_MESSAGE", "[SL:RECIPIENT", "@ptr6", "@ptr47", "SL:RECIPIENT]", "[SL:RECIPIENT", "@ptr8", "SL:RECIPIENT]", "IN:SEND_MESSAGE]"]}
{"loss": 2.501702070236206, "class_log_probabilities": [-11.086894989013672, -13.077181816101074, -83.41620635986328, -84.64961242675781], "predictions": [49, 36, 143, 36, 397, 398, 399, 400, 401, 402, 403, 404, 405, 406, 37, 16, 422, 17, 50, 4, 4, 4, 4, 4, 4, 4, 4, 4, 4, 4, 4, 4, 4, 4, 4, 4, 4, 4, 4, 4, 4, 4, 4, 4, 4, 4, 4, 4, 4, 4, 4, 4, 4, 4, 4, 4, 4, 4, 4, 4, 4, 4, 4, 4, 4, 4, 4, 4, 4, 4, 4, 4, 4, 4, 4, 4, 4, 4, 4, 4, 4, 4, 4, 4, 4, 4, 4, 4, 4, 4, 4, 4, 4, 4, 4, 4, 4, 4, 4, 4], "target_tokens": ["[IN:CREATE_REMINDER", "[SL:TODO", "@ptr6", "@ptr7", "@ptr8", "@ptr9", "@ptr10", "@ptr11", "@ptr12", "@ptr13", "@ptr14", "@ptr15", "@ptr16", "@ptr17", "SL:TODO]", "[SL:DATE_TIME", "@ptr18", "@ptr19", "@ptr20", "SL:DATE_TIME]", "IN:CREATE_REMINDER]"], "predicted_tokens": ["[IN:CREATE_REMINDER", "[SL:TODO", "[IN:GET_TODO", "[SL:TODO", "@ptr2", "@ptr3", "@ptr4", "@ptr5", "@ptr6", "@ptr7", "@ptr8", "@ptr9", "@ptr10", "@ptr11", "SL:TODO]", "[SL:DATE_TIME", "@ptr27", "SL:DATE_TIME]", "IN:CREATE_REMINDER]"]}
{"loss": 1.4527992010116577, "class_log_probabilities": [-2.2518646717071533, -3.2895874977111816, -3.2973227500915527, -3.6246297359466553], "predictions": [47, 34, 396, 35, 16, 400, 401, 402, 17, 48, 4], "target_tokens": ["[IN:GET_REMINDER", "[SL:PERSON_REMINDED", "@ptr1", "SL:PERSON_REMINDED]", "[SL:DATE_TIME", "@ptr5", "@ptr6", "SL:DATE_TIME]", "IN:GET_REMINDER]"], "predicted_tokens": ["[IN:GET_REMINDER", "[SL:PERSON_REMINDED", "@ptr1", "SL:PERSON_REMINDED]", "[SL:DATE_TIME", "@ptr5", "@ptr6", "@ptr7", "SL:DATE_TIME]", "IN:GET_REMINDER]"]}
{"loss": 2.0553066730499268, "class_log_probabilities": [-2.6496987342834473, -3.255028247833252, -3.355881452560425, -3.5879039764404297], "predictions": [33, 36, 402, 403, 404, 37, 16, 406, 17, 38, 4, 4], "target_tokens": ["[IN:DELETE_REMINDER", "[SL:TODO", "@ptr6", "@ptr7", "@ptr8", "SL:TODO]", "[SL:DATE_TIME", "@ptr9", "@ptr10", "SL:DATE_TIME]", "IN:DELETE_REMINDER]"], "predicted_tokens": ["[IN:DELETE_REMINDER", "[SL:TODO", "@ptr7", "@ptr8", "@ptr9", "SL:TODO]", "[SL:DATE_TIME", "@ptr11", "SL:DATE_TIME]", "IN:DELETE_REMINDER]"]}
{"loss": 2.20257568359375, "class_log_probabilities": [-2.3815064430236816, -3.280153751373291, -3.303698778152466, -3.5400242805480957], "predictions": [33, 36, 402, 403, 404, 405, 406, 37, 38, 4, 4, 4, 4], "target_tokens": ["[IN:DELETE_REMINDER", "[SL:PERSON_REMINDED", "@ptr4", "@ptr5", "SL:PERSON_REMINDED]", "[SL:TODO", "@ptr7", "@ptr8", "@ptr9", "SL:TODO]", "IN:DELETE_REMINDER]"], "predicted_tokens": ["[IN:DELETE_REMINDER", "[SL:TODO", "@ptr7", "@ptr8", "@ptr9", "@ptr10", "@ptr11", "SL:TODO]", "IN:DELETE_REMINDER]"]}
{"loss": 1.7475662231445312, "class_log_probabilities": [-2.512364625930786, -3.311797618865967, -3.775639772415161, -5.624179840087891], "predictions": [49, 36, 75, 6, 397, 7, 78, 37, 16, 402, 403, 404, 17, 50, 4, 4, 4, 4], "target_tokens": ["[IN:CREATE_REMINDER", "[SL:PERSON_REMINDED", "@ptr2", "SL:PERSON_REMINDED]", "[SL:TODO", "[IN:CREATE_CALL", "[SL:CONTACT", "[IN:GET_CONTACT", "[SL:TYPE_RELATION", "@ptr5", "SL:TYPE_RELATION]", "IN:GET_CONTACT]", "SL:CONTACT]", "IN:CREATE_CALL]", "SL:TODO]", "[SL:DATE_TIME", "@ptr6", "@ptr7", "@ptr8", "SL:DATE_TIME]", "IN:CREATE_REMINDER]"], "predicted_tokens": ["[IN:CREATE_REMINDER", "[SL:TODO", "[IN:CREATE_CALL", "[SL:CONTACT", "@ptr2", "SL:CONTACT]", "IN:CREATE_CALL]", "SL:TODO]", "[SL:DATE_TIME", "@ptr7", "@ptr8", "@ptr9", "SL:DATE_TIME]", "IN:CREATE_REMINDER]"]}
{"loss": 2.1402461528778076, "class_log_probabilities": [-4.445202350616455, -4.862361431121826, -4.958785057067871, -5.403970718383789], "predictions": [49, 34, 398, 35, 36, 401, 37, 16, 403, 404, 405, 17, 50, 4, 4, 4], "target_tokens": ["[IN:CREATE_REMINDER", "[SL:PERSON_REMINDED", "@ptr3", "SL:PERSON_REMINDED]", "[SL:TODO", "@ptr5", "@ptr6", "@ptr7", "@ptr8", "@ptr9", "@ptr10", "@ptr11", "SL:TODO]", "[SL:DATE_TIME", "@ptr12", "@ptr14", "@ptr15", "@ptr16", "SL:DATE_TIME]", "IN:CREATE_REMINDER]"], "predicted_tokens": ["[IN:CREATE_REMINDER", "[SL:PERSON_REMINDED", "@ptr3", "SL:PERSON_REMINDED]", "[SL:TODO", "@ptr6", "SL:TODO]", "[SL:DATE_TIME", "@ptr8", "@ptr9", "@ptr10", "SL:DATE_TIME]", "IN:CREATE_REMINDER]"]}
{"loss": 2.182194709777832, "class_log_probabilities": [-1.8146320581436157, -2.885491371154785, -3.3680977821350098, -3.724979877471924], "predictions": [33, 16, 402, 404, 17, 38, 4, 4], "target_tokens": ["[IN:DELETE_REMINDER", "[SL:AMOUNT", "@ptr5", "SL:AMOUNT]", "[SL:DATE_TIME", "@ptr6", "@ptr7", "@ptr8", "SL:DATE_TIME]", "IN:DELETE_REMINDER]"], "predicted_tokens": ["[IN:DELETE_REMINDER", "[SL:DATE_TIME", "@ptr7", "@ptr9", "SL:DATE_TIME]", "IN:DELETE_REMINDER]"]}
{"loss": 3.510935068130493, "class_log_probabilities": [-1.0516718626022339, -4.638679027557373, -4.946476936340332, -5.027688026428223], "predictions": [49, 34, 397, 35, 16, 400, 401, 402, 403, 404, 405, 17, 50, 4, 4, 4], "target_tokens": ["[IN:CREATE_REMINDER", "[SL:PERSON_REMINDED", "@ptr2", "SL:PERSON_REMINDED]", "[SL:TODO", "@ptr3", "@ptr4", "@ptr5", "@ptr6", "SL:TODO]", "[SL:DATE_TIME", "@ptr7", "@ptr8", "@ptr9", "SL:DATE_TIME]", "IN:CREATE_REMINDER]"], "predicted_tokens": ["[IN:CREATE_REMINDER", "[SL:PERSON_REMINDED", "@ptr2", "SL:PERSON_REMINDED]", "[SL:DATE_TIME", "@ptr5", "@ptr6", "@ptr7", "@ptr8", "@ptr9", "@ptr10", "SL:DATE_TIME]", "IN:CREATE_REMINDER]"]}
{"loss": 2.6575534343719482, "class_log_probabilities": [-10.35755729675293, -24.935684204101562, -25.26941680908203, -26.054121017456055], "predictions": [23, 10, 403, 11, 24, 405, 406, 407, 409, 411, 412, 413, 414, 415, 416, 417, 25, 26, 4, 4, 4, 4, 4, 4, 4, 4, 4, 4, 4, 4, 4, 4, 4, 4, 4, 4, 4, 4, 4, 4, 4], "target_tokens": ["[IN:UPDATE_REMINDER_DATE_TIME", "[SL:PERSON_REMINDED", "@ptr6", "@ptr7", "SL:PERSON_REMINDED]", "[SL:TODO", "@ptr9", "@ptr10", "@ptr11", "@ptr12", "SL:TODO]", "[SL:DATE_TIME", "@ptr14", "@ptr15", "@ptr16", "@ptr17", "@ptr18", "@ptr19", "@ptr20", "@ptr21", "@ptr22", "SL:DATE_TIME]", "IN:UPDATE_REMINDER_DATE_TIME]"], "predicted_tokens": ["[IN:SEND_MESSAGE", "[SL:RECIPIENT", "@ptr8", "SL:RECIPIENT]", "[SL:CONTENT_EXACT", "@ptr10", "@ptr11", "@ptr12", "@ptr14", "@ptr16", "@ptr17", "@ptr18", "@ptr19", "@ptr20", "@ptr21", "@ptr22", "SL:CONTENT_EXACT]", "IN:SEND_MESSAGE]"]}
{"loss": 2.6037590503692627, "class_log_probabilities": [-4.177282333374023, -4.198605537414551, -4.810678005218506, -5.160084247589111], "predictions": [49, 36, 397, 398, 399, 400, 401, 402, 403, 404, 405, 37, 16, 406, 17, 50, 4, 4], "target_tokens": ["[IN:CREATE_REMINDER", "[SL:TODO", "@ptr6", "@ptr7", "SL:TODO]", "[SL:DATE_TIME", "@ptr8", "@ptr9", "@ptr10", "SL:DATE_TIME]", "IN:CREATE_REMINDER]"], "predicted_tokens": ["[IN:CREATE_REMINDER", "[SL:TODO", "@ptr2", "@ptr3", "@ptr4", "@ptr5", "@ptr6", "@ptr7", "@ptr8", "@ptr9", "@ptr10", "SL:TODO]", "[SL:DATE_TIME", "@ptr11", "SL:DATE_TIME]", "IN:CREATE_REMINDER]"]}
{"loss": 1.2072415351867676, "class_log_probabilities": [-1.9779504537582397, -2.4101192951202393, -3.7243924140930176, -4.553829669952393], "predictions": [47, 34, 395, 35, 16, 402, 404, 405, 406, 407, 17, 48, 4, 4], "target_tokens": ["[IN:GET_REMINDER", "[SL:PERSON_REMINDED", "@ptr0", "SL:PERSON_REMINDED]", "[SL:DATE_TIME", "@ptr8", "@ptr9", "@ptr10", "@ptr11", "SL:DATE_TIME]", "IN:GET_REMINDER]"], "predicted_tokens": ["[IN:GET_REMINDER", "[SL:PERSON_REMINDED", "@ptr0", "SL:PERSON_REMINDED]", "[SL:DATE_TIME", "@ptr7", "@ptr9", "@ptr10", "@ptr11", "@ptr12", "SL:DATE_TIME]", "IN:GET_REMINDER]"]}
{"loss": 3.783984422683716, "class_log_probabilities": [-6.651876449584961, -7.342441558837891, -9.595000267028809, -12.36418628692627], "predictions": [49, 36, 395, 396, 397, 398, 399, 400, 401, 402, 403, 37, 34, 408, 35, 50, 4, 4, 4, 4, 4, 4, 4, 4], "target_tokens": ["[IN:CREATE_REMINDER", "[SL:PERSON_REMINDED", "@ptr8", "@ptr9", "SL:PERSON_REMINDED]", "[SL:TODO", "@ptr12", "@ptr13", "@ptr14", "@ptr15", "@ptr16", "@ptr17", "SL:TODO]", "IN:CREATE_REMINDER]"], "predicted_tokens": ["[IN:CREATE_REMINDER", "[SL:TODO", "@ptr0", "@ptr1", "@ptr2", "@ptr3", "@ptr4", "@ptr5", "@ptr6", "@ptr7", "@ptr8", "SL:TODO]", "[SL:PERSON_REMINDED", "@ptr13", "SL:PERSON_REMINDED]", "IN:CREATE_REMINDER]"]}
{"loss": 1.5723352432250977, "class_log_probabilities": [-5.689999103546143, -6.121382236480713, -6.773922443389893, -6.902348041534424], "predictions": [49, 36, 397, 398, 399, 400, 37, 16, 402, 403, 404, 405, 406, 407, 17, 50, 4, 4, 4], "target_tokens": ["[IN:CREATE_REMINDER", "[SL:PERSON_REMINDED", "@ptr2", "SL:PERSON_REMINDED]", "[SL:TODO", "@ptr3", "@ptr4", "@ptr5", "SL:TODO]", "[SL:DATE_TIME", "@ptr7", "@ptr8", "@ptr9", "@ptr10", "SL:DATE_TIME]", "IN:CREATE_REMINDER]"], "predicted_tokens": ["[IN:CREATE_REMINDER", "[SL:TODO", "@ptr2", "@ptr3", "@ptr4", "@ptr5", "SL:TODO]", "[SL:DATE_TIME", "@ptr7", "@ptr8", "@ptr9", "@ptr10", "@ptr11", "@ptr12", "SL:DATE_TIME]", "IN:CREATE_REMINDER]"]}
{"loss": 1.5367610454559326, "class_log_probabilities": [-2.4995760917663574, -3.3328380584716797, -4.215211391448975, -6.1243486404418945], "predictions": [49, 34, 397, 35, 36, 398, 399, 37, 16, 400, 401, 402, 17, 50, 4], "target_tokens": ["[IN:CREATE_REMINDER", "[SL:PERSON_REMINDED", "@ptr1", "SL:PERSON_REMINDED]", "[SL:TODO", "@ptr3", "@ptr4", "SL:TODO]", "[SL:DATE_TIME", "@ptr5", "@ptr6", "SL:DATE_TIME]", "IN:CREATE_REMINDER]"], "predicted_tokens": ["[IN:CREATE_REMINDER", "[SL:PERSON_REMINDED", "@ptr2", "SL:PERSON_REMINDED]", "[SL:TODO", "@ptr3", "@ptr4", "SL:TODO]", "[SL:DATE_TIME", "@ptr5", "@ptr6", "@ptr7", "SL:DATE_TIME]", "IN:CREATE_REMINDER]"]}
{"loss": 1.926556944847107, "class_log_probabilities": [-0.9640235900878906, -4.79440975189209, -5.1860671043396, -7.242034435272217], "predictions": [47, 34, 395, 35, 16, 402, 403, 404, 405, 406, 17, 48, 4, 4, 4], "target_tokens": ["[IN:GET_REMINDER", "[SL:PERSON_REMINDED", "@ptr0", "SL:PERSON_REMINDED]", "[SL:DATE_TIME", "@ptr6", "@ptr7", "@ptr8", "@ptr9", "@ptr10", "SL:DATE_TIME]", "IN:GET_REMINDER]"], "predicted_tokens": ["[IN:GET_REMINDER", "[SL:PERSON_REMINDED", "@ptr0", "SL:PERSON_REMINDED]", "[SL:DATE_TIME", "@ptr7", "@ptr8", "@ptr9", "@ptr10", "@ptr11", "SL:DATE_TIME]", "IN:GET_REMINDER]"]}
{"loss": 2.126366376876831, "class_log_probabilities": [-3.860466957092285, -4.510457992553711, -4.928098201751709, -5.23766565322876], "predictions": [49, 36, 397, 398, 399, 400, 401, 402, 403, 37, 16, 405, 406, 17, 50, 4, 4, 4, 4], "target_tokens": ["[IN:CREATE_REMINDER", "[SL:PERSON_REMINDED", "@ptr2", "SL:PERSON_REMINDED]", "[SL:TODO", "@ptr3", "@ptr4", "@ptr5", "@ptr6", "@ptr7", "SL:TODO]", "[SL:DATE_TIME", "@ptr8", "@ptr9", "@ptr10", "SL:DATE_TIME]", "IN:CREATE_REMINDER]"], "predicted_tokens": ["[IN:CREATE_REMINDER", "[SL:TODO", "@ptr2", "@ptr3", "@ptr4", "@ptr5", "@ptr6", "@ptr7", "@ptr8", "SL:TODO]", "[SL:DATE_TIME", "@ptr10", "@ptr11", "SL:DATE_TIME]", "IN:CREATE_REMINDER]"]}
{"loss": 2.721259117126465, "class_log_probabilities": [-12.796738624572754, -13.901917457580566, -14.584300994873047, -15.262486457824707], "predictions": [49, 36, 143, 36, 397, 398, 399, 400, 401, 402, 403, 404, 405, 406, 37, 16, 408, 17, 50, 4, 4, 4], "target_tokens": ["[IN:GET_REMINDER_DATE_TIME", "[SL:PERSON_REMINDED", "@ptr2", "@ptr3", "@ptr4", "SL:PERSON_REMINDED]", "[SL:TODO", "@ptr5", "@ptr6", "@ptr7", "@ptr8", "@ptr9", "@ptr10", "SL:TODO]", "IN:GET_REMINDER_DATE_TIME]"], "predicted_tokens": ["[IN:CREATE_REMINDER", "[SL:TODO", "[IN:GET_TODO", "[SL:TODO", "@ptr2", "@ptr3", "@ptr4", "@ptr5", "@ptr6", "@ptr7", "@ptr8", "@ptr9", "@ptr10", "@ptr11", "SL:TODO]", "[SL:DATE_TIME", "@ptr13", "SL:DATE_TIME]", "IN:CREATE_REMINDER]"]}
{"loss": 2.715707540512085, "class_log_probabilities": [-1.161008596420288, -4.040098190307617, -4.128172397613525, -5.050086498260498], "predictions": [33, 36, 402, 403, 404, 37, 16, 406, 17, 38, 4], "target_tokens": ["[IN:DELETE_REMINDER", "[SL:TODO", "@ptr6", "@ptr7", "@ptr8", "SL:TODO]", "[SL:DATE_TIME", "@ptr9", "@ptr10", "SL:DATE_TIME]", "IN:DELETE_REMINDER]"], "predicted_tokens": ["[IN:DELETE_REMINDER", "[SL:TODO", "@ptr7", "@ptr8", "@ptr9", "SL:TODO]", "[SL:DATE_TIME", "@ptr11", "SL:DATE_TIME]", "IN:DELETE_REMINDER]"]}
{"loss": 3.549473762512207, "class_log_probabilities": [-8.125093460083008, -8.617663383483887, -10.640026092529297, -13.152402877807617], "predictions": [49, 34, 397, 35, 36, 23, 10, 401, 402, 403, 404, 405, 11, 26, 37, 50, 4, 4, 4, 4, 4, 4, 4], "target_tokens": ["[IN:CREATE_REMINDER", "[SL:PERSON_REMINDED", "@ptr2", "SL:PERSON_REMINDED]", "[SL:TODO", "[IN:REPLY_MESSAGE", "[SL:RECIPIENT", "@ptr5", "@ptr6", "@ptr7", "@ptr8", "SL:RECIPIENT]", "[SL:CONTENT_EXACT", "@ptr11", "@ptr12", "@ptr13", "@ptr14", "@ptr15", "@ptr16", "@ptr17", "SL:CONTENT_EXACT]", "IN:REPLY_MESSAGE]", "SL:TODO]", "[SL:DATE_TIME", "@ptr18", "@ptr19", "@ptr20", "@ptr21", "@ptr22", "@ptr23", "@ptr24", "@ptr25", "SL:DATE_TIME]", "IN:CREATE_REMINDER]"], "predicted_tokens": ["[IN:CREATE_REMINDER", "[SL:PERSON_REMINDED", "@ptr2", "SL:PERSON_REMINDED]", "[SL:TODO", "[IN:SEND_MESSAGE", "[SL:RECIPIENT", "@ptr6", "@ptr7", "@ptr8", "@ptr9", "@ptr10", "SL:RECIPIENT]", "IN:SEND_MESSAGE]", "SL:TODO]", "IN:CREATE_REMINDER]"]}
{"loss": 2.0613598823547363, "class_log_probabilities": [-4.2581377029418945, -4.42771053314209, -4.537519454956055, -5.522571563720703], "predictions": [49, 36, 398, 399, 400, 401, 402, 37, 16, 403, 404, 405, 17, 50, 4, 4, 4, 4, 4], "target_tokens": ["[IN:CREATE_REMINDER", "[SL:PERSON_REMINDED", "@ptr2", "SL:PERSON_REMINDED]", "[SL:TODO", "@ptr3", "@ptr4", "@ptr5", "@ptr6", "SL:TODO]", "[SL:DATE_TIME", "@ptr7", "@ptr8", "@ptr9", "SL:DATE_TIME]", "IN:CREATE_REMINDER]"], "predicted_tokens": ["[IN:CREATE_REMINDER", "[SL:TODO", "@ptr3", "@ptr4", "@ptr5", "@ptr6", "@ptr7", "SL:TODO]", "[SL:DATE_TIME", "@ptr8", "@ptr9", "@ptr10", "SL:DATE_TIME]", "IN:CREATE_REMINDER]"]}
{"loss": 1.887681007385254, "class_log_probabilities": [-1.4852640628814697, -4.721066474914551, -4.856293678283691, -5.2105255126953125], "predictions": [49, 34, 395, 35, 36, 403, 404, 37, 50, 4, 4], "target_tokens": ["[IN:CREATE_REMINDER", "[SL:PERSON_REMINDED", "@ptr0", "SL:PERSON_REMINDED]", "[SL:TODO", "@ptr7", "@ptr8", "SL:TODO]", "IN:CREATE_REMINDER]"], "predicted_tokens": ["[IN:CREATE_REMINDER", "[SL:PERSON_REMINDED", "@ptr0", "SL:PERSON_REMINDED]", "[SL:TODO", "@ptr8", "@ptr9", "SL:TODO]", "IN:CREATE_REMINDER]"]}
{"loss": 3.3956925868988037, "class_log_probabilities": [-3.8400392532348633, -4.0192646980285645, -6.104323863983154, -6.28287935256958], "predictions": [47, 16, 401, 402, 403, 404, 405, 17, 48, 4, 4, 4, 4, 4, 4, 4], "target_tokens": ["[IN:GET_REMINDER", "[SL:PERSON_REMINDED", "@ptr9", "@ptr10", "SL:PERSON_REMINDED]", "[SL:DATE_TIME", "@ptr5", "@ptr6", "@ptr7", "@ptr8", "SL:DATE_TIME]", "IN:GET_REMINDER]"], "predicted_tokens": ["[IN:GET_REMINDER", "[SL:DATE_TIME", "@ptr6", "@ptr7", "@ptr8", "@ptr9", "@ptr10", "SL:DATE_TIME]", "IN:GET_REMINDER]"]}
{"loss": 2.057774305343628, "class_log_probabilities": [-6.729854106903076, -7.135604381561279, -8.30017375946045, -8.356017112731934], "predictions": [49, 36, 143, 36, 397, 398, 399, 400, 401, 402, 403, 404, 405, 406, 37, 16, 408, 17, 50, 4, 4, 4, 4], "target_tokens": ["[IN:CREATE_REMINDER", "[SL:TODO", "@ptr7", "@ptr8", "@ptr9", "@ptr10", "@ptr11", "SL:TODO]", "[SL:DATE_TIME", "@ptr12", "@ptr13", "@ptr14", "@ptr15", "@ptr16", "@ptr17", "@ptr18", "@ptr19", "SL:DATE_TIME]", "IN:CREATE_REMINDER]"], "predicted_tokens": ["[IN:CREATE_REMINDER", "[SL:TODO", "[IN:GET_TODO", "[SL:TODO", "@ptr2", "@ptr3", "@ptr4", "@ptr5", "@ptr6", "@ptr7", "@ptr8", "@ptr9", "@ptr10", "@ptr11", "SL:TODO]", "[SL:DATE_TIME", "@ptr13", "SL:DATE_TIME]", "IN:CREATE_REMINDER]"]}
{"loss": 3.2647018432617188, "class_log_probabilities": [-6.896703243255615, -7.802121162414551, -8.26794719696045, -80.83129119873047], "predictions": [49, 36, 143, 36, 397, 398, 399, 400, 401, 402, 37, 144, 37, 16, 412, 17, 50, 4, 4, 4, 4, 4, 4, 4, 4, 4, 4, 4, 4, 4, 4, 4, 4, 4, 4, 4, 4, 4, 4, 4, 4, 4, 4, 4, 4, 4, 4, 4, 4, 4, 4, 4, 4, 4, 4, 4, 4, 4, 4, 4, 4, 4, 4, 4, 4, 4, 4, 4, 4, 4, 4, 4, 4, 4, 4, 4, 4, 4, 4, 4, 4, 4, 4, 4, 4, 4, 4, 4, 4, 4, 4, 4, 4, 4, 4, 4, 4, 4, 4, 4], "target_tokens": ["[IN:CREATE_REMINDER", "[SL:TODO", "@ptr7", "@ptr8", "@ptr9", "@ptr10", "@ptr11", "@ptr12", "SL:TODO]", "[SL:DATE_TIME", "@ptr13", "@ptr14", "@ptr15", "@ptr16", "@ptr17", "@ptr18", "@ptr19", "SL:DATE_TIME]", "IN:CREATE_REMINDER]"], "predicted_tokens": ["[IN:CREATE_REMINDER", "[SL:TODO", "[IN:GET_TODO", "[SL:TODO", "@ptr2", "@ptr3", "@ptr4", "@ptr5", "@ptr6", "@ptr7", "SL:TODO]", "IN:GET_TODO]", "SL:TODO]", "[SL:DATE_TIME", "@ptr17", "SL:DATE_TIME]", "IN:CREATE_REMINDER]"]}
{"loss": 2.17872953414917, "class_log_probabilities": [-5.523090362548828, -5.958929538726807, -6.545816421508789, -7.821156024932861], "predictions": [49, 36, 397, 398, 399, 400, 401, 402, 37, 34, 404, 35, 16, 405, 406, 407, 409, 17, 50, 4, 4, 4, 4], "target_tokens": ["[IN:CREATE_REMINDER", "[SL:PERSON_REMINDED", "@ptr2", "SL:PERSON_REMINDED]", "[SL:TODO", "@ptr3", "@ptr4", "@ptr5", "@ptr6", "@ptr7", "@ptr8", "SL:TODO]", "[SL:DATE_TIME", "@ptr9", "@ptr10", "@ptr11", "@ptr12", "@ptr13", "SL:DATE_TIME]", "IN:CREATE_REMINDER]"], "predicted_tokens": ["[IN:CREATE_REMINDER", "[SL:TODO", "@ptr2", "@ptr3", "@ptr4", "@ptr5", "@ptr6", "@ptr7", "SL:TODO]", "[SL:PERSON_REMINDED", "@ptr9", "SL:PERSON_REMINDED]", "[SL:DATE_TIME", "@ptr10", "@ptr11", "@ptr12", "@ptr14", "SL:DATE_TIME]", "IN:CREATE_REMINDER]"]}
{"loss": 2.199359655380249, "class_log_probabilities": [-3.6193385124206543, -4.254189491271973, -5.63223934173584, -9.287418365478516], "predictions": [49, 36, 75, 6, 70, 71, 399, 400, 401, 72, 73, 7, 78, 37, 34, 403, 35, 50, 4, 4, 4, 4, 4, 4, 4, 4], "target_tokens": ["[IN:CREATE_REMINDER", "[SL:TODO", "[IN:CREATE_CALL", "[SL:CONTACT", "[IN:GET_CONTACT", "[SL:CONTACT_RELATED", "@ptr6", "@ptr7", "SL:CONTACT_RELATED]", "[SL:TYPE_RELATION", "@ptr4", "@ptr5", "SL:TYPE_RELATION]", "IN:GET_CONTACT]", "SL:CONTACT]", "IN:CREATE_CALL]", "SL:TODO]", "[SL:PERSON_REMINDED", "@ptr0", "SL:PERSON_REMINDED]", "IN:CREATE_REMINDER]"], "predicted_tokens": ["[IN:CREATE_REMINDER", "[SL:TODO", "[IN:CREATE_CALL", "[SL:CONTACT", "[IN:GET_CONTACT", "[SL:TYPE_RELATION", "@ptr4", "@ptr5", "@ptr6", "SL:TYPE_RELATION]", "IN:GET_CONTACT]", "SL:CONTACT]", "IN:CREATE_CALL]", "SL:TODO]", "[SL:PERSON_REMINDED", "@ptr8", "SL:PERSON_REMINDED]", "IN:CREATE_REMINDER]"]}
{"loss": 1.5192458629608154, "class_log_probabilities": [-5.103140354156494, -5.257363796234131, -87.30490112304688, -87.31783294677734], "predictions": [49, 34, 397, 35, 36, 398, 399, 400, 401, 402, 403, 404, 37, 16, 407, 409, 410, 17, 50, 4, 4, 4, 4, 4, 4, 4, 4, 4, 4, 4, 4, 4, 4, 4, 4, 4, 4, 4, 4, 4, 4, 4, 4, 4, 4, 4, 4, 4, 4, 4, 4, 4, 4, 4, 4, 4, 4, 4, 4, 4, 4, 4, 4, 4, 4, 4, 4, 4, 4, 4, 4, 4, 4, 4, 4, 4, 4, 4, 4, 4, 4, 4, 4, 4, 4, 4, 4, 4, 4, 4, 4, 4, 4, 4, 4, 4, 4, 4, 4, 4], "target_tokens": ["[IN:CREATE_REMINDER", "[SL:PERSON_REMINDED", "@ptr2", "SL:PERSON_REMINDED]", "[SL:TODO", "@ptr3", "@ptr4", "@ptr5", "@ptr6", "@ptr7", "@ptr8", "SL:TODO]", "[SL:DATE_TIME", "@ptr9", "@ptr10", "@ptr11", "@ptr12", "@ptr13", "@ptr14", "SL:DATE_TIME]", "IN:CREATE_REMINDER]"], "predicted_tokens": ["[IN:CREATE_REMINDER", "[SL:PERSON_REMINDED", "@ptr2", "SL:PERSON_REMINDED]", "[SL:TODO", "@ptr3", "@ptr4", "@ptr5", "@ptr6", "@ptr7", "@ptr8", "@ptr9", "SL:TODO]", "[SL:DATE_TIME", "@ptr12", "@ptr14", "@ptr15", "SL:DATE_TIME]", "IN:CREATE_REMINDER]"]}
{"loss": 2.3414340019226074, "class_log_probabilities": [-7.235378742218018, -7.892221927642822, -8.456831932067871, -9.08287239074707], "predictions": [49, 36, 143, 36, 397, 398, 399, 400, 401, 402, 403, 37, 34, 408, 35, 16, 407, 410, 411, 17, 50, 4, 4, 4, 4], "target_tokens": ["[IN:CREATE_REMINDER", "[SL:TODO", "@ptr2", "@ptr3", "@ptr4", "@ptr5", "@ptr6", "@ptr7", "SL:TODO]", "[SL:PERSON_REMINDED", "@ptr0", "SL:PERSON_REMINDED]", "[SL:DATE_TIME", "@ptr13", "@ptr14", "@ptr15", "@ptr16", "SL:DATE_TIME]", "IN:CREATE_REMINDER]"], "predicted_tokens": ["[IN:CREATE_REMINDER", "[SL:TODO", "[IN:GET_TODO", "[SL:TODO", "@ptr2", "@ptr3", "@ptr4", "@ptr5", "@ptr6", "@ptr7", "@ptr8", "SL:TODO]", "[SL:PERSON_REMINDED", "@ptr13", "SL:PERSON_REMINDED]", "[SL:DATE_TIME", "@ptr12", "@ptr15", "@ptr16", "SL:DATE_TIME]", "IN:CREATE_REMINDER]"]}
{"loss": 2.7398223876953125, "class_log_probabilities": [-5.3105034828186035, -5.381558418273926, -5.581423759460449, -6.91771936416626], "predictions": [49, 34, 398, 35, 36, 400, 401, 402, 403, 37, 16, 410, 411, 17, 50, 4, 4, 4], "target_tokens": ["[IN:CREATE_REMINDER", "[SL:PERSON_REMINDED", "@ptr3", "SL:PERSON_REMINDED]", "[SL:TODO", "@ptr5", "@ptr6", "@ptr7", "@ptr8", "@ptr9", "@ptr10", "@ptr11", "@ptr12", "SL:TODO]", "[SL:DATE_TIME", "@ptr13", "@ptr14", "@ptr15", "SL:DATE_TIME]", "IN:CREATE_REMINDER]"], "predicted_tokens": ["[IN:CREATE_REMINDER", "[SL:PERSON_REMINDED", "@ptr3", "SL:PERSON_REMINDED]", "[SL:TODO", "@ptr5", "@ptr6", "@ptr7", "@ptr8", "SL:TODO]", "[SL:DATE_TIME", "@ptr15", "@ptr16", "SL:DATE_TIME]", "IN:CREATE_REMINDER]"]}
{"loss": 2.306389093399048, "class_log_probabilities": [-4.242675304412842, -4.845808506011963, -5.506789684295654, -6.012601852416992], "predictions": [33, 36, 143, 36, 399, 400, 401, 402, 37, 144, 37, 16, 407, 408, 17, 38, 4, 4, 4], "target_tokens": ["[IN:DELETE_REMINDER", "[SL:TODO", "[IN:GET_TODO", "[SL:TODO", "[IN:CREATE_CALL", "IN:CREATE_CALL]", "SL:TODO]", "[SL:TODO", "@ptr7", "@ptr8", "@ptr9", "SL:TODO]", "IN:GET_TODO]", "SL:TODO]", "[SL:DATE_TIME", "@ptr11", "@ptr12", "SL:DATE_TIME]", "IN:DELETE_REMINDER]"], "predicted_tokens": ["[IN:DELETE_REMINDER", "[SL:TODO", "[IN:GET_TODO", "[SL:TODO", "@ptr4", "@ptr5", "@ptr6", "@ptr7", "SL:TODO]", "IN:GET_TODO]", "SL:TODO]", "[SL:DATE_TIME", "@ptr12", "@ptr13", "SL:DATE_TIME]", "IN:DELETE_REMINDER]"]}
{"loss": 1.681900978088379, "class_log_probabilities": [-2.3388307094573975, -2.873500108718872, -3.6282618045806885, -4.424831867218018], "predictions": [63, 64, 396, 65, 151, 397, 152, 68, 4, 4], "target_tokens": ["[IN:PLAY_MUSIC", "[SL:MUSIC_GENRE", "@ptr2", "SL:MUSIC_GENRE]", "IN:PLAY_MUSIC]"], "predicted_tokens": ["[IN:PLAY_MUSIC", "[SL:MUSIC_TYPE", "@ptr1", "SL:MUSIC_TYPE]", "[SL:MUSIC_GENRE", "@ptr2", "SL:MUSIC_GENRE]", "IN:PLAY_MUSIC]"]}
{"loss": 1.6685928106307983, "class_log_probabilities": [-5.034502029418945, -6.467424392700195, -6.772253036499023, -7.180934429168701], "predictions": [63, 66, 396, 397, 398, 399, 400, 67, 101, 402, 403, 404, 405, 406, 407, 408, 102, 68, 4], "target_tokens": ["[IN:PLAY_MUSIC", "[SL:MUSIC_PROVIDER_NAME", "@ptr1", "@ptr2", "@ptr3", "@ptr4", "SL:MUSIC_PROVIDER_NAME]", "[SL:MUSIC_TRACK_TITLE", "@ptr7", "@ptr8", "@ptr9", "@ptr10", "@ptr11", "@ptr12", "@ptr13", "SL:MUSIC_TRACK_TITLE]", "IN:PLAY_MUSIC]"], "predicted_tokens": ["[IN:PLAY_MUSIC", "[SL:MUSIC_ARTIST_NAME", "@ptr1", "@ptr2", "@ptr3", "@ptr4", "@ptr5", "SL:MUSIC_ARTIST_NAME]", "[SL:MUSIC_TRACK_TITLE", "@ptr7", "@ptr8", "@ptr9", "@ptr10", "@ptr11", "@ptr12", "@ptr13", "SL:MUSIC_TRACK_TITLE]", "IN:PLAY_MUSIC]"]}
{"loss": 2.5096442699432373, "class_log_probabilities": [-7.108948707580566, -7.463038444519043, -8.856633186340332, -63.075782775878906], "predictions": [75, 6, 70, 93, 396, 397, 398, 399, 400, 94, 71, 402, 403, 72, 73, 7, 78, 4, 4, 4, 4, 4, 4, 4, 4, 4, 4, 4, 4, 4, 4, 4, 4, 4, 4, 4, 4, 4, 4, 4, 4, 4, 4, 4, 4, 4, 4, 4, 4, 4, 4, 4, 4, 4, 4, 4, 4, 4, 4, 4, 4, 4, 4, 4, 4, 4, 4, 4, 4, 4, 4, 4, 4, 4, 4, 4, 4], "target_tokens": ["[IN:CREATE_CALL", "[SL:CONTACT", "[IN:GET_CONTACT", "[SL:CONTACT_RELATED", "@ptr9", "@ptr10", "SL:CONTACT_RELATED]", "[SL:TYPE_RELATION", "@ptr7", "@ptr8", "SL:TYPE_RELATION]", "IN:GET_CONTACT]", "SL:CONTACT]", "IN:CREATE_CALL]"], "predicted_tokens": ["[IN:CREATE_CALL", "[SL:CONTACT", "[IN:GET_CONTACT", "[SL:CONTACT_RELATED", "@ptr1", "@ptr2", "@ptr3", "@ptr4", "@ptr5", "SL:CONTACT_RELATED]", "[SL:TYPE_RELATION", "@ptr7", "@ptr8", "SL:TYPE_RELATION]", "IN:GET_CONTACT]", "SL:CONTACT]", "IN:CREATE_CALL]"]}
{"loss": 1.2975438833236694, "class_log_probabilities": [-2.5008294582366943, -3.1240038871765137, -3.6780505180358887, -4.109677314758301], "predictions": [75, 6, 70, 71, 400, 72, 6, 403, 404, 7, 73, 7, 6, 403, 404, 7, 78, 4], "target_tokens": ["[IN:CREATE_CALL", "[SL:CONTACT", "[IN:GET_CONTACT", "[SL:TYPE_RELATION", "@ptr5", "SL:TYPE_RELATION]", "IN:GET_CONTACT]", "SL:CONTACT]", "[SL:CONTACT", "@ptr6", "SL:CONTACT]", "[SL:CONTACT", "@ptr8", "@ptr9", "SL:CONTACT]", "IN:CREATE_CALL]"], "predicted_tokens": ["[IN:CREATE_CALL", "[SL:CONTACT", "[IN:GET_CONTACT", "[SL:TYPE_RELATION", "@ptr5", "SL:TYPE_RELATION]", "[SL:CONTACT", "@ptr8", "@ptr9", "SL:CONTACT]", "IN:GET_CONTACT]", "SL:CONTACT]", "[SL:CONTACT", "@ptr8", "@ptr9", "SL:CONTACT]", "IN:CREATE_CALL]"]}
{"loss": 4.858957290649414, "class_log_probabilities": [-0.1638687551021576, -7.726592063903809, -7.962922096252441, -8.233405113220215], "predictions": [81, 82, 4], "target_tokens": ["[IN:IGNORE_CALL", "IN:IGNORE_CALL]"], "predicted_tokens": ["[IN:END_CALL", "IN:END_CALL]"]}
{"loss": 1.8095554113388062, "class_log_probabilities": [-1.8487465381622314, -2.033569812774658, -4.436045169830322, -4.587388038635254], "predictions": [81, 6, 396, 397, 398, 7, 82, 4], "target_tokens": ["[IN:UPDATE_CALL", "[SL:CONTACT_REMOVED", "@ptr1", "@ptr2", "SL:CONTACT_REMOVED]", "IN:UPDATE_CALL]"], "predicted_tokens": ["[IN:END_CALL", "[SL:CONTACT", "@ptr1", "@ptr2", "@ptr3", "SL:CONTACT]", "IN:END_CALL]"]}
{"loss": 0.9704965949058533, "class_log_probabilities": [-0.18354582786560059, -7.710001468658447, -7.885174751281738, -7.905721187591553], "predictions": [215, 216, 4], "target_tokens": ["[IN:SWITCH_CALL", "IN:SWITCH_CALL]"], "predicted_tokens": ["[IN:SWITCH_CALL", "IN:SWITCH_CALL]"]}
{"loss": 1.1976076364517212, "class_log_probabilities": [-1.2999476194381714, -4.792179107666016, -5.915002822875977, -6.193735599517822], "predictions": [75, 6, 70, 71, 400, 72, 73, 7, 6, 70, 71, 403, 72, 73, 7, 78, 4, 4, 4, 4, 4, 4, 4, 4], "target_tokens": ["[IN:CREATE_CALL", "[SL:CONTACT", "[IN:GET_CONTACT", "[SL:TYPE_RELATION", "@ptr5", "SL:TYPE_RELATION]", "IN:GET_CONTACT]", "SL:CONTACT]", "[SL:CONTACT", "[IN:GET_CONTACT", "[SL:TYPE_RELATION", "@ptr7", "SL:TYPE_RELATION]", "IN:GET_CONTACT]", "SL:CONTACT]", "IN:CREATE_CALL]"], "predicted_tokens": ["[IN:CREATE_CALL", "[SL:CONTACT", "[IN:GET_CONTACT", "[SL:TYPE_RELATION", "@ptr5", "SL:TYPE_RELATION]", "IN:GET_CONTACT]", "SL:CONTACT]", "[SL:CONTACT", "[IN:GET_CONTACT", "[SL:TYPE_RELATION", "@ptr8", "SL:TYPE_RELATION]", "IN:GET_CONTACT]", "SL:CONTACT]", "IN:CREATE_CALL]"]}
{"loss": 0.9643902778625488, "class_log_probabilities": [-0.18440541625022888, -8.03079891204834, -8.051178932189941, -8.085612297058105], "predictions": [81, 82, 4, 4], "target_tokens": ["[IN:END_CALL", "IN:END_CALL]"], "predicted_tokens": ["[IN:END_CALL", "IN:END_CALL]"]}
{"loss": 2.1972525119781494, "class_log_probabilities": [-1.2112401723861694, -3.040412187576294, -3.9484148025512695, -5.648015022277832], "predictions": [75, 6, 70, 71, 397, 72, 73, 7, 78, 4, 4, 4, 4], "target_tokens": ["[IN:CREATE_CALL", "[SL:CONTACT", "[IN:GET_CONTACT", "[SL:CONTACT_RELATED", "@ptr3", "@ptr4", "SL:CONTACT_RELATED]", "[SL:TYPE_RELATION", "@ptr2", "SL:TYPE_RELATION]", "IN:GET_CONTACT]", "SL:CONTACT]", "IN:CREATE_CALL]"], "predicted_tokens": ["[IN:CREATE_CALL", "[SL:CONTACT", "[IN:GET_CONTACT", "[SL:TYPE_RELATION", "@ptr2", "SL:TYPE_RELATION]", "IN:GET_CONTACT]", "SL:CONTACT]", "IN:CREATE_CALL]"]}
{"loss": 2.5189802646636963, "class_log_probabilities": [-1.7135777473449707, -1.9475467205047607, -5.430719375610352, -5.702139377593994], "predictions": [81, 6, 396, 397, 398, 7, 82, 4, 4], "target_tokens": ["[IN:END_CALL", "IN:END_CALL]"], "predicted_tokens": ["[IN:END_CALL", "[SL:CONTACT", "@ptr1", "@ptr2", "@ptr3", "SL:CONTACT]", "IN:END_CALL]"]}
{"loss": 0.9877822995185852, "class_log_probabilities": [-0.15754705667495728, -6.9305572509765625, -7.627272129058838, -7.805293083190918], "predictions": [95, 96, 4], "target_tokens": ["[IN:IGNORE_CALL", "IN:IGNORE_CALL]"], "predicted_tokens": ["[IN:IGNORE_CALL", "IN:IGNORE_CALL]"]}
{"loss": 0.9865162968635559, "class_log_probabilities": [-0.8612122535705566, -3.096677780151367, -4.979972839355469, -5.944356918334961], "predictions": [95, 16, 399, 400, 401, 17, 96, 4], "target_tokens": ["[IN:IGNORE_CALL", "[SL:DATE_TIME", "@ptr4", "@ptr5", "@ptr6", "SL:DATE_TIME]", "IN:IGNORE_CALL]"], "predicted_tokens": ["[IN:IGNORE_CALL", "[SL:DATE_TIME", "@ptr4", "@ptr5", "@ptr6", "SL:DATE_TIME]", "IN:IGNORE_CALL]"]}
{"loss": 1.7183672189712524, "class_log_probabilities": [-1.6439967155456543, -2.395735740661621, -2.7921390533447266, -3.5992166996002197], "predictions": [169, 64, 401, 65, 170, 4], "target_tokens": ["[IN:REPEAT_ALL_OFF_MUSIC", "IN:REPEAT_ALL_OFF_MUSIC]"], "predicted_tokens": ["[IN:REMOVE_FROM_PLAYLIST_MUSIC", "[SL:MUSIC_TYPE", "@ptr6", "SL:MUSIC_TYPE]", "IN:REMOVE_FROM_PLAYLIST_MUSIC]"]}
{"loss": 2.608649730682373, "class_log_probabilities": [-0.7529772520065308, -5.0637712478637695, -5.251001834869385, -5.6360063552856445], "predictions": [45, 16, 400, 401, 402, 17, 46, 4, 4, 4, 4], "target_tokens": ["[IN:CREATE_ALARM", "[SL:DATE_TIME", "@ptr3", "@ptr4", "@ptr5", "@ptr6", "@ptr7", "SL:DATE_TIME]", "IN:CREATE_ALARM]"], "predicted_tokens": ["[IN:CREATE_ALARM", "[SL:DATE_TIME", "@ptr5", "@ptr6", "@ptr7", "SL:DATE_TIME]", "IN:CREATE_ALARM]"]}
{"loss": 2.230699300765991, "class_log_probabilities": [-3.059401035308838, -3.137352705001831, -3.2958080768585205, -4.434171676635742], "predictions": [63, 66, 400, 401, 402, 403, 404, 67, 68, 4], "target_tokens": ["[IN:PLAY_MUSIC", "[SL:MUSIC_PROVIDER_NAME", "@ptr5", "@ptr6", "@ptr7", "SL:MUSIC_PROVIDER_NAME]", "IN:PLAY_MUSIC]"], "predicted_tokens": ["[IN:PLAY_MUSIC", "[SL:MUSIC_ARTIST_NAME", "@ptr5", "@ptr6", "@ptr7", "@ptr8", "@ptr9", "SL:MUSIC_ARTIST_NAME]", "IN:PLAY_MUSIC]"]}
{"loss": 3.149705410003662, "class_log_probabilities": [-3.2925684452056885, -3.334589958190918, -4.347625255584717, -4.622337341308594], "predictions": [63, 101, 400, 401, 402, 403, 404, 102, 68, 4, 4], "target_tokens": ["[IN:GET_TRACK_INFO_MUSIC", "[SL:MUSIC_PROVIDER_NAME", "@ptr7", "@ptr8", "@ptr9", "@ptr10", "SL:MUSIC_PROVIDER_NAME]", "IN:GET_TRACK_INFO_MUSIC]"], "predicted_tokens": ["[IN:PLAY_MUSIC", "[SL:MUSIC_TRACK_TITLE", "@ptr5", "@ptr6", "@ptr7", "@ptr8", "@ptr9", "SL:MUSIC_TRACK_TITLE]", "IN:PLAY_MUSIC]"]}
{"loss": 2.5095555782318115, "class_log_probabilities": [-1.8931279182434082, -3.81185245513916, -4.551864147186279, -4.84201717376709], "predictions": [63, 64, 395, 65, 66, 401, 402, 403, 404, 405, 406, 67, 68, 4, 4], "target_tokens": ["[IN:DISLIKE_MUSIC", "[SL:MUSIC_TYPE", "@ptr0", "SL:MUSIC_TYPE]", "[SL:MUSIC_PROVIDER_NAME", "@ptr6", "@ptr7", "@ptr8", "@ptr9", "SL:MUSIC_PROVIDER_NAME]", "IN:DISLIKE_MUSIC]"], "predicted_tokens": ["[IN:PLAY_MUSIC", "[SL:MUSIC_TYPE", "@ptr0", "SL:MUSIC_TYPE]", "[SL:MUSIC_ARTIST_NAME", "@ptr6", "@ptr7", "@ptr8", "@ptr9", "@ptr10", "@ptr11", "SL:MUSIC_ARTIST_NAME]", "IN:PLAY_MUSIC]"]}
{"loss": 2.9615254402160645, "class_log_probabilities": [-3.5172348022460938, -4.609713554382324, -4.846846580505371, -5.129724025726318], "predictions": [61, 14, 400, 401, 402, 403, 15, 16, 405, 407, 409, 17, 62, 4, 4], "target_tokens": ["[IN:GET_EVENT", "[SL:LOCATION", "@ptr4", "@ptr5", "@ptr6", "SL:LOCATION]", "[SL:DATE_TIME", "@ptr8", "@ptr9", "@ptr10", "@ptr11", "@ptr12", "SL:DATE_TIME]", "IN:GET_EVENT]"], "predicted_tokens": ["[IN:GET_EVENT", "[SL:LOCATION", "@ptr5", "@ptr6", "@ptr7", "@ptr8", "SL:LOCATION]", "[SL:DATE_TIME", "@ptr10", "@ptr12", "@ptr14", "SL:DATE_TIME]", "IN:GET_EVENT]"]}
{"loss": 2.5313327312469482, "class_log_probabilities": [-3.4951775074005127, -4.097761631011963, -4.204655170440674, -5.02058219909668], "predictions": [61, 14, 398, 15, 16, 402, 403, 404, 405, 406, 17, 62, 4, 4, 4, 4, 4, 4, 4], "target_tokens": ["[IN:GET_EVENT", "[SL:LOCATION", "@ptr3", "@ptr4", "SL:LOCATION]", "[SL:DATE_TIME", "@ptr5", "@ptr6", "@ptr7", "@ptr8", "@ptr9", "SL:DATE_TIME]", "IN:GET_EVENT]"], "predicted_tokens": ["[IN:GET_EVENT", "[SL:LOCATION", "@ptr3", "SL:LOCATION]", "[SL:DATE_TIME", "@ptr7", "@ptr8", "@ptr9", "@ptr10", "@ptr11", "SL:DATE_TIME]", "IN:GET_EVENT]"]}
{"loss": 2.2761688232421875, "class_log_probabilities": [-3.930992603302002, -3.9538888931274414, -4.389211177825928, -4.5005083084106445], "predictions": [61, 83, 397, 84, 14, 400, 15, 16, 402, 403, 17, 62, 4, 4], "target_tokens": ["[IN:GET_EVENT", "[SL:CATEGORY_EVENT", "@ptr0", "@ptr1", "@ptr2", "SL:CATEGORY_EVENT]", "[SL:LOCATION", "@ptr4", "SL:LOCATION]", "[SL:DATE_TIME", "@ptr5", "@ptr6", "@ptr7", "SL:DATE_TIME]", "IN:GET_EVENT]"], "predicted_tokens": ["[IN:GET_EVENT", "[SL:CATEGORY_EVENT", "@ptr2", "SL:CATEGORY_EVENT]", "[SL:LOCATION", "@ptr5", "SL:LOCATION]", "[SL:DATE_TIME", "@ptr7", "@ptr8", "SL:DATE_TIME]", "IN:GET_EVENT]"]}
{"loss": 1.5089912414550781, "class_log_probabilities": [-0.5991379022598267, -5.07903528213501, -5.296027660369873, -5.304478168487549], "predictions": [61, 14, 400, 401, 402, 403, 15, 62, 4], "target_tokens": ["[IN:GET_EVENT", "[SL:LOCATION", "@ptr5", "@ptr6", "@ptr7", "SL:LOCATION]", "IN:GET_EVENT]"], "predicted_tokens": ["[IN:GET_EVENT", "[SL:LOCATION", "@ptr5", "@ptr6", "@ptr7", "@ptr8", "SL:LOCATION]", "IN:GET_EVENT]"]}
{"loss": 2.129307270050049, "class_log_probabilities": [-2.754664182662964, -3.4781651496887207, -3.8215043544769287, -4.114542007446289], "predictions": [61, 83, 397, 84, 14, 399, 15, 16, 402, 403, 404, 17, 62, 4], "target_tokens": ["[IN:GET_EVENT", "[SL:CATEGORY_EVENT", "@ptr2", "SL:CATEGORY_EVENT]", "[SL:LOCATION", "@ptr4", "SL:LOCATION]", "[SL:DATE_TIME", "@ptr5", "@ptr6", "@ptr7", "SL:DATE_TIME]", "IN:GET_EVENT]"], "predicted_tokens": ["[IN:GET_EVENT", "[SL:CATEGORY_EVENT", "@ptr2", "SL:CATEGORY_EVENT]", "[SL:LOCATION", "@ptr4", "SL:LOCATION]", "[SL:DATE_TIME", "@ptr7", "@ptr8", "@ptr9", "SL:DATE_TIME]", "IN:GET_EVENT]"]}
{"loss": 1.7917404174804688, "class_log_probabilities": [-4.533092021942139, -5.187108516693115, -5.642802715301514, -5.862089157104492], "predictions": [61, 14, 395, 396, 397, 15, 16, 404, 17, 62, 4, 4, 4, 4, 4, 4], "target_tokens": ["[IN:GET_EVENT", "[SL:LOCATION", "@ptr4", "@ptr5", "@ptr6", "SL:LOCATION]", "[SL:DATE_TIME", "@ptr7", "@ptr8", "SL:DATE_TIME]", "IN:GET_EVENT]"], "predicted_tokens": ["[IN:GET_EVENT", "[SL:LOCATION", "@ptr0", "@ptr1", "@ptr2", "SL:LOCATION]", "[SL:DATE_TIME", "@ptr9", "SL:DATE_TIME]", "IN:GET_EVENT]"]}
{"loss": 1.1180745363235474, "class_log_probabilities": [-2.7934982776641846, -3.231170654296875, -3.3504459857940674, -4.349123001098633], "predictions": [61, 83, 396, 397, 398, 84, 14, 400, 401, 402, 403, 15, 16, 404, 405, 17, 62, 4, 4], "target_tokens": ["[IN:GET_EVENT", "[SL:CATEGORY_EVENT", "@ptr1", "@ptr2", "@ptr3", "SL:CATEGORY_EVENT]", "[SL:LOCATION", "@ptr5", "@ptr6", "@ptr7", "SL:LOCATION]", "[SL:DATE_TIME", "@ptr9", "@ptr10", "SL:DATE_TIME]", "IN:GET_EVENT]"], "predicted_tokens": ["[IN:GET_EVENT", "[SL:CATEGORY_EVENT", "@ptr1", "@ptr2", "@ptr3", "SL:CATEGORY_EVENT]", "[SL:LOCATION", "@ptr5", "@ptr6", "@ptr7", "@ptr8", "SL:LOCATION]", "[SL:DATE_TIME", "@ptr9", "@ptr10", "SL:DATE_TIME]", "IN:GET_EVENT]"]}
{"loss": 2.108121395111084, "class_log_probabilities": [-2.8997321128845215, -3.847341775894165, -4.627630710601807, -7.408419132232666], "predictions": [61, 83, 396, 397, 398, 399, 400, 401, 402, 17, 62, 4, 4, 4, 4, 4, 4], "target_tokens": ["[IN:GET_EVENT", "[SL:CATEGORY_EVENT", "@ptr0", "SL:CATEGORY_EVENT]", "[SL:LOCATION", "@ptr2", "@ptr3", "@ptr4", "SL:LOCATION]", "[SL:DATE_TIME", "@ptr5", "@ptr6", "SL:DATE_TIME]", "IN:GET_EVENT]"], "predicted_tokens": ["[IN:GET_EVENT", "[SL:CATEGORY_EVENT", "@ptr1", "@ptr2", "@ptr3", "@ptr4", "@ptr5", "@ptr6", "@ptr7", "SL:DATE_TIME]", "IN:GET_EVENT]"]}
{"loss": 1.7366843223571777, "class_log_probabilities": [-0.8342405557632446, -6.198266983032227, -6.42548942565918, -6.514461517333984], "predictions": [61, 14, 397, 398, 399, 15, 16, 400, 401, 402, 403, 404, 17, 62, 4], "target_tokens": ["[IN:GET_EVENT", "[SL:LOCATION", "@ptr2", "@ptr3", "@ptr4", "SL:LOCATION]", "[SL:DATE_TIME", "@ptr6", "@ptr7", "@ptr8", "SL:DATE_TIME]", "IN:GET_EVENT]"], "predicted_tokens": ["[IN:GET_EVENT", "[SL:LOCATION", "@ptr2", "@ptr3", "@ptr4", "SL:LOCATION]", "[SL:DATE_TIME", "@ptr5", "@ptr6", "@ptr7", "@ptr8", "@ptr9", "SL:DATE_TIME]", "IN:GET_EVENT]"]}
{"loss": 3.108062267303467, "class_log_probabilities": [-0.6496983766555786, -4.374284267425537, -4.753230094909668, -5.12040376663208], "predictions": [61, 16, 401, 402, 17, 62, 4, 4], "target_tokens": ["[IN:GET_EVENT", "[SL:DATE_TIME", "@ptr4", "@ptr5", "SL:DATE_TIME]", "IN:GET_EVENT]"], "predicted_tokens": ["[IN:GET_EVENT", "[SL:DATE_TIME", "@ptr6", "@ptr7", "SL:DATE_TIME]", "IN:GET_EVENT]"]}
{"loss": 2.2047410011291504, "class_log_probabilities": [-2.398733377456665, -4.356563568115234, -4.967865943908691, -5.588857650756836], "predictions": [61, 14, 400, 401, 402, 403, 404, 405, 15, 62, 4, 4], "target_tokens": ["[IN:GET_EVENT", "[SL:LOCATION", "@ptr5", "@ptr6", "@ptr7", "@ptr8", "SL:LOCATION]", "[SL:DATE_TIME", "@ptr9", "@ptr10", "SL:DATE_TIME]", "IN:GET_EVENT]"], "predicted_tokens": ["[IN:GET_EVENT", "[SL:LOCATION", "@ptr5", "@ptr6", "@ptr7", "@ptr8", "@ptr9", "@ptr10", "SL:LOCATION]", "IN:GET_EVENT]"]}
{"loss": 2.3153979778289795, "class_log_probabilities": [-1.8963288068771362, -2.581920623779297, -3.7641444206237793, -4.2260308265686035], "predictions": [61, 14, 400, 401, 402, 15, 16, 404, 405, 17, 62, 4, 4, 4], "target_tokens": ["[IN:GET_EVENT", "[SL:LOCATION", "@ptr5", "@ptr6", "SL:LOCATION]", "[SL:DATE_TIME", "@ptr7", "@ptr8", "@ptr9", "SL:DATE_TIME]", "IN:GET_EVENT]"], "predicted_tokens": ["[IN:GET_EVENT", "[SL:LOCATION", "@ptr5", "@ptr6", "@ptr7", "SL:LOCATION]", "[SL:DATE_TIME", "@ptr9", "@ptr10", "SL:DATE_TIME]", "IN:GET_EVENT]"]}
{"loss": 2.8957648277282715, "class_log_probabilities": [-3.534205198287964, -4.210308074951172, -4.773401737213135, -5.074277877807617], "predictions": [13, 79, 396, 397, 398, 399, 400, 401, 80, 16, 403, 17, 18, 4], "target_tokens": ["[IN:GET_EVENT", "[SL:CATEGORY_EVENT", "@ptr1", "@ptr2", "@ptr3", "@ptr4", "@ptr5", "SL:CATEGORY_EVENT]", "IN:GET_EVENT]"], "predicted_tokens": ["[IN:GET_WEATHER", "[SL:WEATHER_ATTRIBUTE", "@ptr1", "@ptr2", "@ptr3", "@ptr4", "@ptr5", "@ptr6", "SL:WEATHER_ATTRIBUTE]", "[SL:DATE_TIME", "@ptr8", "SL:DATE_TIME]", "IN:GET_WEATHER]"]}
{"loss": 3.1249959468841553, "class_log_probabilities": [-2.185706615447998, -3.55484938621521, -4.118975639343262, -65.94336700439453], "predictions": [61, 14, 407, 15, 62, 4, 4, 4, 4, 4, 4, 4, 4, 4, 4, 4, 4, 4, 4, 4, 4, 4, 4, 4, 4, 4, 4, 4, 4, 4, 4, 4, 4, 4, 4, 4, 4, 4, 4, 4, 4, 4, 4, 4, 4, 4, 4, 4, 4, 4, 4, 4, 4, 4, 4, 4, 4, 4, 4, 4, 4, 4, 4, 4, 4, 4, 4, 4, 4, 4, 4, 4, 4, 4, 4, 4], "target_tokens": ["[IN:GET_EVENT", "[SL:LOCATION", "@ptr11", "@ptr12", "@ptr13", "SL:LOCATION]", "[SL:DATE_TIME", "@ptr14", "@ptr15", "@ptr16", "SL:DATE_TIME]", "IN:GET_EVENT]"], "predicted_tokens": ["[IN:GET_EVENT", "[SL:LOCATION", "@ptr12", "SL:LOCATION]", "IN:GET_EVENT]"]}
{"loss": 2.756988048553467, "class_log_probabilities": [-1.842749834060669, -1.866049885749817, -3.7447729110717773, -3.878416061401367], "predictions": [61, 14, 399, 400, 401, 15, 16, 403, 404, 17, 62, 4, 4], "target_tokens": ["[IN:GET_EVENT", "[SL:CATEGORY_EVENT", "@ptr1", "SL:CATEGORY_EVENT]", "[SL:LOCATION", "@ptr4", "@ptr5", "@ptr6", "SL:LOCATION]", "[SL:DATE_TIME", "@ptr7", "@ptr8", "SL:DATE_TIME]", "IN:GET_EVENT]"], "predicted_tokens": ["[IN:GET_EVENT", "[SL:LOCATION", "@ptr4", "@ptr5", "@ptr6", "SL:LOCATION]", "[SL:DATE_TIME", "@ptr8", "@ptr9", "SL:DATE_TIME]", "IN:GET_EVENT]"]}
{"loss": 2.6238627433776855, "class_log_probabilities": [-1.6879950761795044, -1.8814032077789307, -5.235665321350098, -5.729384422302246], "predictions": [61, 14, 401, 402, 403, 404, 405, 406, 15, 62, 4], "target_tokens": ["[IN:GET_EVENT", "[SL:CATEGORY_EVENT", "@ptr1", "SL:CATEGORY_EVENT]", "[SL:LOCATION", "@ptr6", "@ptr7", "@ptr8", "@ptr9", "SL:LOCATION]", "[SL:DATE_TIME", "@ptr10", "@ptr11", "SL:DATE_TIME]", "IN:GET_EVENT]"], "predicted_tokens": ["[IN:GET_EVENT", "[SL:LOCATION", "@ptr6", "@ptr7", "@ptr8", "@ptr9", "@ptr10", "@ptr11", "SL:LOCATION]", "IN:GET_EVENT]"]}
{"loss": 4.056066513061523, "class_log_probabilities": [-1.3966832160949707, -2.0918538570404053, -2.531782865524292, -5.267374038696289], "predictions": [61, 16, 395, 396, 17, 14, 403, 405, 15, 62, 4, 4], "target_tokens": ["[IN:GET_EVENT", "[SL:LOCATION", "@ptr7", "@ptr8", "SL:LOCATION]", "[SL:DATE_TIME", "@ptr0", "@ptr1", "SL:DATE_TIME]", "IN:GET_EVENT]"], "predicted_tokens": ["[IN:GET_EVENT", "[SL:DATE_TIME", "@ptr0", "@ptr1", "SL:DATE_TIME]", "[SL:LOCATION", "@ptr8", "@ptr10", "SL:LOCATION]", "IN:GET_EVENT]"]}
{"loss": 3.343602418899536, "class_log_probabilities": [-0.45284098386764526, -6.136899471282959, -6.678216457366943, -7.1526198387146], "predictions": [61, 16, 402, 403, 17, 62, 4, 4], "target_tokens": ["[IN:GET_EVENT", "[SL:DATE_TIME", "@ptr6", "@ptr7", "SL:DATE_TIME]", "IN:GET_EVENT]"], "predicted_tokens": ["[IN:GET_EVENT", "[SL:DATE_TIME", "@ptr7", "@ptr8", "SL:DATE_TIME]", "IN:GET_EVENT]"]}
{"loss": 3.7229931354522705, "class_log_probabilities": [-1.5817437171936035, -2.461536407470703, -3.6070592403411865, -4.998818874359131], "predictions": [61, 14, 400, 401, 402, 403, 15, 16, 404, 406, 17, 62, 4, 4], "target_tokens": ["[IN:GET_EVENT", "[SL:LOCATION", "@ptr4", "@ptr5", "@ptr6", "SL:LOCATION]", "[SL:DATE_TIME", "@ptr7", "@ptr8", "@ptr9", "SL:DATE_TIME]", "IN:GET_EVENT]"], "predicted_tokens": ["[IN:GET_EVENT", "[SL:LOCATION", "@ptr5", "@ptr6", "@ptr7", "@ptr8", "SL:LOCATION]", "[SL:DATE_TIME", "@ptr9", "@ptr11", "SL:DATE_TIME]", "IN:GET_EVENT]"]}
{"loss": 1.3619598150253296, "class_log_probabilities": [-3.5587708950042725, -3.6844334602355957, -3.767101287841797, -4.562373161315918], "predictions": [61, 16, 395, 396, 17, 83, 407, 84, 62, 4, 4], "target_tokens": ["[IN:GET_EVENT", "[SL:DATE_TIME", "@ptr0", "@ptr1", "SL:DATE_TIME]", "IN:GET_EVENT]"], "predicted_tokens": ["[IN:GET_EVENT", "[SL:DATE_TIME", "@ptr0", "@ptr1", "SL:DATE_TIME]", "[SL:CATEGORY_EVENT", "@ptr12", "SL:CATEGORY_EVENT]", "IN:GET_EVENT]"]}
{"loss": 1.1095894575119019, "class_log_probabilities": [-2.429774045944214, -3.142425298690796, -3.263284683227539, -3.2779436111450195], "predictions": [61, 14, 400, 401, 402, 403, 404, 405, 406, 407, 408, 15, 62, 4], "target_tokens": ["[IN:GET_EVENT", "[SL:LOCATION", "@ptr5", "@ptr6", "@ptr7", "@ptr8", "@ptr9", "@ptr10", "@ptr11", "@ptr12", "SL:LOCATION]", "IN:GET_EVENT]"], "predicted_tokens": ["[IN:GET_EVENT", "[SL:LOCATION", "@ptr5", "@ptr6", "@ptr7", "@ptr8", "@ptr9", "@ptr10", "@ptr11", "@ptr12", "@ptr13", "SL:LOCATION]", "IN:GET_EVENT]"]}
{"loss": 2.442218065261841, "class_log_probabilities": [-2.9296343326568604, -4.076757907867432, -5.327149391174316, -5.435351848602295], "predictions": [61, 83, 395, 84, 14, 398, 399, 400, 15, 16, 401, 402, 17, 62, 4], "target_tokens": ["[IN:GET_EVENT", "[SL:CATEGORY_EVENT", "@ptr0", "@ptr1", "SL:CATEGORY_EVENT]", "[SL:LOCATION", "@ptr3", "@ptr4", "SL:LOCATION]", "[SL:DATE_TIME", "@ptr5", "@ptr6", "SL:DATE_TIME]", "IN:GET_EVENT]"], "predicted_tokens": ["[IN:GET_EVENT", "[SL:CATEGORY_EVENT", "@ptr0", "SL:CATEGORY_EVENT]", "[SL:LOCATION", "@ptr3", "@ptr4", "@ptr5", "SL:LOCATION]", "[SL:DATE_TIME", "@ptr6", "@ptr7", "SL:DATE_TIME]", "IN:GET_EVENT]"]}
{"loss": 1.8143335580825806, "class_log_probabilities": [-0.7724281549453735, -4.228291988372803, -5.457507610321045, -5.462868690490723], "predictions": [61, 14, 401, 402, 403, 404, 405, 15, 62, 4, 4, 4, 4], "target_tokens": ["[IN:GET_EVENT", "[SL:LOCATION", "@ptr6", "@ptr7", "@ptr8", "SL:LOCATION]", "[SL:DATE_TIME", "@ptr9", "@ptr10", "SL:DATE_TIME]", "IN:GET_EVENT]"], "predicted_tokens": ["[IN:GET_EVENT", "[SL:LOCATION", "@ptr6", "@ptr7", "@ptr8", "@ptr9", "@ptr10", "SL:LOCATION]", "IN:GET_EVENT]"]}
{"loss": 1.2288250923156738, "class_log_probabilities": [-1.4474411010742188, -2.333096981048584, -3.668396472930908, -3.976242780685425], "predictions": [61, 14, 400, 401, 402, 403, 15, 16, 405, 407, 17, 62, 4, 4], "target_tokens": ["[IN:GET_EVENT", "[SL:LOCATION", "@ptr5", "@ptr6", "@ptr7", "@ptr8", "SL:LOCATION]", "[SL:DATE_TIME", "@ptr10", "@ptr11", "SL:DATE_TIME]", "IN:GET_EVENT]"], "predicted_tokens": ["[IN:GET_EVENT", "[SL:LOCATION", "@ptr5", "@ptr6", "@ptr7", "@ptr8", "SL:LOCATION]", "[SL:DATE_TIME", "@ptr10", "@ptr12", "SL:DATE_TIME]", "IN:GET_EVENT]"]}
{"loss": 1.5539056062698364, "class_log_probabilities": [-2.1655964851379395, -2.830172061920166, -2.859213352203369, -2.974935293197632], "predictions": [61, 14, 400, 15, 16, 403, 404, 406, 17, 62, 4, 4], "target_tokens": ["[IN:GET_EVENT", "[SL:LOCATION", "@ptr5", "SL:LOCATION]", "[SL:DATE_TIME", "@ptr7", "@ptr8", "@ptr9", "SL:DATE_TIME]", "IN:GET_EVENT]"], "predicted_tokens": ["[IN:GET_EVENT", "[SL:LOCATION", "@ptr5", "SL:LOCATION]", "[SL:DATE_TIME", "@ptr8", "@ptr9", "@ptr11", "SL:DATE_TIME]", "IN:GET_EVENT]"]}
{"loss": 1.3425641059875488, "class_log_probabilities": [-0.780171811580658, -4.108212471008301, -4.458619117736816, -4.637017250061035], "predictions": [61, 14, 400, 15, 16, 402, 403, 404, 17, 62, 4], "target_tokens": ["[IN:GET_EVENT", "[SL:LOCATION", "@ptr5", "SL:LOCATION]", "[SL:DATE_TIME", "@ptr7", "@ptr8", "SL:DATE_TIME]", "IN:GET_EVENT]"], "predicted_tokens": ["[IN:GET_EVENT", "[SL:LOCATION", "@ptr5", "SL:LOCATION]", "[SL:DATE_TIME", "@ptr7", "@ptr8", "@ptr9", "SL:DATE_TIME]", "IN:GET_EVENT]"]}
{"loss": 3.010577917098999, "class_log_probabilities": [-1.586382508277893, -2.2276906967163086, -3.0086066722869873, -3.6692917346954346], "predictions": [61, 14, 401, 15, 16, 404, 406, 17, 62, 4], "target_tokens": ["[IN:GET_EVENT", "[SL:LOCATION", "@ptr5", "SL:LOCATION]", "[SL:DATE_TIME", "@ptr6", "@ptr7", "@ptr8", "SL:DATE_TIME]", "IN:GET_EVENT]"], "predicted_tokens": ["[IN:GET_EVENT", "[SL:LOCATION", "@ptr6", "SL:LOCATION]", "[SL:DATE_TIME", "@ptr9", "@ptr11", "SL:DATE_TIME]", "IN:GET_EVENT]"]}
{"loss": 1.4631175994873047, "class_log_probabilities": [-0.9220036268234253, -6.137393951416016, -6.384159564971924, -6.504018783569336], "predictions": [61, 16, 399, 400, 401, 402, 403, 404, 17, 62, 4], "target_tokens": ["[IN:GET_EVENT", "[SL:DATE_TIME", "@ptr4", "@ptr5", "@ptr6", "@ptr7", "@ptr8", "SL:DATE_TIME]", "IN:GET_EVENT]"], "predicted_tokens": ["[IN:GET_EVENT", "[SL:DATE_TIME", "@ptr4", "@ptr5", "@ptr6", "@ptr7", "@ptr8", "@ptr9", "SL:DATE_TIME]", "IN:GET_EVENT]"]}
{"loss": 1.626070499420166, "class_log_probabilities": [-0.7253217697143555, -4.914141654968262, -6.012994289398193, -6.188024997711182], "predictions": [61, 16, 399, 400, 401, 402, 403, 17, 62, 4], "target_tokens": ["[IN:GET_EVENT", "[SL:DATE_TIME", "@ptr4", "@ptr5", "@ptr6", "@ptr7", "SL:DATE_TIME]", "IN:GET_EVENT]"], "predicted_tokens": ["[IN:GET_EVENT", "[SL:DATE_TIME", "@ptr4", "@ptr5", "@ptr6", "@ptr7", "@ptr8", "SL:DATE_TIME]", "IN:GET_EVENT]"]}
{"loss": 2.191990613937378, "class_log_probabilities": [-0.6122521758079529, -5.6890549659729, -5.915150165557861, -6.050516128540039], "predictions": [13, 16, 395, 396, 17, 18, 4], "target_tokens": ["[IN:GET_EVENT", "[SL:DATE_TIME", "@ptr0", "@ptr1", "SL:DATE_TIME]", "IN:GET_EVENT]"], "predicted_tokens": ["[IN:GET_WEATHER", "[SL:DATE_TIME", "@ptr0", "@ptr1", "SL:DATE_TIME]", "IN:GET_WEATHER]"]}
{"loss": 1.5711050033569336, "class_log_probabilities": [-0.7019583582878113, -3.571479082107544, -5.346696853637695, -5.388953685760498], "predictions": [61, 16, 398, 399, 400, 17, 62, 4], "target_tokens": ["[IN:GET_EVENT", "[SL:DATE_TIME", "@ptr3", "@ptr4", "SL:DATE_TIME]", "IN:GET_EVENT]"], "predicted_tokens": ["[IN:GET_EVENT", "[SL:DATE_TIME", "@ptr3", "@ptr4", "@ptr5", "SL:DATE_TIME]", "IN:GET_EVENT]"]}
{"loss": 4.0324387550354, "class_log_probabilities": [-1.8407098054885864, -2.7387635707855225, -4.3440728187561035, -4.69584846496582], "predictions": [295, 83, 400, 401, 84, 16, 403, 404, 405, 17, 296, 4], "target_tokens": ["[IN:GET_EVENT", "[SL:CATEGORY_EVENT", "@ptr4", "@ptr5", "SL:CATEGORY_EVENT]", "[SL:DATE_TIME", "@ptr6", "@ptr7", "@ptr8", "SL:DATE_TIME]", "IN:GET_EVENT]"], "predicted_tokens": ["[IN:GET_DATE_TIME_EVENT", "[SL:CATEGORY_EVENT", "@ptr5", "@ptr6", "SL:CATEGORY_EVENT]", "[SL:DATE_TIME", "@ptr8", "@ptr9", "@ptr10", "SL:DATE_TIME]", "IN:GET_DATE_TIME_EVENT]"]}
{"loss": 0.9620683193206787, "class_log_probabilities": [-0.36743998527526855, -5.794520378112793, -6.001744270324707, -6.365004062652588], "predictions": [61, 62, 4], "target_tokens": ["[IN:GET_EVENT", "IN:GET_EVENT]"], "predicted_tokens": ["[IN:GET_EVENT", "IN:GET_EVENT]"]}
{"loss": 2.009676694869995, "class_log_probabilities": [-3.5079662799835205, -4.580116271972656, -4.715625762939453, -5.0949931144714355], "predictions": [70, 93, 397, 398, 399, 400, 401, 402, 403, 94, 73, 4, 4, 4, 4], "target_tokens": ["[IN:GET_CONTACT", "[SL:CONTACT", "@ptr2", "@ptr3", "@ptr4", "@ptr5", "@ptr6", "@ptr7", "SL:CONTACT]", "[SL:TYPE_RELATION", "@ptr0", "SL:TYPE_RELATION]", "IN:GET_CONTACT]"], "predicted_tokens": ["[IN:GET_CONTACT", "[SL:CONTACT_RELATED", "@ptr2", "@ptr3", "@ptr4", "@ptr5", "@ptr6", "@ptr7", "@ptr8", "SL:CONTACT_RELATED]", "IN:GET_CONTACT]"]}
{"loss": 1.5561943054199219, "class_log_probabilities": [-1.0794180631637573, -3.094367265701294, -4.335691452026367, -5.376805305480957], "predictions": [70, 6, 395, 396, 397, 398, 7, 71, 401, 72, 73, 4, 4], "target_tokens": ["[IN:GET_CONTACT", "[SL:CONTACT", "@ptr0", "@ptr1", "@ptr2", "@ptr3", "SL:CONTACT]", "[SL:TYPE_RELATION", "@ptr5", "SL:TYPE_RELATION]", "IN:GET_CONTACT]"], "predicted_tokens": ["[IN:GET_CONTACT", "[SL:CONTACT", "@ptr0", "@ptr1", "@ptr2", "@ptr3", "SL:CONTACT]", "[SL:TYPE_RELATION", "@ptr6", "SL:TYPE_RELATION]", "IN:GET_CONTACT]"]}
{"loss": 2.157733917236328, "class_log_probabilities": [-0.8326550722122192, -5.314113140106201, -5.481555461883545, -5.807462692260742], "predictions": [70, 71, 396, 72, 6, 398, 399, 400, 401, 7, 73, 4, 4], "target_tokens": ["[IN:GET_CONTACT", "[SL:CONTACT", "@ptr3", "@ptr4", "@ptr5", "@ptr6", "SL:CONTACT]", "[SL:TYPE_RELATION", "@ptr1", "SL:TYPE_RELATION]", "IN:GET_CONTACT]"], "predicted_tokens": ["[IN:GET_CONTACT", "[SL:TYPE_RELATION", "@ptr1", "SL:TYPE_RELATION]", "[SL:CONTACT", "@ptr3", "@ptr4", "@ptr5", "@ptr6", "SL:CONTACT]", "IN:GET_CONTACT]"]}
{"loss": 1.304213523864746, "class_log_probabilities": [-2.31943678855896, -3.180509090423584, -3.942279815673828, -5.628800392150879], "predictions": [23, 10, 399, 11, 26, 4, 4, 4, 4], "target_tokens": ["[IN:GET_INFO_CONTACT", "[SL:CONTACT", "@ptr4", "SL:CONTACT]", "IN:GET_INFO_CONTACT]"], "predicted_tokens": ["[IN:SEND_MESSAGE", "[SL:RECIPIENT", "@ptr4", "SL:RECIPIENT]", "IN:SEND_MESSAGE]"]}
{"loss": 2.5940840244293213, "class_log_probabilities": [-3.4799532890319824, -3.5924830436706543, -3.944226026535034, -5.074559688568115], "predictions": [23, 24, 400, 401, 402, 403, 25, 10, 405, 11, 26, 4], "target_tokens": ["[IN:GET_INFO_CONTACT", "[SL:CONTACT", "@ptr8", "SL:CONTACT]", "IN:GET_INFO_CONTACT]"], "predicted_tokens": ["[IN:SEND_MESSAGE", "[SL:CONTENT_EXACT", "@ptr5", "@ptr6", "@ptr7", "@ptr8", "SL:CONTENT_EXACT]", "[SL:RECIPIENT", "@ptr10", "SL:RECIPIENT]", "IN:SEND_MESSAGE]"]}
{"loss": 2.211886405944824, "class_log_probabilities": [-0.6921114325523376, -2.218400001525879, -5.34683084487915, -6.124782085418701], "predictions": [105, 6, 400, 7, 106, 4, 4], "target_tokens": ["[IN:GET_INFO_CONTACT", "[SL:CONTACT", "@ptr4", "SL:CONTACT]", "IN:GET_INFO_CONTACT]"], "predicted_tokens": ["[IN:GET_INFO_CONTACT", "[SL:CONTACT", "@ptr5", "SL:CONTACT]", "IN:GET_INFO_CONTACT]"]}
{"loss": 1.8617831468582153, "class_log_probabilities": [-1.3598637580871582, -1.7677736282348633, -6.509993553161621, -7.261225700378418], "predictions": [137, 6, 395, 396, 7, 138, 397, 398, 399, 139, 140, 4], "target_tokens": ["[IN:GET_EMPLOYER", "[SL:CONTACT", "@ptr0", "@ptr1", "@ptr2", "@ptr3", "SL:CONTACT]", "IN:GET_EMPLOYER]"], "predicted_tokens": ["[IN:GET_EMPLOYER", "[SL:CONTACT", "@ptr0", "@ptr1", "SL:CONTACT]", "[SL:EMPLOYER", "@ptr2", "@ptr3", "@ptr4", "SL:EMPLOYER]", "IN:GET_EMPLOYER]"]}
{"loss": 3.0102083683013916, "class_log_probabilities": [-0.4252602458000183, -6.922614097595215, -7.010476589202881, -7.408284664154053], "predictions": [125, 6, 395, 7, 126, 4], "target_tokens": ["[IN:GET_AGE", "IN:GET_AGE]"], "predicted_tokens": ["[IN:GET_AGE", "[SL:CONTACT", "@ptr0", "SL:CONTACT]", "IN:GET_AGE]"]}
{"loss": 3.7452499866485596, "class_log_probabilities": [-2.663687229156494, -3.3781509399414062, -4.436405658721924, -5.2391204833984375], "predictions": [105, 6, 400, 401, 402, 7, 106, 4], "target_tokens": ["[IN:GET_CONTACT", "[SL:CONTACT", "@ptr4", "@ptr5", "@ptr6", "SL:CONTACT]", "IN:GET_CONTACT]"], "predicted_tokens": ["[IN:GET_INFO_CONTACT", "[SL:CONTACT", "@ptr5", "@ptr6", "@ptr7", "SL:CONTACT]", "IN:GET_INFO_CONTACT]"]}
{"loss": 1.0653167963027954, "class_log_probabilities": [-1.3240262269973755, -2.0189411640167236, -2.7707035541534424, -4.704432487487793], "predictions": [137, 6, 395, 7, 140, 4], "target_tokens": ["[IN:GET_EMPLOYER", "[SL:CONTACT", "@ptr0", "SL:CONTACT]", "IN:GET_EMPLOYER]"], "predicted_tokens": ["[IN:GET_EMPLOYER", "[SL:CONTACT", "@ptr0", "SL:CONTACT]", "IN:GET_EMPLOYER]"]}
{"loss": 1.8928462266921997, "class_log_probabilities": [-1.2241328954696655, -1.900517463684082, -5.513379096984863, -7.551102638244629], "predictions": [211, 6, 397, 398, 7, 212, 4, 4], "target_tokens": ["[IN:GET_EMPLOYER", "[SL:CONTACT", "@ptr2", "@ptr3", "SL:CONTACT]", "IN:GET_EMPLOYER]"], "predicted_tokens": ["[IN:GET_LOCATION", "[SL:CONTACT", "@ptr2", "@ptr3", "SL:CONTACT]", "IN:GET_LOCATION]"]}
{"loss": 3.674862861633301, "class_log_probabilities": [-1.1368893384933472, -3.3587820529937744, -4.056887149810791, -4.623586177825928], "predictions": [211, 71, 395, 396, 72, 93, 398, 94, 212, 4, 4], "target_tokens": ["[IN:GET_EMPLOYER", "[SL:CONTACT_RELATED", "@ptr2", "@ptr3", "SL:CONTACT_RELATED]", "[SL:TYPE_RELATION", "@ptr0", "@ptr1", "SL:TYPE_RELATION]", "IN:GET_EMPLOYER]"], "predicted_tokens": ["[IN:GET_LOCATION", "[SL:TYPE_RELATION", "@ptr0", "@ptr1", "SL:TYPE_RELATION]", "[SL:CONTACT_RELATED", "@ptr3", "SL:CONTACT_RELATED]", "IN:GET_LOCATION]"]}
{"loss": 2.1748998165130615, "class_log_probabilities": [-0.3560757040977478, -5.200655460357666, -5.854390621185303, -7.099837779998779], "predictions": [137, 6, 402, 7, 140, 4, 4], "target_tokens": ["[IN:GET_EMPLOYER", "[SL:CONTACT", "@ptr6", "SL:CONTACT]", "IN:GET_EMPLOYER]"], "predicted_tokens": ["[IN:GET_EMPLOYER", "[SL:CONTACT", "@ptr7", "SL:CONTACT]", "IN:GET_EMPLOYER]"]}
{"loss": 2.976396083831787, "class_log_probabilities": [-1.1178423166275024, -3.9138615131378174, -3.9923596382141113, -4.352907180786133], "predictions": [137, 6, 395, 396, 7, 6, 401, 402, 7, 140, 4, 4, 4, 4, 4], "target_tokens": ["[IN:GET_EMPLOYER", "[SL:CONTACT", "@ptr0", "@ptr1", "SL:CONTACT]", "[SL:EMPLOYER", "@ptr5", "@ptr6", "SL:EMPLOYER]", "IN:GET_EMPLOYER]"], "predicted_tokens": ["[IN:GET_EMPLOYER", "[SL:CONTACT", "@ptr0", "@ptr1", "SL:CONTACT]", "[SL:CONTACT", "@ptr6", "@ptr7", "SL:CONTACT]", "IN:GET_EMPLOYER]"]}
{"loss": 4.279257774353027, "class_log_probabilities": [-6.3916521072387695, -6.740873336791992, -9.331581115722656, -48.58883285522461], "predictions": [125, 6, 396, 397, 398, 399, 7, 6, 402, 7, 6, 403, 404, 7, 126, 4, 4, 4, 4, 4, 4, 4, 4, 4, 4, 4, 4, 4, 4, 4, 4, 4, 4, 4, 4, 4, 4, 4, 4, 4, 4, 4, 4, 4, 4, 4, 4, 4, 4, 4, 4, 4, 4, 4, 4, 4, 4, 4, 4, 4, 4, 4, 4, 4, 4, 4, 4, 4, 4, 4, 4, 4, 4, 4, 4, 4, 4, 4, 4, 4, 4, 4, 4, 4, 4, 4, 4, 4, 4, 4, 4, 4, 4, 4, 4, 4, 4, 4, 4, 4], "target_tokens": ["[IN:GET_EMPLOYMENT_TIME", "[SL:CONTACT", "@ptr7", "@ptr8", "SL:CONTACT]", "[SL:EMPLOYER", "@ptr1", "@ptr2", "@ptr3", "@ptr4", "@ptr5", "SL:EMPLOYER]", "IN:GET_EMPLOYMENT_TIME]"], "predicted_tokens": ["[IN:GET_AGE", "[SL:CONTACT", "@ptr1", "@ptr2", "@ptr3", "@ptr4", "SL:CONTACT]", "[SL:CONTACT", "@ptr7", "SL:CONTACT]", "[SL:CONTACT", "@ptr8", "@ptr9", "SL:CONTACT]", "IN:GET_AGE]"]}
{"loss": 2.4940857887268066, "class_log_probabilities": [-2.730135440826416, -3.7900278568267822, -4.364471435546875, -4.633821964263916], "predictions": [303, 6, 395, 7, 304, 4, 4, 4, 4, 4, 4, 4, 4], "target_tokens": ["[IN:GET_EDUCATION_DEGREE", "[SL:CONTACT", "@ptr0", "SL:CONTACT]", "[SL:MAJOR", "@ptr6", "SL:MAJOR]", "IN:GET_EDUCATION_DEGREE]"], "predicted_tokens": ["[IN:GET_EDUCATION_DEGREE", "[SL:CONTACT", "@ptr0", "SL:CONTACT]", "IN:GET_EDUCATION_DEGREE]"]}
{"loss": 3.4884190559387207, "class_log_probabilities": [-3.6273744106292725, -5.811809062957764, -7.23600959777832, -7.354588031768799], "predictions": [309, 6, 395, 7, 310, 4, 4, 4, 4, 4, 4, 4], "target_tokens": ["[IN:GET_EDUCATION_TIME", "[SL:CONTACT", "@ptr0", "SL:CONTACT]", "[SL:LIFE_EVENT", "@ptr1", "@ptr2", "@ptr3", "SL:LIFE_EVENT]", "[SL:SCHOOL", "@ptr5", "@ptr6", "@ptr7", "@ptr8", "SL:SCHOOL]", "IN:GET_EDUCATION_TIME]"], "predicted_tokens": ["[IN:GET_MAJOR", "[SL:CONTACT", "@ptr0", "SL:CONTACT]", "IN:GET_MAJOR]"]}
{"loss": 2.531693696975708, "class_log_probabilities": [-3.8315811157226562, -4.815311431884766, -8.556723594665527, -9.173355102539062], "predictions": [253, 6, 395, 396, 7, 257, 402, 403, 404, 405, 258, 254, 4, 4, 4, 4], "target_tokens": ["[IN:GET_UNDERGRAD", "[SL:CONTACT", "@ptr0", "@ptr1", "SL:CONTACT]", "[SL:SCHOOL", "@ptr6", "@ptr7", "@ptr8", "@ptr9", "SL:SCHOOL]", "IN:GET_UNDERGRAD]"], "predicted_tokens": ["[IN:GET_UNDERGRAD", "[SL:CONTACT", "@ptr0", "@ptr1", "SL:CONTACT]", "[SL:SCHOOL", "@ptr7", "@ptr8", "@ptr9", "@ptr10", "SL:SCHOOL]", "IN:GET_UNDERGRAD]"]}
{"loss": 0.9660468697547913, "class_log_probabilities": [-0.3898414075374603, -7.1477484703063965, -8.479212760925293, -13.674220085144043], "predictions": [211, 6, 395, 396, 7, 212, 4, 4, 4, 4, 4], "target_tokens": ["[IN:GET_LOCATION", "[SL:CONTACT", "@ptr0", "@ptr1", "SL:CONTACT]", "IN:GET_LOCATION]"], "predicted_tokens": ["[IN:GET_LOCATION", "[SL:CONTACT", "@ptr0", "@ptr1", "SL:CONTACT]", "IN:GET_LOCATION]"]}
{"loss": 2.2742600440979004, "class_log_probabilities": [-1.8022618293762207, -1.9292720556259155, -2.7175583839416504, -3.7624454498291016], "predictions": [211, 6, 395, 396, 7, 14, 400, 401, 402, 403, 404, 405, 15, 212, 4], "target_tokens": ["[IN:GET_LOCATION", "[SL:CONTACT", "@ptr0", "@ptr1", "SL:CONTACT]", "[SL:LOCATION", "@ptr4", "@ptr5", "@ptr6", "@ptr7", "@ptr8", "SL:LOCATION]", "IN:GET_LOCATION]"], "predicted_tokens": ["[IN:GET_LOCATION", "[SL:CONTACT", "@ptr0", "@ptr1", "SL:CONTACT]", "[SL:LOCATION", "@ptr5", "@ptr6", "@ptr7", "@ptr8", "@ptr9", "@ptr10", "SL:LOCATION]", "IN:GET_LOCATION]"]}
{"loss": 0.9663708806037903, "class_log_probabilities": [-0.3457724452018738, -6.2015581130981445, -7.8395915031433105, -8.576889991760254], "predictions": [211, 6, 395, 7, 212, 4, 4, 4], "target_tokens": ["[IN:GET_LOCATION", "[SL:CONTACT", "@ptr0", "SL:CONTACT]", "IN:GET_LOCATION]"], "predicted_tokens": ["[IN:GET_LOCATION", "[SL:CONTACT", "@ptr0", "SL:CONTACT]", "IN:GET_LOCATION]"]}
{"loss": 1.3347148895263672, "class_log_probabilities": [-0.6627424955368042, -2.945143699645996, -5.758373260498047, -6.260812282562256], "predictions": [211, 6, 398, 399, 7, 212, 4], "target_tokens": ["[IN:GET_LOCATION", "[SL:CONTACT", "@ptr3", "SL:CONTACT]", "IN:GET_LOCATION]"], "predicted_tokens": ["[IN:GET_LOCATION", "[SL:CONTACT", "@ptr3", "@ptr4", "SL:CONTACT]", "IN:GET_LOCATION]"]}
{"loss": 1.2062395811080933, "class_log_probabilities": [-0.5858361124992371, -3.1211791038513184, -6.79762601852417, -7.565850734710693], "predictions": [211, 6, 395, 396, 7, 14, 400, 15, 212, 4, 4], "target_tokens": ["[IN:GET_LOCATION", "[SL:CONTACT", "@ptr0", "@ptr1", "SL:CONTACT]", "[SL:LOCATION", "@ptr4", "SL:LOCATION]", "IN:GET_LOCATION]"], "predicted_tokens": ["[IN:GET_LOCATION", "[SL:CONTACT", "@ptr0", "@ptr1", "SL:CONTACT]", "[SL:LOCATION", "@ptr5", "SL:LOCATION]", "IN:GET_LOCATION]"]}
{"loss": 0.959269642829895, "class_log_probabilities": [-0.5403626561164856, -6.414000511169434, -7.203440189361572, -7.462387561798096], "predictions": [211, 6, 395, 396, 397, 7, 212, 4], "target_tokens": ["[IN:GET_LOCATION", "[SL:CONTACT", "@ptr0", "@ptr1", "@ptr2", "SL:CONTACT]", "IN:GET_LOCATION]"], "predicted_tokens": ["[IN:GET_LOCATION", "[SL:CONTACT", "@ptr0", "@ptr1", "@ptr2", "SL:CONTACT]", "IN:GET_LOCATION]"]}
{"loss": 2.372222423553467, "class_log_probabilities": [-0.5473613739013672, -4.605770111083984, -5.135650157928467, -6.925068378448486], "predictions": [70, 138, 399, 400, 139, 73, 4, 4], "target_tokens": ["[IN:GET_CONTACT", "[SL:EMPLOYER", "@ptr3", "@ptr4", "SL:EMPLOYER]", "IN:GET_CONTACT]"], "predicted_tokens": ["[IN:GET_CONTACT", "[SL:EMPLOYER", "@ptr4", "@ptr5", "SL:EMPLOYER]", "IN:GET_CONTACT]"]}
{"loss": 2.142090082168579, "class_log_probabilities": [-0.6733877062797546, -2.6736955642700195, -4.11723518371582, -6.696126937866211], "predictions": [70, 138, 399, 400, 139, 73, 4, 4], "target_tokens": ["[IN:GET_CONTACT", "[SL:EMPLOYER", "@ptr3", "@ptr4", "SL:EMPLOYER]", "IN:GET_CONTACT]"], "predicted_tokens": ["[IN:GET_CONTACT", "[SL:EMPLOYER", "@ptr4", "@ptr5", "SL:EMPLOYER]", "IN:GET_CONTACT]"]}
{"loss": 2.9937891960144043, "class_log_probabilities": [-0.39734241366386414, -6.320145130157471, -6.998661041259766, -7.476218223571777], "predictions": [70, 138, 400, 401, 139, 73, 4, 4], "target_tokens": ["[IN:GET_CONTACT", "[SL:EMPLOYER", "@ptr4", "@ptr5", "SL:EMPLOYER]", "IN:GET_CONTACT]"], "predicted_tokens": ["[IN:GET_CONTACT", "[SL:EMPLOYER", "@ptr5", "@ptr6", "SL:EMPLOYER]", "IN:GET_CONTACT]"]}
{"loss": 1.8356541395187378, "class_log_probabilities": [-0.6818065047264099, -4.859257698059082, -4.894874572753906, -5.123307228088379], "predictions": [211, 6, 395, 7, 14, 400, 401, 402, 15, 212, 4, 4], "target_tokens": ["[IN:GET_LOCATION", "[SL:CONTACT", "@ptr0", "SL:CONTACT]", "[SL:LOCATION", "@ptr4", "@ptr5", "@ptr6", "SL:LOCATION]", "IN:GET_LOCATION]"], "predicted_tokens": ["[IN:GET_LOCATION", "[SL:CONTACT", "@ptr0", "SL:CONTACT]", "[SL:LOCATION", "@ptr5", "@ptr6", "@ptr7", "SL:LOCATION]", "IN:GET_LOCATION]"]}
{"loss": 2.8651962280273438, "class_log_probabilities": [-0.833223283290863, -2.9981143474578857, -5.122560501098633, -6.389678955078125], "predictions": [70, 93, 395, 94, 138, 402, 403, 404, 139, 73, 4, 4], "target_tokens": ["[IN:GET_CONTACT", "[SL:CONTACT_RELATED", "@ptr0", "SL:CONTACT_RELATED]", "[SL:EMPLOYER", "@ptr6", "@ptr7", "SL:EMPLOYER]", "IN:GET_CONTACT]"], "predicted_tokens": ["[IN:GET_CONTACT", "[SL:CONTACT_RELATED", "@ptr0", "SL:CONTACT_RELATED]", "[SL:EMPLOYER", "@ptr7", "@ptr8", "@ptr9", "SL:EMPLOYER]", "IN:GET_CONTACT]"]}
{"loss": 2.4399843215942383, "class_log_probabilities": [-0.5866591334342957, -4.714139461517334, -5.594818592071533, -6.514814853668213], "predictions": [70, 138, 400, 401, 402, 139, 73, 4, 4], "target_tokens": ["[IN:GET_CONTACT", "[SL:EMPLOYER", "@ptr4", "@ptr5", "@ptr6", "SL:EMPLOYER]", "IN:GET_CONTACT]"], "predicted_tokens": ["[IN:GET_CONTACT", "[SL:EMPLOYER", "@ptr5", "@ptr6", "@ptr7", "SL:EMPLOYER]", "IN:GET_CONTACT]"]}
{"loss": 2.0610146522521973, "class_log_probabilities": [-0.8001729846000671, -2.931865930557251, -5.002991676330566, -6.426566123962402], "predictions": [70, 138, 399, 400, 139, 73, 4, 4], "target_tokens": ["[IN:GET_CONTACT", "[SL:EMPLOYER", "@ptr3", "@ptr4", "SL:EMPLOYER]", "IN:GET_CONTACT]"], "predicted_tokens": ["[IN:GET_CONTACT", "[SL:EMPLOYER", "@ptr4", "@ptr5", "SL:EMPLOYER]", "IN:GET_CONTACT]"]}
{"loss": 2.194784164428711, "class_log_probabilities": [-1.9577312469482422, -4.699339866638184, -5.039271354675293, -6.908036231994629], "predictions": [70, 138, 404, 405, 406, 407, 139, 73, 4], "target_tokens": ["[IN:GET_CONTACT", "[SL:EMPLOYER", "@ptr8", "@ptr9", "@ptr10", "@ptr11", "SL:EMPLOYER]", "IN:GET_CONTACT]"], "predicted_tokens": ["[IN:GET_CONTACT", "[SL:EMPLOYER", "@ptr9", "@ptr10", "@ptr11", "@ptr12", "SL:EMPLOYER]", "IN:GET_CONTACT]"]}
{"loss": 2.040097951889038, "class_log_probabilities": [-1.9366179704666138, -3.3265397548675537, -4.182735443115234, -4.303504467010498], "predictions": [70, 73, 4, 4, 4, 4], "target_tokens": ["[IN:GET_CONTACT", "[SL:EMPLOYER", "@ptr4", "@ptr5", "SL:EMPLOYER]", "IN:GET_CONTACT]"], "predicted_tokens": ["[IN:GET_CONTACT", "IN:GET_CONTACT]"]}
{"loss": 2.2099900245666504, "class_log_probabilities": [-0.617996096611023, -3.738217353820801, -5.789597511291504, -6.08713436126709], "predictions": [70, 138, 399, 400, 401, 139, 73, 4, 4], "target_tokens": ["[IN:GET_CONTACT", "[SL:EMPLOYER", "@ptr3", "@ptr4", "@ptr5", "SL:EMPLOYER]", "IN:GET_CONTACT]"], "predicted_tokens": ["[IN:GET_CONTACT", "[SL:EMPLOYER", "@ptr4", "@ptr5", "@ptr6", "SL:EMPLOYER]", "IN:GET_CONTACT]"]}
{"loss": 3.320941209793091, "class_log_probabilities": [-1.1068353652954102, -2.639336109161377, -3.1580862998962402, -4.865976333618164], "predictions": [70, 138, 404, 405, 139, 73, 4, 4, 4], "target_tokens": ["[IN:GET_CONTACT", "[SL:EMPLOYER", "@ptr7", "@ptr8", "SL:EMPLOYER]", "IN:GET_CONTACT]"], "predicted_tokens": ["[IN:GET_CONTACT", "[SL:EMPLOYER", "@ptr9", "@ptr10", "SL:EMPLOYER]", "IN:GET_CONTACT]"]}
{"loss": 3.568925142288208, "class_log_probabilities": [-0.5470994114875793, -3.140040159225464, -6.091588497161865, -6.299367427825928], "predictions": [70, 138, 399, 400, 401, 139, 73, 4], "target_tokens": ["[IN:GET_CONTACT", "[SL:EMPLOYER", "@ptr3", "@ptr4", "@ptr5", "SL:EMPLOYER]", "IN:GET_CONTACT]"], "predicted_tokens": ["[IN:GET_CONTACT", "[SL:EMPLOYER", "@ptr4", "@ptr5", "@ptr6", "SL:EMPLOYER]", "IN:GET_CONTACT]"]}
{"loss": 2.7566077709198, "class_log_probabilities": [-1.0092530250549316, -2.514749050140381, -3.000715970993042, -3.9143564701080322], "predictions": [137, 6, 395, 396, 7, 138, 402, 403, 139, 140, 4, 4], "target_tokens": ["[IN:GET_EMPLOYER", "[SL:CONTACT", "@ptr0", "@ptr1", "SL:CONTACT]", "[SL:EMPLOYER", "@ptr5", "@ptr6", "@ptr7", "SL:EMPLOYER]", "IN:GET_EMPLOYER]"], "predicted_tokens": ["[IN:GET_EMPLOYER", "[SL:CONTACT", "@ptr0", "@ptr1", "SL:CONTACT]", "[SL:EMPLOYER", "@ptr7", "@ptr8", "SL:EMPLOYER]", "IN:GET_EMPLOYER]"]}
{"loss": 2.401747465133667, "class_log_probabilities": [-0.5675577521324158, -4.951519966125488, -5.4554266929626465, -6.262156009674072], "predictions": [70, 6, 399, 7, 73, 4], "target_tokens": ["[IN:GET_CONTACT", "[SL:EMPLOYER", "@ptr3", "@ptr4", "SL:EMPLOYER]", "IN:GET_CONTACT]"], "predicted_tokens": ["[IN:GET_CONTACT", "[SL:CONTACT", "@ptr4", "SL:CONTACT]", "IN:GET_CONTACT]"]}
{"loss": 1.7849020957946777, "class_log_probabilities": [-2.235318899154663, -2.7118406295776367, -3.31896710395813, -3.3973114490509033], "predictions": [70, 257, 398, 399, 400, 401, 258, 93, 403, 94, 73, 4], "target_tokens": ["[IN:GET_CONTACT", "[SL:SCHOOL", "@ptr3", "@ptr4", "@ptr5", "SL:SCHOOL]", "[SL:CONTACT_RELATED", "@ptr7", "SL:CONTACT_RELATED]", "IN:GET_CONTACT]"], "predicted_tokens": ["[IN:GET_CONTACT", "[SL:SCHOOL", "@ptr3", "@ptr4", "@ptr5", "@ptr6", "SL:SCHOOL]", "[SL:CONTACT_RELATED", "@ptr8", "SL:CONTACT_RELATED]", "IN:GET_CONTACT]"]}
{"loss": 1.6216247081756592, "class_log_probabilities": [-2.2610504627227783, -2.2845349311828613, -3.3619163036346436, -3.902470827102661], "predictions": [70, 93, 398, 94, 14, 402, 403, 15, 73, 4], "target_tokens": ["[IN:GET_CONTACT", "[SL:CONTACT_RELATED", "@ptr3", "SL:CONTACT_RELATED]", "[SL:SCHOOL", "@ptr7", "SL:SCHOOL]", "IN:GET_CONTACT]"], "predicted_tokens": ["[IN:GET_CONTACT", "[SL:CONTACT_RELATED", "@ptr3", "SL:CONTACT_RELATED]", "[SL:LOCATION", "@ptr7", "@ptr8", "SL:LOCATION]", "IN:GET_CONTACT]"]}
{"loss": 1.5464287996292114, "class_log_probabilities": [-2.8985915184020996, -4.061941623687744, -4.4001665115356445, -4.740930080413818], "predictions": [70, 6, 401, 7, 73, 4, 4], "target_tokens": ["[IN:GET_CONTACT", "[SL:SCHOOL", "@ptr5", "@ptr6", "SL:SCHOOL]", "IN:GET_CONTACT]"], "predicted_tokens": ["[IN:GET_CONTACT", "[SL:CONTACT", "@ptr6", "SL:CONTACT]", "IN:GET_CONTACT]"]}
{"loss": 1.5622773170471191, "class_log_probabilities": [-4.416237831115723, -4.786677837371826, -5.229386806488037, -5.492665767669678], "predictions": [70, 257, 402, 403, 404, 405, 406, 258, 73, 4, 4, 4, 4], "target_tokens": ["[IN:GET_CONTACT", "[SL:SCHOOL", "@ptr5", "@ptr6", "@ptr7", "@ptr8", "@ptr9", "@ptr10", "SL:SCHOOL]", "IN:GET_CONTACT]"], "predicted_tokens": ["[IN:GET_CONTACT", "[SL:SCHOOL", "@ptr7", "@ptr8", "@ptr9", "@ptr10", "@ptr11", "SL:SCHOOL]", "IN:GET_CONTACT]"]}
{"loss": 0.9601855874061584, "class_log_probabilities": [-0.4533138871192932, -6.696416854858398, -7.490913391113281, -7.5987067222595215], "predictions": [70, 14, 399, 400, 15, 73, 4], "target_tokens": ["[IN:GET_CONTACT", "[SL:LOCATION", "@ptr4", "@ptr5", "SL:LOCATION]", "IN:GET_CONTACT]"], "predicted_tokens": ["[IN:GET_CONTACT", "[SL:LOCATION", "@ptr4", "@ptr5", "SL:LOCATION]", "IN:GET_CONTACT]"]}
{"loss": 2.2203896045684814, "class_log_probabilities": [-0.5662116408348083, -3.5299606323242188, -5.506794452667236, -5.515346527099609], "predictions": [70, 14, 400, 401, 402, 15, 73, 4, 4], "target_tokens": ["[IN:GET_CONTACT", "[SL:LOCATION", "@ptr4", "@ptr5", "@ptr6", "SL:LOCATION]", "IN:GET_CONTACT]"], "predicted_tokens": ["[IN:GET_CONTACT", "[SL:LOCATION", "@ptr5", "@ptr6", "@ptr7", "SL:LOCATION]", "IN:GET_CONTACT]"]}
{"loss": 1.3741577863693237, "class_log_probabilities": [-1.9508860111236572, -2.7790470123291016, -3.7275164127349854, -5.090607166290283], "predictions": [70, 93, 395, 94, 71, 397, 72, 14, 402, 15, 73, 4, 4], "target_tokens": ["[IN:GET_CONTACT", "[SL:CONTACT_RELATED", "@ptr0", "SL:CONTACT_RELATED]", "[SL:TYPE_RELATION", "@ptr3", "SL:TYPE_RELATION]", "[SL:LOCATION", "@ptr6", "SL:LOCATION]", "IN:GET_CONTACT]"], "predicted_tokens": ["[IN:GET_CONTACT", "[SL:CONTACT_RELATED", "@ptr0", "SL:CONTACT_RELATED]", "[SL:TYPE_RELATION", "@ptr2", "SL:TYPE_RELATION]", "[SL:LOCATION", "@ptr7", "SL:LOCATION]", "IN:GET_CONTACT]"]}
{"loss": 1.7305984497070312, "class_log_probabilities": [-1.5546543598175049, -4.499881267547607, -4.585109710693359, -4.807798385620117], "predictions": [70, 93, 395, 94, 14, 403, 405, 15, 73, 4, 4, 4], "target_tokens": ["[IN:GET_CONTACT", "[SL:CONTACT_RELATED", "@ptr0", "SL:CONTACT_RELATED]", "[SL:LOCATION", "@ptr7", "@ptr8", "@ptr9", "SL:LOCATION]", "IN:GET_CONTACT]"], "predicted_tokens": ["[IN:GET_CONTACT", "[SL:CONTACT_RELATED", "@ptr0", "SL:CONTACT_RELATED]", "[SL:LOCATION", "@ptr8", "@ptr10", "SL:LOCATION]", "IN:GET_CONTACT]"]}
{"loss": 2.168276786804199, "class_log_probabilities": [-0.37016087770462036, -5.417548656463623, -5.557502746582031, -6.194275856018066], "predictions": [70, 14, 402, 15, 73, 4, 4], "target_tokens": ["[IN:GET_CONTACT", "[SL:LOCATION", "@ptr6", "SL:LOCATION]", "IN:GET_CONTACT]"], "predicted_tokens": ["[IN:GET_CONTACT", "[SL:LOCATION", "@ptr7", "SL:LOCATION]", "IN:GET_CONTACT]"]}
{"loss": 1.5155473947525024, "class_log_probabilities": [-1.4489820003509521, -2.037764310836792, -2.4251675605773926, -4.839336395263672], "predictions": [70, 14, 399, 400, 401, 402, 403, 15, 73, 4], "target_tokens": ["[IN:GET_CONTACT", "[SL:LOCATION", "@ptr4", "@ptr5", "@ptr6", "@ptr7", "SL:LOCATION]", "IN:GET_CONTACT]"], "predicted_tokens": ["[IN:GET_CONTACT", "[SL:LOCATION", "@ptr4", "@ptr5", "@ptr6", "@ptr7", "@ptr8", "SL:LOCATION]", "IN:GET_CONTACT]"]}
{"loss": 3.9958910942077637, "class_log_probabilities": [-3.9383208751678467, -4.2897844314575195, -5.153083324432373, -6.606645107269287], "predictions": [23, 10, 403, 11, 10, 407, 11, 26, 4, 4, 4, 4], "target_tokens": ["[IN:GET_MUTUAL_FRIENDS", "[SL:CONTACT_RELATED", "@ptr7", "@ptr8", "SL:CONTACT_RELATED]", "[SL:CONTACT_RELATED", "@ptr10", "SL:CONTACT_RELATED]", "[SL:TYPE_RELATION", "@ptr1", "SL:TYPE_RELATION]", "IN:GET_MUTUAL_FRIENDS]"], "predicted_tokens": ["[IN:SEND_MESSAGE", "[SL:RECIPIENT", "@ptr8", "SL:RECIPIENT]", "[SL:RECIPIENT", "@ptr12", "SL:RECIPIENT]", "IN:SEND_MESSAGE]"]}
{"loss": 3.8698298931121826, "class_log_probabilities": [-2.5954692363739014, -4.130237102508545, -4.383842468261719, -5.287631511688232], "predictions": [105, 71, 400, 72, 6, 403, 7, 106, 4, 4, 4, 4, 4, 4], "target_tokens": ["[IN:GET_CONTACT", "[SL:CONTACT_RELATED", "@ptr6", "SL:CONTACT_RELATED]", "[SL:TYPE_RELATION", "@ptr4", "SL:TYPE_RELATION]", "IN:GET_CONTACT]"], "predicted_tokens": ["[IN:GET_INFO_CONTACT", "[SL:TYPE_RELATION", "@ptr5", "SL:TYPE_RELATION]", "[SL:CONTACT", "@ptr8", "SL:CONTACT]", "IN:GET_INFO_CONTACT]"]}
{"loss": 3.812401533126831, "class_log_probabilities": [-2.166266441345215, -2.92130184173584, -3.2546017169952393, -5.995243549346924], "predictions": [23, 24, 401, 402, 403, 404, 25, 10, 405, 11, 26, 4, 4, 4], "target_tokens": ["[IN:GET_CONTACT", "[SL:TYPE_RELATION", "@ptr5", "@ptr6", "SL:TYPE_RELATION]", "[SL:CONTACT_RELATED", "@ptr8", "@ptr9", "@ptr10", "SL:CONTACT_RELATED]", "IN:GET_CONTACT]"], "predicted_tokens": ["[IN:SEND_MESSAGE", "[SL:CONTENT_EXACT", "@ptr6", "@ptr7", "@ptr8", "@ptr9", "SL:CONTENT_EXACT]", "[SL:RECIPIENT", "@ptr10", "SL:RECIPIENT]", "IN:SEND_MESSAGE]"]}
{"loss": 2.3728551864624023, "class_log_probabilities": [-3.0299434661865234, -4.445552825927734, -4.823953628540039, -5.8912034034729], "predictions": [70, 71, 399, 400, 401, 402, 72, 73, 4], "target_tokens": ["[IN:GET_CONTACT", "[SL:CONTACT_RELATED", "@ptr5", "SL:CONTACT_RELATED]", "[SL:TYPE_RELATION", "@ptr3", "SL:TYPE_RELATION]", "IN:GET_CONTACT]"], "predicted_tokens": ["[IN:GET_CONTACT", "[SL:TYPE_RELATION", "@ptr4", "@ptr5", "@ptr6", "@ptr7", "SL:TYPE_RELATION]", "IN:GET_CONTACT]"]}
{"loss": 2.0873639583587646, "class_log_probabilities": [-5.267188549041748, -7.023662090301514, -7.351757049560547, -7.567391872406006], "predictions": [70, 71, 395, 72, 93, 397, 94, 93, 399, 94, 73, 4, 4, 4, 4, 4, 4, 4], "target_tokens": ["[IN:GET_CONTACT", "[SL:TYPE_RELATION", "@ptr0", "SL:TYPE_RELATION]", "[SL:CONTACT_RELATED", "@ptr2", "@ptr3", "@ptr4", "SL:CONTACT_RELATED]", "IN:GET_CONTACT]"], "predicted_tokens": ["[IN:GET_CONTACT", "[SL:TYPE_RELATION", "@ptr0", "SL:TYPE_RELATION]", "[SL:CONTACT_RELATED", "@ptr2", "SL:CONTACT_RELATED]", "[SL:CONTACT_RELATED", "@ptr4", "SL:CONTACT_RELATED]", "IN:GET_CONTACT]"]}
{"loss": 1.7958351373672485, "class_log_probabilities": [-2.4645848274230957, -2.631463050842285, -3.7628567218780518, -3.933905601501465], "predictions": [49, 34, 401, 35, 16, 402, 403, 404, 405, 406, 407, 17, 50, 4, 4, 4, 4], "target_tokens": ["[IN:CREATE_ALARM", "[SL:DATE_TIME", "@ptr7", "@ptr8", "@ptr9", "@ptr10", "@ptr11", "SL:DATE_TIME]", "IN:CREATE_ALARM]"], "predicted_tokens": ["[IN:CREATE_REMINDER", "[SL:PERSON_REMINDED", "@ptr6", "SL:PERSON_REMINDED]", "[SL:DATE_TIME", "@ptr7", "@ptr8", "@ptr9", "@ptr10", "@ptr11", "@ptr12", "SL:DATE_TIME]", "IN:CREATE_REMINDER]"]}
{"loss": 2.944798469543457, "class_log_probabilities": [-2.9102447032928467, -3.1545779705047607, -3.5222504138946533, -5.287282943725586], "predictions": [13, 14, 401, 402, 403, 15, 16, 404, 405, 17, 18, 4], "target_tokens": ["[IN:GET_WEATHER", "[SL:WEATHER_ATTRIBUTE", "@ptr3", "SL:WEATHER_ATTRIBUTE]", "[SL:DATE_TIME", "@ptr8", "@ptr9", "SL:DATE_TIME]", "IN:GET_WEATHER]"], "predicted_tokens": ["[IN:GET_WEATHER", "[SL:LOCATION", "@ptr6", "@ptr7", "@ptr8", "SL:LOCATION]", "[SL:DATE_TIME", "@ptr9", "@ptr10", "SL:DATE_TIME]", "IN:GET_WEATHER]"]}
{"loss": 2.2164254188537598, "class_log_probabilities": [-2.5377883911132812, -2.5616841316223145, -3.6549954414367676, -5.280372142791748], "predictions": [51, 52, 397, 398, 399, 400, 401, 402, 53, 54, 4, 4], "target_tokens": ["[IN:GET_RECIPES", "[SL:RECIPES_CUISINE", "@ptr2", "@ptr3", "@ptr4", "SL:RECIPES_CUISINE]", "[SL:RECIPES_DISH", "@ptr5", "@ptr6", "@ptr7", "SL:RECIPES_DISH]", "IN:GET_RECIPES]"], "predicted_tokens": ["[IN:GET_RECIPES", "[SL:RECIPES_DISH", "@ptr2", "@ptr3", "@ptr4", "@ptr5", "@ptr6", "@ptr7", "SL:RECIPES_DISH]", "IN:GET_RECIPES]"]}
{"loss": 3.046466827392578, "class_log_probabilities": [-2.2805562019348145, -3.7254815101623535, -4.078050136566162, -4.988497257232666], "predictions": [205, 208, 4, 4, 4, 4, 4], "target_tokens": ["[IN:GET_RECIPES", "[SL:RECIPES_TYPE", "@ptr1", "@ptr2", "SL:RECIPES_TYPE]", "IN:GET_RECIPES]"], "predicted_tokens": ["[IN:START_SHUFFLE_MUSIC", "IN:START_SHUFFLE_MUSIC]"]}
{"loss": 0.9633299708366394, "class_log_probabilities": [-0.4218992292881012, -7.888340473175049, -8.054883003234863, -8.067157745361328], "predictions": [51, 52, 397, 398, 53, 54, 4], "target_tokens": ["[IN:GET_RECIPES", "[SL:RECIPES_DISH", "@ptr2", "@ptr3", "SL:RECIPES_DISH]", "IN:GET_RECIPES]"], "predicted_tokens": ["[IN:GET_RECIPES", "[SL:RECIPES_DISH", "@ptr2", "@ptr3", "SL:RECIPES_DISH]", "IN:GET_RECIPES]"]}
{"loss": 4.7449188232421875, "class_log_probabilities": [-2.0867531299591064, -2.447248935699463, -2.7685441970825195, -2.990370988845825], "predictions": [255, 90, 402, 91, 256, 4], "target_tokens": ["[IN:SILENCE_ALARM", "[SL:AMOUNT", "@ptr7", "SL:AMOUNT]", "IN:SILENCE_ALARM]"], "predicted_tokens": ["[IN:PAUSE_TIMER", "[SL:METHOD_TIMER", "@ptr7", "SL:METHOD_TIMER]", "IN:PAUSE_TIMER]"]}
{"loss": 0.9643966555595398, "class_log_probabilities": [-0.22893905639648438, -6.015717029571533, -9.150634765625, -10.827189445495605], "predictions": [19, 22, 4, 4, 4, 4], "target_tokens": ["[IN:GET_ALARM", "IN:GET_ALARM]"], "predicted_tokens": ["[IN:GET_ALARM", "IN:GET_ALARM]"]}
{"loss": 3.1720235347747803, "class_log_probabilities": [-0.6990415453910828, -2.7626349925994873, -3.3945119380950928, -3.6956048011779785], "predictions": [273, 90, 396, 91, 274, 4], "target_tokens": ["[IN:RESUME_TIMER", "[SL:METHOD_TIMER", "@ptr0", "@ptr1", "SL:METHOD_TIMER]", "IN:RESUME_TIMER]"], "predicted_tokens": ["[IN:RESTART_TIMER", "[SL:METHOD_TIMER", "@ptr1", "SL:METHOD_TIMER]", "IN:RESTART_TIMER]"]}
{"loss": 2.3847391605377197, "class_log_probabilities": [-6.01500129699707, -113.78968811035156, -113.78973388671875, -114.09020233154297], "predictions": [295, 6, 398, 399, 400, 401, 402, 403, 404, 405, 406, 407, 408, 17, 296, 4, 4, 4, 4, 4, 4, 4, 4, 4, 4, 4, 4, 4, 4, 4, 4, 4, 4, 4, 4, 4, 4, 4, 4, 4, 4, 4, 4, 4, 4, 4, 4, 4, 4, 4, 4, 4, 4, 4, 4, 4, 4, 4, 4, 4, 4, 4, 4, 4, 4, 4, 4, 4, 4, 4, 4, 4, 4, 4, 4, 4, 4, 4, 4, 4, 4, 4, 4, 4, 4, 4, 4, 4, 4, 4, 4, 4, 4, 4, 4, 4, 4, 4, 4, 4], "target_tokens": ["[IN:QUESTION_NEWS", "[SL:NEWS_TOPIC", "@ptr0", "@ptr1", "@ptr2", "@ptr3", "@ptr4", "@ptr5", "@ptr6", "@ptr7", "@ptr8", "@ptr9", "@ptr10", "@ptr11", "@ptr12", "@ptr13", "SL:NEWS_TOPIC]", "IN:QUESTION_NEWS]"], "predicted_tokens": ["[IN:GET_DATE_TIME_EVENT", "[SL:CONTACT", "@ptr3", "@ptr4", "@ptr5", "@ptr6", "@ptr7", "@ptr8", "@ptr9", "@ptr10", "@ptr11", "@ptr12", "@ptr13", "SL:DATE_TIME]", "IN:GET_DATE_TIME_EVENT]"]}
{"loss": 2.9485490322113037, "class_log_probabilities": [-1.013623595237732, -3.4487502574920654, -3.513890504837036, -3.613694667816162], "predictions": [275, 90, 398, 91, 276, 4, 4], "target_tokens": ["[IN:RESUME_TIMER", "[SL:METHOD_TIMER", "@ptr1", "@ptr2", "@ptr3", "SL:METHOD_TIMER]", "IN:RESUME_TIMER]"], "predicted_tokens": ["[IN:RESUME_TIMER", "[SL:METHOD_TIMER", "@ptr3", "SL:METHOD_TIMER]", "IN:RESUME_TIMER]"]}
{"loss": 4.012907981872559, "class_log_probabilities": [-0.7895965576171875, -2.38997745513916, -4.135437488555908, -4.143406867980957], "predictions": [115, 90, 400, 91, 116, 4], "target_tokens": ["[IN:GET_TIMER", "[SL:ORDINAL", "@ptr5", "SL:ORDINAL]", "[SL:METHOD_TIMER", "@ptr2", "@ptr3", "@ptr4", "SL:METHOD_TIMER]", "IN:GET_TIMER]"], "predicted_tokens": ["[IN:GET_TIMER", "[SL:METHOD_TIMER", "@ptr5", "SL:METHOD_TIMER]", "IN:GET_TIMER]"]}
{"loss": 2.457130193710327, "class_log_probabilities": [-0.882561445236206, -1.5789213180541992, -4.9534831047058105, -6.8365349769592285], "predictions": [183, 184, 4, 4, 4, 4, 4, 4, 4, 4], "target_tokens": ["[IN:ADD_TIME_TIMER", "[SL:DATE_TIME", "@ptr1", "@ptr2", "SL:DATE_TIME]", "[SL:METHOD_TIMER", "@ptr5", "@ptr6", "@ptr7", "SL:METHOD_TIMER]", "IN:ADD_TIME_TIMER]"], "predicted_tokens": ["[IN:ADD_TIME_TIMER", "IN:ADD_TIME_TIMER]"]}
{"loss": 3.488584280014038, "class_log_probabilities": [-0.8145449757575989, -2.8982303142547607, -3.646944761276245, -4.217814922332764], "predictions": [115, 90, 396, 397, 398, 91, 116, 4, 4], "target_tokens": ["[IN:GET_TIMER", "[SL:METHOD_TIMER", "@ptr0", "@ptr1", "@ptr2", "@ptr3", "SL:METHOD_TIMER]", "[SL:METHOD_TIMER", "@ptr5", "@ptr6", "@ptr7", "SL:METHOD_TIMER]", "IN:GET_TIMER]"], "predicted_tokens": ["[IN:GET_TIMER", "[SL:METHOD_TIMER", "@ptr1", "@ptr2", "@ptr3", "SL:METHOD_TIMER]", "IN:GET_TIMER]"]}
{"loss": 3.2831201553344727, "class_log_probabilities": [-1.013623595237732, -3.4487502574920654, -3.513890504837036, -3.613694667816162], "predictions": [275, 90, 398, 91, 276, 4, 4], "target_tokens": ["[IN:RESTART_TIMER", "[SL:METHOD_TIMER", "@ptr1", "@ptr2", "@ptr3", "SL:METHOD_TIMER]", "IN:RESTART_TIMER]"], "predicted_tokens": ["[IN:RESUME_TIMER", "[SL:METHOD_TIMER", "@ptr3", "SL:METHOD_TIMER]", "IN:RESUME_TIMER]"]}
{"loss": 0.9698917269706726, "class_log_probabilities": [-0.322052001953125, -5.414824485778809, -5.447323322296143, -5.837559700012207], "predictions": [115, 116, 4], "target_tokens": ["[IN:GET_TIMER", "IN:GET_TIMER]"], "predicted_tokens": ["[IN:GET_TIMER", "IN:GET_TIMER]"]}
{"loss": 1.972145438194275, "class_log_probabilities": [-0.6409856081008911, -2.371116876602173, -6.213936805725098, -6.6234893798828125], "predictions": [55, 56, 395, 396, 397, 398, 57, 58, 4], "target_tokens": ["[IN:QUESTION_NEWS", "[SL:NEWS_TOPIC", "@ptr0", "@ptr1", "@ptr2", "@ptr3", "@ptr4", "SL:NEWS_TOPIC]", "IN:QUESTION_NEWS]"], "predicted_tokens": ["[IN:QUESTION_NEWS", "[SL:NEWS_TOPIC", "@ptr0", "@ptr1", "@ptr2", "@ptr3", "SL:NEWS_TOPIC]", "IN:QUESTION_NEWS]"]}
{"loss": 3.89876127243042, "class_log_probabilities": [-0.8249842524528503, -4.179558753967285, -5.908318042755127, -6.14944314956665], "predictions": [55, 16, 395, 396, 397, 17, 56, 398, 399, 400, 57, 58, 4, 4], "target_tokens": ["[IN:QUESTION_NEWS", "[SL:NEWS_TOPIC", "@ptr3", "@ptr4", "@ptr5", "@ptr6", "@ptr7", "SL:NEWS_TOPIC]", "[SL:DATE_TIME", "@ptr0", "@ptr1", "@ptr2", "SL:DATE_TIME]", "IN:QUESTION_NEWS]"], "predicted_tokens": ["[IN:QUESTION_NEWS", "[SL:DATE_TIME", "@ptr0", "@ptr1", "@ptr2", "SL:DATE_TIME]", "[SL:NEWS_TOPIC", "@ptr3", "@ptr4", "@ptr5", "SL:NEWS_TOPIC]", "IN:QUESTION_NEWS]"]}
{"loss": 1.5197445154190063, "class_log_probabilities": [-0.8575959801673889, -5.1748857498168945, -6.302136421203613, -6.776170253753662], "predictions": [55, 56, 395, 396, 397, 398, 399, 400, 401, 402, 57, 58, 4, 4], "target_tokens": ["[IN:QUESTION_NEWS", "[SL:NEWS_TOPIC", "@ptr0", "@ptr1", "@ptr2", "@ptr3", "@ptr4", "@ptr5", "SL:NEWS_TOPIC]", "IN:QUESTION_NEWS]"], "predicted_tokens": ["[IN:QUESTION_NEWS", "[SL:NEWS_TOPIC", "@ptr0", "@ptr1", "@ptr2", "@ptr3", "@ptr4", "@ptr5", "@ptr6", "@ptr7", "SL:NEWS_TOPIC]", "IN:QUESTION_NEWS]"]}
{"loss": 3.637596845626831, "class_log_probabilities": [-1.2640360593795776, -1.593587040901184, -4.004755020141602, -4.7868971824646], "predictions": [27, 52, 399, 53, 30, 4], "target_tokens": ["[IN:QUESTION_NEWS", "[SL:NEWS_TOPIC", "@ptr4", "SL:NEWS_TOPIC]", "IN:QUESTION_NEWS]"], "predicted_tokens": ["[IN:GET_INFO_RECIPES", "[SL:RECIPES_DISH", "@ptr4", "SL:RECIPES_DISH]", "IN:GET_INFO_RECIPES]"]}
{"loss": 1.9460258483886719, "class_log_probabilities": [-10.22001838684082, -12.372675895690918, -13.55008316040039, -14.944631576538086], "predictions": [39, 40, 398, 41, 56, 400, 401, 402, 403, 404, 405, 406, 407, 408, 409, 410, 17, 42, 4, 4, 4, 4, 4, 4], "target_tokens": ["[IN:GET_STORIES_NEWS", "[SL:NEWS_TYPE", "@ptr2", "SL:NEWS_TYPE]", "[SL:NEWS_TOPIC", "@ptr5", "@ptr6", "@ptr7", "@ptr8", "@ptr9", "@ptr10", "@ptr11", "@ptr12", "@ptr13", "SL:NEWS_TOPIC]", "[SL:DATE_TIME", "@ptr15", "@ptr16", "SL:DATE_TIME]", "IN:GET_STORIES_NEWS]"], "predicted_tokens": ["[IN:GET_STORIES_NEWS", "[SL:NEWS_TYPE", "@ptr3", "SL:NEWS_TYPE]", "[SL:NEWS_TOPIC", "@ptr5", "@ptr6", "@ptr7", "@ptr8", "@ptr9", "@ptr10", "@ptr11", "@ptr12", "@ptr13", "@ptr14", "@ptr15", "SL:DATE_TIME]", "IN:GET_STORIES_NEWS]"]}
{"loss": 2.1866321563720703, "class_log_probabilities": [-6.706011772155762, -6.87014627456665, -6.980702877044678, -7.853281021118164], "predictions": [39, 40, 396, 41, 56, 397, 398, 399, 400, 401, 402, 403, 404, 405, 406, 57, 16, 408, 17, 42, 4], "target_tokens": ["[IN:GET_STORIES_NEWS", "[SL:NEWS_TYPE", "@ptr0", "@ptr1", "SL:NEWS_TYPE]", "[SL:NEWS_TOPIC", "@ptr2", "@ptr3", "@ptr4", "@ptr5", "@ptr6", "@ptr7", "@ptr8", "@ptr9", "SL:NEWS_TOPIC]", "[SL:NEWS_TYPE", "@ptr12", "SL:NEWS_TYPE]", "IN:GET_STORIES_NEWS]"], "predicted_tokens": ["[IN:GET_STORIES_NEWS", "[SL:NEWS_TYPE", "@ptr1", "SL:NEWS_TYPE]", "[SL:NEWS_TOPIC", "@ptr2", "@ptr3", "@ptr4", "@ptr5", "@ptr6", "@ptr7", "@ptr8", "@ptr9", "@ptr10", "@ptr11", "SL:NEWS_TOPIC]", "[SL:DATE_TIME", "@ptr13", "SL:DATE_TIME]", "IN:GET_STORIES_NEWS]"]}
{"loss": 2.8971376419067383, "class_log_probabilities": [-2.8349175453186035, -3.523066997528076, -3.844186305999756, -4.384108543395996], "predictions": [55, 56, 395, 396, 397, 398, 399, 400, 401, 402, 17, 58, 4, 4, 4], "target_tokens": ["[IN:QUESTION_NEWS", "[SL:NEWS_TOPIC", "@ptr1", "@ptr2", "@ptr3", "SL:NEWS_TOPIC]", "[SL:DATE_TIME", "@ptr4", "@ptr5", "@ptr6", "SL:DATE_TIME]", "IN:QUESTION_NEWS]"], "predicted_tokens": ["[IN:QUESTION_NEWS", "[SL:NEWS_TOPIC", "@ptr0", "@ptr1", "@ptr2", "@ptr3", "@ptr4", "@ptr5", "@ptr6", "@ptr7", "SL:DATE_TIME]", "IN:QUESTION_NEWS]"]}
{"loss": 3.4714736938476562, "class_log_probabilities": [-2.032585859298706, -3.594046115875244, -4.300869464874268, -4.3569016456604], "predictions": [39, 16, 395, 396, 17, 40, 398, 41, 42, 4, 4, 4, 4, 4, 4], "target_tokens": ["[IN:GET_STORIES_NEWS", "[SL:NEWS_TYPE", "@ptr3", "SL:NEWS_TYPE]", "[SL:NEWS_TOPIC", "@ptr6", "@ptr7", "SL:NEWS_TOPIC]", "[SL:DATE_TIME", "@ptr0", "@ptr1", "SL:DATE_TIME]", "IN:GET_STORIES_NEWS]"], "predicted_tokens": ["[IN:GET_STORIES_NEWS", "[SL:DATE_TIME", "@ptr0", "@ptr1", "SL:DATE_TIME]", "[SL:NEWS_TYPE", "@ptr3", "SL:NEWS_TYPE]", "IN:GET_STORIES_NEWS]"]}
{"loss": 3.0287718772888184, "class_log_probabilities": [-2.029343605041504, -3.0406675338745117, -4.0873236656188965, -5.115894317626953], "predictions": [13, 16, 398, 399, 400, 401, 402, 403, 404, 405, 17, 14, 408, 15, 18, 4, 4], "target_tokens": ["[IN:GET_WEATHER", "[SL:DATE_TIME", "@ptr2", "@ptr3", "@ptr4", "@ptr5", "@ptr6", "@ptr7", "@ptr8", "SL:DATE_TIME]", "[SL:LOCATION", "@ptr11", "@ptr12", "@ptr13", "@ptr14", "@ptr15", "@ptr16", "SL:LOCATION]", "IN:GET_WEATHER]"], "predicted_tokens": ["[IN:GET_WEATHER", "[SL:DATE_TIME", "@ptr3", "@ptr4", "@ptr5", "@ptr6", "@ptr7", "@ptr8", "@ptr9", "@ptr10", "SL:DATE_TIME]", "[SL:LOCATION", "@ptr13", "SL:LOCATION]", "IN:GET_WEATHER]"]}
{"loss": 2.49969220161438, "class_log_probabilities": [-1.1542506217956543, -2.3190925121307373, -4.5472941398620605, -4.821918487548828], "predictions": [13, 14, 399, 15, 16, 401, 402, 17, 18, 4, 4], "target_tokens": ["[IN:GET_WEATHER", "[SL:LOCATION", "@ptr3", "SL:LOCATION]", "[SL:DATE_TIME", "@ptr4", "@ptr5", "SL:DATE_TIME]", "IN:GET_WEATHER]"], "predicted_tokens": ["[IN:GET_WEATHER", "[SL:LOCATION", "@ptr4", "SL:LOCATION]", "[SL:DATE_TIME", "@ptr6", "@ptr7", "SL:DATE_TIME]", "IN:GET_WEATHER]"]}
{"loss": 1.9929035902023315, "class_log_probabilities": [-2.8672311305999756, -2.918529748916626, -2.967773914337158, -4.883049964904785], "predictions": [39, 40, 398, 41, 43, 400, 44, 42, 4], "target_tokens": ["[IN:GET_STORIES_NEWS", "[SL:NEWS_CATEGORY", "@ptr3", "SL:NEWS_CATEGORY]", "[SL:NEWS_TYPE", "@ptr4", "SL:NEWS_TYPE]", "IN:GET_STORIES_NEWS]"], "predicted_tokens": ["[IN:GET_STORIES_NEWS", "[SL:NEWS_TYPE", "@ptr3", "SL:NEWS_TYPE]", "[SL:NEWS_CATEGORY", "@ptr5", "SL:NEWS_CATEGORY]", "IN:GET_STORIES_NEWS]"]}
{"loss": 2.661513328552246, "class_log_probabilities": [-0.7087751030921936, -4.53136682510376, -5.728299140930176, -6.723147392272949], "predictions": [183, 16, 396, 397, 398, 17, 184, 4, 4, 4, 4], "target_tokens": ["[IN:ADD_TIME_TIMER", "[SL:DATE_TIME", "@ptr1", "@ptr2", "SL:DATE_TIME]", "[SL:METHOD_TIMER", "@ptr4", "@ptr5", "@ptr6", "SL:METHOD_TIMER]", "IN:ADD_TIME_TIMER]"], "predicted_tokens": ["[IN:ADD_TIME_TIMER", "[SL:DATE_TIME", "@ptr1", "@ptr2", "@ptr3", "SL:DATE_TIME]", "IN:ADD_TIME_TIMER]"]}
{"loss": 4.2329792976379395, "class_log_probabilities": [-1.4672259092330933, -1.6917051076889038, -4.6324639320373535, -5.921761989593506], "predictions": [89, 90, 396, 91, 16, 401, 402, 403, 17, 92, 4], "target_tokens": ["[IN:UPDATE_TIMER", "[SL:METHOD_TIMER", "@ptr1", "@ptr2", "@ptr3", "SL:METHOD_TIMER]", "[SL:DATE_TIME", "@ptr4", "@ptr5", "@ptr6", "SL:DATE_TIME]", "IN:UPDATE_TIMER]"], "predicted_tokens": ["[IN:CREATE_TIMER", "[SL:METHOD_TIMER", "@ptr1", "SL:METHOD_TIMER]", "[SL:DATE_TIME", "@ptr6", "@ptr7", "@ptr8", "SL:DATE_TIME]", "IN:CREATE_TIMER]"]}
{"loss": 2.035789728164673, "class_log_probabilities": [-0.8916867971420288, -4.242008686065674, -4.277553081512451, -6.242337226867676], "predictions": [45, 16, 400, 401, 402, 403, 404, 405, 406, 17, 46, 4], "target_tokens": ["[IN:CREATE_ALARM", "[SL:DATE_TIME", "@ptr4", "@ptr5", "@ptr6", "@ptr7", "@ptr8", "@ptr9", "@ptr10", "SL:DATE_TIME]", "IN:CREATE_ALARM]"], "predicted_tokens": ["[IN:CREATE_ALARM", "[SL:DATE_TIME", "@ptr5", "@ptr6", "@ptr7", "@ptr8", "@ptr9", "@ptr10", "@ptr11", "SL:DATE_TIME]", "IN:CREATE_ALARM]"]}
{"loss": 4.473877429962158, "class_log_probabilities": [-1.0235198736190796, -4.468693733215332, -4.954291343688965, -5.670843124389648], "predictions": [27, 175, 396, 176, 52, 400, 401, 402, 53, 30, 4, 4], "target_tokens": ["[IN:GET_INFO_RECIPES", "[SL:RECIPES_ATTRIBUTE", "@ptr2", "SL:RECIPES_ATTRIBUTE]", "[SL:RECIPES_UNIT_NUTRITION", "@ptr1", "SL:RECIPES_UNIT_NUTRITION]", "[SL:RECIPES_INCLUDED_INGREDIENT", "@ptr4", "@ptr5", "@ptr6", "SL:RECIPES_INCLUDED_INGREDIENT]", "IN:GET_INFO_RECIPES]"], "predicted_tokens": ["[IN:GET_INFO_RECIPES", "[SL:RECIPES_UNIT_NUTRITION", "@ptr1", "SL:RECIPES_UNIT_NUTRITION]", "[SL:RECIPES_DISH", "@ptr5", "@ptr6", "@ptr7", "SL:RECIPES_DISH]", "IN:GET_INFO_RECIPES]"]}
{"loss": 4.928932189941406, "class_log_probabilities": [-2.6818478107452393, -2.995394468307495, -3.1709821224212646, -4.007829666137695], "predictions": [47, 16, 399, 400, 401, 402, 17, 120, 403, 121, 48, 4, 4, 4, 4], "target_tokens": ["[IN:GET_ALARM", "[SL:AMOUNT", "@ptr7", "SL:AMOUNT]", "[SL:ALARM_NAME", "@ptr1", "@ptr2", "@ptr3", "@ptr4", "@ptr5", "@ptr6", "SL:ALARM_NAME]", "IN:GET_ALARM]"], "predicted_tokens": ["[IN:GET_REMINDER", "[SL:DATE_TIME", "@ptr4", "@ptr5", "@ptr6", "@ptr7", "SL:DATE_TIME]", "[SL:AMOUNT", "@ptr8", "SL:AMOUNT]", "IN:GET_REMINDER]"]}
{"loss": 1.6205779314041138, "class_log_probabilities": [-1.6304798126220703, -2.027115821838379, -2.9276435375213623, -5.4000773429870605], "predictions": [45, 16, 399, 400, 401, 402, 403, 404, 405, 406, 17, 46, 4], "target_tokens": ["[IN:CREATE_ALARM", "[SL:DATE_TIME", "@ptr3", "@ptr4", "@ptr5", "@ptr6", "@ptr7", "@ptr8", "@ptr9", "@ptr10", "SL:DATE_TIME]", "IN:CREATE_ALARM]"], "predicted_tokens": ["[IN:CREATE_ALARM", "[SL:DATE_TIME", "@ptr4", "@ptr5", "@ptr6", "@ptr7", "@ptr8", "@ptr9", "@ptr10", "@ptr11", "SL:DATE_TIME]", "IN:CREATE_ALARM]"]}
{"loss": 2.8610284328460693, "class_log_probabilities": [-1.5202093124389648, -2.645266056060791, -4.468456268310547, -4.898712158203125], "predictions": [89, 16, 400, 401, 402, 403, 404, 405, 17, 92, 4, 4], "target_tokens": ["[IN:CREATE_ALARM", "[SL:DATE_TIME", "@ptr3", "@ptr4", "@ptr5", "@ptr6", "@ptr7", "@ptr8", "@ptr9", "SL:DATE_TIME]", "IN:CREATE_ALARM]"], "predicted_tokens": ["[IN:CREATE_TIMER", "[SL:DATE_TIME", "@ptr5", "@ptr6", "@ptr7", "@ptr8", "@ptr9", "@ptr10", "SL:DATE_TIME]", "IN:CREATE_TIMER]"]}
{"loss": 1.823937177658081, "class_log_probabilities": [-3.4732375144958496, -4.02195930480957, -4.229608058929443, -5.82964563369751], "predictions": [45, 16, 401, 402, 403, 404, 405, 406, 407, 408, 17, 46, 4, 4, 4, 4], "target_tokens": ["[IN:CREATE_ALARM", "[SL:DATE_TIME", "@ptr8", "@ptr9", "@ptr10", "@ptr11", "@ptr12", "@ptr13", "@ptr14", "@ptr15", "SL:DATE_TIME]", "IN:CREATE_ALARM]"], "predicted_tokens": ["[IN:CREATE_ALARM", "[SL:DATE_TIME", "@ptr6", "@ptr7", "@ptr8", "@ptr9", "@ptr10", "@ptr11", "@ptr12", "@ptr13", "SL:DATE_TIME]", "IN:CREATE_ALARM]"]}
{"loss": 2.9637434482574463, "class_log_probabilities": [-1.825873613357544, -2.303443193435669, -4.869672775268555, -6.0921525955200195], "predictions": [45, 16, 400, 401, 402, 403, 17, 46, 4, 4, 4, 4], "target_tokens": ["[IN:UPDATE_ALARM", "[SL:DATE_TIME", "@ptr3", "@ptr4", "@ptr5", "@ptr6", "@ptr7", "@ptr8", "SL:DATE_TIME]", "IN:UPDATE_ALARM]"], "predicted_tokens": ["[IN:CREATE_ALARM", "[SL:DATE_TIME", "@ptr5", "@ptr6", "@ptr7", "@ptr8", "SL:DATE_TIME]", "IN:CREATE_ALARM]"]}
{"loss": 2.960763692855835, "class_log_probabilities": [-1.4072147607803345, -3.031287908554077, -3.0875742435455322, -4.741766452789307], "predictions": [39, 40, 397, 41, 16, 400, 401, 402, 403, 404, 17, 42, 4], "target_tokens": ["[IN:GET_STORIES_NEWS", "[SL:DATE_TIME", "@ptr5", "@ptr6", "SL:DATE_TIME]", "[SL:NEWS_REFERENCE", "@ptr3", "SL:NEWS_REFERENCE]", "[SL:NEWS_TYPE", "@ptr2", "SL:NEWS_TYPE]", "IN:GET_STORIES_NEWS]"], "predicted_tokens": ["[IN:GET_STORIES_NEWS", "[SL:NEWS_TYPE", "@ptr2", "SL:NEWS_TYPE]", "[SL:DATE_TIME", "@ptr5", "@ptr6", "@ptr7", "@ptr8", "@ptr9", "SL:DATE_TIME]", "IN:GET_STORIES_NEWS]"]}
{"loss": 2.352874279022217, "class_log_probabilities": [-0.4699096381664276, -5.879483222961426, -5.981827735900879, -6.544522762298584], "predictions": [183, 16, 396, 397, 17, 184, 4, 4, 4, 4], "target_tokens": ["[IN:ADD_TIME_TIMER", "[SL:DATE_TIME", "@ptr1", "@ptr2", "SL:DATE_TIME]", "[SL:METHOD_TIMER", "@ptr5", "@ptr6", "@ptr7", "SL:METHOD_TIMER]", "IN:ADD_TIME_TIMER]"], "predicted_tokens": ["[IN:ADD_TIME_TIMER", "[SL:DATE_TIME", "@ptr1", "@ptr2", "SL:DATE_TIME]", "IN:ADD_TIME_TIMER]"]}
{"loss": 3.487788200378418, "class_log_probabilities": [-0.6500439047813416, -5.824621200561523, -5.946761131286621, -6.036910057067871], "predictions": [45, 16, 399, 400, 401, 17, 46, 4], "target_tokens": ["[IN:CREATE_ALARM", "[SL:DATE_TIME", "@ptr3", "@ptr4", "@ptr5", "SL:DATE_TIME]", "IN:CREATE_ALARM]"], "predicted_tokens": ["[IN:CREATE_ALARM", "[SL:DATE_TIME", "@ptr4", "@ptr5", "@ptr6", "SL:DATE_TIME]", "IN:CREATE_ALARM]"]}
{"loss": 2.5816502571105957, "class_log_probabilities": [-1.1380301713943481, -4.237513542175293, -4.792051315307617, -5.1910624504089355], "predictions": [89, 16, 399, 400, 401, 402, 403, 404, 405, 406, 17, 92, 4], "target_tokens": ["[IN:CREATE_ALARM", "[SL:DATE_TIME", "@ptr3", "@ptr4", "@ptr5", "@ptr6", "@ptr7", "@ptr8", "@ptr9", "@ptr10", "SL:DATE_TIME]", "IN:CREATE_ALARM]"], "predicted_tokens": ["[IN:CREATE_TIMER", "[SL:DATE_TIME", "@ptr4", "@ptr5", "@ptr6", "@ptr7", "@ptr8", "@ptr9", "@ptr10", "@ptr11", "SL:DATE_TIME]", "IN:CREATE_TIMER]"]}
{"loss": 4.4223432540893555, "class_log_probabilities": [-1.9581217765808105, -3.3249611854553223, -4.0637593269348145, -4.436535835266113], "predictions": [227, 228, 4, 4, 4, 4, 4, 4, 4], "target_tokens": ["[IN:SNOOZE_ALARM", "[SL:DATE_TIME", "@ptr3", "@ptr4", "@ptr5", "@ptr6", "SL:DATE_TIME]", "IN:SNOOZE_ALARM]"], "predicted_tokens": ["[IN:UPDATE_TIMER", "IN:UPDATE_TIMER]"]}
{"loss": 2.6748549938201904, "class_log_probabilities": [-2.1415529251098633, -2.5721523761749268, -4.363835334777832, -5.529929161071777], "predictions": [89, 16, 401, 402, 403, 404, 405, 17, 92, 4], "target_tokens": ["[IN:CREATE_ALARM", "[SL:DATE_TIME", "@ptr4", "@ptr5", "@ptr6", "@ptr7", "@ptr8", "@ptr9", "SL:DATE_TIME]", "IN:CREATE_ALARM]"], "predicted_tokens": ["[IN:CREATE_TIMER", "[SL:DATE_TIME", "@ptr6", "@ptr7", "@ptr8", "@ptr9", "@ptr10", "SL:DATE_TIME]", "IN:CREATE_TIMER]"]}
{"loss": 3.1728498935699463, "class_log_probabilities": [-1.6771472692489624, -2.5290937423706055, -4.757690906524658, -5.307894229888916], "predictions": [39, 40, 398, 399, 41, 56, 402, 403, 404, 57, 42, 4, 4, 4, 4], "target_tokens": ["[IN:GET_STORIES_NEWS", "[SL:NEWS_TYPE", "@ptr2", "@ptr3", "SL:NEWS_TYPE]", "[SL:NEWS_TOPIC", "@ptr6", "SL:NEWS_TOPIC]", "[SL:NEWS_TYPE", "@ptr8", "@ptr9", "@ptr10", "SL:NEWS_TYPE]", "IN:GET_STORIES_NEWS]"], "predicted_tokens": ["[IN:GET_STORIES_NEWS", "[SL:NEWS_TYPE", "@ptr3", "@ptr4", "SL:NEWS_TYPE]", "[SL:NEWS_TOPIC", "@ptr7", "@ptr8", "@ptr9", "SL:NEWS_TOPIC]", "IN:GET_STORIES_NEWS]"]}
{"loss": 4.352455139160156, "class_log_probabilities": [-2.6918840408325195, -3.612661123275757, -4.225679874420166, -4.339995384216309], "predictions": [227, 16, 397, 398, 17, 90, 402, 91, 228, 4, 4], "target_tokens": ["[IN:SUBTRACT_TIME_TIMER", "[SL:METHOD_TIMER", "@ptr4", "@ptr5", "@ptr6", "SL:METHOD_TIMER]", "[SL:DATE_TIME", "@ptr1", "@ptr2", "SL:DATE_TIME]", "IN:SUBTRACT_TIME_TIMER]"], "predicted_tokens": ["[IN:UPDATE_TIMER", "[SL:DATE_TIME", "@ptr2", "@ptr3", "SL:DATE_TIME]", "[SL:METHOD_TIMER", "@ptr7", "SL:METHOD_TIMER]", "IN:UPDATE_TIMER]"]}
{"loss": 3.714914083480835, "class_log_probabilities": [-1.7828984260559082, -1.9060165882110596, -2.650416135787964, -3.471160411834717], "predictions": [39, 40, 397, 41, 42, 4, 4], "target_tokens": ["[IN:GET_STORIES_NEWS", "[SL:NEWS_TYPE", "@ptr1", "@ptr2", "SL:NEWS_TYPE]", "[SL:NEWS_TOPIC", "@ptr5", "@ptr6", "@ptr7", "@ptr8", "@ptr9", "SL:NEWS_TOPIC]", "IN:GET_STORIES_NEWS]"], "predicted_tokens": ["[IN:GET_STORIES_NEWS", "[SL:NEWS_TYPE", "@ptr2", "SL:NEWS_TYPE]", "IN:GET_STORIES_NEWS]"]}
{"loss": 2.0628445148468018, "class_log_probabilities": [-1.9918813705444336, -2.57875394821167, -3.4462804794311523, -3.630026340484619], "predictions": [39, 40, 396, 41, 56, 397, 398, 399, 57, 42, 4], "target_tokens": ["[IN:GET_STORIES_NEWS", "[SL:NEWS_TOPIC", "@ptr2", "@ptr3", "@ptr4", "SL:NEWS_TOPIC]", "[SL:NEWS_TYPE", "@ptr1", "SL:NEWS_TYPE]", "IN:GET_STORIES_NEWS]"], "predicted_tokens": ["[IN:GET_STORIES_NEWS", "[SL:NEWS_TYPE", "@ptr1", "SL:NEWS_TYPE]", "[SL:NEWS_TOPIC", "@ptr2", "@ptr3", "@ptr4", "SL:NEWS_TOPIC]", "IN:GET_STORIES_NEWS]"]}
{"loss": 2.24251389503479, "class_log_probabilities": [-5.345601558685303, -6.950495719909668, -7.691457748413086, -8.152628898620605], "predictions": [55, 56, 395, 396, 397, 398, 399, 57, 56, 400, 401, 402, 403, 404, 405, 57, 58, 4, 4, 4], "target_tokens": ["[IN:QUESTION_NEWS", "[SL:NEWS_TOPIC", "@ptr0", "@ptr1", "@ptr2", "SL:NEWS_TOPIC]", "[SL:NEWS_TOPIC", "@ptr6", "@ptr7", "@ptr8", "SL:NEWS_TOPIC]", "IN:QUESTION_NEWS]"], "predicted_tokens": ["[IN:QUESTION_NEWS", "[SL:NEWS_TOPIC", "@ptr0", "@ptr1", "@ptr2", "@ptr3", "@ptr4", "SL:NEWS_TOPIC]", "[SL:NEWS_TOPIC", "@ptr5", "@ptr6", "@ptr7", "@ptr8", "@ptr9", "@ptr10", "SL:NEWS_TOPIC]", "IN:QUESTION_NEWS]"]}
{"loss": 4.5381059646606445, "class_log_probabilities": [-2.6040241718292236, -2.6598758697509766, -3.325336456298828, -3.594149351119995], "predictions": [13, 16, 395, 396, 397, 17, 14, 399, 15, 79, 405, 80, 18, 4], "target_tokens": ["[IN:GET_WEATHER", "[SL:WEATHER_ATTRIBUTE", "@ptr6", "SL:WEATHER_ATTRIBUTE]", "[SL:WEATHER_ATTRIBUTE", "@ptr7", "SL:WEATHER_ATTRIBUTE]", "[SL:WEATHER_TEMPERATURE_UNIT", "@ptr8", "SL:WEATHER_TEMPERATURE_UNIT]", "[SL:LOCATION", "@ptr4", "SL:LOCATION]", "[SL:DATE_TIME", "@ptr0", "@ptr1", "@ptr2", "SL:DATE_TIME]", "IN:GET_WEATHER]"], "predicted_tokens": ["[IN:GET_WEATHER", "[SL:DATE_TIME", "@ptr0", "@ptr1", "@ptr2", "SL:DATE_TIME]", "[SL:LOCATION", "@ptr4", "SL:LOCATION]", "[SL:WEATHER_ATTRIBUTE", "@ptr10", "SL:WEATHER_ATTRIBUTE]", "IN:GET_WEATHER]"]}
{"loss": 2.3401238918304443, "class_log_probabilities": [-0.3661903738975525, -7.153176307678223, -7.279175281524658, -8.775785446166992], "predictions": [13, 135, 397, 136, 18, 4, 4, 4], "target_tokens": ["[IN:GET_WEATHER", "[SL:WEATHER_TEMPERATURE_UNIT", "@ptr1", "SL:WEATHER_TEMPERATURE_UNIT]", "IN:GET_WEATHER]"], "predicted_tokens": ["[IN:GET_WEATHER", "[SL:WEATHER_TEMPERATURE_UNIT", "@ptr2", "SL:WEATHER_TEMPERATURE_UNIT]", "IN:GET_WEATHER]"]}
{"loss": 1.2662627696990967, "class_log_probabilities": [-0.6093233227729797, -3.4551985263824463, -5.462722301483154, -6.498539924621582], "predictions": [51, 52, 398, 399, 53, 54, 4, 4], "target_tokens": ["[IN:GET_RECIPES", "[SL:RECIPES_DISH", "@ptr2", "@ptr3", "@ptr4", "SL:RECIPES_DISH]", "IN:GET_RECIPES]"], "predicted_tokens": ["[IN:GET_RECIPES", "[SL:RECIPES_DISH", "@ptr3", "@ptr4", "SL:RECIPES_DISH]", "IN:GET_RECIPES]"]}
{"loss": 5.615828037261963, "class_log_probabilities": [-2.885847330093384, -4.2601637840271, -6.683796405792236, -6.837399482727051], "predictions": [27, 129, 404, 130, 52, 411, 53, 30, 4, 4, 4, 4], "target_tokens": ["[IN:GET_INFO_RECIPES", "[SL:RECIPES_DISH", "@ptr13", "SL:RECIPES_DISH]", "IN:GET_INFO_RECIPES]"], "predicted_tokens": ["[IN:GET_INFO_RECIPES", "[SL:RECIPES_INCLUDED_INGREDIENT", "@ptr9", "SL:RECIPES_INCLUDED_INGREDIENT]", "[SL:RECIPES_DISH", "@ptr16", "SL:RECIPES_DISH]", "IN:GET_INFO_RECIPES]"]}
{"loss": 2.036478042602539, "class_log_probabilities": [-4.0778608322143555, -4.787667274475098, -4.949963569641113, -5.694497585296631], "predictions": [27, 28, 398, 29, 28, 403, 405, 53, 30, 4, 4, 4, 4], "target_tokens": ["[IN:GET_INFO_RECIPES", "[SL:RECIPES_ATTRIBUTE", "@ptr2", "SL:RECIPES_ATTRIBUTE]", "[SL:RECIPES_DISH", "@ptr8", "@ptr9", "SL:RECIPES_DISH]", "IN:GET_INFO_RECIPES]"], "predicted_tokens": ["[IN:GET_INFO_RECIPES", "[SL:RECIPES_ATTRIBUTE", "@ptr3", "SL:RECIPES_ATTRIBUTE]", "[SL:RECIPES_ATTRIBUTE", "@ptr8", "@ptr10", "SL:RECIPES_DISH]", "IN:GET_INFO_RECIPES]"]}
{"loss": 2.4073598384857178, "class_log_probabilities": [-1.252610683441162, -2.140763282775879, -2.948735237121582, -3.9534926414489746], "predictions": [165, 129, 398, 399, 130, 129, 401, 402, 130, 166, 4, 4], "target_tokens": ["[IN:IS_TRUE_RECIPES", "[SL:RECIPES_INCLUDED_INGREDIENT", "@ptr3", "SL:RECIPES_INCLUDED_INGREDIENT]", "[SL:RECIPES_DISH", "@ptr6", "@ptr7", "SL:RECIPES_DISH]", "IN:IS_TRUE_RECIPES]"], "predicted_tokens": ["[IN:IS_TRUE_RECIPES", "[SL:RECIPES_INCLUDED_INGREDIENT", "@ptr3", "@ptr4", "SL:RECIPES_INCLUDED_INGREDIENT]", "[SL:RECIPES_INCLUDED_INGREDIENT", "@ptr6", "@ptr7", "SL:RECIPES_INCLUDED_INGREDIENT]", "IN:IS_TRUE_RECIPES]"]}
{"loss": 3.1083028316497803, "class_log_probabilities": [-0.8633995056152344, -5.8466267585754395, -5.895524501800537, -5.9725236892700195], "predictions": [61, 14, 398, 399, 400, 401, 15, 62, 4], "target_tokens": ["[IN:GET_INFO_RECIPES", "[SL:RECIPES_DISH", "@ptr3", "@ptr4", "@ptr5", "SL:RECIPES_DISH]", "IN:GET_INFO_RECIPES]"], "predicted_tokens": ["[IN:GET_EVENT", "[SL:LOCATION", "@ptr3", "@ptr4", "@ptr5", "@ptr6", "SL:LOCATION]", "IN:GET_EVENT]"]}
{"loss": 1.6983016729354858, "class_log_probabilities": [-0.7997251152992249, -4.29765510559082, -5.442033767700195, -6.107315540313721], "predictions": [51, 52, 396, 397, 53, 129, 398, 130, 54, 4], "target_tokens": ["[IN:GET_RECIPES", "[SL:RECIPES_DISH", "@ptr1", "@ptr2", "SL:RECIPES_DISH]", "IN:GET_RECIPES]"], "predicted_tokens": ["[IN:GET_RECIPES", "[SL:RECIPES_DISH", "@ptr1", "@ptr2", "SL:RECIPES_DISH]", "[SL:RECIPES_INCLUDED_INGREDIENT", "@ptr3", "SL:RECIPES_INCLUDED_INGREDIENT]", "IN:GET_RECIPES]"]}
{"loss": 4.8022871017456055, "class_log_probabilities": [-0.9669786095619202, -3.6530983448028564, -3.8456103801727295, -4.910854816436768], "predictions": [51, 52, 396, 397, 53, 113, 402, 114, 54, 4, 4], "target_tokens": ["[IN:GET_RECIPES", "[SL:RECIPES_COOKING_METHOD", "@ptr3", "@ptr4", "@ptr5", "@ptr6", "SL:RECIPES_COOKING_METHOD]", "[SL:RECIPES_DISH", "@ptr2", "SL:RECIPES_DISH]", "[SL:RECIPES_MEAL", "@ptr1", "SL:RECIPES_MEAL]", "IN:GET_RECIPES]"], "predicted_tokens": ["[IN:GET_RECIPES", "[SL:RECIPES_DISH", "@ptr1", "@ptr2", "SL:RECIPES_DISH]", "[SL:RECIPES_COOKING_METHOD", "@ptr7", "SL:RECIPES_COOKING_METHOD]", "IN:GET_RECIPES]"]}
{"loss": 0.9688524007797241, "class_log_probabilities": [-0.49587348103523254, -6.323665142059326, -7.085405349731445, -7.091409206390381], "predictions": [51, 52, 398, 399, 400, 53, 54, 4], "target_tokens": ["[IN:GET_RECIPES", "[SL:RECIPES_DISH", "@ptr3", "@ptr4", "@ptr5", "SL:RECIPES_DISH]", "IN:GET_RECIPES]"], "predicted_tokens": ["[IN:GET_RECIPES", "[SL:RECIPES_DISH", "@ptr3", "@ptr4", "@ptr5", "SL:RECIPES_DISH]", "IN:GET_RECIPES]"]}
{"loss": 2.29744815826416, "class_log_probabilities": [-0.821806013584137, -5.384531497955322, -5.4912309646606445, -6.4082112312316895], "predictions": [51, 52, 398, 399, 400, 401, 53, 54, 4], "target_tokens": ["[IN:GET_RECIPES", "[SL:RECIPES_COOKING_METHOD", "@ptr2", "SL:RECIPES_COOKING_METHOD]", "[SL:RECIPES_DISH", "@ptr3", "@ptr4", "@ptr5", "SL:RECIPES_DISH]", "IN:GET_RECIPES]"], "predicted_tokens": ["[IN:GET_RECIPES", "[SL:RECIPES_DISH", "@ptr3", "@ptr4", "@ptr5", "@ptr6", "SL:RECIPES_DISH]", "IN:GET_RECIPES]"]}
{"loss": 2.376147747039795, "class_log_probabilities": [-0.7348605394363403, -4.071120262145996, -5.064747333526611, -5.232985496520996], "predictions": [13, 79, 396, 397, 398, 80, 18, 4], "target_tokens": ["[IN:GET_WEATHER", "[SL:WEATHER_ATTRIBUTE", "@ptr0", "@ptr1", "@ptr2", "@ptr3", "SL:WEATHER_ATTRIBUTE]", "IN:GET_WEATHER]"], "predicted_tokens": ["[IN:GET_WEATHER", "[SL:WEATHER_ATTRIBUTE", "@ptr1", "@ptr2", "@ptr3", "SL:WEATHER_ATTRIBUTE]", "IN:GET_WEATHER]"]}
{"loss": 1.1705894470214844, "class_log_probabilities": [-2.1704697608947754, -2.788069725036621, -2.9778575897216797, -3.8140790462493896], "predictions": [13, 16, 395, 396, 397, 17, 14, 400, 15, 18, 4, 4, 4, 4], "target_tokens": ["[IN:GET_WEATHER", "[SL:DATE_TIME", "@ptr0", "@ptr1", "@ptr2", "SL:DATE_TIME]", "[SL:LOCATION", "@ptr6", "@ptr7", "@ptr8", "SL:LOCATION]", "IN:GET_WEATHER]"], "predicted_tokens": ["[IN:GET_WEATHER", "[SL:DATE_TIME", "@ptr0", "@ptr1", "@ptr2", "SL:DATE_TIME]", "[SL:LOCATION", "@ptr5", "SL:LOCATION]", "IN:GET_WEATHER]"]}
{"loss": 2.456742525100708, "class_log_probabilities": [-2.6933436393737793, -3.251847267150879, -3.4951391220092773, -3.7600035667419434], "predictions": [27, 28, 396, 29, 129, 397, 130, 129, 399, 130, 30, 4, 4], "target_tokens": ["[IN:GET_INFO_RECIPES", "[SL:RECIPES_INCLUDED_INGREDIENT", "@ptr1", "SL:RECIPES_INCLUDED_INGREDIENT]", "[SL:RECIPES_INCLUDED_INGREDIENT", "@ptr3", "SL:RECIPES_INCLUDED_INGREDIENT]", "[SL:RECIPES_ATTRIBUTE", "@ptr0", "SL:RECIPES_ATTRIBUTE]", "IN:GET_INFO_RECIPES]"], "predicted_tokens": ["[IN:GET_INFO_RECIPES", "[SL:RECIPES_ATTRIBUTE", "@ptr1", "SL:RECIPES_ATTRIBUTE]", "[SL:RECIPES_INCLUDED_INGREDIENT", "@ptr2", "SL:RECIPES_INCLUDED_INGREDIENT]", "[SL:RECIPES_INCLUDED_INGREDIENT", "@ptr4", "SL:RECIPES_INCLUDED_INGREDIENT]", "IN:GET_INFO_RECIPES]"]}
{"loss": 2.877410650253296, "class_log_probabilities": [-4.39894437789917, -4.5696797370910645, -5.083828926086426, -5.973448753356934], "predictions": [89, 14, 397, 398, 399, 400, 15, 16, 402, 403, 404, 17, 92, 4, 4], "target_tokens": ["[IN:GET_WEATHER", "[SL:LOCATION", "@ptr2", "@ptr3", "@ptr4", "SL:LOCATION]", "[SL:DATE_TIME", "@ptr5", "@ptr6", "@ptr7", "SL:DATE_TIME]", "IN:GET_WEATHER]"], "predicted_tokens": ["[IN:CREATE_TIMER", "[SL:LOCATION", "@ptr2", "@ptr3", "@ptr4", "@ptr5", "SL:LOCATION]", "[SL:DATE_TIME", "@ptr7", "@ptr8", "@ptr9", "SL:DATE_TIME]", "IN:CREATE_TIMER]"]}
{"loss": 3.051339626312256, "class_log_probabilities": [-3.381539821624756, -3.4910244941711426, -3.736912488937378, -3.7961463928222656], "predictions": [63, 64, 398, 65, 66, 401, 402, 403, 404, 405, 67, 68, 4], "target_tokens": ["[IN:PLAY_MUSIC", "[SL:MUSIC_ARTIST_NAME", "@ptr5", "@ptr6", "@ptr7", "@ptr8", "@ptr9", "SL:MUSIC_ARTIST_NAME]", "[SL:MUSIC_TYPE", "@ptr2", "SL:MUSIC_TYPE]", "IN:PLAY_MUSIC]"], "predicted_tokens": ["[IN:PLAY_MUSIC", "[SL:MUSIC_TYPE", "@ptr3", "SL:MUSIC_TYPE]", "[SL:MUSIC_ARTIST_NAME", "@ptr6", "@ptr7", "@ptr8", "@ptr9", "@ptr10", "SL:MUSIC_ARTIST_NAME]", "IN:PLAY_MUSIC]"]}
{"loss": 1.8560715913772583, "class_log_probabilities": [-0.5695412755012512, -2.7855517864227295, -5.583023548126221, -5.763293266296387], "predictions": [123, 64, 397, 65, 124, 4], "target_tokens": ["[IN:PAUSE_MUSIC", "[SL:MUSIC_TYPE", "@ptr1", "SL:MUSIC_TYPE]", "IN:PAUSE_MUSIC]"], "predicted_tokens": ["[IN:PAUSE_MUSIC", "[SL:MUSIC_TYPE", "@ptr2", "SL:MUSIC_TYPE]", "IN:PAUSE_MUSIC]"]}
{"loss": 2.2478089332580566, "class_log_probabilities": [-1.1387722492218018, -2.6641297340393066, -2.751513719558716, -2.847578525543213], "predictions": [13, 16, 401, 402, 17, 18, 4, 4], "target_tokens": ["[IN:GET_WEATHER", "[SL:DATE_TIME", "@ptr5", "@ptr6", "SL:DATE_TIME]", "IN:GET_WEATHER]"], "predicted_tokens": ["[IN:GET_WEATHER", "[SL:DATE_TIME", "@ptr6", "@ptr7", "SL:DATE_TIME]", "IN:GET_WEATHER]"]}
{"loss": 2.7257072925567627, "class_log_probabilities": [-1.275875210762024, -4.468268871307373, -4.5131449699401855, -4.8856635093688965], "predictions": [63, 64, 397, 65, 66, 398, 399, 67, 68, 4], "target_tokens": ["[IN:PLAY_MUSIC", "[SL:MUSIC_GENRE", "@ptr3", "@ptr4", "SL:MUSIC_GENRE]", "[SL:MUSIC_TYPE", "@ptr2", "SL:MUSIC_TYPE]", "IN:PLAY_MUSIC]"], "predicted_tokens": ["[IN:PLAY_MUSIC", "[SL:MUSIC_TYPE", "@ptr2", "SL:MUSIC_TYPE]", "[SL:MUSIC_ARTIST_NAME", "@ptr3", "@ptr4", "SL:MUSIC_ARTIST_NAME]", "IN:PLAY_MUSIC]"]}
{"loss": 3.0156726837158203, "class_log_probabilities": [-0.6985546946525574, -3.527070999145508, -7.092015266418457, -7.377373695373535], "predictions": [63, 64, 396, 65, 68, 4, 4, 4, 4, 4], "target_tokens": ["[IN:START_SHUFFLE_MUSIC", "[SL:MUSIC_TYPE", "@ptr1", "SL:MUSIC_TYPE]", "IN:START_SHUFFLE_MUSIC]"], "predicted_tokens": ["[IN:PLAY_MUSIC", "[SL:MUSIC_TYPE", "@ptr1", "SL:MUSIC_TYPE]", "IN:PLAY_MUSIC]"]}
{"loss": 2.385084390640259, "class_log_probabilities": [-2.4761884212493896, -3.5803732872009277, -3.682661533355713, -4.1186676025390625], "predictions": [63, 64, 395, 65, 66, 399, 400, 401, 402, 403, 404, 67, 68, 4], "target_tokens": ["[IN:QUESTION_MUSIC", "[SL:MUSIC_ARTIST_NAME", "@ptr4", "@ptr5", "@ptr6", "@ptr7", "@ptr8", "SL:MUSIC_ARTIST_NAME]", "[SL:MUSIC_TYPE", "@ptr0", "SL:MUSIC_TYPE]", "IN:QUESTION_MUSIC]"], "predicted_tokens": ["[IN:PLAY_MUSIC", "[SL:MUSIC_TYPE", "@ptr0", "SL:MUSIC_TYPE]", "[SL:MUSIC_ARTIST_NAME", "@ptr4", "@ptr5", "@ptr6", "@ptr7", "@ptr8", "@ptr9", "SL:MUSIC_ARTIST_NAME]", "IN:PLAY_MUSIC]"]}
{"loss": 3.125725269317627, "class_log_probabilities": [-1.6941722631454468, -1.9203383922576904, -2.8264498710632324, -5.894453525543213], "predictions": [13, 16, 395, 396, 17, 14, 399, 400, 401, 402, 403, 15, 18, 4], "target_tokens": ["[IN:GET_WEATHER", "[SL:LOCATION", "@ptr4", "@ptr5", "@ptr6", "@ptr7", "SL:LOCATION]", "[SL:DATE_TIME", "@ptr0", "@ptr1", "SL:DATE_TIME]", "IN:GET_WEATHER]"], "predicted_tokens": ["[IN:GET_WEATHER", "[SL:DATE_TIME", "@ptr0", "@ptr1", "SL:DATE_TIME]", "[SL:LOCATION", "@ptr4", "@ptr5", "@ptr6", "@ptr7", "@ptr8", "SL:LOCATION]", "IN:GET_WEATHER]"]}
{"loss": 1.8559328317642212, "class_log_probabilities": [-0.3338231146335602, -6.234431743621826, -6.236055850982666, -7.028651714324951], "predictions": [63, 64, 397, 65, 68, 4], "target_tokens": ["[IN:PLAY_MUSIC", "[SL:MUSIC_TYPE", "@ptr1", "SL:MUSIC_TYPE]", "IN:PLAY_MUSIC]"], "predicted_tokens": ["[IN:PLAY_MUSIC", "[SL:MUSIC_TYPE", "@ptr2", "SL:MUSIC_TYPE]", "IN:PLAY_MUSIC]"]}
{"loss": 3.6370809078216553, "class_log_probabilities": [-2.7921063899993896, -3.904175043106079, -5.170333385467529, -6.402218818664551], "predictions": [27, 28, 398, 29, 113, 399, 400, 401, 402, 114, 30, 4], "target_tokens": ["[IN:GET_WEATHER", "[SL:WEATHER_ATTRIBUTE", "@ptr2", "@ptr3", "@ptr4", "@ptr5", "@ptr6", "@ptr7", "SL:WEATHER_ATTRIBUTE]", "IN:GET_WEATHER]"], "predicted_tokens": ["[IN:GET_INFO_RECIPES", "[SL:RECIPES_ATTRIBUTE", "@ptr3", "SL:RECIPES_ATTRIBUTE]", "[SL:RECIPES_COOKING_METHOD", "@ptr4", "@ptr5", "@ptr6", "@ptr7", "SL:RECIPES_COOKING_METHOD]", "IN:GET_INFO_RECIPES]"]}
{"loss": 3.2533950805664062, "class_log_probabilities": [-2.329979419708252, -2.4507503509521484, -2.9782278537750244, -3.3623619079589844], "predictions": [13, 79, 400, 80, 79, 402, 80, 18, 4, 4], "target_tokens": ["[IN:GET_WEATHER", "[SL:WEATHER_ATTRIBUTE", "@ptr4", "@ptr5", "@ptr6", "@ptr7", "SL:WEATHER_ATTRIBUTE]", "IN:GET_WEATHER]"], "predicted_tokens": ["[IN:GET_WEATHER", "[SL:WEATHER_ATTRIBUTE", "@ptr5", "SL:WEATHER_ATTRIBUTE]", "[SL:WEATHER_ATTRIBUTE", "@ptr7", "SL:WEATHER_ATTRIBUTE]", "IN:GET_WEATHER]"]}
{"loss": 2.643186569213867, "class_log_probabilities": [-1.4840961694717407, -1.7002689838409424, -1.7743090391159058, -3.9074547290802], "predictions": [221, 14, 401, 402, 15, 222, 4, 4], "target_tokens": ["[IN:GET_SUNSET", "[SL:LOCATION", "@ptr5", "@ptr6", "@ptr7", "SL:LOCATION]", "IN:GET_SUNSET]"], "predicted_tokens": ["[IN:GET_SUNSET", "[SL:LOCATION", "@ptr6", "@ptr7", "SL:LOCATION]", "IN:GET_SUNSET]"]}
{"loss": 1.317215085029602, "class_log_probabilities": [-1.6485207080841064, -2.479257583618164, -3.1003870964050293, -4.037853240966797], "predictions": [13, 79, 396, 80, 14, 401, 15, 18, 4, 4], "target_tokens": ["[IN:GET_WEATHER", "[SL:WEATHER_ATTRIBUTE", "@ptr0", "SL:WEATHER_ATTRIBUTE]", "[SL:LOCATION", "@ptr5", "SL:LOCATION]", "IN:GET_WEATHER]"], "predicted_tokens": ["[IN:GET_WEATHER", "[SL:WEATHER_ATTRIBUTE", "@ptr1", "SL:WEATHER_ATTRIBUTE]", "[SL:LOCATION", "@ptr6", "SL:LOCATION]", "IN:GET_WEATHER]"]}
{"loss": 2.283423900604248, "class_log_probabilities": [-0.7650755643844604, -3.2303643226623535, -4.610348224639893, -5.077350616455078], "predictions": [63, 66, 397, 67, 68, 4], "target_tokens": ["[IN:PLAY_MUSIC", "[SL:MUSIC_GENRE", "@ptr2", "SL:MUSIC_GENRE]", "[SL:MUSIC_TYPE", "@ptr1", "SL:MUSIC_TYPE]", "IN:PLAY_MUSIC]"], "predicted_tokens": ["[IN:PLAY_MUSIC", "[SL:MUSIC_ARTIST_NAME", "@ptr2", "SL:MUSIC_ARTIST_NAME]", "IN:PLAY_MUSIC]"]}
{"loss": 2.018491268157959, "class_log_probabilities": [-1.396402359008789, -1.8735284805297852, -4.66746711730957, -5.227546215057373], "predictions": [229, 64, 396, 65, 230, 4, 4, 4, 4], "target_tokens": ["[IN:PREVIOUS_TRACK_MUSIC", "[SL:ORDINAL", "@ptr2", "SL:ORDINAL]", "[SL:MUSIC_TYPE", "@ptr1", "SL:MUSIC_TYPE]", "IN:PREVIOUS_TRACK_MUSIC]"], "predicted_tokens": ["[IN:PREVIOUS_TRACK_MUSIC", "[SL:MUSIC_TYPE", "@ptr1", "SL:MUSIC_TYPE]", "IN:PREVIOUS_TRACK_MUSIC]"]}
{"loss": 3.614070177078247, "class_log_probabilities": [-1.184291124343872, -1.5220590829849243, -6.62222146987915, -8.260653495788574], "predictions": [13, 16, 395, 396, 17, 79, 398, 80, 18, 4, 4, 4, 4], "target_tokens": ["[IN:GET_WEATHER", "[SL:WEATHER_ATTRIBUTE", "@ptr2", "SL:WEATHER_ATTRIBUTE]", "[SL:DATE_TIME", "@ptr0", "@ptr1", "SL:DATE_TIME]", "IN:GET_WEATHER]"], "predicted_tokens": ["[IN:GET_WEATHER", "[SL:DATE_TIME", "@ptr0", "@ptr1", "SL:DATE_TIME]", "[SL:WEATHER_ATTRIBUTE", "@ptr3", "SL:WEATHER_ATTRIBUTE]", "IN:GET_WEATHER]"]}
{"loss": 3.727736473083496, "class_log_probabilities": [-2.8776419162750244, -3.699324369430542, -4.668344020843506, -4.734476566314697], "predictions": [13, 16, 395, 17, 79, 400, 80, 18, 4, 4], "target_tokens": ["[IN:GET_WEATHER", "[SL:WEATHER_ATTRIBUTE", "@ptr5", "@ptr6", "SL:WEATHER_ATTRIBUTE]", "[SL:DATE_TIME", "@ptr1", "@ptr2", "SL:DATE_TIME]", "IN:GET_WEATHER]"], "predicted_tokens": ["[IN:GET_WEATHER", "[SL:DATE_TIME", "@ptr0", "SL:DATE_TIME]", "[SL:WEATHER_ATTRIBUTE", "@ptr5", "SL:WEATHER_ATTRIBUTE]", "IN:GET_WEATHER]"]}
{"loss": 1.0111145973205566, "class_log_probabilities": [-0.1374140977859497, -7.066923141479492, -7.1742844581604, -7.43965482711792], "predictions": [221, 222, 4], "target_tokens": ["[IN:GET_SUNSET", "IN:GET_SUNSET]"], "predicted_tokens": ["[IN:GET_SUNSET", "IN:GET_SUNSET]"]}
{"loss": 0.9524636268615723, "class_log_probabilities": [-0.2997426390647888, -6.426507949829102, -6.805672645568848, -122.91191864013672], "predictions": [13, 18, 4, 4, 4, 4, 4, 4, 4, 4, 4, 4, 4, 4, 4, 4, 4, 4, 4, 4, 4, 4, 4, 4, 4, 4, 4, 4, 4, 4, 4, 4, 4, 4, 4, 4, 4, 4, 4, 4, 4, 4, 4, 4, 4, 4, 4, 4, 4, 4, 4, 4, 4, 4, 4, 4, 4, 4, 4, 4, 4, 4, 4, 4, 4, 4, 4, 4, 4, 4, 4, 4, 4, 4, 4, 4, 4, 4, 4, 4, 4, 4, 4, 4, 4, 4, 4, 4, 4, 4, 4, 4, 4, 4, 4, 4, 4, 4, 4, 4], "target_tokens": ["[IN:GET_WEATHER", "IN:GET_WEATHER]"], "predicted_tokens": ["[IN:GET_WEATHER", "IN:GET_WEATHER]"]}
{"loss": 1.3226689100265503, "class_log_probabilities": [-1.0618348121643066, -2.731633424758911, -3.373807668685913, -4.122746467590332], "predictions": [13, 79, 396, 397, 80, 18, 4, 4], "target_tokens": ["[IN:GET_WEATHER", "[SL:WEATHER_ATTRIBUTE", "@ptr0", "@ptr1", "@ptr2", "SL:WEATHER_ATTRIBUTE]", "IN:GET_WEATHER]"], "predicted_tokens": ["[IN:GET_WEATHER", "[SL:WEATHER_ATTRIBUTE", "@ptr1", "@ptr2", "SL:WEATHER_ATTRIBUTE]", "IN:GET_WEATHER]"]}
{"loss": 3.213724374771118, "class_log_probabilities": [-0.732583224773407, -6.024540901184082, -6.219291687011719, -6.927106857299805], "predictions": [13, 16, 395, 396, 397, 17, 79, 401, 80, 18, 4, 4, 4, 4], "target_tokens": ["[IN:GET_WEATHER", "[SL:WEATHER_ATTRIBUTE", "@ptr5", "SL:WEATHER_ATTRIBUTE]", "[SL:DATE_TIME", "@ptr0", "@ptr1", "@ptr2", "SL:DATE_TIME]", "IN:GET_WEATHER]"], "predicted_tokens": ["[IN:GET_WEATHER", "[SL:DATE_TIME", "@ptr0", "@ptr1", "@ptr2", "SL:DATE_TIME]", "[SL:WEATHER_ATTRIBUTE", "@ptr6", "SL:WEATHER_ATTRIBUTE]", "IN:GET_WEATHER]"]}
{"loss": 3.0911240577697754, "class_log_probabilities": [-3.6237099170684814, -4.148159027099609, -4.733369827270508, -4.8256049156188965], "predictions": [13, 14, 415, 397, 398, 399, 400, 401, 402, 403, 15, 18, 4], "target_tokens": ["[IN:GET_WEATHER", "[SL:WEATHER_ATTRIBUTE", "@ptr9", "SL:WEATHER_ATTRIBUTE]", "[SL:LOCATION", "@ptr1", "@ptr2", "@ptr3", "@ptr4", "@ptr5", "@ptr6", "SL:LOCATION]", "IN:GET_WEATHER]"], "predicted_tokens": ["[IN:GET_WEATHER", "[SL:LOCATION", "@ptr20", "@ptr2", "@ptr3", "@ptr4", "@ptr5", "@ptr6", "@ptr7", "@ptr8", "SL:LOCATION]", "IN:GET_WEATHER]"]}
{"loss": 3.0061450004577637, "class_log_probabilities": [-1.7948431968688965, -2.010042428970337, -3.3910632133483887, -4.387388229370117], "predictions": [13, 16, 395, 396, 17, 79, 401, 80, 18, 4], "target_tokens": ["[IN:GET_WEATHER", "[SL:WEATHER_ATTRIBUTE", "@ptr4", "SL:WEATHER_ATTRIBUTE]", "[SL:DATE_TIME", "@ptr0", "@ptr1", "SL:DATE_TIME]", "IN:GET_WEATHER]"], "predicted_tokens": ["[IN:GET_WEATHER", "[SL:DATE_TIME", "@ptr0", "@ptr1", "SL:DATE_TIME]", "[SL:WEATHER_ATTRIBUTE", "@ptr6", "SL:WEATHER_ATTRIBUTE]", "IN:GET_WEATHER]"]}
{"loss": 1.5868380069732666, "class_log_probabilities": [-4.809577465057373, -5.030238151550293, -6.18311882019043, -7.002509593963623], "predictions": [13, 79, 396, 397, 80, 79, 421, 80, 14, 404, 15, 18, 4, 4, 4], "target_tokens": ["[IN:GET_WEATHER", "[SL:WEATHER_ATTRIBUTE", "@ptr0", "@ptr1", "@ptr2", "@ptr3", "SL:WEATHER_ATTRIBUTE]", "IN:GET_WEATHER]"], "predicted_tokens": ["[IN:GET_WEATHER", "[SL:WEATHER_ATTRIBUTE", "@ptr1", "@ptr2", "SL:WEATHER_ATTRIBUTE]", "[SL:WEATHER_ATTRIBUTE", "@ptr26", "SL:WEATHER_ATTRIBUTE]", "[SL:LOCATION", "@ptr9", "SL:LOCATION]", "IN:GET_WEATHER]"]}
{"loss": 1.5105808973312378, "class_log_probabilities": [-0.3986275792121887, -3.812774658203125, -4.713964939117432, -6.267521858215332], "predictions": [297, 64, 398, 65, 298, 4], "target_tokens": ["[IN:STOP_MUSIC", "[SL:MUSIC_TYPE", "@ptr2", "SL:MUSIC_TYPE]", "IN:STOP_MUSIC]"], "predicted_tokens": ["[IN:STOP_MUSIC", "[SL:MUSIC_TYPE", "@ptr3", "SL:MUSIC_TYPE]", "IN:STOP_MUSIC]"]}
{"loss": 0.9687278866767883, "class_log_probabilities": [-0.4387560486793518, -5.239612579345703, -5.792919158935547, -5.859848976135254], "predictions": [241, 64, 398, 65, 242, 4], "target_tokens": ["[IN:SKIP_TRACK_MUSIC", "[SL:MUSIC_TYPE", "@ptr3", "SL:MUSIC_TYPE]", "IN:SKIP_TRACK_MUSIC]"], "predicted_tokens": ["[IN:SKIP_TRACK_MUSIC", "[SL:MUSIC_TYPE", "@ptr3", "SL:MUSIC_TYPE]", "IN:SKIP_TRACK_MUSIC]"]}
{"loss": 3.7512576580047607, "class_log_probabilities": [-0.921552300453186, -1.7553743124008179, -8.958666801452637, -9.46480941772461], "predictions": [27, 30, 4, 4, 4, 4, 4, 4, 4, 4], "target_tokens": ["[IN:GET_INFO_RECIPES", "[SL:RECIPES_ATTRIBUTE", "@ptr8", "@ptr9", "SL:RECIPES_ATTRIBUTE]", "[SL:RECIPES_COOKING_METHOD", "@ptr14", "@ptr15", "@ptr16", "SL:RECIPES_COOKING_METHOD]", "IN:GET_INFO_RECIPES]"], "predicted_tokens": ["[IN:GET_INFO_RECIPES", "IN:GET_INFO_RECIPES]"]}
{"loss": 2.7540090084075928, "class_log_probabilities": [-1.3981070518493652, -2.6436445713043213, -2.8399486541748047, -3.6388490200042725], "predictions": [45, 16, 400, 401, 402, 403, 404, 17, 46, 4, 4], "target_tokens": ["[IN:CREATE_ALARM", "[SL:DATE_TIME", "@ptr3", "@ptr4", "@ptr5", "@ptr6", "@ptr7", "SL:DATE_TIME]", "IN:CREATE_ALARM]"], "predicted_tokens": ["[IN:CREATE_ALARM", "[SL:DATE_TIME", "@ptr5", "@ptr6", "@ptr7", "@ptr8", "@ptr9", "SL:DATE_TIME]", "IN:CREATE_ALARM]"]}
{"loss": 2.039236068725586, "class_log_probabilities": [-0.8309983015060425, -5.075862407684326, -5.353025436401367, -5.793828964233398], "predictions": [13, 16, 398, 399, 400, 401, 402, 403, 17, 18, 4], "target_tokens": ["[IN:GET_WEATHER", "[SL:DATE_TIME", "@ptr5", "@ptr6", "@ptr7", "SL:DATE_TIME]", "IN:GET_WEATHER]"], "predicted_tokens": ["[IN:GET_WEATHER", "[SL:DATE_TIME", "@ptr3", "@ptr4", "@ptr5", "@ptr6", "@ptr7", "@ptr8", "SL:DATE_TIME]", "IN:GET_WEATHER]"]}
{"loss": 3.2175159454345703, "class_log_probabilities": [-0.5582138895988464, -2.714073657989502, -4.223606109619141, -5.78343391418457], "predictions": [255, 90, 399, 91, 256, 4], "target_tokens": ["[IN:PAUSE_TIMER", "[SL:METHOD_TIMER", "@ptr1", "@ptr2", "@ptr3", "SL:METHOD_TIMER]", "IN:PAUSE_TIMER]"], "predicted_tokens": ["[IN:PAUSE_TIMER", "[SL:METHOD_TIMER", "@ptr4", "SL:METHOD_TIMER]", "IN:PAUSE_TIMER]"]}
{"loss": 0.9690301418304443, "class_log_probabilities": [-0.704688310623169, -4.398643970489502, -5.49873685836792, -5.845571517944336], "predictions": [39, 40, 397, 41, 43, 400, 44, 42, 4, 4], "target_tokens": ["[IN:GET_STORIES_NEWS", "[SL:NEWS_TYPE", "@ptr2", "SL:NEWS_TYPE]", "[SL:NEWS_CATEGORY", "@ptr5", "SL:NEWS_CATEGORY]", "IN:GET_STORIES_NEWS]"], "predicted_tokens": ["[IN:GET_STORIES_NEWS", "[SL:NEWS_TYPE", "@ptr2", "SL:NEWS_TYPE]", "[SL:NEWS_CATEGORY", "@ptr5", "SL:NEWS_CATEGORY]", "IN:GET_STORIES_NEWS]"]}
{"loss": 3.8629748821258545, "class_log_probabilities": [-3.143989086151123, -3.509817123413086, -3.575441360473633, -3.804809093475342], "predictions": [273, 90, 399, 91, 16, 403, 404, 17, 92, 4], "target_tokens": ["[IN:RESTART_TIMER", "[SL:METHOD_TIMER", "@ptr1", "@ptr2", "@ptr3", "SL:METHOD_TIMER]", "[SL:DATE_TIME", "@ptr5", "@ptr6", "@ptr7", "SL:DATE_TIME]", "IN:RESTART_TIMER]"], "predicted_tokens": ["[IN:RESTART_TIMER", "[SL:METHOD_TIMER", "@ptr4", "SL:METHOD_TIMER]", "[SL:DATE_TIME", "@ptr8", "@ptr9", "SL:DATE_TIME]", "IN:CREATE_TIMER]"]}
{"loss": 3.2764639854431152, "class_log_probabilities": [-0.728998064994812, -4.763334274291992, -4.7843852043151855, -4.791934490203857], "predictions": [13, 79, 402, 80, 18, 4, 4], "target_tokens": ["[IN:GET_WEATHER", "[SL:WEATHER_ATTRIBUTE", "@ptr4", "@ptr5", "@ptr6", "SL:WEATHER_ATTRIBUTE]", "IN:GET_WEATHER]"], "predicted_tokens": ["[IN:GET_WEATHER", "[SL:WEATHER_ATTRIBUTE", "@ptr7", "SL:WEATHER_ATTRIBUTE]", "IN:GET_WEATHER]"]}
{"loss": 3.577526569366455, "class_log_probabilities": [-1.4593828916549683, -1.6655843257904053, -3.8016879558563232, -4.1771931648254395], "predictions": [13, 14, 395, 15, 79, 399, 80, 18, 4, 4], "target_tokens": ["[IN:GET_WEATHER", "[SL:WEATHER_ATTRIBUTE", "@ptr2", "SL:WEATHER_ATTRIBUTE]", "[SL:LOCATION", "@ptr0", "SL:LOCATION]", "IN:GET_WEATHER]"], "predicted_tokens": ["[IN:GET_WEATHER", "[SL:LOCATION", "@ptr0", "SL:LOCATION]", "[SL:WEATHER_ATTRIBUTE", "@ptr4", "SL:WEATHER_ATTRIBUTE]", "IN:GET_WEATHER]"]}
{"loss": 1.4949580430984497, "class_log_probabilities": [-0.5851895809173584, -4.688509464263916, -6.397514343261719, -6.484054088592529], "predictions": [13, 16, 397, 398, 399, 17, 18, 4], "target_tokens": ["[IN:GET_WEATHER", "[SL:DATE_TIME", "@ptr2", "@ptr3", "SL:DATE_TIME]", "IN:GET_WEATHER]"], "predicted_tokens": ["[IN:GET_WEATHER", "[SL:DATE_TIME", "@ptr2", "@ptr3", "@ptr4", "SL:DATE_TIME]", "IN:GET_WEATHER]"]}
{"loss": 3.2825570106506348, "class_log_probabilities": [-0.6026003360748291, -6.509928226470947, -6.536780834197998, -7.126875400543213], "predictions": [13, 16, 395, 396, 17, 79, 397, 80, 18, 4, 4], "target_tokens": ["[IN:GET_WEATHER", "[SL:WEATHER_ATTRIBUTE", "@ptr2", "SL:WEATHER_ATTRIBUTE]", "[SL:DATE_TIME", "@ptr0", "@ptr1", "SL:DATE_TIME]", "IN:GET_WEATHER]"], "predicted_tokens": ["[IN:GET_WEATHER", "[SL:DATE_TIME", "@ptr0", "@ptr1", "SL:DATE_TIME]", "[SL:WEATHER_ATTRIBUTE", "@ptr2", "SL:WEATHER_ATTRIBUTE]", "IN:GET_WEATHER]"]}
{"loss": 3.5653419494628906, "class_log_probabilities": [-1.1043307781219482, -1.6602448225021362, -6.633296012878418, -7.653987407684326], "predictions": [13, 16, 395, 396, 17, 79, 398, 80, 18, 4, 4, 4, 4], "target_tokens": ["[IN:GET_WEATHER", "[SL:WEATHER_ATTRIBUTE", "@ptr2", "SL:WEATHER_ATTRIBUTE]", "[SL:DATE_TIME", "@ptr0", "@ptr1", "SL:DATE_TIME]", "IN:GET_WEATHER]"], "predicted_tokens": ["[IN:GET_WEATHER", "[SL:DATE_TIME", "@ptr0", "@ptr1", "SL:DATE_TIME]", "[SL:WEATHER_ATTRIBUTE", "@ptr3", "SL:WEATHER_ATTRIBUTE]", "IN:GET_WEATHER]"]}
{"loss": 1.5168956518173218, "class_log_probabilities": [-3.4987988471984863, -5.163546085357666, -5.705835342407227, -5.739099025726318], "predictions": [13, 79, 398, 399, 80, 18, 4, 4, 4, 4, 4, 4, 4, 4, 4], "target_tokens": ["[IN:GET_WEATHER", "[SL:WEATHER_ATTRIBUTE", "@ptr3", "@ptr4", "SL:WEATHER_ATTRIBUTE]", "[SL:DATE_TIME", "@ptr12", "@ptr13", "SL:DATE_TIME]", "IN:GET_WEATHER]"], "predicted_tokens": ["[IN:GET_WEATHER", "[SL:WEATHER_ATTRIBUTE", "@ptr3", "@ptr4", "SL:WEATHER_ATTRIBUTE]", "IN:GET_WEATHER]"]}
{"loss": 2.097822904586792, "class_log_probabilities": [-0.989414632320404, -3.7000346183776855, -4.952771186828613, -5.104136943817139], "predictions": [287, 66, 396, 397, 398, 399, 400, 67, 288, 4], "target_tokens": ["[IN:LOOP_MUSIC", "[SL:MUSIC_TRACK_TITLE", "@ptr1", "@ptr2", "@ptr3", "@ptr4", "@ptr5", "SL:MUSIC_TRACK_TITLE]", "IN:LOOP_MUSIC]"], "predicted_tokens": ["[IN:REPLAY_MUSIC", "[SL:MUSIC_ARTIST_NAME", "@ptr1", "@ptr2", "@ptr3", "@ptr4", "@ptr5", "SL:MUSIC_ARTIST_NAME]", "IN:REPLAY_MUSIC]"]}
{"loss": 1.254041314125061, "class_log_probabilities": [-0.8985558748245239, -2.4423987865448, -5.036015510559082, -6.121731758117676], "predictions": [241, 64, 398, 65, 242, 4, 4, 4, 4], "target_tokens": ["[IN:SKIP_TRACK_MUSIC", "[SL:MUSIC_TYPE", "@ptr2", "SL:MUSIC_TYPE]", "IN:SKIP_TRACK_MUSIC]"], "predicted_tokens": ["[IN:SKIP_TRACK_MUSIC", "[SL:MUSIC_TYPE", "@ptr3", "SL:MUSIC_TYPE]", "IN:SKIP_TRACK_MUSIC]"]}
{"loss": 2.7034201622009277, "class_log_probabilities": [-0.7532317638397217, -5.565285682678223, -6.660120010375977, -6.681848526000977], "predictions": [63, 66, 396, 397, 398, 399, 67, 64, 401, 65, 68, 4], "target_tokens": ["[IN:PLAY_MUSIC", "[SL:MUSIC_GENRE", "@ptr3", "@ptr4", "SL:MUSIC_GENRE]", "[SL:MUSIC_TYPE", "@ptr6", "SL:MUSIC_TYPE]", "IN:PLAY_MUSIC]"], "predicted_tokens": ["[IN:PLAY_MUSIC", "[SL:MUSIC_ARTIST_NAME", "@ptr1", "@ptr2", "@ptr3", "@ptr4", "SL:MUSIC_ARTIST_NAME]", "[SL:MUSIC_TYPE", "@ptr6", "SL:MUSIC_TYPE]", "IN:PLAY_MUSIC]"]}
{"loss": 3.0467689037323, "class_log_probabilities": [-2.1156749725341797, -3.2343978881835938, -3.523820400238037, -3.8153669834136963], "predictions": [39, 40, 396, 41, 16, 398, 17, 56, 401, 57, 42, 4], "target_tokens": ["[IN:GET_STORIES_NEWS", "[SL:DATE_TIME", "@ptr2", "SL:DATE_TIME]", "[SL:NEWS_TYPE", "@ptr1", "SL:NEWS_TYPE]", "[SL:NEWS_TOPIC", "@ptr5", "SL:NEWS_TOPIC]", "IN:GET_STORIES_NEWS]"], "predicted_tokens": ["[IN:GET_STORIES_NEWS", "[SL:NEWS_TYPE", "@ptr1", "SL:NEWS_TYPE]", "[SL:DATE_TIME", "@ptr3", "SL:DATE_TIME]", "[SL:NEWS_TOPIC", "@ptr6", "SL:NEWS_TOPIC]", "IN:GET_STORIES_NEWS]"]}
{"loss": 3.5023107528686523, "class_log_probabilities": [-0.5327902436256409, -3.4779584407806396, -5.0690765380859375, -5.170932292938232], "predictions": [115, 90, 404, 91, 116, 4, 4, 4, 4], "target_tokens": ["[IN:GET_TIMER", "[SL:METHOD_TIMER", "@ptr5", "@ptr6", "@ptr7", "SL:METHOD_TIMER]", "IN:GET_TIMER]"], "predicted_tokens": ["[IN:GET_TIMER", "[SL:METHOD_TIMER", "@ptr9", "SL:METHOD_TIMER]", "IN:GET_TIMER]"]}
{"loss": 3.0356738567352295, "class_log_probabilities": [-1.3758567571640015, -2.199298858642578, -3.7802791595458984, -4.4839887619018555], "predictions": [63, 64, 397, 65, 66, 398, 399, 400, 401, 67, 68, 4], "target_tokens": ["[IN:PLAY_MUSIC", "[SL:MUSIC_ARTIST_NAME", "@ptr3", "@ptr4", "@ptr5", "SL:MUSIC_ARTIST_NAME]", "[SL:MUSIC_PROVIDER_NAME", "@ptr7", "@ptr8", "@ptr9", "SL:MUSIC_PROVIDER_NAME]", "IN:PLAY_MUSIC]"], "predicted_tokens": ["[IN:PLAY_MUSIC", "[SL:MUSIC_TYPE", "@ptr2", "SL:MUSIC_TYPE]", "[SL:MUSIC_ARTIST_NAME", "@ptr3", "@ptr4", "@ptr5", "@ptr6", "SL:MUSIC_ARTIST_NAME]", "IN:PLAY_MUSIC]"]}
{"loss": 2.9021718502044678, "class_log_probabilities": [-3.042452573776245, -3.4267592430114746, -3.452482223510742, -3.474876642227173], "predictions": [115, 90, 397, 91, 116, 4], "target_tokens": ["[IN:GET_TIMER", "[SL:METHOD_TIMER", "@ptr0", "@ptr1", "@ptr2", "SL:METHOD_TIMER]", "IN:GET_TIMER]"], "predicted_tokens": ["[IN:GET_TIMER", "[SL:METHOD_TIMER", "@ptr2", "SL:METHOD_TIMER]", "IN:GET_TIMER]"]}
{"loss": 1.0908390283584595, "class_log_probabilities": [-1.2433184385299683, -1.5889097452163696, -6.054902076721191, -6.221774578094482], "predictions": [85, 88, 4, 4, 4, 4], "target_tokens": ["[IN:CREATE_PLAYLIST_MUSIC", "[SL:MUSIC_TYPE", "@ptr1", "SL:MUSIC_TYPE]", "IN:CREATE_PLAYLIST_MUSIC]"], "predicted_tokens": ["[IN:CREATE_PLAYLIST_MUSIC", "IN:CREATE_PLAYLIST_MUSIC]"]}
{"loss": 1.4937525987625122, "class_log_probabilities": [-1.3489859104156494, -1.4230334758758545, -2.3221938610076904, -4.766360759735107], "predictions": [13, 79, 398, 80, 18, 4, 4], "target_tokens": ["[IN:GET_WEATHER", "[SL:WEATHER_ATTRIBUTE", "@ptr2", "@ptr3", "SL:WEATHER_ATTRIBUTE]", "IN:GET_WEATHER]"], "predicted_tokens": ["[IN:GET_WEATHER", "[SL:WEATHER_ATTRIBUTE", "@ptr3", "SL:WEATHER_ATTRIBUTE]", "IN:GET_WEATHER]"]}
{"loss": 3.838491439819336, "class_log_probabilities": [-3.096191883087158, -3.497868776321411, -4.377082824707031, -4.920976638793945], "predictions": [39, 40, 396, 397, 398, 41, 133, 401, 134, 42, 4, 4, 4, 4, 4, 4], "target_tokens": ["[IN:GET_STORIES_NEWS", "[SL:DATE_TIME", "@ptr3", "SL:DATE_TIME]", "[SL:NEWS_TYPE", "@ptr0", "@ptr1", "@ptr2", "SL:NEWS_TYPE]", "[SL:NEWS_SOURCE", "@ptr5", "@ptr6", "@ptr7", "SL:NEWS_SOURCE]", "IN:GET_STORIES_NEWS]"], "predicted_tokens": ["[IN:GET_STORIES_NEWS", "[SL:NEWS_TYPE", "@ptr1", "@ptr2", "@ptr3", "SL:NEWS_TYPE]", "[SL:NEWS_SOURCE", "@ptr6", "SL:NEWS_SOURCE]", "IN:GET_STORIES_NEWS]"]}
{"loss": 1.9858283996582031, "class_log_probabilities": [-0.30142271518707275, -5.8263983726501465, -5.894729137420654, -7.169708728790283], "predictions": [115, 116, 4, 4, 4, 4], "target_tokens": ["[IN:GET_TIMER", "[SL:METHOD_TIMER", "@ptr0", "@ptr1", "@ptr2", "SL:METHOD_TIMER]", "IN:GET_TIMER]"], "predicted_tokens": ["[IN:GET_TIMER", "IN:GET_TIMER]"]}
{"loss": 3.549164056777954, "class_log_probabilities": [-0.9547429084777832, -2.2011945247650146, -4.096782207489014, -4.770248889923096], "predictions": [115, 116, 4], "target_tokens": ["[IN:GET_TIMER", "[SL:METHOD_TIMER", "@ptr0", "@ptr1", "@ptr2", "SL:METHOD_TIMER]", "IN:GET_TIMER]"], "predicted_tokens": ["[IN:GET_TIMER", "IN:GET_TIMER]"]}
{"loss": 1.6327319145202637, "class_log_probabilities": [-0.6735894680023193, -4.647449493408203, -4.723880290985107, -5.685084342956543], "predictions": [63, 64, 395, 65, 66, 400, 67, 68, 4, 4, 4, 4], "target_tokens": ["[IN:PLAY_MUSIC", "[SL:MUSIC_TYPE", "@ptr0", "SL:MUSIC_TYPE]", "[SL:MUSIC_ARTIST_NAME", "@ptr5", "@ptr6", "@ptr7", "SL:MUSIC_ARTIST_NAME]", "IN:PLAY_MUSIC]"], "predicted_tokens": ["[IN:PLAY_MUSIC", "[SL:MUSIC_TYPE", "@ptr0", "SL:MUSIC_TYPE]", "[SL:MUSIC_ARTIST_NAME", "@ptr5", "SL:MUSIC_ARTIST_NAME]", "IN:PLAY_MUSIC]"]}
{"loss": 1.938910961151123, "class_log_probabilities": [-0.4576379954814911, -3.745518922805786, -4.328311443328857, -5.1090521812438965], "predictions": [213, 214, 4], "target_tokens": ["[IN:DELETE_ALARM", "IN:DELETE_ALARM]"], "predicted_tokens": ["[IN:SILENCE_ALARM", "IN:SILENCE_ALARM]"]}
{"loss": 3.1470017433166504, "class_log_probabilities": [-3.744840383529663, -4.404666900634766, -4.540050029754639, -5.496016502380371], "predictions": [63, 64, 397, 398, 399, 102, 68, 4, 4, 4, 4, 4, 4], "target_tokens": ["[IN:PLAY_MUSIC", "[SL:MUSIC_ARTIST_NAME", "@ptr5", "@ptr6", "@ptr7", "SL:MUSIC_ARTIST_NAME]", "[SL:MUSIC_TYPE", "@ptr1", "SL:MUSIC_TYPE]", "IN:PLAY_MUSIC]"], "predicted_tokens": ["[IN:PLAY_MUSIC", "[SL:MUSIC_TYPE", "@ptr2", "@ptr3", "@ptr4", "SL:MUSIC_TRACK_TITLE]", "IN:PLAY_MUSIC]"]}
{"loss": 3.7361276149749756, "class_log_probabilities": [-4.17593240737915, -5.020707607269287, -5.305679798126221, -5.804721355438232], "predictions": [241, 101, 398, 102, 242, 4], "target_tokens": ["[IN:FAST_FORWARD_MUSIC", "IN:FAST_FORWARD_MUSIC]"], "predicted_tokens": ["[IN:SKIP_TRACK_MUSIC", "[SL:MUSIC_TRACK_TITLE", "@ptr3", "SL:MUSIC_TRACK_TITLE]", "IN:SKIP_TRACK_MUSIC]"]}
{"loss": 2.504624366760254, "class_log_probabilities": [-2.061347246170044, -2.853148937225342, -3.1923389434814453, -3.475569248199463], "predictions": [55, 40, 395, 41, 56, 398, 57, 58, 4], "target_tokens": ["[IN:GET_STORIES_NEWS", "[SL:DATE_TIME", "@ptr1", "SL:DATE_TIME]", "[SL:NEWS_TYPE", "@ptr0", "SL:NEWS_TYPE]", "[SL:NEWS_TOPIC", "@ptr3", "SL:NEWS_TOPIC]", "IN:GET_STORIES_NEWS]"], "predicted_tokens": ["[IN:QUESTION_NEWS", "[SL:NEWS_TYPE", "@ptr0", "SL:NEWS_TYPE]", "[SL:NEWS_TOPIC", "@ptr3", "SL:NEWS_TOPIC]", "IN:QUESTION_NEWS]"]}
{"loss": 2.9779481887817383, "class_log_probabilities": [-1.2753995656967163, -2.6867709159851074, -4.5166754722595215, -4.628377914428711], "predictions": [241, 64, 397, 65, 101, 398, 399, 102, 242, 4, 4], "target_tokens": ["[IN:SKIP_TRACK_MUSIC", "[SL:MUSIC_TRACK_TITLE", "@ptr3", "SL:MUSIC_TRACK_TITLE]", "IN:SKIP_TRACK_MUSIC]"], "predicted_tokens": ["[IN:SKIP_TRACK_MUSIC", "[SL:MUSIC_TYPE", "@ptr2", "SL:MUSIC_TYPE]", "[SL:MUSIC_TRACK_TITLE", "@ptr3", "@ptr4", "SL:MUSIC_TRACK_TITLE]", "IN:SKIP_TRACK_MUSIC]"]}
{"loss": 2.9404361248016357, "class_log_probabilities": [-1.8666476011276245, -1.9164854288101196, -2.7927160263061523, -5.062290191650391], "predictions": [13, 16, 399, 400, 401, 402, 17, 18, 4, 4], "target_tokens": ["[IN:GET_WEATHER", "[SL:DATE_TIME", "@ptr2", "@ptr3", "@ptr4", "@ptr5", "@ptr6", "SL:DATE_TIME]", "IN:GET_WEATHER]"], "predicted_tokens": ["[IN:GET_WEATHER", "[SL:DATE_TIME", "@ptr4", "@ptr5", "@ptr6", "@ptr7", "SL:DATE_TIME]", "IN:GET_WEATHER]"]}
{"loss": 3.9947941303253174, "class_log_probabilities": [-0.7230771780014038, -3.6524243354797363, -4.764397144317627, -6.4683966636657715], "predictions": [13, 16, 397, 398, 399, 17, 79, 402, 80, 18, 4, 4], "target_tokens": ["[IN:GET_WEATHER", "[SL:WEATHER_ATTRIBUTE", "@ptr6", "SL:WEATHER_ATTRIBUTE]", "[SL:DATE_TIME", "@ptr2", "@ptr3", "SL:DATE_TIME]", "IN:GET_WEATHER]"], "predicted_tokens": ["[IN:GET_WEATHER", "[SL:DATE_TIME", "@ptr2", "@ptr3", "@ptr4", "SL:DATE_TIME]", "[SL:WEATHER_ATTRIBUTE", "@ptr7", "SL:WEATHER_ATTRIBUTE]", "IN:GET_WEATHER]"]}
{"loss": 2.384553909301758, "class_log_probabilities": [-0.42369675636291504, -4.446158409118652, -4.555978775024414, -5.179762363433838], "predictions": [47, 48, 4], "target_tokens": ["[IN:GET_ALARM", "IN:GET_ALARM]"], "predicted_tokens": ["[IN:GET_REMINDER", "IN:GET_REMINDER]"]}
{"loss": 3.5307278633117676, "class_log_probabilities": [-0.7030153274536133, -3.82981014251709, -6.086510181427002, -7.809500217437744], "predictions": [13, 16, 395, 396, 17, 79, 397, 80, 18, 4, 4, 4, 4], "target_tokens": ["[IN:GET_WEATHER", "[SL:WEATHER_ATTRIBUTE", "@ptr2", "SL:WEATHER_ATTRIBUTE]", "[SL:DATE_TIME", "@ptr0", "@ptr1", "SL:DATE_TIME]", "IN:GET_WEATHER]"], "predicted_tokens": ["[IN:GET_WEATHER", "[SL:DATE_TIME", "@ptr0", "@ptr1", "SL:DATE_TIME]", "[SL:WEATHER_ATTRIBUTE", "@ptr2", "SL:WEATHER_ATTRIBUTE]", "IN:GET_WEATHER]"]}
{"loss": 1.8905118703842163, "class_log_probabilities": [-1.2324451208114624, -2.728161573410034, -5.054253101348877, -5.1679487228393555], "predictions": [45, 249, 401, 250, 46, 4, 4, 4], "target_tokens": ["[IN:CREATE_ALARM", "[SL:ALARM_NAME", "@ptr5", "SL:ALARM_NAME]", "IN:CREATE_ALARM]"], "predicted_tokens": ["[IN:CREATE_ALARM", "[SL:ALARM_NAME", "@ptr6", "SL:ALARM_NAME]", "IN:CREATE_ALARM]"]}
{"loss": 2.1386516094207764, "class_log_probabilities": [-1.6165406703948975, -2.234529733657837, -4.3016252517700195, -4.796177387237549], "predictions": [39, 40, 400, 41, 43, 401, 44, 42, 4], "target_tokens": ["[IN:GET_STORIES_NEWS", "[SL:NEWS_CATEGORY", "@ptr5", "SL:NEWS_CATEGORY]", "[SL:NEWS_TYPE", "@ptr4", "SL:NEWS_TYPE]", "IN:GET_STORIES_NEWS]"], "predicted_tokens": ["[IN:GET_STORIES_NEWS", "[SL:NEWS_TYPE", "@ptr5", "SL:NEWS_TYPE]", "[SL:NEWS_CATEGORY", "@ptr6", "SL:NEWS_CATEGORY]", "IN:GET_STORIES_NEWS]"]}
{"loss": 2.4282095432281494, "class_log_probabilities": [-2.3455944061279297, -3.161817789077759, -3.9672648906707764, -4.907214641571045], "predictions": [13, 79, 396, 80, 16, 399, 400, 17, 18, 4], "target_tokens": ["[IN:GET_WEATHER", "[SL:WEATHER_ATTRIBUTE", "@ptr0", "@ptr1", "SL:WEATHER_ATTRIBUTE]", "[SL:DATE_TIME", "@ptr3", "@ptr4", "SL:DATE_TIME]", "IN:GET_WEATHER]"], "predicted_tokens": ["[IN:GET_WEATHER", "[SL:WEATHER_ATTRIBUTE", "@ptr1", "SL:WEATHER_ATTRIBUTE]", "[SL:DATE_TIME", "@ptr4", "@ptr5", "SL:DATE_TIME]", "IN:GET_WEATHER]"]}
{"loss": 3.8314788341522217, "class_log_probabilities": [-0.9661384224891663, -4.242908477783203, -5.132318019866943, -6.1548848152160645], "predictions": [13, 16, 395, 396, 17, 14, 397, 398, 399, 15, 79, 402, 80, 18, 4, 4, 4, 4], "target_tokens": ["[IN:GET_WEATHER", "[SL:WEATHER_ATTRIBUTE", "@ptr7", "@ptr8", "SL:WEATHER_ATTRIBUTE]", "[SL:LOCATION", "@ptr2", "@ptr3", "@ptr4", "SL:LOCATION]", "[SL:DATE_TIME", "@ptr0", "@ptr1", "SL:DATE_TIME]", "IN:GET_WEATHER]"], "predicted_tokens": ["[IN:GET_WEATHER", "[SL:DATE_TIME", "@ptr0", "@ptr1", "SL:DATE_TIME]", "[SL:LOCATION", "@ptr2", "@ptr3", "@ptr4", "SL:LOCATION]", "[SL:WEATHER_ATTRIBUTE", "@ptr7", "SL:WEATHER_ATTRIBUTE]", "IN:GET_WEATHER]"]}
{"loss": 4.262048721313477, "class_log_probabilities": [-1.392263412475586, -1.731175422668457, -4.570573806762695, -5.5317606925964355], "predictions": [13, 16, 395, 396, 397, 17, 79, 399, 80, 18, 4], "target_tokens": ["[IN:GET_WEATHER", "[SL:WEATHER_ATTRIBUTE", "@ptr2", "@ptr4", "SL:WEATHER_ATTRIBUTE]", "[SL:DATE_TIME", "@ptr0", "@ptr1", "SL:DATE_TIME]", "IN:GET_WEATHER]"], "predicted_tokens": ["[IN:GET_WEATHER", "[SL:DATE_TIME", "@ptr0", "@ptr1", "@ptr2", "SL:DATE_TIME]", "[SL:WEATHER_ATTRIBUTE", "@ptr4", "SL:WEATHER_ATTRIBUTE]", "IN:GET_WEATHER]"]}
{"loss": 1.2718902826309204, "class_log_probabilities": [-0.9048653244972229, -2.3928189277648926, -2.403630256652832, -6.0428009033203125], "predictions": [217, 64, 396, 65, 218, 4], "target_tokens": ["[IN:GET_TRACK_INFO_MUSIC", "[SL:MUSIC_TYPE", "@ptr0", "SL:MUSIC_TYPE]", "IN:GET_TRACK_INFO_MUSIC]"], "predicted_tokens": ["[IN:GET_TRACK_INFO_MUSIC", "[SL:MUSIC_TYPE", "@ptr1", "SL:MUSIC_TYPE]", "IN:GET_TRACK_INFO_MUSIC]"]}
{"loss": 2.2942912578582764, "class_log_probabilities": [-1.3611831665039062, -2.83705735206604, -2.945009708404541, -3.8269429206848145], "predictions": [255, 90, 399, 91, 256, 4, 4], "target_tokens": ["[IN:PAUSE_TIMER", "[SL:METHOD_TIMER", "@ptr1", "@ptr2", "@ptr3", "SL:METHOD_TIMER]", "IN:PAUSE_TIMER]"], "predicted_tokens": ["[IN:PAUSE_TIMER", "[SL:METHOD_TIMER", "@ptr4", "SL:METHOD_TIMER]", "IN:PAUSE_TIMER]"]}
{"loss": 3.8213329315185547, "class_log_probabilities": [-1.1395543813705444, -2.9604146480560303, -3.770054340362549, -4.324286460876465], "predictions": [89, 16, 400, 401, 402, 17, 92, 4, 4, 4, 4], "target_tokens": ["[IN:CREATE_TIMER", "[SL:METHOD_TIMER", "@ptr1", "@ptr2", "@ptr3", "SL:METHOD_TIMER]", "[SL:DATE_TIME", "@ptr4", "@ptr5", "SL:DATE_TIME]", "IN:CREATE_TIMER]"], "predicted_tokens": ["[IN:CREATE_TIMER", "[SL:DATE_TIME", "@ptr5", "@ptr6", "@ptr7", "SL:DATE_TIME]", "IN:CREATE_TIMER]"]}
{"loss": 2.876274824142456, "class_log_probabilities": [-1.042922019958496, -4.693545341491699, -5.815762996673584, -13.030821800231934], "predictions": [39, 40, 395, 41, 56, 399, 400, 57, 42, 4, 4, 4, 4, 4, 4], "target_tokens": ["[IN:GET_STORIES_NEWS", "[SL:DATE_TIME", "@ptr1", "SL:DATE_TIME]", "[SL:NEWS_TYPE", "@ptr0", "SL:NEWS_TYPE]", "[SL:NEWS_TOPIC", "@ptr4", "SL:NEWS_TOPIC]", "IN:GET_STORIES_NEWS]"], "predicted_tokens": ["[IN:GET_STORIES_NEWS", "[SL:NEWS_TYPE", "@ptr0", "SL:NEWS_TYPE]", "[SL:NEWS_TOPIC", "@ptr4", "@ptr5", "SL:NEWS_TOPIC]", "IN:GET_STORIES_NEWS]"]}
{"loss": 0.9574666023254395, "class_log_probabilities": [-0.43808770179748535, -8.300551414489746, -8.582844734191895, -8.60240364074707], "predictions": [13, 16, 395, 396, 17, 18, 4], "target_tokens": ["[IN:GET_WEATHER", "[SL:DATE_TIME", "@ptr0", "@ptr1", "SL:DATE_TIME]", "IN:GET_WEATHER]"], "predicted_tokens": ["[IN:GET_WEATHER", "[SL:DATE_TIME", "@ptr0", "@ptr1", "SL:DATE_TIME]", "IN:GET_WEATHER]"]}
{"loss": 1.733964204788208, "class_log_probabilities": [-1.5751760005950928, -3.6103479862213135, -4.135310173034668, -4.23878812789917], "predictions": [39, 40, 396, 397, 398, 41, 133, 401, 402, 403, 134, 42, 4], "target_tokens": ["[IN:GET_STORIES_NEWS", "[SL:NEWS_TYPE", "@ptr1", "@ptr2", "@ptr3", "SL:NEWS_TYPE]", "[SL:NEWS_SOURCE", "@ptr5", "@ptr6", "@ptr7", "SL:NEWS_SOURCE]", "IN:GET_STORIES_NEWS]"], "predicted_tokens": ["[IN:GET_STORIES_NEWS", "[SL:NEWS_TYPE", "@ptr1", "@ptr2", "@ptr3", "SL:NEWS_TYPE]", "[SL:NEWS_SOURCE", "@ptr6", "@ptr7", "@ptr8", "SL:NEWS_SOURCE]", "IN:GET_STORIES_NEWS]"]}
{"loss": 3.4916529655456543, "class_log_probabilities": [-1.2606652975082397, -2.516739845275879, -3.130443572998047, -3.1823015213012695], "predictions": [115, 90, 404, 91, 116, 4], "target_tokens": ["[IN:GET_TIMER", "[SL:METHOD_TIMER", "@ptr5", "@ptr6", "@ptr7", "SL:METHOD_TIMER]", "IN:GET_TIMER]"], "predicted_tokens": ["[IN:GET_TIMER", "[SL:METHOD_TIMER", "@ptr9", "SL:METHOD_TIMER]", "IN:GET_TIMER]"]}
{"loss": 3.2608602046966553, "class_log_probabilities": [-9.439538955688477, -9.647485733032227, -9.722579002380371, -10.144509315490723], "predictions": [39, 40, 397, 398, 399, 41, 16, 401, 17, 10, 404, 405, 406, 407, 11, 42, 4, 4], "target_tokens": ["[IN:GET_STORIES_NEWS", "[SL:DATE_TIME", "@ptr4", "@ptr5", "SL:DATE_TIME]", "[SL:NEWS_TYPE", "@ptr1", "@ptr2", "@ptr3", "SL:NEWS_TYPE]", "[SL:NEWS_SOURCE", "@ptr7", "@ptr8", "@ptr9", "@ptr10", "@ptr11", "SL:NEWS_SOURCE]", "IN:GET_STORIES_NEWS]"], "predicted_tokens": ["[IN:GET_STORIES_NEWS", "[SL:NEWS_TYPE", "@ptr2", "@ptr3", "@ptr4", "SL:NEWS_TYPE]", "[SL:DATE_TIME", "@ptr6", "SL:DATE_TIME]", "[SL:RECIPIENT", "@ptr9", "@ptr10", "@ptr11", "@ptr12", "SL:RECIPIENT]", "IN:GET_STORIES_NEWS]"]}
{"loss": 2.0713064670562744, "class_log_probabilities": [-0.27542269229888916, -3.8424558639526367, -7.990661144256592, -7.991889476776123], "predictions": [13, 18, 4, 4, 4, 4], "target_tokens": ["[IN:GET_WEATHER", "[SL:WEATHER_ATTRIBUTE", "@ptr1", "SL:WEATHER_ATTRIBUTE]", "IN:GET_WEATHER]"], "predicted_tokens": ["[IN:GET_WEATHER", "IN:GET_WEATHER]"]}
{"loss": 0.9606366157531738, "class_log_probabilities": [-0.46127012372016907, -5.4945478439331055, -5.834676265716553, -6.960878372192383], "predictions": [63, 64, 396, 65, 68, 4], "target_tokens": ["[IN:PLAY_MUSIC", "[SL:MUSIC_TYPE", "@ptr1", "SL:MUSIC_TYPE]", "IN:PLAY_MUSIC]"], "predicted_tokens": ["[IN:PLAY_MUSIC", "[SL:MUSIC_TYPE", "@ptr1", "SL:MUSIC_TYPE]", "IN:PLAY_MUSIC]"]}
{"loss": 2.376181125640869, "class_log_probabilities": [-1.6924335956573486, -2.696119785308838, -3.374645709991455, -5.3093342781066895], "predictions": [13, 14, 399, 400, 401, 402, 403, 404, 15, 16, 406, 17, 18, 4, 4, 4], "target_tokens": ["[IN:GET_WEATHER", "[SL:LOCATION", "@ptr3", "@ptr4", "@ptr5", "@ptr6", "@ptr7", "SL:LOCATION]", "IN:GET_WEATHER]"], "predicted_tokens": ["[IN:GET_WEATHER", "[SL:LOCATION", "@ptr4", "@ptr5", "@ptr6", "@ptr7", "@ptr8", "@ptr9", "SL:LOCATION]", "[SL:DATE_TIME", "@ptr11", "SL:DATE_TIME]", "IN:GET_WEATHER]"]}
{"loss": 1.9751495122909546, "class_log_probabilities": [-1.0162270069122314, -2.1171343326568604, -4.325401306152344, -5.729265213012695], "predictions": [13, 79, 398, 80, 16, 402, 403, 17, 18, 4, 4], "target_tokens": ["[IN:GET_WEATHER", "[SL:WEATHER_ATTRIBUTE", "@ptr3", "SL:WEATHER_ATTRIBUTE]", "[SL:DATE_TIME", "@ptr6", "@ptr7", "SL:DATE_TIME]", "IN:GET_WEATHER]"], "predicted_tokens": ["[IN:GET_WEATHER", "[SL:WEATHER_ATTRIBUTE", "@ptr3", "SL:WEATHER_ATTRIBUTE]", "[SL:DATE_TIME", "@ptr7", "@ptr8", "SL:DATE_TIME]", "IN:GET_WEATHER]"]}
{"loss": 1.884118914604187, "class_log_probabilities": [-4.018610954284668, -6.0235915184021, -6.506213188171387, -7.243376731872559], "predictions": [39, 40, 395, 396, 397, 41, 56, 398, 399, 400, 57, 42, 4], "target_tokens": ["[IN:GET_STORIES_NEWS", "[SL:NEWS_TOPIC", "@ptr3", "@ptr4", "@ptr5", "SL:NEWS_TOPIC]", "[SL:NEWS_TYPE", "@ptr2", "SL:NEWS_TYPE]", "IN:GET_STORIES_NEWS]"], "predicted_tokens": ["[IN:GET_STORIES_NEWS", "[SL:NEWS_TYPE", "@ptr0", "@ptr1", "@ptr2", "SL:NEWS_TYPE]", "[SL:NEWS_TOPIC", "@ptr3", "@ptr4", "@ptr5", "SL:NEWS_TOPIC]", "IN:GET_STORIES_NEWS]"]}
{"loss": 0.9783250689506531, "class_log_probabilities": [-0.3341209888458252, -7.537689208984375, -7.718488693237305, -7.723352909088135], "predictions": [217, 64, 395, 65, 218, 4], "target_tokens": ["[IN:GET_TRACK_INFO_MUSIC", "[SL:MUSIC_TYPE", "@ptr0", "SL:MUSIC_TYPE]", "IN:GET_TRACK_INFO_MUSIC]"], "predicted_tokens": ["[IN:GET_TRACK_INFO_MUSIC", "[SL:MUSIC_TYPE", "@ptr0", "SL:MUSIC_TYPE]", "IN:GET_TRACK_INFO_MUSIC]"]}
{"loss": 2.9278273582458496, "class_log_probabilities": [-1.331009030342102, -2.147123336791992, -2.607187271118164, -5.193504333496094], "predictions": [39, 40, 403, 41, 16, 405, 17, 42, 4, 4, 4, 4], "target_tokens": ["[IN:GET_STORIES_NEWS", "[SL:NEWS_TYPE", "@ptr6", "SL:NEWS_TYPE]", "[SL:DATE_TIME", "@ptr8", "@ptr9", "SL:DATE_TIME]", "IN:GET_STORIES_NEWS]"], "predicted_tokens": ["[IN:GET_STORIES_NEWS", "[SL:NEWS_TYPE", "@ptr8", "SL:NEWS_TYPE]", "[SL:DATE_TIME", "@ptr10", "SL:DATE_TIME]", "IN:GET_STORIES_NEWS]"]}
{"loss": 2.306135892868042, "class_log_probabilities": [-1.713450312614441, -2.902005434036255, -3.6574881076812744, -4.491847991943359], "predictions": [13, 16, 396, 17, 18, 4, 4, 4, 4], "target_tokens": ["[IN:GET_WEATHER", "[SL:WEATHER_ATTRIBUTE", "@ptr0", "SL:WEATHER_ATTRIBUTE]", "IN:GET_WEATHER]"], "predicted_tokens": ["[IN:GET_WEATHER", "[SL:DATE_TIME", "@ptr1", "SL:DATE_TIME]", "IN:GET_WEATHER]"]}
{"loss": 2.2951791286468506, "class_log_probabilities": [-0.36454248428344727, -6.288895130157471, -6.28963041305542, -6.9086761474609375], "predictions": [39, 40, 400, 41, 42, 4], "target_tokens": ["[IN:GET_STORIES_NEWS", "[SL:NEWS_TYPE", "@ptr4", "SL:NEWS_TYPE]", "IN:GET_STORIES_NEWS]"], "predicted_tokens": ["[IN:GET_STORIES_NEWS", "[SL:NEWS_TYPE", "@ptr5", "SL:NEWS_TYPE]", "IN:GET_STORIES_NEWS]"]}
{"loss": 3.633763313293457, "class_log_probabilities": [-2.082737922668457, -3.974470615386963, -4.196642875671387, -5.124560356140137], "predictions": [89, 90, 399, 91, 16, 400, 401, 402, 17, 92, 4], "target_tokens": ["[IN:CREATE_TIMER", "[SL:METHOD_TIMER", "@ptr1", "@ptr2", "@ptr3", "SL:METHOD_TIMER]", "[SL:DATE_TIME", "@ptr4", "@ptr5", "SL:DATE_TIME]", "IN:CREATE_TIMER]"], "predicted_tokens": ["[IN:CREATE_TIMER", "[SL:METHOD_TIMER", "@ptr4", "SL:METHOD_TIMER]", "[SL:DATE_TIME", "@ptr5", "@ptr6", "@ptr7", "SL:DATE_TIME]", "IN:CREATE_TIMER]"]}
{"loss": 0.9684476852416992, "class_log_probabilities": [-0.5880056023597717, -4.936317443847656, -5.535545825958252, -5.936514377593994], "predictions": [13, 79, 398, 399, 80, 14, 401, 15, 18, 4, 4], "target_tokens": ["[IN:GET_WEATHER", "[SL:WEATHER_ATTRIBUTE", "@ptr3", "@ptr4", "SL:WEATHER_ATTRIBUTE]", "[SL:LOCATION", "@ptr6", "SL:LOCATION]", "IN:GET_WEATHER]"], "predicted_tokens": ["[IN:GET_WEATHER", "[SL:WEATHER_ATTRIBUTE", "@ptr3", "@ptr4", "SL:WEATHER_ATTRIBUTE]", "[SL:LOCATION", "@ptr6", "SL:LOCATION]", "IN:GET_WEATHER]"]}
{"loss": 3.5684375762939453, "class_log_probabilities": [-0.24485808610916138, -4.8368306159973145, -5.87992525100708, -7.375174045562744], "predictions": [183, 184, 4, 4, 4, 4, 4, 4, 4, 4, 4], "target_tokens": ["[IN:ADD_TIME_TIMER", "[SL:DATE_TIME", "@ptr2", "@ptr3", "SL:DATE_TIME]", "[SL:METHOD_TIMER", "@ptr5", "@ptr6", "@ptr7", "SL:METHOD_TIMER]", "IN:ADD_TIME_TIMER]"], "predicted_tokens": ["[IN:ADD_TIME_TIMER", "IN:ADD_TIME_TIMER]"]}
{"loss": 0.9569491744041443, "class_log_probabilities": [-0.39296096563339233, -7.792311191558838, -8.032631874084473, -12.847567558288574], "predictions": [13, 14, 396, 15, 18, 4, 4, 4, 4, 4], "target_tokens": ["[IN:GET_WEATHER", "[SL:LOCATION", "@ptr1", "SL:LOCATION]", "IN:GET_WEATHER]"], "predicted_tokens": ["[IN:GET_WEATHER", "[SL:LOCATION", "@ptr1", "SL:LOCATION]", "IN:GET_WEATHER]"]}
{"loss": 2.434171438217163, "class_log_probabilities": [-4.1825852394104, -4.257787704467773, -4.4858174324035645, -7.23281717300415], "predictions": [27, 30, 4, 4, 4, 4, 4, 4, 4, 4, 4, 4, 4], "target_tokens": ["[IN:CREATE_ALARM", "[SL:PERIOD", "@ptr4", "@ptr5", "SL:PERIOD]", "IN:CREATE_ALARM]"], "predicted_tokens": ["[IN:GET_INFO_RECIPES", "IN:GET_INFO_RECIPES]"]}
{"loss": 0.968745231628418, "class_log_probabilities": [-0.6786123514175415, -6.567373275756836, -6.743927001953125, -9.130358695983887], "predictions": [39, 40, 396, 41, 56, 398, 399, 400, 57, 42, 4, 4, 4], "target_tokens": ["[IN:GET_STORIES_NEWS", "[SL:NEWS_TYPE", "@ptr1", "SL:NEWS_TYPE]", "[SL:NEWS_TOPIC", "@ptr3", "@ptr4", "@ptr5", "SL:NEWS_TOPIC]", "IN:GET_STORIES_NEWS]"], "predicted_tokens": ["[IN:GET_STORIES_NEWS", "[SL:NEWS_TYPE", "@ptr1", "SL:NEWS_TYPE]", "[SL:NEWS_TOPIC", "@ptr3", "@ptr4", "@ptr5", "SL:NEWS_TOPIC]", "IN:GET_STORIES_NEWS]"]}
{"loss": 3.0427186489105225, "class_log_probabilities": [-0.7819950580596924, -4.536337375640869, -6.263612270355225, -7.252762794494629], "predictions": [89, 90, 397, 91, 16, 398, 399, 17, 92, 4], "target_tokens": ["[IN:CREATE_TIMER", "[SL:METHOD_TIMER", "@ptr1", "SL:METHOD_TIMER]", "[SL:DATE_TIME", "@ptr2", "@ptr3", "SL:DATE_TIME]", "IN:CREATE_TIMER]"], "predicted_tokens": ["[IN:CREATE_TIMER", "[SL:METHOD_TIMER", "@ptr2", "SL:METHOD_TIMER]", "[SL:DATE_TIME", "@ptr3", "@ptr4", "SL:DATE_TIME]", "IN:CREATE_TIMER]"]}
{"loss": 2.6166231632232666, "class_log_probabilities": [-0.8531438708305359, -3.168694257736206, -4.47703218460083, -5.920629978179932], "predictions": [13, 79, 399, 80, 16, 401, 402, 403, 17, 18, 4, 4], "target_tokens": ["[IN:GET_WEATHER", "[SL:WEATHER_ATTRIBUTE", "@ptr4", "SL:WEATHER_ATTRIBUTE]", "[SL:DATE_TIME", "@ptr5", "@ptr6", "@ptr7", "SL:DATE_TIME]", "IN:GET_WEATHER]"], "predicted_tokens": ["[IN:GET_WEATHER", "[SL:WEATHER_ATTRIBUTE", "@ptr4", "SL:WEATHER_ATTRIBUTE]", "[SL:DATE_TIME", "@ptr6", "@ptr7", "@ptr8", "SL:DATE_TIME]", "IN:GET_WEATHER]"]}
{"loss": 2.530243396759033, "class_log_probabilities": [-2.241072654724121, -2.4050581455230713, -4.33126163482666, -4.5142645835876465], "predictions": [45, 16, 402, 403, 404, 405, 17, 46, 4, 4, 4], "target_tokens": ["[IN:CREATE_ALARM", "[SL:DATE_TIME", "@ptr5", "@ptr6", "@ptr7", "@ptr8", "@ptr9", "SL:DATE_TIME]", "IN:CREATE_ALARM]"], "predicted_tokens": ["[IN:CREATE_ALARM", "[SL:DATE_TIME", "@ptr7", "@ptr8", "@ptr9", "@ptr10", "SL:DATE_TIME]", "IN:CREATE_ALARM]"]}
{"loss": 2.5757386684417725, "class_log_probabilities": [-1.323439121246338, -2.889622688293457, -5.026806831359863, -5.056021213531494], "predictions": [63, 68, 4, 4, 4, 4], "target_tokens": ["[IN:PLAY_MUSIC", "[SL:MUSIC_GENRE", "@ptr2", "@ptr3", "SL:MUSIC_GENRE]", "IN:PLAY_MUSIC]"], "predicted_tokens": ["[IN:PLAY_MUSIC", "IN:PLAY_MUSIC]"]}
{"loss": 3.009413242340088, "class_log_probabilities": [-0.6804947853088379, -4.805421829223633, -6.216558456420898, -7.896860122680664], "predictions": [13, 16, 395, 396, 17, 79, 399, 80, 18, 4], "target_tokens": ["[IN:GET_WEATHER", "[SL:WEATHER_ATTRIBUTE", "@ptr3", "SL:WEATHER_ATTRIBUTE]", "[SL:DATE_TIME", "@ptr0", "@ptr1", "SL:DATE_TIME]", "IN:GET_WEATHER]"], "predicted_tokens": ["[IN:GET_WEATHER", "[SL:DATE_TIME", "@ptr0", "@ptr1", "SL:DATE_TIME]", "[SL:WEATHER_ATTRIBUTE", "@ptr4", "SL:WEATHER_ATTRIBUTE]", "IN:GET_WEATHER]"]}
{"loss": 2.9835219383239746, "class_log_probabilities": [-1.7407341003417969, -2.9785244464874268, -3.6850128173828125, -4.286083221435547], "predictions": [13, 79, 396, 397, 80, 18, 4, 4], "target_tokens": ["[IN:GET_WEATHER", "[SL:WEATHER_ATTRIBUTE", "@ptr2", "SL:WEATHER_ATTRIBUTE]", "[SL:LOCATION", "@ptr1", "SL:LOCATION]", "IN:GET_WEATHER]"], "predicted_tokens": ["[IN:GET_WEATHER", "[SL:WEATHER_ATTRIBUTE", "@ptr1", "@ptr2", "SL:WEATHER_ATTRIBUTE]", "IN:GET_WEATHER]"]}
{"loss": 3.051715612411499, "class_log_probabilities": [-0.28821268677711487, -5.835643768310547, -6.086358547210693, -7.052017688751221], "predictions": [225, 226, 4, 4, 4, 4], "target_tokens": ["[IN:DELETE_TIMER", "[SL:ORDINAL", "@ptr1", "@ptr2", "@ptr3", "SL:ORDINAL]", "[SL:METHOD_TIMER", "@ptr4", "SL:METHOD_TIMER]", "IN:DELETE_TIMER]"], "predicted_tokens": ["[IN:DELETE_TIMER", "IN:DELETE_TIMER]"]}
{"loss": 1.2235655784606934, "class_log_probabilities": [-1.0232598781585693, -2.317882537841797, -6.634427070617676, -7.9904632568359375], "predictions": [13, 14, 397, 398, 15, 18, 4, 4], "target_tokens": ["[IN:GET_WEATHER", "[SL:LOCATION", "@ptr2", "SL:LOCATION]", "IN:GET_WEATHER]"], "predicted_tokens": ["[IN:GET_WEATHER", "[SL:LOCATION", "@ptr2", "@ptr3", "SL:LOCATION]", "IN:GET_WEATHER]"]}
{"loss": 2.6710140705108643, "class_log_probabilities": [-2.4518544673919678, -4.047954082489014, -4.584619522094727, -4.642333984375], "predictions": [39, 40, 396, 397, 398, 41, 56, 401, 402, 403, 57, 42, 4, 4, 4], "target_tokens": ["[IN:GET_STORIES_NEWS", "[SL:NEWS_TYPE", "@ptr1", "@ptr2", "SL:NEWS_TYPE]", "[SL:NEWS_TOPIC", "@ptr7", "SL:NEWS_TOPIC]", "[SL:NEWS_TYPE", "@ptr3", "SL:NEWS_TYPE]", "IN:GET_STORIES_NEWS]"], "predicted_tokens": ["[IN:GET_STORIES_NEWS", "[SL:NEWS_TYPE", "@ptr1", "@ptr2", "@ptr3", "SL:NEWS_TYPE]", "[SL:NEWS_TOPIC", "@ptr6", "@ptr7", "@ptr8", "SL:NEWS_TOPIC]", "IN:GET_STORIES_NEWS]"]}
{"loss": 0.9804520606994629, "class_log_probabilities": [-0.40397506952285767, -5.356866359710693, -8.518218994140625, -8.944583892822266], "predictions": [19, 22, 4, 4, 4, 4], "target_tokens": ["[IN:GET_ALARM", "IN:GET_ALARM]"], "predicted_tokens": ["[IN:GET_ALARM", "IN:GET_ALARM]"]}
{"loss": 3.8106493949890137, "class_log_probabilities": [-2.9137508869171143, -4.109763145446777, -4.4400129318237305, -5.119044780731201], "predictions": [39, 40, 395, 396, 397, 398, 41, 42, 4, 4, 4, 4, 4, 4, 4, 4], "target_tokens": ["[IN:GET_STORIES_NEWS", "[SL:DATE_TIME", "@ptr5", "@ptr6", "SL:DATE_TIME]", "[SL:NEWS_CATEGORY", "@ptr3", "@ptr4", "SL:NEWS_CATEGORY]", "[SL:NEWS_TYPE", "@ptr0", "@ptr1", "@ptr2", "SL:NEWS_TYPE]", "IN:GET_STORIES_NEWS]"], "predicted_tokens": ["[IN:GET_STORIES_NEWS", "[SL:NEWS_TYPE", "@ptr0", "@ptr1", "@ptr2", "@ptr3", "SL:NEWS_TYPE]", "IN:GET_STORIES_NEWS]"]}
{"loss": 1.708614468574524, "class_log_probabilities": [-1.450079083442688, -3.1500346660614014, -4.035948753356934, -4.917522430419922], "predictions": [49, 16, 400, 401, 402, 403, 404, 405, 406, 17, 50, 4], "target_tokens": ["[IN:CREATE_ALARM", "[SL:DATE_TIME", "@ptr4", "@ptr5", "@ptr6", "@ptr7", "@ptr8", "@ptr9", "@ptr10", "@ptr11", "SL:DATE_TIME]", "IN:CREATE_ALARM]"], "predicted_tokens": ["[IN:CREATE_REMINDER", "[SL:DATE_TIME", "@ptr5", "@ptr6", "@ptr7", "@ptr8", "@ptr9", "@ptr10", "@ptr11", "SL:DATE_TIME]", "IN:CREATE_REMINDER]"]}
{"loss": 2.714529037475586, "class_log_probabilities": [-3.096588373184204, -3.4276719093322754, -4.0909624099731445, -4.6025285720825195], "predictions": [45, 16, 400, 401, 402, 403, 404, 405, 406, 407, 408, 17, 46, 4, 4], "target_tokens": ["[IN:UPDATE_ALARM", "[SL:ALARM_NAME", "@ptr2", "SL:ALARM_NAME]", "[SL:DATE_TIME", "@ptr3", "@ptr4", "@ptr5", "@ptr6", "@ptr7", "@ptr8", "@ptr9", "@ptr10", "@ptr11", "@ptr12", "@ptr13", "SL:DATE_TIME]", "IN:UPDATE_ALARM]"], "predicted_tokens": ["[IN:CREATE_ALARM", "[SL:DATE_TIME", "@ptr5", "@ptr6", "@ptr7", "@ptr8", "@ptr9", "@ptr10", "@ptr11", "@ptr12", "@ptr13", "SL:DATE_TIME]", "IN:CREATE_ALARM]"]}
{"loss": 2.0233042240142822, "class_log_probabilities": [-1.64256751537323, -3.3498964309692383, -4.531550884246826, -5.7997331619262695], "predictions": [89, 16, 399, 400, 401, 402, 403, 404, 406, 17, 92, 4, 4, 4, 4], "target_tokens": ["[IN:CREATE_ALARM", "[SL:DATE_TIME", "@ptr3", "@ptr4", "@ptr5", "@ptr6", "@ptr7", "@ptr8", "@ptr9", "@ptr10", "SL:DATE_TIME]", "IN:CREATE_ALARM]"], "predicted_tokens": ["[IN:CREATE_TIMER", "[SL:DATE_TIME", "@ptr4", "@ptr5", "@ptr6", "@ptr7", "@ptr8", "@ptr9", "@ptr11", "SL:DATE_TIME]", "IN:CREATE_TIMER]"]}
{"loss": 3.4368691444396973, "class_log_probabilities": [-1.7764973640441895, -2.973423719406128, -3.3408241271972656, -3.5298662185668945], "predictions": [183, 184, 4, 4, 4, 4, 4, 4], "target_tokens": ["[IN:RESUME_TIMER", "[SL:METHOD_TIMER", "@ptr1", "SL:METHOD_TIMER]", "[SL:DATE_TIME", "@ptr4", "@ptr5", "@ptr6", "SL:DATE_TIME]", "IN:RESUME_TIMER]"], "predicted_tokens": ["[IN:ADD_TIME_TIMER", "IN:ADD_TIME_TIMER]"]}
{"loss": 2.996931791305542, "class_log_probabilities": [-3.858262777328491, -4.94817590713501, -5.556713104248047, -5.822798252105713], "predictions": [39, 40, 396, 397, 398, 41, 56, 399, 400, 401, 57, 42, 4], "target_tokens": ["[IN:GET_STORIES_NEWS", "[SL:NEWS_TOPIC", "@ptr3", "@ptr4", "@ptr5", "SL:NEWS_TOPIC]", "[SL:NEWS_TYPE", "@ptr0", "@ptr1", "@ptr2", "SL:NEWS_TYPE]", "IN:GET_STORIES_NEWS]"], "predicted_tokens": ["[IN:GET_STORIES_NEWS", "[SL:NEWS_TYPE", "@ptr1", "@ptr2", "@ptr3", "SL:NEWS_TYPE]", "[SL:NEWS_TOPIC", "@ptr4", "@ptr5", "@ptr6", "SL:NEWS_TOPIC]", "IN:GET_STORIES_NEWS]"]}
{"loss": 2.0022027492523193, "class_log_probabilities": [-1.8721920251846313, -2.705719232559204, -4.45613956451416, -4.471755504608154], "predictions": [63, 64, 396, 65, 68, 4, 4, 4, 4, 4], "target_tokens": ["[IN:PLAY_MUSIC", "[SL:MUSIC_GENRE", "@ptr2", "@ptr3", "SL:MUSIC_GENRE]", "[SL:MUSIC_TYPE", "@ptr1", "SL:MUSIC_TYPE]", "IN:PLAY_MUSIC]"], "predicted_tokens": ["[IN:PLAY_MUSIC", "[SL:MUSIC_TYPE", "@ptr1", "SL:MUSIC_TYPE]", "IN:PLAY_MUSIC]"]}
{"loss": 3.3818933963775635, "class_log_probabilities": [-0.8966554403305054, -1.7625621557235718, -6.359636306762695, -6.759862422943115], "predictions": [13, 16, 400, 401, 402, 403, 17, 18, 4], "target_tokens": ["[IN:GET_WEATHER", "[SL:DATE_TIME", "@ptr4", "@ptr5", "SL:DATE_TIME]", "IN:GET_WEATHER]"], "predicted_tokens": ["[IN:GET_WEATHER", "[SL:DATE_TIME", "@ptr5", "@ptr6", "@ptr7", "@ptr8", "SL:DATE_TIME]", "IN:GET_WEATHER]"]}
{"loss": 1.3426417112350464, "class_log_probabilities": [-2.6949093341827393, -2.937623977661133, -3.237170696258545, -4.794896125793457], "predictions": [39, 40, 396, 397, 398, 399, 41, 56, 402, 403, 57, 42, 4], "target_tokens": ["[IN:GET_STORIES_NEWS", "[SL:NEWS_TYPE", "@ptr1", "@ptr2", "@ptr3", "SL:NEWS_TYPE]", "[SL:NEWS_TOPIC", "@ptr6", "SL:NEWS_TOPIC]", "IN:GET_STORIES_NEWS]"], "predicted_tokens": ["[IN:GET_STORIES_NEWS", "[SL:NEWS_TYPE", "@ptr1", "@ptr2", "@ptr3", "@ptr4", "SL:NEWS_TYPE]", "[SL:NEWS_TOPIC", "@ptr7", "@ptr8", "SL:NEWS_TOPIC]", "IN:GET_STORIES_NEWS]"]}
{"loss": 2.737455368041992, "class_log_probabilities": [-0.4372286796569824, -5.310994625091553, -5.925633907318115, -6.769763946533203], "predictions": [115, 90, 397, 91, 116, 4], "target_tokens": ["[IN:GET_TIMER", "[SL:METHOD_TIMER", "@ptr0", "@ptr1", "@ptr2", "SL:METHOD_TIMER]", "IN:GET_TIMER]"], "predicted_tokens": ["[IN:GET_TIMER", "[SL:METHOD_TIMER", "@ptr2", "SL:METHOD_TIMER]", "IN:GET_TIMER]"]}
{"loss": 3.4442813396453857, "class_log_probabilities": [-2.413553476333618, -2.9612069129943848, -3.1298255920410156, -3.682326555252075], "predictions": [39, 40, 395, 396, 397, 398, 41, 16, 400, 17, 42, 4], "target_tokens": ["[IN:GET_STORIES_NEWS", "[SL:DATE_TIME", "@ptr4", "SL:DATE_TIME]", "[SL:NEWS_CATEGORY", "@ptr3", "SL:NEWS_CATEGORY]", "[SL:NEWS_TYPE", "@ptr0", "@ptr1", "@ptr2", "SL:NEWS_TYPE]", "IN:GET_STORIES_NEWS]"], "predicted_tokens": ["[IN:GET_STORIES_NEWS", "[SL:NEWS_TYPE", "@ptr0", "@ptr1", "@ptr2", "@ptr3", "SL:NEWS_TYPE]", "[SL:DATE_TIME", "@ptr5", "SL:DATE_TIME]", "IN:GET_STORIES_NEWS]"]}
{"loss": 4.302402973175049, "class_log_probabilities": [-1.885177493095398, -3.4881956577301025, -4.569552421569824, -5.089681148529053], "predictions": [13, 16, 402, 17, 18, 4, 4, 4, 4], "target_tokens": ["[IN:GET_WEATHER", "[SL:WEATHER_ATTRIBUTE", "@ptr2", "@ptr3", "@ptr4", "@ptr5", "SL:WEATHER_ATTRIBUTE]", "IN:GET_WEATHER]"], "predicted_tokens": ["[IN:GET_WEATHER", "[SL:DATE_TIME", "@ptr7", "SL:DATE_TIME]", "IN:GET_WEATHER]"]}
{"loss": 3.6014835834503174, "class_log_probabilities": [-0.5549505352973938, -4.709559917449951, -4.714305877685547, -4.781332969665527], "predictions": [255, 90, 398, 91, 256, 4], "target_tokens": ["[IN:PAUSE_TIMER", "[SL:METHOD_TIMER", "@ptr2", "@ptr3", "@ptr4", "SL:METHOD_TIMER]", "IN:PAUSE_TIMER]"], "predicted_tokens": ["[IN:PAUSE_TIMER", "[SL:METHOD_TIMER", "@ptr3", "SL:METHOD_TIMER]", "IN:PAUSE_TIMER]"]}
{"loss": 3.1627848148345947, "class_log_probabilities": [-0.42777615785598755, -8.26405143737793, -8.530734062194824, -9.116911888122559], "predictions": [13, 16, 398, 399, 17, 18, 4, 4, 4], "target_tokens": ["[IN:GET_WEATHER", "[SL:DATE_TIME", "@ptr2", "@ptr3", "SL:DATE_TIME]", "IN:GET_WEATHER]"], "predicted_tokens": ["[IN:GET_WEATHER", "[SL:DATE_TIME", "@ptr3", "@ptr4", "SL:DATE_TIME]", "IN:GET_WEATHER]"]}
{"loss": 1.5006479024887085, "class_log_probabilities": [-0.807747483253479, -4.973827838897705, -5.463550567626953, -7.205219745635986], "predictions": [55, 56, 395, 396, 397, 398, 399, 400, 401, 402, 57, 58, 4], "target_tokens": ["[IN:QUESTION_NEWS", "[SL:NEWS_TOPIC", "@ptr0", "@ptr1", "@ptr2", "@ptr3", "@ptr4", "@ptr5", "@ptr6", "SL:NEWS_TOPIC]", "IN:QUESTION_NEWS]"], "predicted_tokens": ["[IN:QUESTION_NEWS", "[SL:NEWS_TOPIC", "@ptr0", "@ptr1", "@ptr2", "@ptr3", "@ptr4", "@ptr5", "@ptr6", "@ptr7", "SL:NEWS_TOPIC]", "IN:QUESTION_NEWS]"]}
{"loss": 1.989572286605835, "class_log_probabilities": [-1.6263794898986816, -3.5421040058135986, -3.9466676712036133, -5.832461357116699], "predictions": [63, 66, 399, 67, 66, 399, 67, 68, 4], "target_tokens": ["[IN:PLAY_MUSIC", "[SL:MUSIC_ARTIST_NAME", "@ptr4", "SL:MUSIC_ARTIST_NAME]", "[SL:MUSIC_TYPE", "@ptr1", "SL:MUSIC_TYPE]", "IN:PLAY_MUSIC]"], "predicted_tokens": ["[IN:PLAY_MUSIC", "[SL:MUSIC_ARTIST_NAME", "@ptr4", "SL:MUSIC_ARTIST_NAME]", "[SL:MUSIC_ARTIST_NAME", "@ptr4", "SL:MUSIC_ARTIST_NAME]", "IN:PLAY_MUSIC]"]}
{"loss": 0.9589622020721436, "class_log_probabilities": [-0.19035951793193817, -8.45138168334961, -8.77387523651123, -8.824274063110352], "predictions": [13, 18, 4, 4, 4], "target_tokens": ["[IN:GET_WEATHER", "IN:GET_WEATHER]"], "predicted_tokens": ["[IN:GET_WEATHER", "IN:GET_WEATHER]"]}
{"loss": 3.746429920196533, "class_log_probabilities": [-0.6226884722709656, -6.0630035400390625, -6.112199783325195, -6.472626686096191], "predictions": [13, 16, 399, 400, 401, 17, 18, 4], "target_tokens": ["[IN:GET_WEATHER", "[SL:DATE_TIME", "@ptr3", "@ptr4", "@ptr5", "SL:DATE_TIME]", "IN:GET_WEATHER]"], "predicted_tokens": ["[IN:GET_WEATHER", "[SL:DATE_TIME", "@ptr4", "@ptr5", "@ptr6", "SL:DATE_TIME]", "IN:GET_WEATHER]"]}
{"loss": 2.549335479736328, "class_log_probabilities": [-0.9080843925476074, -3.4089276790618896, -4.117982864379883, -5.26230001449585], "predictions": [115, 90, 400, 91, 116, 4], "target_tokens": ["[IN:GET_ALARM", "IN:GET_ALARM]"], "predicted_tokens": ["[IN:GET_TIMER", "[SL:METHOD_TIMER", "@ptr5", "SL:METHOD_TIMER]", "IN:GET_TIMER]"]}
{"loss": 1.1591267585754395, "class_log_probabilities": [-1.432540774345398, -1.8386454582214355, -1.869036316871643, -5.906857013702393], "predictions": [13, 79, 396, 80, 18, 4, 4], "target_tokens": ["[IN:GET_WEATHER", "[SL:WEATHER_ATTRIBUTE", "@ptr0", "SL:WEATHER_ATTRIBUTE]", "IN:GET_WEATHER]"], "predicted_tokens": ["[IN:GET_WEATHER", "[SL:WEATHER_ATTRIBUTE", "@ptr1", "SL:WEATHER_ATTRIBUTE]", "IN:GET_WEATHER]"]}
{"loss": 2.785372018814087, "class_log_probabilities": [-3.819133758544922, -3.9824087619781494, -7.306433200836182, -70.43958282470703], "predictions": [13, 14, 398, 399, 400, 401, 15, 16, 406, 408, 17, 18, 4, 4, 4, 4, 4, 4, 4, 4, 4, 4, 4, 4, 4, 4, 4, 4, 4, 4, 4, 4, 4, 4, 4, 4, 4, 4, 4, 4, 4, 4, 4, 4, 4, 4, 4, 4, 4, 4, 4, 4, 4, 4, 4, 4, 4, 4, 4, 4, 4, 4, 4, 4, 4, 4, 4, 4, 4, 4, 4, 4, 4, 4, 4, 4, 4, 4, 4, 4, 4, 4, 4, 4, 4, 4, 4, 4, 4, 4, 4, 4, 4, 4, 4, 4, 4, 4, 4, 4], "target_tokens": ["[IN:GET_WEATHER", "[SL:LOCATION", "@ptr3", "@ptr4", "@ptr5", "SL:LOCATION]", "[SL:DATE_TIME", "@ptr9", "@ptr10", "@ptr11", "@ptr12", "SL:DATE_TIME]", "IN:GET_WEATHER]"], "predicted_tokens": ["[IN:GET_WEATHER", "[SL:LOCATION", "@ptr3", "@ptr4", "@ptr5", "@ptr6", "SL:LOCATION]", "[SL:DATE_TIME", "@ptr11", "@ptr13", "SL:DATE_TIME]", "IN:GET_WEATHER]"]}
{"loss": 2.0798940658569336, "class_log_probabilities": [-1.444345235824585, -1.511648178100586, -4.443966865539551, -5.465731143951416], "predictions": [39, 40, 397, 41, 43, 398, 44, 42, 4], "target_tokens": ["[IN:GET_STORIES_NEWS", "[SL:NEWS_CATEGORY", "@ptr2", "SL:NEWS_CATEGORY]", "[SL:NEWS_TYPE", "@ptr1", "SL:NEWS_TYPE]", "IN:GET_STORIES_NEWS]"], "predicted_tokens": ["[IN:GET_STORIES_NEWS", "[SL:NEWS_TYPE", "@ptr2", "SL:NEWS_TYPE]", "[SL:NEWS_CATEGORY", "@ptr3", "SL:NEWS_CATEGORY]", "IN:GET_STORIES_NEWS]"]}
{"loss": 1.818684458732605, "class_log_probabilities": [-4.882749080657959, -5.6721930503845215, -6.2315497398376465, -7.234379768371582], "predictions": [39, 40, 397, 398, 41, 56, 401, 402, 403, 404, 405, 406, 407, 408, 410, 57, 42, 4, 4, 4], "target_tokens": ["[IN:GET_STORIES_NEWS", "[SL:NEWS_TYPE", "@ptr1", "@ptr2", "SL:NEWS_TYPE]", "[SL:NEWS_TOPIC", "@ptr5", "@ptr6", "@ptr7", "@ptr8", "@ptr9", "@ptr10", "@ptr11", "@ptr12", "@ptr13", "@ptr14", "SL:NEWS_TOPIC]", "IN:GET_STORIES_NEWS]"], "predicted_tokens": ["[IN:GET_STORIES_NEWS", "[SL:NEWS_TYPE", "@ptr2", "@ptr3", "SL:NEWS_TYPE]", "[SL:NEWS_TOPIC", "@ptr6", "@ptr7", "@ptr8", "@ptr9", "@ptr10", "@ptr11", "@ptr12", "@ptr13", "@ptr15", "SL:NEWS_TOPIC]", "IN:GET_STORIES_NEWS]"]}
{"loss": 2.9886538982391357, "class_log_probabilities": [-0.7947999835014343, -3.5915236473083496, -5.105474948883057, -5.266343593597412], "predictions": [39, 40, 398, 41, 133, 401, 402, 403, 134, 42, 4], "target_tokens": ["[IN:GET_STORIES_NEWS", "[SL:NEWS_TYPE", "@ptr2", "@ptr3", "SL:NEWS_TYPE]", "[SL:NEWS_SOURCE", "@ptr5", "@ptr6", "@ptr7", "SL:NEWS_SOURCE]", "IN:GET_STORIES_NEWS]"], "predicted_tokens": ["[IN:GET_STORIES_NEWS", "[SL:NEWS_TYPE", "@ptr3", "SL:NEWS_TYPE]", "[SL:NEWS_SOURCE", "@ptr6", "@ptr7", "@ptr8", "SL:NEWS_SOURCE]", "IN:GET_STORIES_NEWS]"]}
{"loss": 3.310523748397827, "class_log_probabilities": [-0.6793333888053894, -2.241382598876953, -4.479877948760986, -6.1023268699646], "predictions": [115, 116, 4, 4, 4, 4], "target_tokens": ["[IN:GET_TIMER", "[SL:METHOD_TIMER", "@ptr3", "@ptr4", "@ptr5", "SL:METHOD_TIMER]", "IN:GET_TIMER]"], "predicted_tokens": ["[IN:GET_TIMER", "IN:GET_TIMER]"]}
{"loss": 2.492487907409668, "class_log_probabilities": [-1.2885026931762695, -3.2301108837127686, -5.163721561431885, -5.272865295410156], "predictions": [169, 66, 399, 400, 401, 402, 67, 170, 4], "target_tokens": ["[IN:DELETE_PLAYLIST_MUSIC", "[SL:MUSIC_TYPE", "@ptr4", "@ptr5", "@ptr6", "@ptr7", "SL:MUSIC_TYPE]", "IN:DELETE_PLAYLIST_MUSIC]"], "predicted_tokens": ["[IN:REMOVE_FROM_PLAYLIST_MUSIC", "[SL:MUSIC_ARTIST_NAME", "@ptr4", "@ptr5", "@ptr6", "@ptr7", "SL:MUSIC_ARTIST_NAME]", "IN:REMOVE_FROM_PLAYLIST_MUSIC]"]}
{"loss": 3.3282523155212402, "class_log_probabilities": [-0.42913389205932617, -3.5113580226898193, -5.054844856262207, -5.054917335510254], "predictions": [255, 90, 397, 91, 256, 4], "target_tokens": ["[IN:PAUSE_TIMER", "[SL:METHOD_TIMER", "@ptr1", "@ptr2", "@ptr3", "SL:METHOD_TIMER]", "IN:PAUSE_TIMER]"], "predicted_tokens": ["[IN:PAUSE_TIMER", "[SL:METHOD_TIMER", "@ptr2", "SL:METHOD_TIMER]", "IN:PAUSE_TIMER]"]}
{"loss": 2.976755142211914, "class_log_probabilities": [-1.3154191970825195, -2.711866617202759, -2.713177442550659, -6.112463474273682], "predictions": [13, 79, 396, 80, 16, 399, 400, 401, 17, 18, 4], "target_tokens": ["[IN:GET_WEATHER", "[SL:WEATHER_ATTRIBUTE", "@ptr0", "SL:WEATHER_ATTRIBUTE]", "[SL:DATE_TIME", "@ptr3", "@ptr4", "SL:DATE_TIME]", "IN:GET_WEATHER]"], "predicted_tokens": ["[IN:GET_WEATHER", "[SL:WEATHER_ATTRIBUTE", "@ptr1", "SL:WEATHER_ATTRIBUTE]", "[SL:DATE_TIME", "@ptr4", "@ptr5", "@ptr6", "SL:DATE_TIME]", "IN:GET_WEATHER]"]}
{"loss": 2.678737163543701, "class_log_probabilities": [-2.2685039043426514, -3.3882153034210205, -4.464824676513672, -4.815689563751221], "predictions": [13, 79, 396, 80, 18, 4, 4, 4, 4, 4, 4], "target_tokens": ["[IN:GET_WEATHER", "[SL:WEATHER_ATTRIBUTE", "@ptr0", "@ptr2", "SL:WEATHER_ATTRIBUTE]", "[SL:DATE_TIME", "@ptr9", "@ptr10", "@ptr11", "@ptr12", "@ptr13", "SL:DATE_TIME]", "IN:GET_WEATHER]"], "predicted_tokens": ["[IN:GET_WEATHER", "[SL:WEATHER_ATTRIBUTE", "@ptr1", "SL:WEATHER_ATTRIBUTE]", "IN:GET_WEATHER]"]}
{"loss": 3.6772427558898926, "class_log_probabilities": [-1.2621396780014038, -2.414607524871826, -2.487529993057251, -5.425995826721191], "predictions": [13, 16, 400, 401, 402, 17, 18, 4], "target_tokens": ["[IN:GET_WEATHER", "[SL:DATE_TIME", "@ptr4", "@ptr5", "@ptr6", "SL:DATE_TIME]", "IN:GET_WEATHER]"], "predicted_tokens": ["[IN:GET_WEATHER", "[SL:DATE_TIME", "@ptr5", "@ptr6", "@ptr7", "SL:DATE_TIME]", "IN:GET_WEATHER]"]}
{"loss": 2.0153608322143555, "class_log_probabilities": [-1.908994197845459, -2.585207223892212, -2.978463888168335, -3.536187171936035], "predictions": [39, 40, 397, 398, 41, 42, 4, 4, 4], "target_tokens": ["[IN:GET_STORIES_NEWS", "[SL:NEWS_CATEGORY", "@ptr1", "@ptr2", "@ptr3", "SL:NEWS_CATEGORY]", "[SL:NEWS_TYPE", "@ptr4", "SL:NEWS_TYPE]", "IN:GET_STORIES_NEWS]"], "predicted_tokens": ["[IN:GET_STORIES_NEWS", "[SL:NEWS_TYPE", "@ptr2", "@ptr3", "SL:NEWS_TYPE]", "IN:GET_STORIES_NEWS]"]}
{"loss": 2.6521356105804443, "class_log_probabilities": [-1.518646001815796, -3.9683237075805664, -4.335184097290039, -4.608153820037842], "predictions": [331, 332, 4], "target_tokens": ["[IN:CREATE_ALARM", "IN:CREATE_ALARM]"], "predicted_tokens": ["[IN:UPDATE_REMINDER", "IN:UPDATE_REMINDER]"]}
{"loss": 2.5335493087768555, "class_log_probabilities": [-0.6899806261062622, -4.290334224700928, -7.147583961486816, -7.24839973449707], "predictions": [13, 16, 395, 396, 17, 79, 400, 80, 18, 4, 4], "target_tokens": ["[IN:GET_WEATHER", "[SL:WEATHER_ATTRIBUTE", "@ptr5", "SL:WEATHER_ATTRIBUTE]", "[SL:DATE_TIME", "@ptr0", "@ptr1", "SL:DATE_TIME]", "IN:GET_WEATHER]"], "predicted_tokens": ["[IN:GET_WEATHER", "[SL:DATE_TIME", "@ptr0", "@ptr1", "SL:DATE_TIME]", "[SL:WEATHER_ATTRIBUTE", "@ptr5", "SL:WEATHER_ATTRIBUTE]", "IN:GET_WEATHER]"]}
{"loss": 2.028789758682251, "class_log_probabilities": [-1.0103800296783447, -2.4337964057922363, -4.202127456665039, -4.242715835571289], "predictions": [13, 16, 402, 403, 404, 405, 17, 18, 4, 4], "target_tokens": ["[IN:GET_WEATHER", "[SL:DATE_TIME", "@ptr5", "@ptr6", "@ptr7", "@ptr8", "@ptr9", "@ptr10", "SL:DATE_TIME]", "IN:GET_WEATHER]"], "predicted_tokens": ["[IN:GET_WEATHER", "[SL:DATE_TIME", "@ptr7", "@ptr8", "@ptr9", "@ptr10", "SL:DATE_TIME]", "IN:GET_WEATHER]"]}
{"loss": 2.639472007751465, "class_log_probabilities": [-3.1679887771606445, -3.7452163696289062, -4.3320722579956055, -4.76795768737793], "predictions": [39, 40, 396, 41, 56, 400, 401, 402, 403, 404, 405, 406, 408, 410, 57, 42, 4, 4], "target_tokens": ["[IN:GET_STORIES_NEWS", "[SL:NEWS_REFERENCE", "@ptr2", "SL:NEWS_REFERENCE]", "[SL:NEWS_TYPE", "@ptr1", "SL:NEWS_TYPE]", "[SL:NEWS_TOPIC", "@ptr5", "@ptr6", "@ptr7", "@ptr8", "@ptr9", "@ptr10", "@ptr11", "@ptr12", "@ptr13", "@ptr14", "@ptr15", "@ptr16", "@ptr17", "@ptr18", "@ptr19", "@ptr20", "SL:NEWS_TOPIC]", "IN:GET_STORIES_NEWS]"], "predicted_tokens": ["[IN:GET_STORIES_NEWS", "[SL:NEWS_TYPE", "@ptr1", "SL:NEWS_TYPE]", "[SL:NEWS_TOPIC", "@ptr5", "@ptr6", "@ptr7", "@ptr8", "@ptr9", "@ptr10", "@ptr11", "@ptr13", "@ptr15", "SL:NEWS_TOPIC]", "IN:GET_STORIES_NEWS]"]}
{"loss": 3.9385123252868652, "class_log_probabilities": [-1.768304467201233, -2.7289724349975586, -2.8089523315429688, -5.627766132354736], "predictions": [89, 90, 396, 91, 16, 401, 402, 403, 17, 92, 4], "target_tokens": ["[IN:CREATE_TIMER", "[SL:METHOD_TIMER", "@ptr0", "@ptr1", "@ptr2", "SL:METHOD_TIMER]", "[SL:DATE_TIME", "@ptr4", "@ptr5", "@ptr6", "SL:DATE_TIME]", "IN:CREATE_TIMER]"], "predicted_tokens": ["[IN:CREATE_TIMER", "[SL:METHOD_TIMER", "@ptr1", "SL:METHOD_TIMER]", "[SL:DATE_TIME", "@ptr6", "@ptr7", "@ptr8", "SL:DATE_TIME]", "IN:CREATE_TIMER]"]}
{"loss": 2.5666167736053467, "class_log_probabilities": [-2.254314661026001, -2.2633347511291504, -2.6062471866607666, -3.5413122177124023], "predictions": [55, 40, 395, 41, 56, 398, 57, 58, 4], "target_tokens": ["[IN:GET_STORIES_NEWS", "[SL:NEWS_REFERENCE", "@ptr1", "SL:NEWS_REFERENCE]", "[SL:NEWS_TYPE", "@ptr0", "SL:NEWS_TYPE]", "[SL:NEWS_TOPIC", "@ptr3", "SL:NEWS_TOPIC]", "IN:GET_STORIES_NEWS]"], "predicted_tokens": ["[IN:QUESTION_NEWS", "[SL:NEWS_TYPE", "@ptr0", "SL:NEWS_TYPE]", "[SL:NEWS_TOPIC", "@ptr3", "SL:NEWS_TOPIC]", "IN:QUESTION_NEWS]"]}
{"loss": 3.3756396770477295, "class_log_probabilities": [-6.384101867675781, -6.393678665161133, -8.406756401062012, -12.243457794189453], "predictions": [63, 66, 398, 399, 400, 67, 66, 402, 67, 66, 402, 67, 68, 4, 4, 4, 4, 4, 4, 4, 4, 4, 4], "target_tokens": ["[IN:PLAY_MUSIC", "[SL:MUSIC_ARTIST_NAME", "@ptr7", "@ptr8", "@ptr9", "@ptr10", "SL:MUSIC_ARTIST_NAME]", "[SL:MUSIC_TYPE", "@ptr3", "@ptr4", "SL:MUSIC_TYPE]", "[SL:MUSIC_PROVIDER_NAME", "@ptr12", "@ptr13", "@ptr14", "@ptr15", "SL:MUSIC_PROVIDER_NAME]", "IN:PLAY_MUSIC]"], "predicted_tokens": ["[IN:PLAY_MUSIC", "[SL:MUSIC_ARTIST_NAME", "@ptr3", "@ptr4", "@ptr5", "SL:MUSIC_ARTIST_NAME]", "[SL:MUSIC_ARTIST_NAME", "@ptr7", "SL:MUSIC_ARTIST_NAME]", "[SL:MUSIC_ARTIST_NAME", "@ptr7", "SL:MUSIC_ARTIST_NAME]", "IN:PLAY_MUSIC]"]}
{"loss": 1.1335984468460083, "class_log_probabilities": [-1.231348991394043, -2.532242774963379, -4.945611000061035, -5.262451171875], "predictions": [39, 40, 395, 41, 56, 398, 399, 57, 42, 4], "target_tokens": ["[IN:GET_STORIES_NEWS", "[SL:NEWS_TYPE", "@ptr0", "SL:NEWS_TYPE]", "[SL:NEWS_TOPIC", "@ptr3", "SL:NEWS_TOPIC]", "IN:GET_STORIES_NEWS]"], "predicted_tokens": ["[IN:GET_STORIES_NEWS", "[SL:NEWS_TYPE", "@ptr0", "SL:NEWS_TYPE]", "[SL:NEWS_TOPIC", "@ptr3", "@ptr4", "SL:NEWS_TOPIC]", "IN:GET_STORIES_NEWS]"]}
{"loss": 1.9688842296600342, "class_log_probabilities": [-2.856077194213867, -4.614434242248535, -5.1899542808532715, -6.268319606781006], "predictions": [89, 16, 396, 397, 17, 90, 402, 403, 91, 92, 4, 4], "target_tokens": ["[IN:ADD_TIME_TIMER", "[SL:DATE_TIME", "@ptr1", "@ptr2", "SL:DATE_TIME]", "[SL:METHOD_TIMER", "@ptr5", "@ptr6", "@ptr7", "@ptr8", "SL:METHOD_TIMER]", "IN:ADD_TIME_TIMER]"], "predicted_tokens": ["[IN:CREATE_TIMER", "[SL:DATE_TIME", "@ptr1", "@ptr2", "SL:DATE_TIME]", "[SL:METHOD_TIMER", "@ptr7", "@ptr8", "SL:METHOD_TIMER]", "IN:CREATE_TIMER]"]}
{"loss": 1.4627611637115479, "class_log_probabilities": [-0.7111804485321045, -4.274228096008301, -5.745826721191406, -6.310558319091797], "predictions": [39, 40, 396, 41, 56, 401, 57, 42, 4, 4, 4], "target_tokens": ["[IN:GET_STORIES_NEWS", "[SL:NEWS_TYPE", "@ptr1", "SL:NEWS_TYPE]", "[SL:NEWS_TOPIC", "@ptr5", "SL:NEWS_TOPIC]", "IN:GET_STORIES_NEWS]"], "predicted_tokens": ["[IN:GET_STORIES_NEWS", "[SL:NEWS_TYPE", "@ptr1", "SL:NEWS_TYPE]", "[SL:NEWS_TOPIC", "@ptr6", "SL:NEWS_TOPIC]", "IN:GET_STORIES_NEWS]"]}
{"loss": 0.975437343120575, "class_log_probabilities": [-0.5669082403182983, -5.9726433753967285, -7.008244514465332, -7.158785343170166], "predictions": [39, 40, 396, 41, 133, 398, 399, 134, 42, 4, 4], "target_tokens": ["[IN:GET_STORIES_NEWS", "[SL:NEWS_TYPE", "@ptr1", "SL:NEWS_TYPE]", "[SL:NEWS_SOURCE", "@ptr3", "@ptr4", "SL:NEWS_SOURCE]", "IN:GET_STORIES_NEWS]"], "predicted_tokens": ["[IN:GET_STORIES_NEWS", "[SL:NEWS_TYPE", "@ptr1", "SL:NEWS_TYPE]", "[SL:NEWS_SOURCE", "@ptr3", "@ptr4", "SL:NEWS_SOURCE]", "IN:GET_STORIES_NEWS]"]}
{"loss": 1.7511100769042969, "class_log_probabilities": [-0.48633551597595215, -5.016262531280518, -5.670901298522949, -5.687231540679932], "predictions": [241, 64, 397, 65, 242, 4], "target_tokens": ["[IN:SKIP_TRACK_MUSIC", "[SL:MUSIC_TYPE", "@ptr1", "SL:MUSIC_TYPE]", "IN:SKIP_TRACK_MUSIC]"], "predicted_tokens": ["[IN:SKIP_TRACK_MUSIC", "[SL:MUSIC_TYPE", "@ptr2", "SL:MUSIC_TYPE]", "IN:SKIP_TRACK_MUSIC]"]}
{"loss": 3.1913812160491943, "class_log_probabilities": [-1.174555778503418, -1.8410929441452026, -5.44380521774292, -6.362270355224609], "predictions": [89, 90, 396, 91, 16, 398, 399, 17, 92, 4, 4], "target_tokens": ["[IN:CREATE_TIMER", "[SL:METHOD_TIMER", "@ptr0", "@ptr1", "SL:METHOD_TIMER]", "[SL:DATE_TIME", "@ptr2", "@ptr3", "SL:DATE_TIME]", "IN:CREATE_TIMER]"], "predicted_tokens": ["[IN:CREATE_TIMER", "[SL:METHOD_TIMER", "@ptr1", "SL:METHOD_TIMER]", "[SL:DATE_TIME", "@ptr3", "@ptr4", "SL:DATE_TIME]", "IN:CREATE_TIMER]"]}
{"loss": 4.368196964263916, "class_log_probabilities": [-0.8258469104766846, -2.889145851135254, -5.167269229888916, -7.354567527770996], "predictions": [13, 16, 395, 396, 17, 14, 400, 15, 79, 403, 80, 18, 4], "target_tokens": ["[IN:GET_WEATHER", "[SL:WEATHER_ATTRIBUTE", "@ptr6", "SL:WEATHER_ATTRIBUTE]", "[SL:LOCATION", "@ptr4", "SL:LOCATION]", "[SL:DATE_TIME", "@ptr0", "@ptr1", "SL:DATE_TIME]", "IN:GET_WEATHER]"], "predicted_tokens": ["[IN:GET_WEATHER", "[SL:DATE_TIME", "@ptr0", "@ptr1", "SL:DATE_TIME]", "[SL:LOCATION", "@ptr5", "SL:LOCATION]", "[SL:WEATHER_ATTRIBUTE", "@ptr8", "SL:WEATHER_ATTRIBUTE]", "IN:GET_WEATHER]"]}
{"loss": 2.654627561569214, "class_log_probabilities": [-1.8274775743484497, -2.134392499923706, -2.3119490146636963, -4.596929550170898], "predictions": [45, 16, 400, 401, 402, 403, 404, 405, 406, 17, 46, 4, 4], "target_tokens": ["[IN:CREATE_ALARM", "[SL:DATE_TIME", "@ptr3", "@ptr4", "@ptr5", "@ptr6", "@ptr7", "@ptr8", "@ptr9", "@ptr10", "SL:DATE_TIME]", "IN:CREATE_ALARM]"], "predicted_tokens": ["[IN:CREATE_ALARM", "[SL:DATE_TIME", "@ptr5", "@ptr6", "@ptr7", "@ptr8", "@ptr9", "@ptr10", "@ptr11", "SL:DATE_TIME]", "IN:CREATE_ALARM]"]}
{"loss": 2.8649394512176514, "class_log_probabilities": [-1.162606120109558, -2.3377389907836914, -4.499221324920654, -5.004053592681885], "predictions": [63, 66, 396, 397, 398, 399, 400, 401, 67, 68, 4], "target_tokens": ["[IN:PLAY_MUSIC", "[SL:MUSIC_GENRE", "@ptr3", "@ptr4", "@ptr5", "@ptr6", "SL:MUSIC_GENRE]", "IN:PLAY_MUSIC]"], "predicted_tokens": ["[IN:PLAY_MUSIC", "[SL:MUSIC_ARTIST_NAME", "@ptr1", "@ptr2", "@ptr3", "@ptr4", "@ptr5", "@ptr6", "SL:MUSIC_ARTIST_NAME]", "IN:PLAY_MUSIC]"]}
{"loss": 2.933319330215454, "class_log_probabilities": [-1.5914268493652344, -1.6851699352264404, -4.323162078857422, -6.889939308166504], "predictions": [39, 40, 396, 397, 398, 41, 42, 4, 4, 4, 4], "target_tokens": ["[IN:GET_STORIES_NEWS", "[SL:NEWS_CATEGORY", "@ptr6", "SL:NEWS_CATEGORY]", "[SL:NEWS_TYPE", "@ptr0", "@ptr1", "@ptr2", "SL:NEWS_TYPE]", "IN:GET_STORIES_NEWS]"], "predicted_tokens": ["[IN:GET_STORIES_NEWS", "[SL:NEWS_TYPE", "@ptr1", "@ptr2", "@ptr3", "SL:NEWS_TYPE]", "IN:GET_STORIES_NEWS]"]}
{"loss": 3.127504825592041, "class_log_probabilities": [-1.1709548234939575, -1.2688753604888916, -3.5508718490600586, -4.170790195465088], "predictions": [225, 90, 399, 91, 226, 4], "target_tokens": ["[IN:DELETE_TIMER", "[SL:METHOD_TIMER", "@ptr1", "@ptr2", "@ptr3", "SL:METHOD_TIMER]", "IN:DELETE_TIMER]"], "predicted_tokens": ["[IN:DELETE_TIMER", "[SL:METHOD_TIMER", "@ptr4", "SL:METHOD_TIMER]", "IN:DELETE_TIMER]"]}
{"loss": 1.6274455785751343, "class_log_probabilities": [-1.1580109596252441, -2.614748477935791, -5.6849589347839355, -5.810154914855957], "predictions": [45, 16, 399, 400, 401, 402, 403, 404, 405, 406, 17, 46, 4, 4, 4, 4], "target_tokens": ["[IN:CREATE_ALARM", "[SL:DATE_TIME", "@ptr4", "@ptr5", "@ptr6", "@ptr7", "@ptr8", "@ptr9", "SL:DATE_TIME]", "IN:CREATE_ALARM]"], "predicted_tokens": ["[IN:CREATE_ALARM", "[SL:DATE_TIME", "@ptr4", "@ptr5", "@ptr6", "@ptr7", "@ptr8", "@ptr9", "@ptr10", "@ptr11", "SL:DATE_TIME]", "IN:CREATE_ALARM]"]}
{"loss": 2.6096932888031006, "class_log_probabilities": [-2.625211715698242, -3.78578782081604, -4.010660171508789, -4.019749641418457], "predictions": [39, 40, 396, 41, 16, 397, 17, 56, 400, 57, 42, 4, 4], "target_tokens": ["[IN:GET_STORIES_NEWS", "[SL:DATE_TIME", "@ptr2", "SL:DATE_TIME]", "[SL:NEWS_TYPE", "@ptr1", "SL:NEWS_TYPE]", "[SL:NEWS_TOPIC", "@ptr5", "SL:NEWS_TOPIC]", "IN:GET_STORIES_NEWS]"], "predicted_tokens": ["[IN:GET_STORIES_NEWS", "[SL:NEWS_TYPE", "@ptr1", "SL:NEWS_TYPE]", "[SL:DATE_TIME", "@ptr2", "SL:DATE_TIME]", "[SL:NEWS_TOPIC", "@ptr5", "SL:NEWS_TOPIC]", "IN:GET_STORIES_NEWS]"]}
{"loss": 2.5572662353515625, "class_log_probabilities": [-1.3607927560806274, -2.1033427715301514, -3.30954647064209, -3.6193759441375732], "predictions": [89, 90, 398, 91, 92, 4], "target_tokens": ["[IN:CREATE_TIMER", "[SL:METHOD_TIMER", "@ptr2", "@ptr3", "@ptr4", "SL:METHOD_TIMER]", "IN:CREATE_TIMER]"], "predicted_tokens": ["[IN:CREATE_TIMER", "[SL:METHOD_TIMER", "@ptr3", "SL:METHOD_TIMER]", "IN:CREATE_TIMER]"]}
{"loss": 1.0796887874603271, "class_log_probabilities": [-1.1939477920532227, -1.2567018270492554, -4.3483381271362305, -4.510564804077148], "predictions": [217, 64, 400, 65, 218, 4], "target_tokens": ["[IN:GET_TRACK_INFO_MUSIC", "[SL:MUSIC_TYPE", "@ptr5", "SL:MUSIC_TYPE]", "IN:GET_TRACK_INFO_MUSIC]"], "predicted_tokens": ["[IN:GET_TRACK_INFO_MUSIC", "[SL:MUSIC_TYPE", "@ptr5", "SL:MUSIC_TYPE]", "IN:GET_TRACK_INFO_MUSIC]"]}
{"loss": 3.5996253490448, "class_log_probabilities": [-1.280989408493042, -3.8713788986206055, -4.501612186431885, -5.009431838989258], "predictions": [39, 40, 395, 41, 56, 399, 400, 401, 57, 40, 403, 41, 42, 4, 4], "target_tokens": ["[IN:GET_STORIES_NEWS", "[SL:NEWS_REFERENCE", "@ptr1", "SL:NEWS_REFERENCE]", "[SL:NEWS_TYPE", "@ptr0", "SL:NEWS_TYPE]", "[SL:NEWS_TOPIC", "@ptr5", "SL:NEWS_TOPIC]", "IN:GET_STORIES_NEWS]"], "predicted_tokens": ["[IN:GET_STORIES_NEWS", "[SL:NEWS_TYPE", "@ptr0", "SL:NEWS_TYPE]", "[SL:NEWS_TOPIC", "@ptr4", "@ptr5", "@ptr6", "SL:NEWS_TOPIC]", "[SL:NEWS_TYPE", "@ptr8", "SL:NEWS_TYPE]", "IN:GET_STORIES_NEWS]"]}
{"loss": 1.086167335510254, "class_log_probabilities": [-2.883558750152588, -2.9805397987365723, -3.272475004196167, -3.601284980773926], "predictions": [45, 16, 400, 401, 402, 403, 404, 405, 406, 408, 17, 46, 4, 4], "target_tokens": ["[IN:CREATE_ALARM", "[SL:DATE_TIME", "@ptr5", "@ptr6", "@ptr7", "@ptr8", "@ptr9", "@ptr10", "@ptr11", "@ptr12", "SL:DATE_TIME]", "IN:CREATE_ALARM]"], "predicted_tokens": ["[IN:CREATE_ALARM", "[SL:DATE_TIME", "@ptr5", "@ptr6", "@ptr7", "@ptr8", "@ptr9", "@ptr10", "@ptr11", "@ptr13", "SL:DATE_TIME]", "IN:CREATE_ALARM]"]}
{"loss": 1.1142926216125488, "class_log_probabilities": [-1.1022634506225586, -1.5506161451339722, -6.594670295715332, -6.631451606750488], "predictions": [13, 79, 396, 80, 18, 4], "target_tokens": ["[IN:GET_WEATHER", "[SL:WEATHER_ATTRIBUTE", "@ptr0", "SL:WEATHER_ATTRIBUTE]", "IN:GET_WEATHER]"], "predicted_tokens": ["[IN:GET_WEATHER", "[SL:WEATHER_ATTRIBUTE", "@ptr1", "SL:WEATHER_ATTRIBUTE]", "IN:GET_WEATHER]"]}
{"loss": 3.8215713500976562, "class_log_probabilities": [-1.3655834197998047, -1.5862922668457031, -3.342162609100342, -3.5344676971435547], "predictions": [89, 90, 399, 91, 16, 402, 403, 404, 17, 92, 4, 4], "target_tokens": ["[IN:CREATE_TIMER", "[SL:METHOD_TIMER", "@ptr1", "@ptr2", "@ptr3", "SL:METHOD_TIMER]", "[SL:DATE_TIME", "@ptr4", "@ptr5", "@ptr6", "@ptr7", "SL:DATE_TIME]", "IN:CREATE_TIMER]"], "predicted_tokens": ["[IN:CREATE_TIMER", "[SL:METHOD_TIMER", "@ptr4", "SL:METHOD_TIMER]", "[SL:DATE_TIME", "@ptr7", "@ptr8", "@ptr9", "SL:DATE_TIME]", "IN:CREATE_TIMER]"]}
{"loss": 1.8647747039794922, "class_log_probabilities": [-1.30776047706604, -4.146893501281738, -4.313453197479248, -5.319838047027588], "predictions": [183, 16, 396, 397, 398, 17, 184, 4, 4, 4, 4], "target_tokens": ["[IN:UPDATE_ALARM", "[SL:DATE_TIME", "@ptr1", "@ptr2", "SL:DATE_TIME]", "IN:UPDATE_ALARM]"], "predicted_tokens": ["[IN:ADD_TIME_TIMER", "[SL:DATE_TIME", "@ptr1", "@ptr2", "@ptr3", "SL:DATE_TIME]", "IN:ADD_TIME_TIMER]"]}
{"loss": 1.3090347051620483, "class_log_probabilities": [-0.9885332584381104, -2.622821092605591, -3.9964683055877686, -4.569258689880371], "predictions": [39, 40, 396, 41, 56, 399, 400, 401, 57, 42, 4], "target_tokens": ["[IN:GET_STORIES_NEWS", "[SL:NEWS_TYPE", "@ptr1", "SL:NEWS_TYPE]", "[SL:NEWS_TOPIC", "@ptr4", "SL:NEWS_TOPIC]", "IN:GET_STORIES_NEWS]"], "predicted_tokens": ["[IN:GET_STORIES_NEWS", "[SL:NEWS_TYPE", "@ptr1", "SL:NEWS_TYPE]", "[SL:NEWS_TOPIC", "@ptr4", "@ptr5", "@ptr6", "SL:NEWS_TOPIC]", "IN:GET_STORIES_NEWS]"]}
{"loss": 2.11220383644104, "class_log_probabilities": [-2.685344696044922, -3.0791735649108887, -4.164348602294922, -5.644080638885498], "predictions": [55, 56, 395, 396, 397, 398, 399, 400, 401, 402, 403, 404, 405, 406, 407, 408, 409, 410, 57, 58, 4, 4, 4], "target_tokens": ["[IN:QUESTION_NEWS", "[SL:NEWS_TOPIC", "@ptr0", "@ptr1", "@ptr4", "@ptr5", "@ptr6", "@ptr7", "@ptr8", "@ptr9", "@ptr10", "@ptr11", "@ptr12", "SL:NEWS_TOPIC]", "IN:QUESTION_NEWS]"], "predicted_tokens": ["[IN:QUESTION_NEWS", "[SL:NEWS_TOPIC", "@ptr0", "@ptr1", "@ptr2", "@ptr3", "@ptr4", "@ptr5", "@ptr6", "@ptr7", "@ptr8", "@ptr9", "@ptr10", "@ptr11", "@ptr12", "@ptr13", "@ptr14", "@ptr15", "SL:NEWS_TOPIC]", "IN:QUESTION_NEWS]"]}
{"loss": 1.8417503833770752, "class_log_probabilities": [-2.4283552169799805, -2.685760259628296, -3.2762842178344727, -3.726071834564209], "predictions": [39, 40, 395, 41, 56, 400, 401, 402, 57, 42, 4, 4], "target_tokens": ["[IN:GET_STORIES_NEWS", "[SL:NEWS_TYPE", "@ptr0", "SL:NEWS_TYPE]", "[SL:NEWS_TOPIC", "@ptr4", "@ptr5", "@ptr6", "SL:NEWS_TOPIC]", "IN:GET_STORIES_NEWS]"], "predicted_tokens": ["[IN:GET_STORIES_NEWS", "[SL:NEWS_TYPE", "@ptr0", "SL:NEWS_TYPE]", "[SL:NEWS_TOPIC", "@ptr5", "@ptr6", "@ptr7", "SL:NEWS_TOPIC]", "IN:GET_STORIES_NEWS]"]}
{"loss": 1.9367637634277344, "class_log_probabilities": [-1.1664878129959106, -3.125694990158081, -4.274829864501953, -5.349048614501953], "predictions": [213, 120, 400, 121, 214, 4], "target_tokens": ["[IN:SILENCE_ALARM", "[SL:AMOUNT", "@ptr3", "SL:AMOUNT]", "IN:SILENCE_ALARM]"], "predicted_tokens": ["[IN:SILENCE_ALARM", "[SL:AMOUNT", "@ptr5", "SL:AMOUNT]", "IN:SILENCE_ALARM]"]}
{"loss": 2.301975727081299, "class_log_probabilities": [-0.4321590065956116, -2.981410503387451, -4.185079574584961, -4.259991645812988], "predictions": [39, 42, 4, 4, 4, 4], "target_tokens": ["[IN:GET_STORIES_NEWS", "[SL:NEWS_REFERENCE", "@ptr3", "SL:NEWS_REFERENCE]", "[SL:NEWS_TYPE", "@ptr2", "SL:NEWS_TYPE]", "IN:GET_STORIES_NEWS]"], "predicted_tokens": ["[IN:GET_STORIES_NEWS", "IN:GET_STORIES_NEWS]"]}
{"loss": 2.4095606803894043, "class_log_probabilities": [-2.745506763458252, -25.371274948120117, -25.577850341796875, -60.138248443603516], "predictions": [13, 14, 398, 399, 400, 15, 16, 406, 17, 18, 4, 4, 4, 4, 4, 4, 4, 4, 4, 4, 4, 4, 4, 4, 4, 4, 4, 4, 4, 4, 4, 4, 4, 4, 4, 4, 4, 4, 4, 4, 4, 4, 4, 4, 4, 4, 4, 4, 4, 4, 4, 4, 4, 4, 4, 4, 4, 4, 4, 4, 4, 4, 4, 4, 4, 4, 4, 4, 4, 4, 4, 4, 4, 4, 4, 4, 4, 4, 4, 4, 4, 4, 4, 4, 4, 4, 4, 4, 4, 4, 4, 4, 4, 4, 4, 4, 4, 4, 4, 4], "target_tokens": ["[IN:GET_WEATHER", "[SL:LOCATION", "@ptr2", "@ptr3", "@ptr4", "SL:LOCATION]", "[SL:DATE_TIME", "@ptr11", "@ptr12", "@ptr13", "SL:DATE_TIME]", "IN:GET_WEATHER]"], "predicted_tokens": ["[IN:GET_WEATHER", "[SL:LOCATION", "@ptr3", "@ptr4", "@ptr5", "SL:LOCATION]", "[SL:DATE_TIME", "@ptr11", "SL:DATE_TIME]", "IN:GET_WEATHER]"]}
{"loss": 2.3100554943084717, "class_log_probabilities": [-1.0301151275634766, -2.97188663482666, -3.3047492504119873, -4.498394012451172], "predictions": [13, 14, 400, 401, 15, 18, 4, 4, 4], "target_tokens": ["[IN:GET_WEATHER", "[SL:LOCATION", "@ptr4", "@ptr5", "@ptr6", "SL:LOCATION]", "IN:GET_WEATHER]"], "predicted_tokens": ["[IN:GET_WEATHER", "[SL:LOCATION", "@ptr5", "@ptr6", "SL:LOCATION]", "IN:GET_WEATHER]"]}
{"loss": 2.800603151321411, "class_log_probabilities": [-2.196478843688965, -3.49672269821167, -4.070913791656494, -4.2672343254089355], "predictions": [89, 90, 397, 91, 16, 403, 404, 405, 406, 17, 92, 4, 4], "target_tokens": ["[IN:CREATE_ALARM", "[SL:DATE_TIME", "@ptr7", "@ptr8", "@ptr9", "@ptr10", "SL:DATE_TIME]", "IN:CREATE_ALARM]"], "predicted_tokens": ["[IN:CREATE_TIMER", "[SL:METHOD_TIMER", "@ptr2", "SL:METHOD_TIMER]", "[SL:DATE_TIME", "@ptr8", "@ptr9", "@ptr10", "@ptr11", "SL:DATE_TIME]", "IN:CREATE_TIMER]"]}
{"loss": 1.6556196212768555, "class_log_probabilities": [-1.592451572418213, -2.71761155128479, -3.066586494445801, -3.9929025173187256], "predictions": [241, 64, 398, 65, 242, 4, 4, 4, 4], "target_tokens": ["[IN:SKIP_TRACK_MUSIC", "[SL:MUSIC_TYPE", "@ptr2", "SL:MUSIC_TYPE]", "IN:SKIP_TRACK_MUSIC]"], "predicted_tokens": ["[IN:SKIP_TRACK_MUSIC", "[SL:MUSIC_TYPE", "@ptr3", "SL:MUSIC_TYPE]", "IN:SKIP_TRACK_MUSIC]"]}
{"loss": 2.481494426727295, "class_log_probabilities": [-1.9764899015426636, -4.585238933563232, -5.090696811676025, -5.20939302444458], "predictions": [89, 16, 402, 403, 404, 405, 17, 92, 4], "target_tokens": ["[IN:UPDATE_ALARM", "[SL:DATE_TIME", "@ptr5", "@ptr6", "@ptr7", "@ptr8", "@ptr9", "@ptr10", "SL:DATE_TIME]", "IN:UPDATE_ALARM]"], "predicted_tokens": ["[IN:CREATE_TIMER", "[SL:DATE_TIME", "@ptr7", "@ptr8", "@ptr9", "@ptr10", "SL:DATE_TIME]", "IN:CREATE_TIMER]"]}
{"loss": 2.180738687515259, "class_log_probabilities": [-2.6736085414886475, -2.9125494956970215, -3.0221498012542725, -4.5156474113464355], "predictions": [119, 120, 400, 121, 122, 4], "target_tokens": ["[IN:DELETE_ALARM", "[SL:AMOUNT", "@ptr3", "SL:AMOUNT]", "IN:DELETE_ALARM]"], "predicted_tokens": ["[IN:DELETE_ALARM", "[SL:AMOUNT", "@ptr5", "SL:AMOUNT]", "IN:DELETE_ALARM]"]}
{"loss": 1.969822645187378, "class_log_probabilities": [-1.4417800903320312, -2.0753026008605957, -2.583200454711914, -3.9289963245391846], "predictions": [13, 79, 399, 400, 401, 80, 18, 4, 4, 4], "target_tokens": ["[IN:GET_WEATHER", "[SL:WEATHER_ATTRIBUTE", "@ptr3", "@ptr4", "@ptr5", "SL:WEATHER_ATTRIBUTE]", "IN:GET_WEATHER]"], "predicted_tokens": ["[IN:GET_WEATHER", "[SL:WEATHER_ATTRIBUTE", "@ptr4", "@ptr5", "@ptr6", "SL:WEATHER_ATTRIBUTE]", "IN:GET_WEATHER]"]}
{"loss": 2.6167428493499756, "class_log_probabilities": [-0.7694559097290039, -3.9652841091156006, -5.0282464027404785, -5.42276668548584], "predictions": [13, 16, 395, 396, 17, 14, 398, 399, 400, 401, 15, 18, 4, 4], "target_tokens": ["[IN:GET_WEATHER", "[SL:LOCATION", "@ptr3", "@ptr4", "@ptr5", "SL:LOCATION]", "[SL:DATE_TIME", "@ptr0", "@ptr1", "SL:DATE_TIME]", "IN:GET_WEATHER]"], "predicted_tokens": ["[IN:GET_WEATHER", "[SL:DATE_TIME", "@ptr0", "@ptr1", "SL:DATE_TIME]", "[SL:LOCATION", "@ptr3", "@ptr4", "@ptr5", "@ptr6", "SL:LOCATION]", "IN:GET_WEATHER]"]}
{"loss": 3.4384775161743164, "class_log_probabilities": [-1.6440246105194092, -3.3471946716308594, -3.6381256580352783, -6.215318202972412], "predictions": [33, 38, 4, 4, 4, 4, 4, 4, 4, 4, 4], "target_tokens": ["[IN:DELETE_ALARM", "[SL:AMOUNT", "@ptr9", "SL:AMOUNT]", "IN:DELETE_ALARM]"], "predicted_tokens": ["[IN:DELETE_REMINDER", "IN:DELETE_REMINDER]"]}
{"loss": 0.9787208437919617, "class_log_probabilities": [-0.3339027166366577, -7.5215163230896, -7.6670427322387695, -7.712814807891846], "predictions": [217, 64, 395, 65, 218, 4], "target_tokens": ["[IN:GET_TRACK_INFO_MUSIC", "[SL:MUSIC_TYPE", "@ptr0", "SL:MUSIC_TYPE]", "IN:GET_TRACK_INFO_MUSIC]"], "predicted_tokens": ["[IN:GET_TRACK_INFO_MUSIC", "[SL:MUSIC_TYPE", "@ptr0", "SL:MUSIC_TYPE]", "IN:GET_TRACK_INFO_MUSIC]"]}
{"loss": 2.3843114376068115, "class_log_probabilities": [-1.558850884437561, -1.907148838043213, -5.625942230224609, -6.093504428863525], "predictions": [45, 16, 399, 400, 401, 402, 403, 404, 405, 406, 17, 46, 4], "target_tokens": ["[IN:CREATE_ALARM", "[SL:DATE_TIME", "@ptr3", "@ptr4", "@ptr5", "@ptr6", "@ptr7", "@ptr8", "@ptr9", "SL:DATE_TIME]", "IN:CREATE_ALARM]"], "predicted_tokens": ["[IN:CREATE_ALARM", "[SL:DATE_TIME", "@ptr4", "@ptr5", "@ptr6", "@ptr7", "@ptr8", "@ptr9", "@ptr10", "@ptr11", "SL:DATE_TIME]", "IN:CREATE_ALARM]"]}
{"loss": 1.836559772491455, "class_log_probabilities": [-1.5766048431396484, -1.7188448905944824, -6.599907398223877, -6.8673481941223145], "predictions": [13, 79, 395, 80, 16, 399, 400, 17, 18, 4], "target_tokens": ["[IN:GET_WEATHER", "[SL:WEATHER_ATTRIBUTE", "@ptr0", "SL:WEATHER_ATTRIBUTE]", "[SL:DATE_TIME", "@ptr4", "SL:DATE_TIME]", "IN:GET_WEATHER]"], "predicted_tokens": ["[IN:GET_WEATHER", "[SL:WEATHER_ATTRIBUTE", "@ptr0", "SL:WEATHER_ATTRIBUTE]", "[SL:DATE_TIME", "@ptr4", "@ptr5", "SL:DATE_TIME]", "IN:GET_WEATHER]"]}
{"loss": 2.671832799911499, "class_log_probabilities": [-3.4052419662475586, -3.7503530979156494, -3.948260545730591, -4.526955604553223], "predictions": [63, 66, 396, 397, 398, 399, 400, 401, 402, 403, 404, 67, 68, 4, 4, 4, 4], "target_tokens": ["[IN:PLAY_MUSIC", "[SL:MUSIC_ARTIST_NAME", "@ptr1", "@ptr2", "@ptr3", "@ptr4", "@ptr5", "@ptr6", "SL:MUSIC_ARTIST_NAME]", "[SL:MUSIC_PROVIDER_NAME", "@ptr8", "@ptr9", "@ptr10", "@ptr11", "SL:MUSIC_PROVIDER_NAME]", "IN:PLAY_MUSIC]"], "predicted_tokens": ["[IN:PLAY_MUSIC", "[SL:MUSIC_ARTIST_NAME", "@ptr1", "@ptr2", "@ptr3", "@ptr4", "@ptr5", "@ptr6", "@ptr7", "@ptr8", "@ptr9", "SL:MUSIC_ARTIST_NAME]", "IN:PLAY_MUSIC]"]}
{"loss": 2.006991147994995, "class_log_probabilities": [-3.6573171615600586, -3.821457862854004, -4.181074619293213, -5.85888147354126], "predictions": [63, 101, 397, 398, 399, 400, 401, 102, 66, 403, 404, 406, 407, 67, 68, 4], "target_tokens": ["[IN:PLAY_MUSIC", "[SL:MUSIC_TYPE", "@ptr1", "SL:MUSIC_TYPE]", "[SL:MUSIC_ALBUM_TITLE", "@ptr2", "@ptr3", "@ptr4", "@ptr5", "@ptr6", "SL:MUSIC_ALBUM_TITLE]", "[SL:MUSIC_ARTIST_NAME", "@ptr8", "@ptr9", "@ptr10", "@ptr11", "@ptr12", "@ptr13", "SL:MUSIC_ARTIST_NAME]", "IN:PLAY_MUSIC]"], "predicted_tokens": ["[IN:PLAY_MUSIC", "[SL:MUSIC_TRACK_TITLE", "@ptr2", "@ptr3", "@ptr4", "@ptr5", "@ptr6", "SL:MUSIC_TRACK_TITLE]", "[SL:MUSIC_ARTIST_NAME", "@ptr8", "@ptr9", "@ptr11", "@ptr12", "SL:MUSIC_ARTIST_NAME]", "IN:PLAY_MUSIC]"]}
{"loss": 3.386587142944336, "class_log_probabilities": [-0.1950383484363556, -6.828629016876221, -6.850264549255371, -8.561779022216797], "predictions": [115, 116, 4, 4, 4], "target_tokens": ["[IN:GET_TIMER", "[SL:METHOD_TIMER", "@ptr1", "@ptr2", "@ptr3", "SL:METHOD_TIMER]", "IN:GET_TIMER]"], "predicted_tokens": ["[IN:GET_TIMER", "IN:GET_TIMER]"]}
{"loss": 3.528688669204712, "class_log_probabilities": [-1.2471281290054321, -1.725453495979309, -5.781675338745117, -5.797341823577881], "predictions": [63, 64, 399, 65, 66, 402, 403, 404, 67, 68, 4], "target_tokens": ["[IN:PLAY_MUSIC", "[SL:MUSIC_ARTIST_NAME", "@ptr6", "@ptr7", "@ptr8", "SL:MUSIC_ARTIST_NAME]", "[SL:MUSIC_TYPE", "@ptr3", "SL:MUSIC_TYPE]", "IN:PLAY_MUSIC]"], "predicted_tokens": ["[IN:PLAY_MUSIC", "[SL:MUSIC_TYPE", "@ptr4", "SL:MUSIC_TYPE]", "[SL:MUSIC_ARTIST_NAME", "@ptr7", "@ptr8", "@ptr9", "SL:MUSIC_ARTIST_NAME]", "IN:PLAY_MUSIC]"]}
{"loss": 2.864576816558838, "class_log_probabilities": [-0.43573135137557983, -7.10033655166626, -7.407503604888916, -8.021169662475586], "predictions": [63, 66, 397, 398, 399, 67, 68, 4, 4], "target_tokens": ["[IN:PLAY_MUSIC", "[SL:MUSIC_PLAYLIST_TITLE", "@ptr2", "@ptr3", "@ptr4", "SL:MUSIC_PLAYLIST_TITLE]", "[SL:MUSIC_TYPE", "@ptr1", "SL:MUSIC_TYPE]", "IN:PLAY_MUSIC]"], "predicted_tokens": ["[IN:PLAY_MUSIC", "[SL:MUSIC_ARTIST_NAME", "@ptr2", "@ptr3", "@ptr4", "SL:MUSIC_ARTIST_NAME]", "IN:PLAY_MUSIC]"]}
{"loss": 3.492229461669922, "class_log_probabilities": [-2.553363561630249, -2.8739092350006104, -3.1251535415649414, -3.350755214691162], "predictions": [63, 101, 396, 397, 398, 399, 102, 66, 402, 403, 405, 406, 67, 68, 4, 4], "target_tokens": ["[IN:PLAY_MUSIC", "[SL:MUSIC_ARTIST_NAME", "@ptr6", "@ptr7", "@ptr8", "@ptr9", "@ptr10", "SL:MUSIC_ARTIST_NAME]", "[SL:MUSIC_TYPE", "@ptr1", "SL:MUSIC_TYPE]", "IN:PLAY_MUSIC]"], "predicted_tokens": ["[IN:PLAY_MUSIC", "[SL:MUSIC_TRACK_TITLE", "@ptr1", "@ptr2", "@ptr3", "@ptr4", "SL:MUSIC_TRACK_TITLE]", "[SL:MUSIC_ARTIST_NAME", "@ptr7", "@ptr8", "@ptr10", "@ptr11", "SL:MUSIC_ARTIST_NAME]", "IN:PLAY_MUSIC]"]}
{"loss": 1.9486604928970337, "class_log_probabilities": [-1.628655195236206, -2.5917158126831055, -4.260056972503662, -4.649502754211426], "predictions": [291, 64, 396, 65, 292, 4], "target_tokens": ["[IN:RESUME_MUSIC", "[SL:MUSIC_TYPE", "@ptr1", "SL:MUSIC_TYPE]", "IN:RESUME_MUSIC]"], "predicted_tokens": ["[IN:LOOP_MUSIC", "[SL:MUSIC_TYPE", "@ptr1", "SL:MUSIC_TYPE]", "IN:LOOP_MUSIC]"]}
{"loss": 0.9733678698539734, "class_log_probabilities": [-0.3608025908470154, -6.3494873046875, -6.782947063446045, -6.893537521362305], "predictions": [287, 64, 396, 65, 288, 4], "target_tokens": ["[IN:REPLAY_MUSIC", "[SL:MUSIC_TYPE", "@ptr1", "SL:MUSIC_TYPE]", "IN:REPLAY_MUSIC]"], "predicted_tokens": ["[IN:REPLAY_MUSIC", "[SL:MUSIC_TYPE", "@ptr1", "SL:MUSIC_TYPE]", "IN:REPLAY_MUSIC]"]}
{"loss": 2.8626577854156494, "class_log_probabilities": [-0.5094614624977112, -5.743577480316162, -6.660988807678223, -6.7534661293029785], "predictions": [13, 14, 399, 400, 401, 15, 18, 4, 4], "target_tokens": ["[IN:GET_WEATHER", "[SL:LOCATION", "@ptr3", "@ptr4", "@ptr5", "SL:LOCATION]", "IN:GET_WEATHER]"], "predicted_tokens": ["[IN:GET_WEATHER", "[SL:LOCATION", "@ptr4", "@ptr5", "@ptr6", "SL:LOCATION]", "IN:GET_WEATHER]"]}
{"loss": 2.8615055084228516, "class_log_probabilities": [-0.5793426632881165, -5.442834854125977, -6.065302848815918, -6.890803337097168], "predictions": [183, 16, 396, 397, 398, 17, 184, 4, 4, 4, 4], "target_tokens": ["[IN:ADD_TIME_TIMER", "[SL:DATE_TIME", "@ptr1", "@ptr2", "SL:DATE_TIME]", "[SL:METHOD_TIMER", "@ptr4", "@ptr5", "@ptr6", "SL:METHOD_TIMER]", "IN:ADD_TIME_TIMER]"], "predicted_tokens": ["[IN:ADD_TIME_TIMER", "[SL:DATE_TIME", "@ptr1", "@ptr2", "@ptr3", "SL:DATE_TIME]", "IN:ADD_TIME_TIMER]"]}
{"loss": 3.0515565872192383, "class_log_probabilities": [-0.7883157134056091, -2.3602113723754883, -5.131959915161133, -5.622876167297363], "predictions": [89, 90, 398, 91, 92, 4, 4], "target_tokens": ["[IN:CREATE_TIMER", "[SL:METHOD_TIMER", "@ptr1", "@ptr2", "@ptr3", "SL:METHOD_TIMER]", "IN:CREATE_TIMER]"], "predicted_tokens": ["[IN:CREATE_TIMER", "[SL:METHOD_TIMER", "@ptr3", "SL:METHOD_TIMER]", "IN:CREATE_TIMER]"]}
{"loss": 3.229214668273926, "class_log_probabilities": [-1.791946291923523, -2.2725391387939453, -2.665717601776123, -4.5492329597473145], "predictions": [39, 40, 398, 41, 42, 4, 4, 4, 4, 4], "target_tokens": ["[IN:GET_STORIES_NEWS", "[SL:NEWS_CATEGORY", "@ptr3", "@ptr4", "SL:NEWS_CATEGORY]", "[SL:NEWS_TYPE", "@ptr1", "@ptr2", "SL:NEWS_TYPE]", "IN:GET_STORIES_NEWS]"], "predicted_tokens": ["[IN:GET_STORIES_NEWS", "[SL:NEWS_TYPE", "@ptr3", "SL:NEWS_TYPE]", "IN:GET_STORIES_NEWS]"]}
{"loss": 3.0303149223327637, "class_log_probabilities": [-2.6802597045898438, -2.776620388031006, -3.7198665142059326, -4.198791027069092], "predictions": [273, 90, 400, 91, 274, 4], "target_tokens": ["[IN:RESTART_TIMER", "[SL:METHOD_TIMER", "@ptr2", "@ptr3", "@ptr4", "SL:METHOD_TIMER]", "IN:RESTART_TIMER]"], "predicted_tokens": ["[IN:RESTART_TIMER", "[SL:METHOD_TIMER", "@ptr5", "SL:METHOD_TIMER]", "IN:RESTART_TIMER]"]}
{"loss": 1.8067798614501953, "class_log_probabilities": [-1.6366411447525024, -3.460940361022949, -4.307215690612793, -5.209880828857422], "predictions": [39, 40, 395, 41, 43, 396, 397, 44, 42, 4, 4, 4, 4], "target_tokens": ["[IN:GET_STORIES_NEWS", "[SL:NEWS_CATEGORY", "@ptr1", "@ptr2", "SL:NEWS_CATEGORY]", "[SL:NEWS_TYPE", "@ptr0", "SL:NEWS_TYPE]", "IN:GET_STORIES_NEWS]"], "predicted_tokens": ["[IN:GET_STORIES_NEWS", "[SL:NEWS_TYPE", "@ptr0", "SL:NEWS_TYPE]", "[SL:NEWS_CATEGORY", "@ptr1", "@ptr2", "SL:NEWS_CATEGORY]", "IN:GET_STORIES_NEWS]"]}
{"loss": 1.8338984251022339, "class_log_probabilities": [-2.789346694946289, -3.230715274810791, -3.8389010429382324, -4.023565292358398], "predictions": [45, 16, 402, 403, 404, 405, 406, 407, 408, 409, 17, 46, 4, 4], "target_tokens": ["[IN:CREATE_ALARM", "[SL:DATE_TIME", "@ptr6", "@ptr7", "@ptr8", "@ptr9", "@ptr10", "@ptr11", "@ptr12", "@ptr13", "SL:DATE_TIME]", "IN:CREATE_ALARM]"], "predicted_tokens": ["[IN:CREATE_ALARM", "[SL:DATE_TIME", "@ptr7", "@ptr8", "@ptr9", "@ptr10", "@ptr11", "@ptr12", "@ptr13", "@ptr14", "SL:DATE_TIME]", "IN:CREATE_ALARM]"]}
{"loss": 2.0669801235198975, "class_log_probabilities": [-0.5355303883552551, -2.7822341918945312, -5.263107776641846, -5.2783308029174805], "predictions": [297, 64, 397, 65, 298, 4], "target_tokens": ["[IN:STOP_MUSIC", "[SL:MUSIC_TYPE", "@ptr1", "SL:MUSIC_TYPE]", "IN:STOP_MUSIC]"], "predicted_tokens": ["[IN:STOP_MUSIC", "[SL:MUSIC_TYPE", "@ptr2", "SL:MUSIC_TYPE]", "IN:STOP_MUSIC]"]}
{"loss": 3.5797245502471924, "class_log_probabilities": [-1.705193042755127, -2.093541145324707, -3.7387969493865967, -4.072305202484131], "predictions": [273, 90, 401, 91, 274, 4], "target_tokens": ["[IN:RESTART_TIMER", "[SL:METHOD_TIMER", "@ptr2", "@ptr3", "@ptr4", "SL:METHOD_TIMER]", "IN:RESTART_TIMER]"], "predicted_tokens": ["[IN:RESTART_TIMER", "[SL:METHOD_TIMER", "@ptr6", "SL:METHOD_TIMER]", "IN:RESTART_TIMER]"]}
{"loss": 2.919598340988159, "class_log_probabilities": [-1.8315588235855103, -3.7930750846862793, -3.8557686805725098, -4.093070030212402], "predictions": [183, 16, 398, 399, 400, 17, 90, 402, 91, 184, 4], "target_tokens": ["[IN:ADD_TIME_TIMER", "[SL:DATE_TIME", "@ptr3", "@ptr4", "SL:DATE_TIME]", "[SL:METHOD_TIMER", "@ptr6", "@ptr7", "@ptr8", "SL:METHOD_TIMER]", "IN:ADD_TIME_TIMER]"], "predicted_tokens": ["[IN:ADD_TIME_TIMER", "[SL:DATE_TIME", "@ptr3", "@ptr4", "@ptr5", "SL:DATE_TIME]", "[SL:METHOD_TIMER", "@ptr7", "SL:METHOD_TIMER]", "IN:ADD_TIME_TIMER]"]}
{"loss": 3.9063079357147217, "class_log_probabilities": [-0.8497864007949829, -5.492691993713379, -5.5651421546936035, -5.839982032775879], "predictions": [63, 64, 396, 397, 398, 399, 65, 68, 4, 4], "target_tokens": ["[IN:PLAY_MUSIC", "[SL:MUSIC_ALBUM_TITLE", "@ptr5", "@ptr6", "SL:MUSIC_ALBUM_TITLE]", "[SL:MUSIC_TYPE", "@ptr1", "@ptr2", "@ptr3", "SL:MUSIC_TYPE]", "IN:PLAY_MUSIC]"], "predicted_tokens": ["[IN:PLAY_MUSIC", "[SL:MUSIC_TYPE", "@ptr1", "@ptr2", "@ptr3", "@ptr4", "SL:MUSIC_TYPE]", "IN:PLAY_MUSIC]"]}
{"loss": 1.939043402671814, "class_log_probabilities": [-2.9516680240631104, -3.017773389816284, -3.044658660888672, -5.587045192718506], "predictions": [89, 16, 398, 399, 400, 17, 92, 4, 4, 4, 4], "target_tokens": ["[IN:CREATE_TIMER", "[SL:METHOD_TIMER", "@ptr0", "@ptr1", "SL:METHOD_TIMER]", "[SL:DATE_TIME", "@ptr3", "@ptr4", "@ptr5", "SL:DATE_TIME]", "IN:CREATE_TIMER]"], "predicted_tokens": ["[IN:CREATE_TIMER", "[SL:DATE_TIME", "@ptr3", "@ptr4", "@ptr5", "SL:DATE_TIME]", "IN:CREATE_TIMER]"]}
{"loss": 4.403838157653809, "class_log_probabilities": [-1.8927278518676758, -2.695869207382202, -3.325023889541626, -4.131885528564453], "predictions": [63, 66, 397, 398, 399, 400, 401, 402, 403, 67, 68, 4], "target_tokens": ["[IN:REPLAY_MUSIC", "[SL:MUSIC_PLAYLIST_TITLE", "@ptr6", "@ptr7", "SL:MUSIC_PLAYLIST_TITLE]", "[SL:MUSIC_TYPE", "@ptr2", "@ptr3", "@ptr4", "@ptr5", "SL:MUSIC_TYPE]", "IN:REPLAY_MUSIC]"], "predicted_tokens": ["[IN:PLAY_MUSIC", "[SL:MUSIC_ARTIST_NAME", "@ptr2", "@ptr3", "@ptr4", "@ptr5", "@ptr6", "@ptr7", "@ptr8", "SL:MUSIC_ARTIST_NAME]", "IN:PLAY_MUSIC]"]}
{"loss": 1.2838162183761597, "class_log_probabilities": [-0.652869701385498, -2.522028923034668, -5.961219310760498, -6.554894924163818], "predictions": [51, 145, 400, 146, 54, 4], "target_tokens": ["[IN:GET_RECIPES", "[SL:RECIPES_TYPE", "@ptr4", "SL:RECIPES_TYPE]", "IN:GET_RECIPES]"], "predicted_tokens": ["[IN:GET_RECIPES", "[SL:RECIPES_TYPE", "@ptr5", "SL:RECIPES_TYPE]", "IN:GET_RECIPES]"]}
{"loss": 3.0275309085845947, "class_log_probabilities": [-3.455162525177002, -3.534799814224243, -3.7537357807159424, -4.704112529754639], "predictions": [165, 113, 396, 397, 398, 399, 400, 114, 166, 4, 4], "target_tokens": ["[IN:IS_TRUE_RECIPES", "[SL:RECIPES_DISH", "@ptr2", "@ptr3", "@ptr4", "SL:RECIPES_DISH]", "IN:IS_TRUE_RECIPES]"], "predicted_tokens": ["[IN:IS_TRUE_RECIPES", "[SL:RECIPES_COOKING_METHOD", "@ptr1", "@ptr2", "@ptr3", "@ptr4", "@ptr5", "SL:RECIPES_COOKING_METHOD]", "IN:IS_TRUE_RECIPES]"]}
{"loss": 0.9727410078048706, "class_log_probabilities": [-0.7672958970069885, -4.465281009674072, -4.472987651824951, -5.298279762268066], "predictions": [27, 52, 395, 396, 397, 398, 53, 30, 4], "target_tokens": ["[IN:GET_INFO_RECIPES", "[SL:RECIPES_DISH", "@ptr0", "@ptr1", "@ptr2", "@ptr3", "SL:RECIPES_DISH]", "IN:GET_INFO_RECIPES]"], "predicted_tokens": ["[IN:GET_INFO_RECIPES", "[SL:RECIPES_DISH", "@ptr0", "@ptr1", "@ptr2", "@ptr3", "SL:RECIPES_DISH]", "IN:GET_INFO_RECIPES]"]}
{"loss": 0.9620373845100403, "class_log_probabilities": [-0.6456376314163208, -6.602829933166504, -7.054953575134277, -7.13429594039917], "predictions": [51, 52, 397, 398, 399, 400, 401, 53, 54, 4, 4], "target_tokens": ["[IN:GET_RECIPES", "[SL:RECIPES_DISH", "@ptr2", "@ptr3", "@ptr4", "@ptr5", "@ptr6", "SL:RECIPES_DISH]", "IN:GET_RECIPES]"], "predicted_tokens": ["[IN:GET_RECIPES", "[SL:RECIPES_DISH", "@ptr2", "@ptr3", "@ptr4", "@ptr5", "@ptr6", "SL:RECIPES_DISH]", "IN:GET_RECIPES]"]}
{"loss": 4.0307769775390625, "class_log_probabilities": [-1.1493165493011475, -3.2881414890289307, -4.3615031242370605, -4.362722873687744], "predictions": [27, 30, 4, 4, 4, 4, 4], "target_tokens": ["[IN:GET_RECIPES", "[SL:RECIPES_ATTRIBUTE", "@ptr9", "@ptr10", "SL:RECIPES_ATTRIBUTE]", "[SL:RECIPES_MEAL", "@ptr5", "@ptr6", "SL:RECIPES_MEAL]", "IN:GET_RECIPES]"], "predicted_tokens": ["[IN:GET_INFO_RECIPES", "IN:GET_INFO_RECIPES]"]}
{"loss": 2.307648181915283, "class_log_probabilities": [-1.9887490272521973, -2.479020118713379, -3.6477272510528564, -4.6757965087890625], "predictions": [51, 129, 398, 130, 113, 400, 114, 54, 4, 4], "target_tokens": ["[IN:GET_RECIPES", "[SL:RECIPES_DISH", "@ptr3", "@ptr4", "SL:RECIPES_DISH]", "IN:GET_RECIPES]"], "predicted_tokens": ["[IN:GET_RECIPES", "[SL:RECIPES_INCLUDED_INGREDIENT", "@ptr3", "SL:RECIPES_INCLUDED_INGREDIENT]", "[SL:RECIPES_COOKING_METHOD", "@ptr5", "SL:RECIPES_COOKING_METHOD]", "IN:GET_RECIPES]"]}
{"loss": 4.179734706878662, "class_log_probabilities": [-1.1630353927612305, -3.5688626766204834, -3.83733868598938, -3.8758716583251953], "predictions": [27, 113, 398, 114, 30, 4], "target_tokens": ["[IN:GET_INFO_RECIPES", "[SL:RECIPES_ATTRIBUTE", "@ptr4", "@ptr5", "@ptr6", "SL:RECIPES_ATTRIBUTE]", "[SL:RECIPES_COOKING_METHOD", "@ptr2", "SL:RECIPES_COOKING_METHOD]", "[SL:RECIPES_INCLUDED_INGREDIENT", "@ptr3", "SL:RECIPES_INCLUDED_INGREDIENT]", "IN:GET_INFO_RECIPES]"], "predicted_tokens": ["[IN:GET_INFO_RECIPES", "[SL:RECIPES_COOKING_METHOD", "@ptr3", "SL:RECIPES_COOKING_METHOD]", "IN:GET_INFO_RECIPES]"]}
{"loss": 1.4391943216323853, "class_log_probabilities": [-0.46406134963035583, -3.7074670791625977, -6.60712194442749, -6.795459747314453], "predictions": [51, 52, 398, 53, 54, 4, 4], "target_tokens": ["[IN:GET_RECIPES", "[SL:RECIPES_DISH", "@ptr2", "SL:RECIPES_DISH]", "IN:GET_RECIPES]"], "predicted_tokens": ["[IN:GET_RECIPES", "[SL:RECIPES_DISH", "@ptr3", "SL:RECIPES_DISH]", "IN:GET_RECIPES]"]}
{"loss": 0.992384135723114, "class_log_probabilities": [-1.0593758821487427, -2.3025569915771484, -4.8957743644714355, -5.189509868621826], "predictions": [51, 52, 397, 398, 399, 53, 54, 4], "target_tokens": ["[IN:GET_RECIPES", "[SL:RECIPES_DISH", "@ptr2", "@ptr3", "@ptr4", "SL:RECIPES_DISH]", "IN:GET_RECIPES]"], "predicted_tokens": ["[IN:GET_RECIPES", "[SL:RECIPES_DISH", "@ptr2", "@ptr3", "@ptr4", "SL:RECIPES_DISH]", "IN:GET_RECIPES]"]}
{"loss": 2.0259337425231934, "class_log_probabilities": [-3.151074171066284, -3.393446207046509, -3.7544054985046387, -3.791994094848633], "predictions": [51, 129, 400, 401, 402, 403, 404, 130, 129, 406, 130, 54, 4], "target_tokens": ["[IN:GET_RECIPES", "[SL:RECIPES_INCLUDED_INGREDIENT", "@ptr5", "SL:RECIPES_INCLUDED_INGREDIENT]", "[SL:RECIPES_INCLUDED_INGREDIENT", "@ptr6", "@ptr7", "SL:RECIPES_INCLUDED_INGREDIENT]", "[SL:RECIPES_INCLUDED_INGREDIENT", "@ptr9", "@ptr10", "SL:RECIPES_INCLUDED_INGREDIENT]", "IN:GET_RECIPES]"], "predicted_tokens": ["[IN:GET_RECIPES", "[SL:RECIPES_INCLUDED_INGREDIENT", "@ptr5", "@ptr6", "@ptr7", "@ptr8", "@ptr9", "SL:RECIPES_INCLUDED_INGREDIENT]", "[SL:RECIPES_INCLUDED_INGREDIENT", "@ptr11", "SL:RECIPES_INCLUDED_INGREDIENT]", "IN:GET_RECIPES]"]}
{"loss": 0.9642753601074219, "class_log_probabilities": [-0.4787163734436035, -6.40398645401001, -7.071520805358887, -7.700249671936035], "predictions": [51, 52, 398, 399, 400, 53, 54, 4, 4], "target_tokens": ["[IN:GET_RECIPES", "[SL:RECIPES_DISH", "@ptr3", "@ptr4", "@ptr5", "SL:RECIPES_DISH]", "IN:GET_RECIPES]"], "predicted_tokens": ["[IN:GET_RECIPES", "[SL:RECIPES_DISH", "@ptr3", "@ptr4", "@ptr5", "SL:RECIPES_DISH]", "IN:GET_RECIPES]"]}
{"loss": 4.149087429046631, "class_log_probabilities": [-0.834959864616394, -3.2172555923461914, -4.5064167976379395, -4.856657028198242], "predictions": [51, 52, 398, 399, 400, 53, 54, 4, 4], "target_tokens": ["[IN:GET_RECIPES", "[SL:RECIPES_TYPE", "@ptr4", "SL:RECIPES_TYPE]", "[SL:RECIPES_DISH", "@ptr2", "@ptr3", "SL:RECIPES_DISH]", "IN:GET_RECIPES]"], "predicted_tokens": ["[IN:GET_RECIPES", "[SL:RECIPES_DISH", "@ptr3", "@ptr4", "@ptr5", "SL:RECIPES_DISH]", "IN:GET_RECIPES]"]}
{"loss": 4.110927104949951, "class_log_probabilities": [-2.776757001876831, -3.0626747608184814, -3.257488489151001, -4.570671081542969], "predictions": [165, 129, 402, 403, 130, 129, 406, 130, 166, 4, 4, 4, 4, 4], "target_tokens": ["[IN:IS_TRUE_RECIPES", "[SL:RECIPES_INCLUDED_INGREDIENT", "@ptr6", "@ptr7", "SL:RECIPES_INCLUDED_INGREDIENT]", "[SL:RECIPES_INCLUDED_INGREDIENT", "@ptr9", "@ptr10", "SL:RECIPES_INCLUDED_INGREDIENT]", "[SL:METHOD_RECIPES", "@ptr0", "@ptr3", "SL:METHOD_RECIPES]", "IN:IS_TRUE_RECIPES]"], "predicted_tokens": ["[IN:IS_TRUE_RECIPES", "[SL:RECIPES_INCLUDED_INGREDIENT", "@ptr7", "@ptr8", "SL:RECIPES_INCLUDED_INGREDIENT]", "[SL:RECIPES_INCLUDED_INGREDIENT", "@ptr11", "SL:RECIPES_INCLUDED_INGREDIENT]", "IN:IS_TRUE_RECIPES]"]}
{"loss": 2.4734272956848145, "class_log_probabilities": [-1.0029093027114868, -3.4334375858306885, -4.277515888214111, -7.276580333709717], "predictions": [165, 129, 396, 397, 130, 52, 400, 401, 53, 166, 4, 4], "target_tokens": ["[IN:IS_TRUE_RECIPES", "[SL:RECIPES_INCLUDED_INGREDIENT", "@ptr1", "@ptr2", "SL:RECIPES_INCLUDED_INGREDIENT]", "[SL:RECIPES_DISH", "@ptr4", "@ptr5", "SL:RECIPES_DISH]", "IN:IS_TRUE_RECIPES]"], "predicted_tokens": ["[IN:IS_TRUE_RECIPES", "[SL:RECIPES_INCLUDED_INGREDIENT", "@ptr1", "@ptr2", "SL:RECIPES_INCLUDED_INGREDIENT]", "[SL:RECIPES_DISH", "@ptr5", "@ptr6", "SL:RECIPES_DISH]", "IN:IS_TRUE_RECIPES]"]}
{"loss": 1.5974324941635132, "class_log_probabilities": [-0.6809216737747192, -3.224304437637329, -5.286280632019043, -5.315151214599609], "predictions": [51, 113, 401, 402, 403, 114, 54, 4], "target_tokens": ["[IN:GET_RECIPES", "[SL:RECIPES_COOKING_METHOD", "@ptr6", "@ptr7", "SL:RECIPES_COOKING_METHOD]", "IN:GET_RECIPES]"], "predicted_tokens": ["[IN:GET_RECIPES", "[SL:RECIPES_COOKING_METHOD", "@ptr6", "@ptr7", "@ptr8", "SL:RECIPES_COOKING_METHOD]", "IN:GET_RECIPES]"]}
{"loss": 2.008558511734009, "class_log_probabilities": [-0.7091323137283325, -5.271625995635986, -5.456724166870117, -6.046034336090088], "predictions": [51, 52, 398, 399, 400, 401, 402, 53, 54, 4, 4], "target_tokens": ["[IN:GET_RECIPES", "[SL:RECIPES_DISH", "@ptr2", "@ptr3", "@ptr4", "@ptr5", "SL:RECIPES_DISH]", "IN:GET_RECIPES]"], "predicted_tokens": ["[IN:GET_RECIPES", "[SL:RECIPES_DISH", "@ptr3", "@ptr4", "@ptr5", "@ptr6", "@ptr7", "SL:RECIPES_DISH]", "IN:GET_RECIPES]"]}
{"loss": 3.155860185623169, "class_log_probabilities": [-2.038651466369629, -2.42055344581604, -2.9700355529785156, -4.1209235191345215], "predictions": [27, 52, 407, 53, 30, 4, 4, 4, 4], "target_tokens": ["[IN:GET_INFO_RECIPES", "[SL:RECIPES_ATTRIBUTE", "@ptr3", "@ptr4", "SL:RECIPES_ATTRIBUTE]", "[SL:RECIPES_DISH", "@ptr10", "@ptr11", "SL:RECIPES_DISH]", "IN:GET_INFO_RECIPES]"], "predicted_tokens": ["[IN:GET_INFO_RECIPES", "[SL:RECIPES_DISH", "@ptr12", "SL:RECIPES_DISH]", "IN:GET_INFO_RECIPES]"]}
{"loss": 1.7776503562927246, "class_log_probabilities": [-2.30985689163208, -5.277449131011963, -5.6323747634887695, -6.182613849639893], "predictions": [89, 90, 395, 91, 14, 399, 400, 401, 15, 92, 4], "target_tokens": ["[IN:GET_INFO_RECIPES", "[SL:RECIPES_ATTRIBUTE", "@ptr0", "SL:RECIPES_ATTRIBUTE]", "[SL:RECIPES_DISH", "@ptr4", "@ptr5", "@ptr6", "SL:RECIPES_DISH]", "IN:GET_INFO_RECIPES]"], "predicted_tokens": ["[IN:CREATE_TIMER", "[SL:METHOD_TIMER", "@ptr0", "SL:METHOD_TIMER]", "[SL:LOCATION", "@ptr4", "@ptr5", "@ptr6", "SL:LOCATION]", "IN:CREATE_TIMER]"]}
{"loss": 1.167311668395996, "class_log_probabilities": [-2.371110439300537, -2.498222827911377, -2.6026439666748047, -2.8023431301116943], "predictions": [51, 52, 395, 396, 397, 53, 54, 4], "target_tokens": ["[IN:GET_RECIPES", "[SL:RECIPES_DISH", "@ptr0", "@ptr1", "SL:RECIPES_DISH]", "IN:GET_RECIPES]"], "predicted_tokens": ["[IN:GET_RECIPES", "[SL:RECIPES_DISH", "@ptr0", "@ptr1", "@ptr2", "SL:RECIPES_DISH]", "IN:GET_RECIPES]"]}
{"loss": 0.975941002368927, "class_log_probabilities": [-0.7841532826423645, -3.6641294956207275, -4.06862211227417, -4.357428550720215], "predictions": [51, 52, 397, 398, 53, 54, 4], "target_tokens": ["[IN:GET_RECIPES", "[SL:RECIPES_DISH", "@ptr2", "@ptr3", "SL:RECIPES_DISH]", "IN:GET_RECIPES]"], "predicted_tokens": ["[IN:GET_RECIPES", "[SL:RECIPES_DISH", "@ptr2", "@ptr3", "SL:RECIPES_DISH]", "IN:GET_RECIPES]"]}
{"loss": 0.9621517658233643, "class_log_probabilities": [-0.4884832501411438, -6.0645599365234375, -7.713609218597412, -7.75747013092041], "predictions": [51, 52, 396, 397, 398, 53, 54, 4, 4], "target_tokens": ["[IN:GET_RECIPES", "[SL:RECIPES_DISH", "@ptr1", "@ptr2", "@ptr3", "SL:RECIPES_DISH]", "IN:GET_RECIPES]"], "predicted_tokens": ["[IN:GET_RECIPES", "[SL:RECIPES_DISH", "@ptr1", "@ptr2", "@ptr3", "SL:RECIPES_DISH]", "IN:GET_RECIPES]"]}
{"loss": 5.011970043182373, "class_log_probabilities": [-4.201294898986816, -5.659554958343506, -5.7520527839660645, -8.010066986083984], "predictions": [23, 10, 397, 11, 24, 400, 401, 402, 403, 404, 405, 406, 25, 26, 4, 4, 4, 4], "target_tokens": ["[IN:GET_RECIPES", "[SL:RECIPES_TYPE", "@ptr7", "@ptr8", "@ptr9", "SL:RECIPES_TYPE]", "[SL:RECIPES_MEAL", "@ptr4", "@ptr5", "SL:RECIPES_MEAL]", "IN:GET_RECIPES]"], "predicted_tokens": ["[IN:SEND_MESSAGE", "[SL:RECIPIENT", "@ptr2", "SL:RECIPIENT]", "[SL:CONTENT_EXACT", "@ptr5", "@ptr6", "@ptr7", "@ptr8", "@ptr9", "@ptr10", "@ptr11", "SL:CONTENT_EXACT]", "IN:SEND_MESSAGE]"]}
{"loss": 3.350818395614624, "class_log_probabilities": [-1.4570908546447754, -2.9639055728912354, -4.043098449707031, -4.34468936920166], "predictions": [27, 289, 397, 290, 30, 4, 4, 4, 4], "target_tokens": ["[IN:GET_INFO_RECIPES", "[SL:RECIPES_RATING", "@ptr2", "@ptr3", "SL:RECIPES_RATING]", "[SL:RECIPES_DISH", "@ptr8", "@ptr9", "SL:RECIPES_DISH]", "IN:GET_INFO_RECIPES]"], "predicted_tokens": ["[IN:GET_INFO_RECIPES", "[SL:RECIPES_RATING", "@ptr2", "SL:RECIPES_RATING]", "IN:GET_INFO_RECIPES]"]}
{"loss": 1.0806457996368408, "class_log_probabilities": [-1.0592738389968872, -1.9549427032470703, -3.4506967067718506, -4.328798294067383], "predictions": [27, 129, 396, 130, 52, 402, 53, 30, 4, 4], "target_tokens": ["[IN:GET_INFO_RECIPES", "[SL:RECIPES_INCLUDED_INGREDIENT", "@ptr1", "SL:RECIPES_INCLUDED_INGREDIENT]", "[SL:RECIPES_DISH", "@ptr7", "@ptr8", "SL:RECIPES_DISH]", "IN:GET_INFO_RECIPES]"], "predicted_tokens": ["[IN:GET_INFO_RECIPES", "[SL:RECIPES_INCLUDED_INGREDIENT", "@ptr1", "SL:RECIPES_INCLUDED_INGREDIENT]", "[SL:RECIPES_DISH", "@ptr7", "SL:RECIPES_DISH]", "IN:GET_INFO_RECIPES]"]}
{"loss": 1.4907617568969727, "class_log_probabilities": [-0.949959397315979, -4.268073081970215, -5.957558631896973, -6.217106342315674], "predictions": [51, 52, 398, 399, 400, 401, 402, 403, 53, 54, 4], "target_tokens": ["[IN:GET_RECIPES", "[SL:RECIPES_DISH", "@ptr3", "@ptr4", "@ptr5", "@ptr6", "@ptr7", "SL:RECIPES_DISH]", "IN:GET_RECIPES]"], "predicted_tokens": ["[IN:GET_RECIPES", "[SL:RECIPES_DISH", "@ptr3", "@ptr4", "@ptr5", "@ptr6", "@ptr7", "@ptr8", "SL:RECIPES_DISH]", "IN:GET_RECIPES]"]}
{"loss": 2.772125244140625, "class_log_probabilities": [-1.0319647789001465, -3.2905101776123047, -3.41249418258667, -5.705908298492432], "predictions": [51, 52, 398, 399, 53, 54, 4, 4], "target_tokens": ["[IN:GET_RECIPES", "[SL:RECIPES_TYPE", "@ptr3", "SL:RECIPES_TYPE]", "IN:GET_RECIPES]"], "predicted_tokens": ["[IN:GET_RECIPES", "[SL:RECIPES_DISH", "@ptr3", "@ptr4", "SL:RECIPES_DISH]", "IN:GET_RECIPES]"]}
{"loss": 3.0687880516052246, "class_log_probabilities": [-1.9476404190063477, -3.126901388168335, -3.1432178020477295, -3.8361940383911133], "predictions": [27, 52, 405, 53, 30, 4, 4], "target_tokens": ["[IN:GET_INFO_RECIPES", "[SL:RECIPES_DISH", "@ptr9", "@ptr10", "SL:RECIPES_DISH]", "IN:GET_INFO_RECIPES]"], "predicted_tokens": ["[IN:GET_INFO_RECIPES", "[SL:RECIPES_DISH", "@ptr10", "SL:RECIPES_DISH]", "IN:GET_INFO_RECIPES]"]}
{"loss": 0.9635595679283142, "class_log_probabilities": [-0.416202187538147, -7.000791072845459, -7.313932418823242, -7.581090927124023], "predictions": [51, 52, 396, 397, 53, 54, 4], "target_tokens": ["[IN:GET_RECIPES", "[SL:RECIPES_DISH", "@ptr1", "@ptr2", "SL:RECIPES_DISH]", "IN:GET_RECIPES]"], "predicted_tokens": ["[IN:GET_RECIPES", "[SL:RECIPES_DISH", "@ptr1", "@ptr2", "SL:RECIPES_DISH]", "IN:GET_RECIPES]"]}
{"loss": 1.4642435312271118, "class_log_probabilities": [-0.7648463845252991, -3.8875436782836914, -6.305281639099121, -6.864624500274658], "predictions": [23, 10, 396, 11, 24, 398, 399, 400, 401, 402, 403, 25, 26, 4, 4], "target_tokens": ["[IN:SEND_MESSAGE", "[SL:RECIPIENT", "@ptr1", "SL:RECIPIENT]", "[SL:CONTENT_EXACT", "@ptr3", "@ptr4", "@ptr5", "@ptr6", "@ptr7", "SL:CONTENT_EXACT]", "IN:SEND_MESSAGE]"], "predicted_tokens": ["[IN:SEND_MESSAGE", "[SL:RECIPIENT", "@ptr1", "SL:RECIPIENT]", "[SL:CONTENT_EXACT", "@ptr3", "@ptr4", "@ptr5", "@ptr6", "@ptr7", "@ptr8", "SL:CONTENT_EXACT]", "IN:SEND_MESSAGE]"]}
{"loss": 2.5639634132385254, "class_log_probabilities": [-2.1548147201538086, -2.4536654949188232, -3.829941749572754, -4.817421913146973], "predictions": [47, 36, 401, 402, 403, 37, 48, 4, 4, 4, 4, 4], "target_tokens": ["[IN:GET_REMINDER", "[SL:TODO", "@ptr11", "@ptr12", "SL:TODO]", "IN:GET_REMINDER]"], "predicted_tokens": ["[IN:GET_REMINDER", "[SL:TODO", "@ptr6", "@ptr7", "@ptr8", "SL:TODO]", "IN:GET_REMINDER]"]}
{"loss": 1.866342306137085, "class_log_probabilities": [-1.2004196643829346, -2.974835157394409, -4.731492042541504, -5.083613395690918], "predictions": [61, 14, 396, 397, 398, 399, 15, 62, 4, 4], "target_tokens": ["[IN:GET_EVENT", "[SL:LOCATION", "@ptr1", "@ptr2", "@ptr3", "SL:LOCATION]", "IN:GET_EVENT]"], "predicted_tokens": ["[IN:GET_EVENT", "[SL:LOCATION", "@ptr1", "@ptr2", "@ptr3", "@ptr4", "SL:LOCATION]", "IN:GET_EVENT]"]}
{"loss": 3.5167763233184814, "class_log_probabilities": [-2.103684186935425, -3.7959396839141846, -4.127594947814941, -4.6905012130737305], "predictions": [193, 6, 395, 7, 138, 399, 400, 139, 196, 4], "target_tokens": ["[IN:GET_EMPLOYER", "[SL:CONTACT", "@ptr0", "SL:CONTACT]", "[SL:EMPLOYER", "@ptr3", "SL:EMPLOYER]", "[SL:DATE_TIME", "@ptr5", "SL:DATE_TIME]", "IN:GET_EMPLOYER]"], "predicted_tokens": ["[IN:GET_EMPLOYMENT_TIME", "[SL:CONTACT", "@ptr0", "SL:CONTACT]", "[SL:EMPLOYER", "@ptr4", "@ptr5", "SL:EMPLOYER]", "IN:GET_EMPLOYMENT_TIME]"]}
{"loss": 3.215291976928711, "class_log_probabilities": [-2.174760580062866, -3.1882095336914062, -4.1879143714904785, -4.641578197479248], "predictions": [295, 6, 412, 7, 296, 4, 4, 4, 4, 4], "target_tokens": ["[IN:GET_EDUCATION_TIME", "[SL:CONTACT", "@ptr0", "SL:CONTACT]", "[SL:SCHOOL", "@ptr4", "@ptr5", "SL:SCHOOL]", "IN:GET_EDUCATION_TIME]"], "predicted_tokens": ["[IN:GET_DATE_TIME_EVENT", "[SL:CONTACT", "@ptr17", "SL:CONTACT]", "IN:GET_DATE_TIME_EVENT]"]}
{"loss": 3.050304412841797, "class_log_probabilities": [-1.5355486869812012, -3.005727767944336, -3.2399654388427734, -4.439158916473389], "predictions": [39, 40, 396, 41, 56, 404, 406, 57, 42, 4, 4], "target_tokens": ["[IN:GET_STORIES_NEWS", "[SL:NEWS_TYPE", "@ptr1", "SL:NEWS_TYPE]", "[SL:NEWS_TOPIC", "@ptr7", "@ptr8", "@ptr9", "SL:NEWS_TOPIC]", "IN:GET_STORIES_NEWS]"], "predicted_tokens": ["[IN:GET_STORIES_NEWS", "[SL:NEWS_TYPE", "@ptr1", "SL:NEWS_TYPE]", "[SL:NEWS_TOPIC", "@ptr9", "@ptr11", "SL:NEWS_TOPIC]", "IN:GET_STORIES_NEWS]"]}
{"loss": 1.9862483739852905, "class_log_probabilities": [-3.183265209197998, -3.6658711433410645, -3.6928164958953857, -4.123002529144287], "predictions": [63, 64, 396, 65, 68, 4, 4, 4, 4, 4], "target_tokens": ["[IN:PLAY_MUSIC", "[SL:MUSIC_GENRE", "@ptr2", "@ptr3", "SL:MUSIC_GENRE]", "[SL:MUSIC_TYPE", "@ptr1", "SL:MUSIC_TYPE]", "IN:PLAY_MUSIC]"], "predicted_tokens": ["[IN:PLAY_MUSIC", "[SL:MUSIC_TYPE", "@ptr1", "SL:MUSIC_TYPE]", "IN:PLAY_MUSIC]"]}
{"loss": 2.1624577045440674, "class_log_probabilities": [-3.1919968128204346, -3.4930882453918457, -3.6664745807647705, -3.7180073261260986], "predictions": [63, 64, 396, 65, 103, 400, 104, 68, 4, 4, 4, 4], "target_tokens": ["[IN:PLAY_MUSIC", "[SL:MUSIC_GENRE", "@ptr2", "SL:MUSIC_GENRE]", "[SL:MUSIC_TYPE", "@ptr1", "SL:MUSIC_TYPE]", "[SL:MUSIC_PROVIDER_NAME", "@ptr4", "SL:MUSIC_PROVIDER_NAME]", "IN:PLAY_MUSIC]"], "predicted_tokens": ["[IN:PLAY_MUSIC", "[SL:MUSIC_TYPE", "@ptr1", "SL:MUSIC_TYPE]", "[SL:MUSIC_PROVIDER_NAME", "@ptr5", "SL:MUSIC_PROVIDER_NAME]", "IN:PLAY_MUSIC]"]}
{"loss": 0.964594304561615, "class_log_probabilities": [-0.5548557043075562, -6.25552225112915, -6.368566989898682, -6.713135242462158], "predictions": [51, 52, 398, 399, 400, 401, 53, 54, 4, 4], "target_tokens": ["[IN:GET_RECIPES", "[SL:RECIPES_DISH", "@ptr3", "@ptr4", "@ptr5", "@ptr6", "SL:RECIPES_DISH]", "IN:GET_RECIPES]"], "predicted_tokens": ["[IN:GET_RECIPES", "[SL:RECIPES_DISH", "@ptr3", "@ptr4", "@ptr5", "@ptr6", "SL:RECIPES_DISH]", "IN:GET_RECIPES]"]}
{"loss": 2.1946914196014404, "class_log_probabilities": [-2.8939356803894043, -4.645866394042969, -4.8544440269470215, -10.973922729492188], "predictions": [61, 16, 401, 402, 403, 404, 17, 14, 405, 406, 15, 62, 4, 4, 4, 4, 4, 4, 4], "target_tokens": ["[IN:GET_EVENT", "[SL:CATEGORY_EVENT", "@ptr5", "SL:CATEGORY_EVENT]", "[SL:DATE_TIME", "@ptr6", "@ptr7", "@ptr8", "SL:DATE_TIME]", "[SL:LOCATION", "@ptr10", "@ptr11", "SL:LOCATION]", "IN:GET_EVENT]"], "predicted_tokens": ["[IN:GET_EVENT", "[SL:DATE_TIME", "@ptr6", "@ptr7", "@ptr8", "@ptr9", "SL:DATE_TIME]", "[SL:LOCATION", "@ptr10", "@ptr11", "SL:LOCATION]", "IN:GET_EVENT]"]}
{"loss": 1.7332152128219604, "class_log_probabilities": [-68.08039855957031, -68.38684844970703, -68.38874053955078, -68.52095031738281], "predictions": [23, 10, 398, 399, 11, 24, 402, 403, 404, 405, 406, 407, 408, 409, 411, 412, 413, 414, 415, 416, 408, 410, 412, 413, 414, 415, 416, 408, 410, 412, 413, 414, 415, 416, 408, 410, 412, 413, 414, 415, 416, 408, 410, 412, 413, 414, 415, 416, 408, 410, 412, 413, 414, 415, 416, 408, 410, 412, 413, 414, 415, 416, 408, 410, 412, 413, 414, 415, 416, 408, 410, 412, 413, 414, 415, 416, 408, 410, 412, 413, 414, 415, 416, 408, 410, 412, 413, 414, 415, 416, 408, 410, 412, 413, 414, 415, 416, 408, 410, 412], "target_tokens": ["[IN:SEND_MESSAGE", "[SL:RECIPIENT", "@ptr2", "@ptr3", "@ptr4", "SL:RECIPIENT]", "[SL:CONTENT_EXACT", "@ptr7", "@ptr8", "@ptr9", "@ptr10", "@ptr11", "@ptr12", "@ptr13", "@ptr14", "@ptr15", "@ptr16", "@ptr17", "@ptr18", "@ptr19", "@ptr20", "@ptr21", "@ptr22", "@ptr23", "@ptr24", "SL:CONTENT_EXACT]", "IN:SEND_MESSAGE]"], "predicted_tokens": ["[IN:SEND_MESSAGE", "[SL:RECIPIENT", "@ptr3", "@ptr4", "SL:RECIPIENT]", "[SL:CONTENT_EXACT", "@ptr7", "@ptr8", "@ptr9", "@ptr10", "@ptr11", "@ptr12", "@ptr13", "@ptr14", "@ptr16", "@ptr17", "@ptr18", "@ptr19", "@ptr20", "@ptr21", "@ptr13", "@ptr15", "@ptr17", "@ptr18", "@ptr19", "@ptr20", "@ptr21", "@ptr13", "@ptr15", "@ptr17", "@ptr18", "@ptr19", "@ptr20", "@ptr21", "@ptr13", "@ptr15", "@ptr17", "@ptr18", "@ptr19", "@ptr20", "@ptr21", "@ptr13", "@ptr15", "@ptr17", "@ptr18", "@ptr19", "@ptr20", "@ptr21", "@ptr13", "@ptr15", "@ptr17", "@ptr18", "@ptr19", "@ptr20", "@ptr21", "@ptr13", "@ptr15", "@ptr17", "@ptr18", "@ptr19", "@ptr20", "@ptr21", "@ptr13", "@ptr15", "@ptr17", "@ptr18", "@ptr19", "@ptr20", "@ptr21", "@ptr13", "@ptr15", "@ptr17", "@ptr18", "@ptr19", "@ptr20", "@ptr21", "@ptr13", "@ptr15", "@ptr17", "@ptr18", "@ptr19", "@ptr20", "@ptr21", "@ptr13", "@ptr15", "@ptr17", "@ptr18", "@ptr19", "@ptr20", "@ptr21", "@ptr13", "@ptr15", "@ptr17", "@ptr18", "@ptr19", "@ptr20", "@ptr21", "@ptr13", "@ptr15", "@ptr17"]}
{"loss": 3.1482529640197754, "class_log_probabilities": [-1.6728211641311646, -2.233583688735962, -2.5567049980163574, -3.056138515472412], "predictions": [70, 71, 395, 72, 93, 397, 94, 257, 401, 258, 73, 4], "target_tokens": ["[IN:GET_CONTACT", "[SL:CONTACT_RELATED", "@ptr1", "@ptr2", "SL:CONTACT_RELATED]", "[SL:TYPE_RELATION", "@ptr0", "SL:TYPE_RELATION]", "[SL:SCHOOL", "@ptr5", "SL:SCHOOL]", "IN:GET_CONTACT]"], "predicted_tokens": ["[IN:GET_CONTACT", "[SL:TYPE_RELATION", "@ptr0", "SL:TYPE_RELATION]", "[SL:CONTACT_RELATED", "@ptr2", "SL:CONTACT_RELATED]", "[SL:SCHOOL", "@ptr6", "SL:SCHOOL]", "IN:GET_CONTACT]"]}
{"loss": 1.6091479063034058, "class_log_probabilities": [-0.7056058049201965, -6.459984302520752, -6.527779579162598, -6.616910934448242], "predictions": [55, 56, 395, 396, 397, 398, 399, 400, 401, 57, 58, 4, 4], "target_tokens": ["[IN:QUESTION_NEWS", "[SL:NEWS_TOPIC", "@ptr0", "@ptr1", "@ptr2", "@ptr3", "SL:NEWS_TOPIC]", "IN:QUESTION_NEWS]"], "predicted_tokens": ["[IN:QUESTION_NEWS", "[SL:NEWS_TOPIC", "@ptr0", "@ptr1", "@ptr2", "@ptr3", "@ptr4", "@ptr5", "@ptr6", "SL:NEWS_TOPIC]", "IN:QUESTION_NEWS]"]}
{"loss": 2.7423527240753174, "class_log_probabilities": [-2.7753450870513916, -3.5048933029174805, -3.714444637298584, -3.925414562225342], "predictions": [89, 90, 400, 91, 16, 405, 407, 17, 92, 4], "target_tokens": ["[IN:CREATE_TIMER", "[SL:METHOD_TIMER", "@ptr3", "@ptr4", "SL:METHOD_TIMER]", "[SL:DATE_TIME", "@ptr8", "@ptr9", "SL:DATE_TIME]", "IN:CREATE_TIMER]"], "predicted_tokens": ["[IN:CREATE_TIMER", "[SL:METHOD_TIMER", "@ptr5", "SL:METHOD_TIMER]", "[SL:DATE_TIME", "@ptr10", "@ptr12", "SL:DATE_TIME]", "IN:CREATE_TIMER]"]}
{"loss": 3.629554271697998, "class_log_probabilities": [-1.197393774986267, -3.6796016693115234, -4.050795078277588, -4.1740264892578125], "predictions": [23, 10, 399, 400, 401, 402, 11, 26, 4, 4, 4, 4], "target_tokens": ["[IN:GET_MESSAGE", "[SL:SENDER", "[IN:GET_CONTACT", "[SL:TYPE_RELATION", "@ptr3", "SL:TYPE_RELATION]", "[SL:CONTACT", "@ptr4", "@ptr5", "@ptr6", "SL:CONTACT]", "IN:GET_CONTACT]", "SL:SENDER]", "IN:GET_MESSAGE]"], "predicted_tokens": ["[IN:SEND_MESSAGE", "[SL:RECIPIENT", "@ptr4", "@ptr5", "@ptr6", "@ptr7", "SL:RECIPIENT]", "IN:SEND_MESSAGE]"]}
{"loss": 1.2101895809173584, "class_log_probabilities": [-2.6942813396453857, -3.169208288192749, -3.477108955383301, -3.7523269653320312], "predictions": [23, 10, 399, 11, 26, 4, 4, 4, 4], "target_tokens": ["[IN:SEND_MESSAGE", "[SL:TYPE_CONTENT", "@ptr2", "SL:TYPE_CONTENT]", "[SL:RECIPIENT", "@ptr4", "SL:RECIPIENT]", "IN:SEND_MESSAGE]"], "predicted_tokens": ["[IN:SEND_MESSAGE", "[SL:RECIPIENT", "@ptr4", "SL:RECIPIENT]", "IN:SEND_MESSAGE]"]}
{"loss": 2.5635218620300293, "class_log_probabilities": [-1.544457197189331, -3.455009937286377, -3.8465280532836914, -4.358680248260498], "predictions": [49, 16, 401, 402, 403, 404, 405, 406, 17, 50, 4, 4, 4, 4], "target_tokens": ["[IN:CREATE_ALARM", "[SL:DATE_TIME", "@ptr5", "@ptr6", "@ptr7", "@ptr8", "@ptr9", "SL:DATE_TIME]", "IN:CREATE_ALARM]"], "predicted_tokens": ["[IN:CREATE_REMINDER", "[SL:DATE_TIME", "@ptr6", "@ptr7", "@ptr8", "@ptr9", "@ptr10", "@ptr11", "SL:DATE_TIME]", "IN:CREATE_REMINDER]"]}
{"loss": 1.7233476638793945, "class_log_probabilities": [-1.977735161781311, -2.6696295738220215, -2.7562174797058105, -3.549065113067627], "predictions": [23, 10, 398, 399, 400, 11, 24, 403, 25, 26, 4, 4, 4], "target_tokens": ["[IN:SEND_MESSAGE", "[SL:RECIPIENT", "@ptr3", "@ptr4", "@ptr5", "SL:RECIPIENT]", "[SL:CONTENT_EXACT", "@ptr7", "@ptr8", "SL:CONTENT_EXACT]", "IN:SEND_MESSAGE]"], "predicted_tokens": ["[IN:SEND_MESSAGE", "[SL:RECIPIENT", "@ptr3", "@ptr4", "@ptr5", "SL:RECIPIENT]", "[SL:CONTENT_EXACT", "@ptr8", "SL:CONTENT_EXACT]", "IN:SEND_MESSAGE]"]}
{"loss": 1.964343786239624, "class_log_probabilities": [-1.2270429134368896, -2.782628297805786, -3.9016783237457275, -4.338724613189697], "predictions": [23, 10, 398, 11, 24, 401, 402, 403, 404, 405, 406, 407, 408, 25, 26, 4, 4, 4], "target_tokens": ["[IN:SEND_MESSAGE", "[SL:RECIPIENT", "@ptr3", "SL:RECIPIENT]", "[SL:CONTENT_EXACT", "@ptr5", "@ptr6", "@ptr7", "@ptr8", "@ptr9", "@ptr10", "@ptr11", "SL:CONTENT_EXACT]", "IN:SEND_MESSAGE]"], "predicted_tokens": ["[IN:SEND_MESSAGE", "[SL:RECIPIENT", "@ptr3", "SL:RECIPIENT]", "[SL:CONTENT_EXACT", "@ptr6", "@ptr7", "@ptr8", "@ptr9", "@ptr10", "@ptr11", "@ptr12", "@ptr13", "SL:CONTENT_EXACT]", "IN:SEND_MESSAGE]"]}
{"loss": 2.698761463165283, "class_log_probabilities": [-1.9629930257797241, -4.379863262176514, -4.879819393157959, -5.177033424377441], "predictions": [33, 36, 397, 398, 399, 400, 401, 402, 403, 37, 16, 404, 405, 406, 17, 38, 4, 4], "target_tokens": ["[IN:DELETE_REMINDER", "[SL:TODO", "@ptr3", "@ptr4", "@ptr5", "@ptr6", "SL:TODO]", "[SL:DATE_TIME", "@ptr7", "@ptr8", "SL:DATE_TIME]", "IN:DELETE_REMINDER]"], "predicted_tokens": ["[IN:DELETE_REMINDER", "[SL:TODO", "@ptr2", "@ptr3", "@ptr4", "@ptr5", "@ptr6", "@ptr7", "@ptr8", "SL:TODO]", "[SL:DATE_TIME", "@ptr9", "@ptr10", "@ptr11", "SL:DATE_TIME]", "IN:DELETE_REMINDER]"]}
{"loss": 4.418036937713623, "class_log_probabilities": [-2.216498851776123, -3.415884017944336, -3.7068779468536377, -4.479405403137207], "predictions": [61, 16, 396, 17, 14, 402, 403, 404, 405, 15, 62, 4], "target_tokens": ["[IN:GET_EVENT", "[SL:LOCATION", "@ptr6", "@ptr7", "@ptr8", "SL:LOCATION]", "[SL:DATE_TIME", "@ptr0", "SL:DATE_TIME]", "IN:GET_EVENT]"], "predicted_tokens": ["[IN:GET_EVENT", "[SL:DATE_TIME", "@ptr1", "SL:DATE_TIME]", "[SL:LOCATION", "@ptr7", "@ptr8", "@ptr9", "@ptr10", "SL:LOCATION]", "IN:GET_EVENT]"]}
{"loss": 0.9676396250724792, "class_log_probabilities": [-0.33883997797966003, -7.51093864440918, -7.659574031829834, -8.517857551574707], "predictions": [211, 6, 395, 7, 212, 4, 4, 4], "target_tokens": ["[IN:GET_LOCATION", "[SL:CONTACT", "@ptr0", "SL:CONTACT]", "IN:GET_LOCATION]"], "predicted_tokens": ["[IN:GET_LOCATION", "[SL:CONTACT", "@ptr0", "SL:CONTACT]", "IN:GET_LOCATION]"]}
{"loss": 3.3889832496643066, "class_log_probabilities": [-0.9248765707015991, -2.956757068634033, -4.639011859893799, -5.015644550323486], "predictions": [70, 71, 397, 72, 6, 399, 400, 7, 73, 4], "target_tokens": ["[IN:GET_CONTACT", "[SL:CONTACT_RELATED", "@ptr3", "@ptr4", "SL:CONTACT_RELATED]", "[SL:TYPE_RELATION", "@ptr1", "SL:TYPE_RELATION]", "IN:GET_CONTACT]"], "predicted_tokens": ["[IN:GET_CONTACT", "[SL:TYPE_RELATION", "@ptr2", "SL:TYPE_RELATION]", "[SL:CONTACT", "@ptr4", "@ptr5", "SL:CONTACT]", "IN:GET_CONTACT]"]}
{"loss": 2.0461409091949463, "class_log_probabilities": [-0.7672401070594788, -3.977954626083374, -4.894031047821045, -6.445716381072998], "predictions": [70, 71, 397, 72, 6, 399, 7, 73, 4, 4, 4, 4], "target_tokens": ["[IN:GET_CONTACT", "[SL:TYPE_RELATION", "@ptr1", "SL:TYPE_RELATION]", "[SL:CONTACT_RELATED", "@ptr3", "SL:CONTACT_RELATED]", "IN:GET_CONTACT]"], "predicted_tokens": ["[IN:GET_CONTACT", "[SL:TYPE_RELATION", "@ptr2", "SL:TYPE_RELATION]", "[SL:CONTACT", "@ptr4", "SL:CONTACT]", "IN:GET_CONTACT]"]}
{"loss": 0.9825960397720337, "class_log_probabilities": [-0.8498474359512329, -4.4474687576293945, -5.4759745597839355, -5.895076274871826], "predictions": [70, 71, 395, 72, 93, 397, 398, 399, 94, 73, 4, 4, 4, 4, 4, 4], "target_tokens": ["[IN:GET_CONTACT", "[SL:TYPE_RELATION", "@ptr0", "SL:TYPE_RELATION]", "[SL:CONTACT_RELATED", "@ptr2", "@ptr3", "@ptr4", "SL:CONTACT_RELATED]", "IN:GET_CONTACT]"], "predicted_tokens": ["[IN:GET_CONTACT", "[SL:TYPE_RELATION", "@ptr0", "SL:TYPE_RELATION]", "[SL:CONTACT_RELATED", "@ptr2", "@ptr3", "@ptr4", "SL:CONTACT_RELATED]", "IN:GET_CONTACT]"]}
{"loss": 3.2215585708618164, "class_log_probabilities": [-1.110244870185852, -1.769141674041748, -4.923305511474609, -6.149003028869629], "predictions": [63, 64, 397, 65, 151, 398, 399, 152, 68, 4], "target_tokens": ["[IN:PLAY_MUSIC", "[SL:MUSIC_GENRE", "@ptr3", "SL:MUSIC_GENRE]", "[SL:MUSIC_TYPE", "@ptr2", "SL:MUSIC_TYPE]", "[SL:MUSIC_TYPE", "@ptr1", "SL:MUSIC_TYPE]", "IN:PLAY_MUSIC]"], "predicted_tokens": ["[IN:PLAY_MUSIC", "[SL:MUSIC_TYPE", "@ptr2", "SL:MUSIC_TYPE]", "[SL:MUSIC_GENRE", "@ptr3", "@ptr4", "SL:MUSIC_GENRE]", "IN:PLAY_MUSIC]"]}
{"loss": 2.1876285076141357, "class_log_probabilities": [-2.128690719604492, -2.4564950466156006, -4.250876426696777, -4.867403984069824], "predictions": [39, 40, 396, 41, 16, 397, 17, 56, 399, 400, 57, 42, 4], "target_tokens": ["[IN:GET_STORIES_NEWS", "[SL:DATE_TIME", "@ptr2", "SL:DATE_TIME]", "[SL:NEWS_TOPIC", "@ptr4", "SL:NEWS_TOPIC]", "[SL:NEWS_TYPE", "@ptr1", "SL:NEWS_TYPE]", "IN:GET_STORIES_NEWS]"], "predicted_tokens": ["[IN:GET_STORIES_NEWS", "[SL:NEWS_TYPE", "@ptr1", "SL:NEWS_TYPE]", "[SL:DATE_TIME", "@ptr2", "SL:DATE_TIME]", "[SL:NEWS_TOPIC", "@ptr4", "@ptr5", "SL:NEWS_TOPIC]", "IN:GET_STORIES_NEWS]"]}
{"loss": 1.4537566900253296, "class_log_probabilities": [-1.213769793510437, -2.611159086227417, -4.8554887771606445, -5.005536079406738], "predictions": [63, 103, 396, 104, 66, 401, 67, 68, 4, 4, 4, 4], "target_tokens": ["[IN:PLAY_MUSIC", "[SL:MUSIC_PROVIDER_NAME", "@ptr1", "SL:MUSIC_PROVIDER_NAME]", "[SL:MUSIC_ARTIST_NAME", "@ptr6", "SL:MUSIC_ARTIST_NAME]", "[SL:MUSIC_TYPE", "@ptr4", "SL:MUSIC_TYPE]", "IN:PLAY_MUSIC]"], "predicted_tokens": ["[IN:PLAY_MUSIC", "[SL:MUSIC_PROVIDER_NAME", "@ptr1", "SL:MUSIC_PROVIDER_NAME]", "[SL:MUSIC_ARTIST_NAME", "@ptr6", "SL:MUSIC_ARTIST_NAME]", "IN:PLAY_MUSIC]"]}
{"loss": 3.611285924911499, "class_log_probabilities": [-0.8604556322097778, -4.216334342956543, -5.277767181396484, -5.368481636047363], "predictions": [39, 40, 396, 41, 56, 399, 400, 57, 42, 4], "target_tokens": ["[IN:GET_STORIES_NEWS", "[SL:NEWS_REFERENCE", "@ptr2", "SL:NEWS_REFERENCE]", "[SL:NEWS_TYPE", "@ptr1", "SL:NEWS_TYPE]", "[SL:NEWS_TOPIC", "@ptr3", "@ptr4", "SL:NEWS_TOPIC]", "IN:GET_STORIES_NEWS]"], "predicted_tokens": ["[IN:GET_STORIES_NEWS", "[SL:NEWS_TYPE", "@ptr1", "SL:NEWS_TYPE]", "[SL:NEWS_TOPIC", "@ptr4", "@ptr5", "SL:NEWS_TOPIC]", "IN:GET_STORIES_NEWS]"]}
{"loss": 2.292952537536621, "class_log_probabilities": [-1.0934900045394897, -3.617664098739624, -5.895718574523926, -6.049614429473877], "predictions": [63, 64, 396, 65, 66, 399, 400, 401, 402, 403, 67, 68, 4], "target_tokens": ["[IN:PLAY_MUSIC", "[SL:MUSIC_ARTIST_NAME", "@ptr4", "@ptr5", "@ptr6", "@ptr7", "@ptr8", "SL:MUSIC_ARTIST_NAME]", "[SL:MUSIC_TYPE", "@ptr1", "SL:MUSIC_TYPE]", "IN:PLAY_MUSIC]"], "predicted_tokens": ["[IN:PLAY_MUSIC", "[SL:MUSIC_TYPE", "@ptr1", "SL:MUSIC_TYPE]", "[SL:MUSIC_ARTIST_NAME", "@ptr4", "@ptr5", "@ptr6", "@ptr7", "@ptr8", "SL:MUSIC_ARTIST_NAME]", "IN:PLAY_MUSIC]"]}
{"loss": 1.9598839282989502, "class_log_probabilities": [-1.3274192810058594, -2.272489309310913, -2.3063337802886963, -3.9811229705810547], "predictions": [23, 10, 400, 11, 26, 4], "target_tokens": ["[IN:SEND_MESSAGE", "[SL:TYPE_CONTENT", "@ptr2", "SL:TYPE_CONTENT]", "[SL:RECIPIENT", "@ptr4", "@ptr5", "SL:RECIPIENT]", "IN:SEND_MESSAGE]"], "predicted_tokens": ["[IN:SEND_MESSAGE", "[SL:RECIPIENT", "@ptr5", "SL:RECIPIENT]", "IN:SEND_MESSAGE]"]}
{"loss": 0.9566654562950134, "class_log_probabilities": [-0.5839284062385559, -5.811832904815674, -8.276283264160156, -9.174871444702148], "predictions": [13, 16, 395, 396, 397, 398, 17, 18, 4, 4, 4], "target_tokens": ["[IN:GET_WEATHER", "[SL:DATE_TIME", "@ptr0", "@ptr1", "@ptr2", "@ptr3", "SL:DATE_TIME]", "IN:GET_WEATHER]"], "predicted_tokens": ["[IN:GET_WEATHER", "[SL:DATE_TIME", "@ptr0", "@ptr1", "@ptr2", "@ptr3", "SL:DATE_TIME]", "IN:GET_WEATHER]"]}
{"loss": 3.6593596935272217, "class_log_probabilities": [-0.5638306140899658, -6.139404773712158, -6.540253162384033, -6.656829357147217], "predictions": [137, 6, 397, 7, 138, 401, 402, 139, 140, 4], "target_tokens": ["[IN:GET_EMPLOYER", "[SL:CONTACT", "@ptr1", "SL:CONTACT]", "[SL:EMPLOYER", "@ptr4", "@ptr5", "SL:EMPLOYER]", "IN:GET_EMPLOYER]"], "predicted_tokens": ["[IN:GET_EMPLOYER", "[SL:CONTACT", "@ptr2", "SL:CONTACT]", "[SL:EMPLOYER", "@ptr6", "@ptr7", "SL:EMPLOYER]", "IN:GET_EMPLOYER]"]}
{"loss": 1.2485880851745605, "class_log_probabilities": [-0.9141415953636169, -3.3599841594696045, -4.846712589263916, -5.167426586151123], "predictions": [70, 71, 396, 72, 138, 402, 403, 139, 73, 4], "target_tokens": ["[IN:GET_CONTACT", "[SL:TYPE_RELATION", "@ptr1", "SL:TYPE_RELATION]", "[SL:EMPLOYER", "@ptr7", "SL:EMPLOYER]", "IN:GET_CONTACT]"], "predicted_tokens": ["[IN:GET_CONTACT", "[SL:TYPE_RELATION", "@ptr1", "SL:TYPE_RELATION]", "[SL:EMPLOYER", "@ptr7", "@ptr8", "SL:EMPLOYER]", "IN:GET_CONTACT]"]}
{"loss": 3.6821448802948, "class_log_probabilities": [-2.2230112552642822, -2.864659309387207, -3.740457773208618, -3.8813588619232178], "predictions": [13, 14, 396, 15, 79, 398, 80, 18, 4, 4], "target_tokens": ["[IN:GET_WEATHER", "[SL:WEATHER_ATTRIBUTE", "@ptr2", "@ptr3", "SL:WEATHER_ATTRIBUTE]", "[SL:LOCATION", "@ptr1", "SL:LOCATION]", "IN:GET_WEATHER]"], "predicted_tokens": ["[IN:GET_WEATHER", "[SL:LOCATION", "@ptr1", "SL:LOCATION]", "[SL:WEATHER_ATTRIBUTE", "@ptr3", "SL:WEATHER_ATTRIBUTE]", "IN:GET_WEATHER]"]}
{"loss": 3.4965431690216064, "class_log_probabilities": [-5.786893844604492, -6.467067718505859, -8.135746955871582, -8.649307250976562], "predictions": [63, 66, 396, 399, 400, 401, 402, 67, 68, 4, 4, 4, 4, 4], "target_tokens": ["[IN:PLAY_MUSIC", "[SL:MUSIC_PROVIDER_NAME", "@ptr5", "@ptr6", "@ptr7", "SL:MUSIC_PROVIDER_NAME]", "[SL:MUSIC_TYPE", "@ptr3", "@ptr4", "SL:MUSIC_TYPE]", "IN:PLAY_MUSIC]"], "predicted_tokens": ["[IN:PLAY_MUSIC", "[SL:MUSIC_ARTIST_NAME", "@ptr1", "@ptr4", "@ptr5", "@ptr6", "@ptr7", "SL:MUSIC_ARTIST_NAME]", "IN:PLAY_MUSIC]"]}
{"loss": 1.5590275526046753, "class_log_probabilities": [-1.2540768384933472, -3.4060323238372803, -3.9923489093780518, -5.181418418884277], "predictions": [235, 103, 397, 398, 399, 400, 104, 236, 4, 4, 4, 4], "target_tokens": ["[IN:SET_DEFAULT_PROVIDER_MUSIC", "[SL:MUSIC_PROVIDER_NAME", "@ptr2", "@ptr3", "@ptr4", "SL:MUSIC_PROVIDER_NAME]", "IN:SET_DEFAULT_PROVIDER_MUSIC]"], "predicted_tokens": ["[IN:SET_DEFAULT_PROVIDER_MUSIC", "[SL:MUSIC_PROVIDER_NAME", "@ptr2", "@ptr3", "@ptr4", "@ptr5", "SL:MUSIC_PROVIDER_NAME]", "IN:SET_DEFAULT_PROVIDER_MUSIC]"]}
{"loss": 0.9589664340019226, "class_log_probabilities": [-0.3920738399028778, -7.682677268981934, -7.7836384773254395, -7.867115497589111], "predictions": [75, 6, 397, 7, 78, 4, 4, 4], "target_tokens": ["[IN:CREATE_CALL", "[SL:CONTACT", "@ptr2", "SL:CONTACT]", "IN:CREATE_CALL]"], "predicted_tokens": ["[IN:CREATE_CALL", "[SL:CONTACT", "@ptr2", "SL:CONTACT]", "IN:CREATE_CALL]"]}
{"loss": 0.9617612361907959, "class_log_probabilities": [-0.3709530532360077, -6.804935455322266, -7.937921524047852, -8.27139663696289], "predictions": [171, 6, 395, 7, 172, 4, 4, 4], "target_tokens": ["[IN:GET_AVAILABILITY", "[SL:CONTACT", "@ptr0", "SL:CONTACT]", "IN:GET_AVAILABILITY]"], "predicted_tokens": ["[IN:GET_AVAILABILITY", "[SL:CONTACT", "@ptr0", "SL:CONTACT]", "IN:GET_AVAILABILITY]"]}
{"loss": 1.2360954284667969, "class_log_probabilities": [-2.545522928237915, -2.89524507522583, -3.708280086517334, -4.863954544067383], "predictions": [49, 36, 397, 398, 399, 400, 401, 402, 403, 404, 37, 16, 406, 17, 50, 4], "target_tokens": ["[IN:CREATE_REMINDER", "[SL:PERSON_REMINDED", "@ptr2", "SL:PERSON_REMINDED]", "[SL:TODO", "@ptr3", "@ptr4", "@ptr5", "@ptr6", "@ptr7", "@ptr8", "@ptr9", "SL:TODO]", "[SL:DATE_TIME", "@ptr10", "SL:DATE_TIME]", "IN:CREATE_REMINDER]"], "predicted_tokens": ["[IN:CREATE_REMINDER", "[SL:TODO", "@ptr2", "@ptr3", "@ptr4", "@ptr5", "@ptr6", "@ptr7", "@ptr8", "@ptr9", "SL:TODO]", "[SL:DATE_TIME", "@ptr11", "SL:DATE_TIME]", "IN:CREATE_REMINDER]"]}
{"loss": 2.255859613418579, "class_log_probabilities": [-0.9265115261077881, -3.4065520763397217, -6.310551166534424, -6.464024543762207], "predictions": [70, 93, 395, 94, 257, 402, 403, 404, 258, 73, 4], "target_tokens": ["[IN:GET_CONTACT", "[SL:CONTACT_RELATED", "@ptr0", "SL:CONTACT_RELATED]", "[SL:SCHOOL", "@ptr6", "@ptr7", "SL:SCHOOL]", "IN:GET_CONTACT]"], "predicted_tokens": ["[IN:GET_CONTACT", "[SL:CONTACT_RELATED", "@ptr0", "SL:CONTACT_RELATED]", "[SL:SCHOOL", "@ptr7", "@ptr8", "@ptr9", "SL:SCHOOL]", "IN:GET_CONTACT]"]}
{"loss": 1.0943487882614136, "class_log_probabilities": [-1.3723623752593994, -1.6970516443252563, -1.7121187448501587, -5.123477458953857], "predictions": [13, 14, 399, 15, 18, 4, 4], "target_tokens": ["[IN:GET_WEATHER", "[SL:LOCATION", "@ptr4", "SL:LOCATION]", "IN:GET_WEATHER]"], "predicted_tokens": ["[IN:GET_WEATHER", "[SL:LOCATION", "@ptr4", "SL:LOCATION]", "IN:GET_WEATHER]"]}
{"loss": 1.0340253114700317, "class_log_probabilities": [-0.8151417374610901, -1.7365262508392334, -6.152686595916748, -6.5168986320495605], "predictions": [69, 6, 397, 7, 74, 4, 4], "target_tokens": ["[IN:GET_CALL_TIME", "[SL:CONTACT", "@ptr2", "SL:CONTACT]", "IN:GET_CALL_TIME]"], "predicted_tokens": ["[IN:GET_CALL_TIME", "[SL:CONTACT", "@ptr2", "SL:CONTACT]", "IN:GET_CALL_TIME]"]}
{"loss": 4.134037494659424, "class_log_probabilities": [-6.721458435058594, -7.030915260314941, -8.511180877685547, -8.769088745117188], "predictions": [47, 120, 402, 121, 34, 406, 35, 199, 395, 200, 48, 4, 4, 4, 4], "target_tokens": ["[IN:GET_REMINDER", "[SL:METHOD_RETRIEVAL_REMINDER", "@ptr0", "SL:METHOD_RETRIEVAL_REMINDER]", "[SL:AMOUNT", "@ptr4", "SL:AMOUNT]", "[SL:PERSON_REMINDED", "@ptr9", "@ptr10", "SL:PERSON_REMINDED]", "[SL:TODO", "@ptr7", "@ptr8", "SL:TODO]", "IN:GET_REMINDER]"], "predicted_tokens": ["[IN:GET_REMINDER", "[SL:AMOUNT", "@ptr7", "SL:AMOUNT]", "[SL:PERSON_REMINDED", "@ptr11", "SL:PERSON_REMINDED]", "[SL:METHOD_RETRIEVAL_REMINDER", "@ptr0", "SL:METHOD_RETRIEVAL_REMINDER]", "IN:GET_REMINDER]"]}
{"loss": 1.7904049158096313, "class_log_probabilities": [-1.8847723007202148, -2.3814029693603516, -3.5080480575561523, -4.374143600463867], "predictions": [49, 34, 397, 35, 36, 399, 400, 401, 402, 403, 37, 50, 4], "target_tokens": ["[IN:CREATE_REMINDER", "[SL:PERSON_REMINDED", "@ptr1", "SL:PERSON_REMINDED]", "[SL:TODO", "@ptr4", "@ptr5", "@ptr6", "SL:TODO]", "IN:CREATE_REMINDER]"], "predicted_tokens": ["[IN:CREATE_REMINDER", "[SL:PERSON_REMINDED", "@ptr2", "SL:PERSON_REMINDED]", "[SL:TODO", "@ptr4", "@ptr5", "@ptr6", "@ptr7", "@ptr8", "SL:TODO]", "IN:CREATE_REMINDER]"]}
{"loss": 3.7694408893585205, "class_log_probabilities": [-2.1878676414489746, -2.5842878818511963, -3.6098427772521973, -4.249453067779541], "predictions": [70, 71, 396, 72, 6, 398, 399, 400, 401, 402, 403, 404, 7, 73, 4], "target_tokens": ["[IN:GET_MUTUAL_FRIENDS", "[SL:CONTACT_RELATED", "@ptr3", "@ptr4", "@ptr5", "@ptr6", "SL:CONTACT_RELATED]", "[SL:CONTACT_RELATED", "@ptr8", "@ptr9", "SL:CONTACT_RELATED]", "IN:GET_MUTUAL_FRIENDS]"], "predicted_tokens": ["[IN:GET_CONTACT", "[SL:TYPE_RELATION", "@ptr1", "SL:TYPE_RELATION]", "[SL:CONTACT", "@ptr3", "@ptr4", "@ptr5", "@ptr6", "@ptr7", "@ptr8", "@ptr9", "SL:CONTACT]", "IN:GET_CONTACT]"]}
{"loss": 1.1444427967071533, "class_log_probabilities": [-1.0531349182128906, -3.406888008117676, -6.265170574188232, -6.9423298835754395], "predictions": [39, 40, 396, 41, 56, 398, 399, 400, 401, 402, 403, 57, 42, 4, 4, 4], "target_tokens": ["[IN:GET_STORIES_NEWS", "[SL:NEWS_TYPE", "@ptr1", "SL:NEWS_TYPE]", "[SL:NEWS_TOPIC", "@ptr3", "@ptr4", "@ptr5", "@ptr6", "@ptr7", "SL:NEWS_TOPIC]", "IN:GET_STORIES_NEWS]"], "predicted_tokens": ["[IN:GET_STORIES_NEWS", "[SL:NEWS_TYPE", "@ptr1", "SL:NEWS_TYPE]", "[SL:NEWS_TOPIC", "@ptr3", "@ptr4", "@ptr5", "@ptr6", "@ptr7", "@ptr8", "SL:NEWS_TOPIC]", "IN:GET_STORIES_NEWS]"]}
{"loss": 2.261190176010132, "class_log_probabilities": [-1.2644574642181396, -3.63582444190979, -4.473071098327637, -5.090699195861816], "predictions": [51, 52, 398, 399, 400, 401, 402, 403, 53, 54, 4, 4, 4], "target_tokens": ["[IN:GET_RECIPES", "[SL:RECIPES_RATING", "@ptr10", "SL:RECIPES_RATING]", "[SL:RECIPES_DISH", "@ptr2", "@ptr3", "@ptr4", "@ptr5", "@ptr6", "@ptr7", "@ptr8", "SL:RECIPES_DISH]", "IN:GET_RECIPES]"], "predicted_tokens": ["[IN:GET_RECIPES", "[SL:RECIPES_DISH", "@ptr3", "@ptr4", "@ptr5", "@ptr6", "@ptr7", "@ptr8", "SL:RECIPES_DISH]", "IN:GET_RECIPES]"]}
{"loss": 1.8853490352630615, "class_log_probabilities": [-2.2447869777679443, -2.586714029312134, -2.868330240249634, -4.480438232421875], "predictions": [63, 151, 397, 152, 68, 4, 4, 4, 4], "target_tokens": ["[IN:PLAY_MUSIC", "[SL:MUSIC_GENRE", "@ptr2", "SL:MUSIC_GENRE]", "[SL:MUSIC_TYPE", "@ptr1", "SL:MUSIC_TYPE]", "IN:PLAY_MUSIC]"], "predicted_tokens": ["[IN:PLAY_MUSIC", "[SL:MUSIC_GENRE", "@ptr2", "SL:MUSIC_GENRE]", "IN:PLAY_MUSIC]"]}
{"loss": 3.2441229820251465, "class_log_probabilities": [-4.896746635437012, -4.953230381011963, -5.237058639526367, -5.403995037078857], "predictions": [63, 66, 401, 402, 403, 404, 405, 67, 103, 406, 104, 68, 4, 4], "target_tokens": ["[IN:PLAY_MUSIC", "[SL:MUSIC_ARTIST_NAME", "@ptr4", "@ptr5", "@ptr6", "@ptr7", "@ptr8", "SL:MUSIC_ARTIST_NAME]", "[SL:MUSIC_TYPE", "@ptr2", "@ptr3", "SL:MUSIC_TYPE]", "[SL:MUSIC_PROVIDER_NAME", "@ptr10", "SL:MUSIC_PROVIDER_NAME]", "IN:PLAY_MUSIC]"], "predicted_tokens": ["[IN:PLAY_MUSIC", "[SL:MUSIC_ARTIST_NAME", "@ptr6", "@ptr7", "@ptr8", "@ptr9", "@ptr10", "SL:MUSIC_ARTIST_NAME]", "[SL:MUSIC_PROVIDER_NAME", "@ptr11", "SL:MUSIC_PROVIDER_NAME]", "IN:PLAY_MUSIC]"]}
{"loss": 2.5871267318725586, "class_log_probabilities": [-1.2495169639587402, -2.7724497318267822, -2.9198784828186035, -3.6511080265045166], "predictions": [75, 6, 397, 398, 7, 6, 401, 402, 7, 78, 4, 4, 4, 4], "target_tokens": ["[IN:CREATE_CALL", "[SL:CONTACT", "@ptr2", "@ptr3", "SL:CONTACT]", "[SL:NAME_APP", "@ptr5", "@ptr6", "SL:NAME_APP]", "IN:CREATE_CALL]"], "predicted_tokens": ["[IN:CREATE_CALL", "[SL:CONTACT", "@ptr2", "@ptr3", "SL:CONTACT]", "[SL:CONTACT", "@ptr6", "@ptr7", "SL:CONTACT]", "IN:CREATE_CALL]"]}
{"loss": 1.7859437465667725, "class_log_probabilities": [-3.6292545795440674, -3.9612162113189697, -3.996629476547241, -4.606780052185059], "predictions": [13, 14, 397, 398, 15, 16, 402, 403, 404, 405, 406, 407, 409, 17, 18, 4, 4], "target_tokens": ["[IN:GET_WEATHER", "[SL:LOCATION", "@ptr2", "SL:LOCATION]", "[SL:DATE_TIME", "@ptr6", "@ptr7", "@ptr8", "@ptr9", "@ptr10", "@ptr11", "@ptr12", "@ptr13", "SL:DATE_TIME]", "IN:GET_WEATHER]"], "predicted_tokens": ["[IN:GET_WEATHER", "[SL:LOCATION", "@ptr2", "@ptr3", "SL:LOCATION]", "[SL:DATE_TIME", "@ptr7", "@ptr8", "@ptr9", "@ptr10", "@ptr11", "@ptr12", "@ptr14", "SL:DATE_TIME]", "IN:GET_WEATHER]"]}
{"loss": 2.2261061668395996, "class_log_probabilities": [-1.4099109172821045, -3.9256930351257324, -4.259438514709473, -4.897859573364258], "predictions": [63, 66, 398, 399, 400, 401, 67, 68, 4], "target_tokens": ["[IN:PLAY_MUSIC", "[SL:MUSIC_GENRE", "@ptr3", "@ptr4", "@ptr5", "SL:MUSIC_GENRE]", "IN:PLAY_MUSIC]"], "predicted_tokens": ["[IN:PLAY_MUSIC", "[SL:MUSIC_ARTIST_NAME", "@ptr3", "@ptr4", "@ptr5", "@ptr6", "SL:MUSIC_ARTIST_NAME]", "IN:PLAY_MUSIC]"]}
{"loss": 2.146700382232666, "class_log_probabilities": [-4.257129669189453, -4.498570442199707, -5.3096537590026855, -5.441962718963623], "predictions": [63, 64, 396, 65, 66, 398, 399, 400, 401, 402, 403, 67, 68, 4, 4, 4], "target_tokens": ["[IN:PLAY_MUSIC", "[SL:MUSIC_GENRE", "@ptr2", "@ptr3", "@ptr4", "@ptr5", "@ptr6", "@ptr7", "@ptr8", "@ptr9", "SL:MUSIC_GENRE]", "[SL:MUSIC_TYPE", "@ptr1", "SL:MUSIC_TYPE]", "IN:PLAY_MUSIC]"], "predicted_tokens": ["[IN:PLAY_MUSIC", "[SL:MUSIC_TYPE", "@ptr1", "SL:MUSIC_TYPE]", "[SL:MUSIC_ARTIST_NAME", "@ptr3", "@ptr4", "@ptr5", "@ptr6", "@ptr7", "@ptr8", "SL:MUSIC_ARTIST_NAME]", "IN:PLAY_MUSIC]"]}
{"loss": 2.7933011054992676, "class_log_probabilities": [-2.4748940467834473, -3.174085855484009, -4.591947555541992, -4.689679145812988], "predictions": [61, 83, 397, 84, 14, 398, 399, 15, 16, 401, 402, 17, 62, 4, 4], "target_tokens": ["[IN:GET_EVENT", "[SL:CATEGORY_EVENT", "@ptr0", "@ptr1", "SL:CATEGORY_EVENT]", "[SL:LOCATION", "@ptr3", "SL:LOCATION]", "[SL:DATE_TIME", "@ptr4", "@ptr5", "SL:DATE_TIME]", "IN:GET_EVENT]"], "predicted_tokens": ["[IN:GET_EVENT", "[SL:CATEGORY_EVENT", "@ptr2", "SL:CATEGORY_EVENT]", "[SL:LOCATION", "@ptr3", "@ptr4", "SL:LOCATION]", "[SL:DATE_TIME", "@ptr6", "@ptr7", "SL:DATE_TIME]", "IN:GET_EVENT]"]}
{"loss": 3.2918496131896973, "class_log_probabilities": [-1.044113278388977, -5.359760284423828, -6.086869716644287, -8.659692764282227], "predictions": [39, 40, 395, 41, 133, 398, 134, 16, 400, 401, 17, 42, 4, 4, 4, 4], "target_tokens": ["[IN:GET_STORIES_NEWS", "[SL:NEWS_SOURCE", "@ptr0", "@ptr3", "SL:NEWS_SOURCE]", "[SL:NEWS_REFERENCE", "@ptr1", "SL:NEWS_REFERENCE]", "[SL:NEWS_TYPE", "@ptr0", "SL:NEWS_TYPE]", "[SL:DATE_TIME", "@ptr4", "SL:DATE_TIME]", "IN:GET_STORIES_NEWS]"], "predicted_tokens": ["[IN:GET_STORIES_NEWS", "[SL:NEWS_TYPE", "@ptr0", "SL:NEWS_TYPE]", "[SL:NEWS_SOURCE", "@ptr3", "SL:NEWS_SOURCE]", "[SL:DATE_TIME", "@ptr5", "@ptr6", "SL:DATE_TIME]", "IN:GET_STORIES_NEWS]"]}
{"loss": 2.4859156608581543, "class_log_probabilities": [-0.46487611532211304, -6.751367092132568, -7.009798526763916, -7.027069091796875], "predictions": [75, 6, 397, 398, 399, 7, 78, 4, 4], "target_tokens": ["[IN:CREATE_CALL", "[SL:GROUP", "@ptr2", "@ptr3", "@ptr4", "SL:GROUP]", "IN:CREATE_CALL]"], "predicted_tokens": ["[IN:CREATE_CALL", "[SL:CONTACT", "@ptr2", "@ptr3", "@ptr4", "SL:CONTACT]", "IN:CREATE_CALL]"]}
{"loss": 3.0970749855041504, "class_log_probabilities": [-3.164487600326538, -4.313389778137207, -4.604094982147217, -5.342737197875977], "predictions": [63, 64, 396, 65, 101, 399, 400, 401, 102, 66, 403, 405, 408, 67, 68, 4, 4], "target_tokens": ["[IN:PLAY_MUSIC", "[SL:MUSIC_TRACK_TITLE", "@ptr1", "@ptr2", "@ptr3", "@ptr4", "@ptr5", "SL:MUSIC_TRACK_TITLE]", "[SL:MUSIC_ARTIST_NAME", "@ptr7", "@ptr8", "@ptr9", "@ptr10", "@ptr11", "SL:MUSIC_ARTIST_NAME]", "IN:PLAY_MUSIC]"], "predicted_tokens": ["[IN:PLAY_MUSIC", "[SL:MUSIC_TYPE", "@ptr1", "SL:MUSIC_TYPE]", "[SL:MUSIC_TRACK_TITLE", "@ptr4", "@ptr5", "@ptr6", "SL:MUSIC_TRACK_TITLE]", "[SL:MUSIC_ARTIST_NAME", "@ptr8", "@ptr10", "@ptr13", "SL:MUSIC_ARTIST_NAME]", "IN:PLAY_MUSIC]"]}
{"loss": 2.4012773036956787, "class_log_probabilities": [-2.7231252193450928, -3.6035714149475098, -3.9440534114837646, -5.134267807006836], "predictions": [23, 10, 398, 399, 11, 10, 402, 11, 26, 4, 4], "target_tokens": ["[IN:CREATE_CALL", "[SL:CONTACT", "@ptr6", "@ptr7", "SL:CONTACT]", "IN:CREATE_CALL]"], "predicted_tokens": ["[IN:SEND_MESSAGE", "[SL:RECIPIENT", "@ptr3", "@ptr4", "SL:RECIPIENT]", "[SL:RECIPIENT", "@ptr7", "SL:RECIPIENT]", "IN:SEND_MESSAGE]"]}
{"loss": 2.072685956954956, "class_log_probabilities": [-2.405125617980957, -2.8793294429779053, -3.5074656009674072, -3.7040131092071533], "predictions": [63, 64, 396, 65, 66, 397, 398, 399, 400, 401, 402, 67, 68, 4], "target_tokens": ["[IN:PLAY_MUSIC", "[SL:MUSIC_ARTIST_NAME", "@ptr2", "@ptr3", "@ptr4", "@ptr5", "@ptr6", "@ptr7", "SL:MUSIC_ARTIST_NAME]", "[SL:MUSIC_TYPE", "@ptr1", "SL:MUSIC_TYPE]", "IN:PLAY_MUSIC]"], "predicted_tokens": ["[IN:PLAY_MUSIC", "[SL:MUSIC_TYPE", "@ptr1", "SL:MUSIC_TYPE]", "[SL:MUSIC_ARTIST_NAME", "@ptr2", "@ptr3", "@ptr4", "@ptr5", "@ptr6", "@ptr7", "SL:MUSIC_ARTIST_NAME]", "IN:PLAY_MUSIC]"]}
{"loss": 2.89085054397583, "class_log_probabilities": [-2.2177443504333496, -2.5119097232818604, -3.942263126373291, -5.11549186706543], "predictions": [81, 6, 403, 7, 82, 4, 4, 4, 4], "target_tokens": ["[IN:END_CALL", "[SL:CONTACT", "@ptr7", "@ptr8", "SL:CONTACT]", "IN:END_CALL]"], "predicted_tokens": ["[IN:END_CALL", "[SL:CONTACT", "@ptr8", "SL:CONTACT]", "IN:END_CALL]"]}
{"loss": 2.157681703567505, "class_log_probabilities": [-3.698845148086548, -4.153792858123779, -4.790493011474609, -5.8047099113464355], "predictions": [23, 10, 398, 399, 11, 76, 402, 404, 77, 26, 4, 4], "target_tokens": ["[IN:SEND_MESSAGE", "[SL:RECIPIENT", "@ptr3", "@ptr4", "SL:RECIPIENT]", "[SL:NAME_APP", "@ptr7", "SL:NAME_APP]", "[SL:CONTENT_EXACT", "@ptr10", "@ptr11", "@ptr12", "@ptr13", "@ptr14", "SL:CONTENT_EXACT]", "IN:SEND_MESSAGE]"], "predicted_tokens": ["[IN:SEND_MESSAGE", "[SL:RECIPIENT", "@ptr3", "@ptr4", "SL:RECIPIENT]", "[SL:NAME_APP", "@ptr7", "@ptr9", "SL:NAME_APP]", "IN:SEND_MESSAGE]"]}
{"loss": 3.8175041675567627, "class_log_probabilities": [-1.9942888021469116, -2.5427427291870117, -4.173562049865723, -4.385483264923096], "predictions": [23, 10, 401, 402, 403, 11, 26, 4, 4, 4, 4, 4], "target_tokens": ["[IN:CANCEL_MESSAGE", "[SL:TYPE_CONTENT", "@ptr3", "SL:TYPE_CONTENT]", "[SL:RECIPIENT", "@ptr5", "@ptr6", "@ptr7", "SL:RECIPIENT]", "IN:CANCEL_MESSAGE]"], "predicted_tokens": ["[IN:SEND_MESSAGE", "[SL:RECIPIENT", "@ptr6", "@ptr7", "@ptr8", "SL:RECIPIENT]", "IN:SEND_MESSAGE]"]}
{"loss": 4.2730793952941895, "class_log_probabilities": [-2.530471086502075, -2.8981451988220215, -3.6926989555358887, -3.717215061187744], "predictions": [327, 8, 402, 9, 10, 404, 405, 11, 328, 4], "target_tokens": ["[IN:CANCEL_MESSAGE", "[SL:TYPE_CONTENT", "@ptr5", "SL:TYPE_CONTENT]", "[SL:RECIPIENT", "@ptr7", "@ptr8", "@ptr9", "SL:RECIPIENT]", "IN:CANCEL_MESSAGE]"], "predicted_tokens": ["[IN:CANCEL_MESSAGE", "[SL:TYPE_CONTENT", "@ptr7", "SL:TYPE_CONTENT]", "[SL:RECIPIENT", "@ptr9", "@ptr10", "SL:RECIPIENT]", "IN:CANCEL_MESSAGE]"]}
{"loss": 1.7983146905899048, "class_log_probabilities": [-2.1465718746185303, -2.9906797409057617, -3.2519116401672363, -4.005484104156494], "predictions": [75, 6, 397, 398, 399, 400, 401, 402, 7, 78, 4, 4, 4, 4], "target_tokens": ["[IN:CREATE_CALL", "[SL:CONTACT", "@ptr2", "@ptr3", "@ptr4", "@ptr5", "@ptr6", "@ptr7", "SL:CONTACT]", "[SL:NAME_APP", "@ptr12", "@ptr13", "SL:NAME_APP]", "IN:CREATE_CALL]"], "predicted_tokens": ["[IN:CREATE_CALL", "[SL:CONTACT", "@ptr2", "@ptr3", "@ptr4", "@ptr5", "@ptr6", "@ptr7", "SL:CONTACT]", "IN:CREATE_CALL]"]}
{"loss": 2.382354497909546, "class_log_probabilities": [-2.1778757572174072, -2.255483627319336, -4.508163928985596, -4.544025421142578], "predictions": [23, 10, 401, 402, 403, 404, 405, 11, 26, 4], "target_tokens": ["[IN:SEND_MESSAGE", "[SL:TYPE_CONTENT", "@ptr3", "SL:TYPE_CONTENT]", "[SL:RECIPIENT", "@ptr5", "@ptr6", "@ptr7", "@ptr8", "@ptr9", "SL:RECIPIENT]", "IN:SEND_MESSAGE]"], "predicted_tokens": ["[IN:SEND_MESSAGE", "[SL:RECIPIENT", "@ptr6", "@ptr7", "@ptr8", "@ptr9", "@ptr10", "SL:RECIPIENT]", "IN:SEND_MESSAGE]"]}
{"loss": 3.045858860015869, "class_log_probabilities": [-0.6040563583374023, -3.848799467086792, -5.3263163566589355, -5.974475860595703], "predictions": [23, 10, 399, 400, 11, 26, 4], "target_tokens": ["[IN:SEND_MESSAGE", "[SL:TYPE_CONTENT", "@ptr1", "SL:TYPE_CONTENT]", "[SL:RECIPIENT", "@ptr3", "@ptr4", "@ptr5", "SL:RECIPIENT]", "IN:SEND_MESSAGE]"], "predicted_tokens": ["[IN:SEND_MESSAGE", "[SL:RECIPIENT", "@ptr4", "@ptr5", "SL:RECIPIENT]", "IN:SEND_MESSAGE]"]}
{"loss": 1.7303986549377441, "class_log_probabilities": [-0.5295366048812866, -5.373710632324219, -5.544109344482422, -6.126189231872559], "predictions": [23, 10, 398, 399, 400, 11, 26, 4, 4, 4, 4], "target_tokens": ["[IN:SEND_MESSAGE", "[SL:TYPE_CONTENT", "@ptr1", "SL:TYPE_CONTENT]", "[SL:RECIPIENT", "@ptr3", "@ptr4", "@ptr5", "SL:RECIPIENT]", "IN:SEND_MESSAGE]"], "predicted_tokens": ["[IN:SEND_MESSAGE", "[SL:RECIPIENT", "@ptr3", "@ptr4", "@ptr5", "SL:RECIPIENT]", "IN:SEND_MESSAGE]"]}
{"loss": 1.956559181213379, "class_log_probabilities": [-1.7629117965698242, -2.71429181098938, -3.5079996585845947, -5.493995666503906], "predictions": [23, 10, 400, 401, 11, 26, 4, 4, 4, 4], "target_tokens": ["[IN:SEND_MESSAGE", "[SL:TYPE_CONTENT", "@ptr2", "SL:TYPE_CONTENT]", "[SL:RECIPIENT", "@ptr4", "@ptr5", "SL:RECIPIENT]", "IN:SEND_MESSAGE]"], "predicted_tokens": ["[IN:SEND_MESSAGE", "[SL:RECIPIENT", "@ptr5", "@ptr6", "SL:RECIPIENT]", "IN:SEND_MESSAGE]"]}
{"loss": 1.7604361772537231, "class_log_probabilities": [-0.6820238828659058, -5.914074420928955, -6.358047008514404, -6.650937080383301], "predictions": [153, 6, 396, 397, 398, 7, 154, 4], "target_tokens": ["[IN:CREATE_CALL", "[SL:CONTACT", "@ptr1", "@ptr2", "@ptr3", "SL:CONTACT]", "IN:CREATE_CALL]"], "predicted_tokens": ["[IN:ANSWER_CALL", "[SL:CONTACT", "@ptr1", "@ptr2", "@ptr3", "SL:CONTACT]", "IN:ANSWER_CALL]"]}
{"loss": 1.9876822233200073, "class_log_probabilities": [-1.2495481967926025, -5.330313205718994, -7.063150882720947, -7.287296295166016], "predictions": [63, 64, 396, 65, 66, 398, 399, 67, 68, 4, 4, 4, 4, 4, 4, 4], "target_tokens": ["[IN:PLAY_MUSIC", "[SL:MUSIC_ARTIST_NAME", "@ptr3", "@ptr4", "SL:MUSIC_ARTIST_NAME]", "[SL:MUSIC_PROVIDER_NAME", "@ptr6", "@ptr7", "@ptr8", "@ptr9", "SL:MUSIC_PROVIDER_NAME]", "IN:PLAY_MUSIC]"], "predicted_tokens": ["[IN:PLAY_MUSIC", "[SL:MUSIC_TYPE", "@ptr1", "SL:MUSIC_TYPE]", "[SL:MUSIC_ARTIST_NAME", "@ptr3", "@ptr4", "SL:MUSIC_ARTIST_NAME]", "IN:PLAY_MUSIC]"]}
{"loss": 2.419883966445923, "class_log_probabilities": [-5.517191410064697, -5.709720134735107, -5.8727946281433105, -6.301243305206299], "predictions": [107, 108, 396, 109, 6, 398, 7, 108, 405, 406, 109, 110, 4], "target_tokens": ["[IN:UPDATE_CALL", "[SL:CONTACT_ADDED", "@ptr1", "SL:CONTACT_ADDED]", "[SL:CONTACT_ADDED", "@ptr3", "SL:CONTACT_ADDED]", "[SL:CONTACT", "@ptr9", "@ptr10", "SL:CONTACT]", "IN:UPDATE_CALL]"], "predicted_tokens": ["[IN:UPDATE_CALL", "[SL:CONTACT_ADDED", "@ptr1", "SL:CONTACT_ADDED]", "[SL:CONTACT", "@ptr3", "SL:CONTACT]", "[SL:CONTACT_ADDED", "@ptr10", "@ptr11", "SL:CONTACT_ADDED]", "IN:UPDATE_CALL]"]}
{"loss": 2.2785418033599854, "class_log_probabilities": [-5.672453880310059, -6.1221513748168945, -7.303892612457275, -86.7988052368164], "predictions": [23, 10, 399, 400, 401, 402, 11, 24, 407, 409, 410, 411, 412, 25, 26, 4, 4, 4, 4, 4, 4, 4, 4, 4, 4, 4, 4, 4, 4, 4, 4, 4, 4, 4, 4, 4, 4, 4, 4, 4, 4, 4, 4, 4, 4, 4, 4, 4, 4, 4, 4, 4, 4, 4, 4, 4, 4, 4, 4, 4, 4, 4, 4, 4, 4, 4, 4, 4, 4, 4, 4, 4, 4, 4, 4, 4, 4, 4, 4, 4, 4, 4, 4, 4, 4, 4, 4, 4, 4, 4, 4, 4, 4, 4, 4, 4, 4, 4, 4, 4], "target_tokens": ["[IN:SEND_MESSAGE", "[SL:RECIPIENT", "@ptr3", "@ptr4", "@ptr5", "@ptr6", "SL:RECIPIENT]", "[SL:CONTENT_EXACT", "@ptr10", "@ptr11", "@ptr12", "@ptr13", "@ptr14", "@ptr15", "SL:CONTENT_EXACT]", "IN:SEND_MESSAGE]"], "predicted_tokens": ["[IN:SEND_MESSAGE", "[SL:RECIPIENT", "@ptr4", "@ptr5", "@ptr6", "@ptr7", "SL:RECIPIENT]", "[SL:CONTENT_EXACT", "@ptr12", "@ptr14", "@ptr15", "@ptr16", "@ptr17", "SL:CONTENT_EXACT]", "IN:SEND_MESSAGE]"]}
{"loss": 1.6663719415664673, "class_log_probabilities": [-4.103217601776123, -5.021840572357178, -6.346771717071533, -6.956363677978516], "predictions": [23, 10, 399, 11, 24, 404, 405, 406, 407, 408, 409, 411, 25, 26, 4, 4, 4, 4, 4], "target_tokens": ["[IN:SEND_MESSAGE", "[SL:RECIPIENT", "@ptr4", "SL:RECIPIENT]", "[SL:CONTENT_EXACT", "@ptr8", "@ptr9", "@ptr10", "@ptr11", "@ptr12", "@ptr13", "@ptr14", "@ptr15", "@ptr16", "@ptr17", "@ptr18", "SL:CONTENT_EXACT]", "IN:SEND_MESSAGE]"], "predicted_tokens": ["[IN:SEND_MESSAGE", "[SL:RECIPIENT", "@ptr4", "SL:RECIPIENT]", "[SL:CONTENT_EXACT", "@ptr9", "@ptr10", "@ptr11", "@ptr12", "@ptr13", "@ptr14", "@ptr16", "SL:CONTENT_EXACT]", "IN:SEND_MESSAGE]"]}
{"loss": 1.4128084182739258, "class_log_probabilities": [-1.8108314275741577, -3.8042023181915283, -4.258511543273926, -4.969873905181885], "predictions": [23, 10, 397, 398, 11, 24, 399, 400, 401, 402, 403, 404, 405, 406, 407, 25, 26, 4, 4], "target_tokens": ["[IN:SEND_MESSAGE", "[SL:RECIPIENT", "@ptr1", "@ptr2", "SL:RECIPIENT]", "[SL:CONTENT_EXACT", "@ptr4", "@ptr5", "@ptr6", "@ptr7", "@ptr8", "@ptr9", "@ptr10", "@ptr11", "SL:CONTENT_EXACT]", "IN:SEND_MESSAGE]"], "predicted_tokens": ["[IN:SEND_MESSAGE", "[SL:RECIPIENT", "@ptr2", "@ptr3", "SL:RECIPIENT]", "[SL:CONTENT_EXACT", "@ptr4", "@ptr5", "@ptr6", "@ptr7", "@ptr8", "@ptr9", "@ptr10", "@ptr11", "@ptr12", "SL:CONTENT_EXACT]", "IN:SEND_MESSAGE]"]}
{"loss": 1.447022557258606, "class_log_probabilities": [-2.4069623947143555, -2.900294542312622, -3.3805766105651855, -3.874656915664673], "predictions": [23, 10, 398, 399, 400, 11, 24, 403, 404, 405, 406, 25, 26, 4, 4, 4], "target_tokens": ["[IN:SEND_MESSAGE", "[SL:RECIPIENT", "@ptr3", "@ptr4", "@ptr5", "SL:RECIPIENT]", "[SL:CONTENT_EXACT", "@ptr7", "@ptr8", "@ptr9", "@ptr10", "SL:CONTENT_EXACT]", "IN:SEND_MESSAGE]"], "predicted_tokens": ["[IN:SEND_MESSAGE", "[SL:RECIPIENT", "@ptr3", "@ptr4", "@ptr5", "SL:RECIPIENT]", "[SL:CONTENT_EXACT", "@ptr8", "@ptr9", "@ptr10", "@ptr11", "SL:CONTENT_EXACT]", "IN:SEND_MESSAGE]"]}
{"loss": 2.127929449081421, "class_log_probabilities": [-3.1261513233184814, -3.318056106567383, -3.375333547592163, -3.7538468837738037], "predictions": [23, 10, 399, 400, 11, 24, 406, 407, 408, 25, 26, 4, 4], "target_tokens": ["[IN:SEND_MESSAGE", "[SL:RECIPIENT", "@ptr3", "@ptr4", "SL:RECIPIENT]", "[SL:CONTENT_EXACT", "@ptr9", "@ptr10", "@ptr11", "SL:CONTENT_EXACT]", "IN:SEND_MESSAGE]"], "predicted_tokens": ["[IN:SEND_MESSAGE", "[SL:RECIPIENT", "@ptr4", "@ptr5", "SL:RECIPIENT]", "[SL:CONTENT_EXACT", "@ptr11", "@ptr12", "@ptr13", "SL:CONTENT_EXACT]", "IN:SEND_MESSAGE]"]}
{"loss": 3.2651314735412598, "class_log_probabilities": [-6.8042378425598145, -7.166570663452148, -7.354306221008301, -8.081917762756348], "predictions": [49, 36, 143, 36, 397, 398, 399, 37, 16, 404, 405, 406, 408, 17, 50, 4, 4, 4, 4], "target_tokens": ["[IN:CREATE_REMINDER", "[SL:TODO", "@ptr5", "@ptr6", "SL:TODO]", "[SL:DATE_TIME", "@ptr7", "@ptr8", "@ptr9", "@ptr10", "@ptr11", "SL:DATE_TIME]", "IN:CREATE_REMINDER]"], "predicted_tokens": ["[IN:CREATE_REMINDER", "[SL:TODO", "[IN:GET_TODO", "[SL:TODO", "@ptr2", "@ptr3", "@ptr4", "SL:TODO]", "[SL:DATE_TIME", "@ptr9", "@ptr10", "@ptr11", "@ptr13", "SL:DATE_TIME]", "IN:CREATE_REMINDER]"]}
{"loss": 2.074077606201172, "class_log_probabilities": [-2.001215696334839, -2.886728286743164, -2.8989484310150146, -3.5334620475769043], "predictions": [107, 108, 396, 397, 398, 399, 109, 110, 4, 4, 4, 4], "target_tokens": ["[IN:UPDATE_CALL", "[SL:CONTACT_ADDED", "@ptr1", "@ptr2", "@ptr3", "@ptr4", "SL:CONTACT_ADDED]", "[SL:CONTACT", "@ptr10", "SL:CONTACT]", "IN:UPDATE_CALL]"], "predicted_tokens": ["[IN:UPDATE_CALL", "[SL:CONTACT_ADDED", "@ptr1", "@ptr2", "@ptr3", "@ptr4", "SL:CONTACT_ADDED]", "IN:UPDATE_CALL]"]}
{"loss": 2.956080913543701, "class_log_probabilities": [-1.67966628074646, -3.5099592208862305, -3.5334906578063965, -3.5937774181365967], "predictions": [61, 16, 395, 17, 83, 398, 84, 14, 401, 402, 15, 62, 4, 4], "target_tokens": ["[IN:GET_EVENT", "[SL:CATEGORY_EVENT", "@ptr3", "SL:CATEGORY_EVENT]", "[SL:DATE_TIME", "@ptr0", "SL:DATE_TIME]", "[SL:LOCATION", "@ptr5", "@ptr6", "SL:LOCATION]", "IN:GET_EVENT]"], "predicted_tokens": ["[IN:GET_EVENT", "[SL:DATE_TIME", "@ptr0", "SL:DATE_TIME]", "[SL:CATEGORY_EVENT", "@ptr3", "SL:CATEGORY_EVENT]", "[SL:LOCATION", "@ptr6", "@ptr7", "SL:LOCATION]", "IN:GET_EVENT]"]}
{"loss": 0.9635442495346069, "class_log_probabilities": [-0.5013034343719482, -7.009715557098389, -7.039480686187744, -7.4384989738464355], "predictions": [211, 6, 395, 396, 397, 7, 212, 4, 4], "target_tokens": ["[IN:GET_LOCATION", "[SL:CONTACT", "@ptr0", "@ptr1", "@ptr2", "SL:CONTACT]", "IN:GET_LOCATION]"], "predicted_tokens": ["[IN:GET_LOCATION", "[SL:CONTACT", "@ptr0", "@ptr1", "@ptr2", "SL:CONTACT]", "IN:GET_LOCATION]"]}
{"loss": 3.319361448287964, "class_log_probabilities": [-1.2274653911590576, -4.239231586456299, -5.199512481689453, -5.895641326904297], "predictions": [70, 71, 399, 400, 72, 6, 402, 403, 404, 7, 73, 4, 4], "target_tokens": ["[IN:GET_CONTACT", "[SL:CONTACT_RELATED", "@ptr6", "@ptr7", "@ptr8", "SL:CONTACT_RELATED]", "[SL:TYPE_RELATION", "@ptr3", "@ptr4", "SL:TYPE_RELATION]", "IN:GET_CONTACT]"], "predicted_tokens": ["[IN:GET_CONTACT", "[SL:TYPE_RELATION", "@ptr4", "@ptr5", "SL:TYPE_RELATION]", "[SL:CONTACT", "@ptr7", "@ptr8", "@ptr9", "SL:CONTACT]", "IN:GET_CONTACT]"]}
{"loss": 1.814002275466919, "class_log_probabilities": [-4.447945594787598, -4.655813694000244, -4.851391792297363, -6.048390865325928], "predictions": [70, 93, 395, 94, 257, 404, 258, 73, 4, 4, 4, 4, 4], "target_tokens": ["[IN:GET_CONTACT", "[SL:CONTACT_RELATED", "@ptr0", "SL:CONTACT_RELATED]", "[SL:SCHOOL", "@ptr7", "@ptr8", "SL:SCHOOL]", "IN:GET_CONTACT]"], "predicted_tokens": ["[IN:GET_CONTACT", "[SL:CONTACT_RELATED", "@ptr0", "SL:CONTACT_RELATED]", "[SL:SCHOOL", "@ptr9", "SL:SCHOOL]", "IN:GET_CONTACT]"]}
{"loss": 2.337160348892212, "class_log_probabilities": [-3.8463077545166016, -3.8779046535491943, -4.223097801208496, -4.368824005126953], "predictions": [165, 113, 397, 398, 114, 129, 399, 400, 401, 402, 130, 166, 4], "target_tokens": ["[IN:IS_TRUE_RECIPES", "[SL:RECIPES_COOKING_METHOD", "@ptr2", "SL:RECIPES_COOKING_METHOD]", "[SL:RECIPES_DISH", "@ptr3", "@ptr4", "@ptr5", "SL:RECIPES_DISH]", "IN:IS_TRUE_RECIPES]"], "predicted_tokens": ["[IN:IS_TRUE_RECIPES", "[SL:RECIPES_COOKING_METHOD", "@ptr2", "@ptr3", "SL:RECIPES_COOKING_METHOD]", "[SL:RECIPES_INCLUDED_INGREDIENT", "@ptr4", "@ptr5", "@ptr6", "@ptr7", "SL:RECIPES_INCLUDED_INGREDIENT]", "IN:IS_TRUE_RECIPES]"]}
{"loss": 1.7133225202560425, "class_log_probabilities": [-0.9752397537231445, -4.521665573120117, -4.598148345947266, -4.681363105773926], "predictions": [63, 64, 396, 65, 66, 399, 67, 68, 4, 4, 4, 4], "target_tokens": ["[IN:PLAY_MUSIC", "[SL:MUSIC_TYPE", "@ptr1", "SL:MUSIC_TYPE]", "[SL:MUSIC_ARTIST_NAME", "@ptr4", "@ptr5", "@ptr6", "SL:MUSIC_ARTIST_NAME]", "IN:PLAY_MUSIC]"], "predicted_tokens": ["[IN:PLAY_MUSIC", "[SL:MUSIC_TYPE", "@ptr1", "SL:MUSIC_TYPE]", "[SL:MUSIC_ARTIST_NAME", "@ptr4", "SL:MUSIC_ARTIST_NAME]", "IN:PLAY_MUSIC]"]}
{"loss": 2.7412376403808594, "class_log_probabilities": [-1.5553529262542725, -2.8287062644958496, -4.169897079467773, -4.390596866607666], "predictions": [63, 86, 396, 397, 87, 66, 399, 400, 401, 67, 68, 4], "target_tokens": ["[IN:PLAY_MUSIC", "[SL:MUSIC_GENRE", "@ptr2", "SL:MUSIC_GENRE]", "[SL:MUSIC_TYPE", "@ptr1", "SL:MUSIC_TYPE]", "[SL:MUSIC_PROVIDER_NAME", "@ptr4", "@ptr5", "@ptr6", "SL:MUSIC_PROVIDER_NAME]", "IN:PLAY_MUSIC]"], "predicted_tokens": ["[IN:PLAY_MUSIC", "[SL:MUSIC_PLAYLIST_TITLE", "@ptr1", "@ptr2", "SL:MUSIC_PLAYLIST_TITLE]", "[SL:MUSIC_ARTIST_NAME", "@ptr4", "@ptr5", "@ptr6", "SL:MUSIC_ARTIST_NAME]", "IN:PLAY_MUSIC]"]}
{"loss": 3.6764562129974365, "class_log_probabilities": [-1.4535325765609741, -2.2378952503204346, -3.3073980808258057, -4.6001505851745605], "predictions": [255, 256, 4], "target_tokens": ["[IN:PAUSE_MUSIC", "[SL:MUSIC_TYPE", "@ptr3", "SL:MUSIC_TYPE]", "IN:PAUSE_MUSIC]"], "predicted_tokens": ["[IN:PAUSE_TIMER", "IN:PAUSE_TIMER]"]}
{"loss": 1.799103021621704, "class_log_probabilities": [-0.9891215562820435, -3.690282106399536, -4.025924205780029, -4.922898292541504], "predictions": [63, 151, 397, 152, 68, 4], "target_tokens": ["[IN:PLAY_MUSIC", "[SL:MUSIC_GENRE", "@ptr2", "SL:MUSIC_GENRE]", "[SL:MUSIC_TYPE", "@ptr1", "SL:MUSIC_TYPE]", "IN:PLAY_MUSIC]"], "predicted_tokens": ["[IN:PLAY_MUSIC", "[SL:MUSIC_GENRE", "@ptr2", "SL:MUSIC_GENRE]", "IN:PLAY_MUSIC]"]}
{"loss": 2.4088399410247803, "class_log_probabilities": [-2.557206630706787, -2.897545576095581, -3.2905449867248535, -4.310325622558594], "predictions": [63, 64, 396, 65, 66, 397, 398, 399, 400, 401, 402, 102, 68, 4], "target_tokens": ["[IN:PLAY_MUSIC", "[SL:MUSIC_ARTIST_NAME", "@ptr2", "@ptr3", "@ptr4", "SL:MUSIC_ARTIST_NAME]", "[SL:MUSIC_TYPE", "@ptr1", "SL:MUSIC_TYPE]", "IN:PLAY_MUSIC]"], "predicted_tokens": ["[IN:PLAY_MUSIC", "[SL:MUSIC_TYPE", "@ptr1", "SL:MUSIC_TYPE]", "[SL:MUSIC_ARTIST_NAME", "@ptr2", "@ptr3", "@ptr4", "@ptr5", "@ptr6", "@ptr7", "SL:MUSIC_TRACK_TITLE]", "IN:PLAY_MUSIC]"]}
{"loss": 0.9659831523895264, "class_log_probabilities": [-0.36248859763145447, -7.303256511688232, -7.334534168243408, -7.683327674865723], "predictions": [39, 40, 397, 41, 42, 4], "target_tokens": ["[IN:GET_STORIES_NEWS", "[SL:NEWS_TYPE", "@ptr2", "SL:NEWS_TYPE]", "IN:GET_STORIES_NEWS]"], "predicted_tokens": ["[IN:GET_STORIES_NEWS", "[SL:NEWS_TYPE", "@ptr2", "SL:NEWS_TYPE]", "IN:GET_STORIES_NEWS]"]}
{"loss": 1.6735987663269043, "class_log_probabilities": [-0.5083731412887573, -6.762201309204102, -7.375491142272949, -7.791497707366943], "predictions": [51, 52, 396, 397, 398, 399, 53, 54, 4], "target_tokens": ["[IN:GET_RECIPES", "[SL:RECIPES_DISH", "@ptr1", "@ptr2", "@ptr3", "SL:RECIPES_DISH]", "IN:GET_RECIPES]"], "predicted_tokens": ["[IN:GET_RECIPES", "[SL:RECIPES_DISH", "@ptr1", "@ptr2", "@ptr3", "@ptr4", "SL:RECIPES_DISH]", "IN:GET_RECIPES]"]}
{"loss": 4.211389541625977, "class_log_probabilities": [-1.3681309223175049, -2.1240901947021484, -4.640717506408691, -5.2325263023376465], "predictions": [27, 52, 397, 398, 53, 28, 401, 29, 30, 4], "target_tokens": ["[IN:GET_INFO_RECIPES", "[SL:RECIPES_ATTRIBUTE", "@ptr5", "SL:RECIPES_ATTRIBUTE]", "[SL:RECIPES_COOKING_METHOD", "@ptr2", "SL:RECIPES_COOKING_METHOD]", "[SL:RECIPES_DISH", "@ptr3", "SL:RECIPES_DISH]", "IN:GET_INFO_RECIPES]"], "predicted_tokens": ["[IN:GET_INFO_RECIPES", "[SL:RECIPES_DISH", "@ptr2", "@ptr3", "SL:RECIPES_DISH]", "[SL:RECIPES_ATTRIBUTE", "@ptr6", "SL:RECIPES_ATTRIBUTE]", "IN:GET_INFO_RECIPES]"]}
