{"loss": 0.9703291654586792, "class_log_probabilities": [-0.3311116695404053, -8.079760551452637, -8.735079765319824, -8.992721557617188], "predictions": [75, 6, 397, 398, 7, 78, 4, 4, 4], "target_tokens": ["[IN:CREATE_CALL", "[SL:CONTACT", "@ptr2", "@ptr3", "SL:CONTACT]", "IN:CREATE_CALL]"], "predicted_tokens": ["[IN:CREATE_CALL", "[SL:CONTACT", "@ptr2", "@ptr3", "SL:CONTACT]", "IN:CREATE_CALL]"]}
{"loss": 0.9690529704093933, "class_log_probabilities": [-0.3395838737487793, -7.846776485443115, -8.22142219543457, -8.85467529296875], "predictions": [75, 6, 397, 398, 7, 78, 4, 4, 4], "target_tokens": ["[IN:CREATE_CALL", "[SL:CONTACT", "@ptr2", "@ptr3", "SL:CONTACT]", "IN:CREATE_CALL]"], "predicted_tokens": ["[IN:CREATE_CALL", "[SL:CONTACT", "@ptr2", "@ptr3", "SL:CONTACT]", "IN:CREATE_CALL]"]}
{"loss": 2.6757266521453857, "class_log_probabilities": [-1.4528539180755615, -1.6552789211273193, -4.178391456604004, -4.463688373565674], "predictions": [63, 101, 395, 102, 66, 397, 398, 67, 68, 4], "target_tokens": ["[IN:CREATE_CALL", "[SL:CONTACT", "@ptr2", "@ptr3", "SL:CONTACT]", "IN:CREATE_CALL]"], "predicted_tokens": ["[IN:PLAY_MUSIC", "[SL:MUSIC_TRACK_TITLE", "@ptr0", "SL:MUSIC_TRACK_TITLE]", "[SL:MUSIC_ARTIST_NAME", "@ptr2", "@ptr3", "SL:MUSIC_ARTIST_NAME]", "IN:PLAY_MUSIC]"]}
{"loss": 0.9689133167266846, "class_log_probabilities": [-0.29204538464546204, -8.867166519165039, -8.912315368652344, -10.06297492980957], "predictions": [75, 6, 397, 7, 78, 4, 4, 4, 4, 4], "target_tokens": ["[IN:CREATE_CALL", "[SL:CONTACT", "@ptr2", "SL:CONTACT]", "IN:CREATE_CALL]"], "predicted_tokens": ["[IN:CREATE_CALL", "[SL:CONTACT", "@ptr2", "SL:CONTACT]", "IN:CREATE_CALL]"]}
{"loss": 0.9961280226707458, "class_log_probabilities": [-0.12254665791988373, -7.665843963623047, -8.196248054504395, -8.298174858093262], "predictions": [153, 154, 4], "target_tokens": ["[IN:ANSWER_CALL", "IN:ANSWER_CALL]"], "predicted_tokens": ["[IN:ANSWER_CALL", "IN:ANSWER_CALL]"]}
{"loss": 0.9627447128295898, "class_log_probabilities": [-0.32825928926467896, -7.5411696434021, -7.649013519287109, -8.055895805358887], "predictions": [75, 6, 397, 7, 78, 4], "target_tokens": ["[IN:CREATE_CALL", "[SL:CONTACT", "@ptr2", "SL:CONTACT]", "IN:CREATE_CALL]"], "predicted_tokens": ["[IN:CREATE_CALL", "[SL:CONTACT", "@ptr2", "SL:CONTACT]", "IN:CREATE_CALL]"]}
{"loss": 0.9646075963973999, "class_log_probabilities": [-0.36907047033309937, -8.324548721313477, -8.445354461669922, -9.199912071228027], "predictions": [75, 6, 397, 398, 7, 78, 4, 4, 4, 4, 4], "target_tokens": ["[IN:CREATE_CALL", "[SL:CONTACT", "@ptr2", "@ptr3", "SL:CONTACT]", "IN:CREATE_CALL]"], "predicted_tokens": ["[IN:CREATE_CALL", "[SL:CONTACT", "@ptr2", "@ptr3", "SL:CONTACT]", "IN:CREATE_CALL]"]}
{"loss": 0.9688014984130859, "class_log_probabilities": [-0.3893391489982605, -8.006447792053223, -8.244277000427246, -8.938427925109863], "predictions": [75, 6, 397, 398, 399, 7, 78, 4, 4, 4], "target_tokens": ["[IN:CREATE_CALL", "[SL:CONTACT", "@ptr2", "@ptr3", "@ptr4", "SL:CONTACT]", "IN:CREATE_CALL]"], "predicted_tokens": ["[IN:CREATE_CALL", "[SL:CONTACT", "@ptr2", "@ptr3", "@ptr4", "SL:CONTACT]", "IN:CREATE_CALL]"]}
{"loss": 0.9738763570785522, "class_log_probabilities": [-0.458404004573822, -8.056581497192383, -8.06051254272461, -8.148469924926758], "predictions": [75, 6, 398, 399, 7, 76, 401, 77, 78, 4], "target_tokens": ["[IN:CREATE_CALL", "[SL:CONTACT", "@ptr3", "@ptr4", "SL:CONTACT]", "[SL:NAME_APP", "@ptr6", "SL:NAME_APP]", "IN:CREATE_CALL]"], "predicted_tokens": ["[IN:CREATE_CALL", "[SL:CONTACT", "@ptr3", "@ptr4", "SL:CONTACT]", "[SL:NAME_APP", "@ptr6", "SL:NAME_APP]", "IN:CREATE_CALL]"]}
{"loss": 0.9725055694580078, "class_log_probabilities": [-0.42193442583084106, -7.801697254180908, -8.091203689575195, -8.104698181152344], "predictions": [75, 6, 397, 7, 76, 401, 77, 78, 4], "target_tokens": ["[IN:CREATE_CALL", "[SL:CONTACT", "@ptr2", "SL:CONTACT]", "[SL:NAME_APP", "@ptr6", "SL:NAME_APP]", "IN:CREATE_CALL]"], "predicted_tokens": ["[IN:CREATE_CALL", "[SL:CONTACT", "@ptr2", "SL:CONTACT]", "[SL:NAME_APP", "@ptr6", "SL:NAME_APP]", "IN:CREATE_CALL]"]}
{"loss": 0.9684176445007324, "class_log_probabilities": [-0.2947618067264557, -8.885289192199707, -8.986823081970215, -11.9776029586792], "predictions": [75, 6, 400, 7, 78, 4, 4, 4, 4, 4], "target_tokens": ["[IN:CREATE_CALL", "[SL:CONTACT", "@ptr5", "SL:CONTACT]", "IN:CREATE_CALL]"], "predicted_tokens": ["[IN:CREATE_CALL", "[SL:CONTACT", "@ptr5", "SL:CONTACT]", "IN:CREATE_CALL]"]}
{"loss": 0.9742070436477661, "class_log_probabilities": [-0.4606266915798187, -6.8131890296936035, -8.06933879852295, -8.16719913482666], "predictions": [75, 6, 397, 398, 7, 6, 401, 7, 78, 4, 4, 4], "target_tokens": ["[IN:CREATE_CALL", "[SL:CONTACT", "@ptr2", "@ptr3", "SL:CONTACT]", "[SL:CONTACT", "@ptr6", "SL:CONTACT]", "IN:CREATE_CALL]"], "predicted_tokens": ["[IN:CREATE_CALL", "[SL:CONTACT", "@ptr2", "@ptr3", "SL:CONTACT]", "[SL:CONTACT", "@ptr6", "SL:CONTACT]", "IN:CREATE_CALL]"]}
{"loss": 0.9832985401153564, "class_log_probabilities": [-0.5469372272491455, -7.068114280700684, -7.955051898956299, -8.052867889404297], "predictions": [75, 6, 400, 7, 6, 402, 403, 7, 76, 405, 77, 78, 4, 4, 4, 4], "target_tokens": ["[IN:CREATE_CALL", "[SL:CONTACT", "@ptr5", "SL:CONTACT]", "[SL:CONTACT", "@ptr7", "@ptr8", "SL:CONTACT]", "[SL:NAME_APP", "@ptr10", "SL:NAME_APP]", "IN:CREATE_CALL]"], "predicted_tokens": ["[IN:CREATE_CALL", "[SL:CONTACT", "@ptr5", "SL:CONTACT]", "[SL:CONTACT", "@ptr7", "@ptr8", "SL:CONTACT]", "[SL:NAME_APP", "@ptr10", "SL:NAME_APP]", "IN:CREATE_CALL]"]}
{"loss": 1.0183508396148682, "class_log_probabilities": [-1.4774463176727295, -2.205904245376587, -3.644207000732422, -4.264549255371094], "predictions": [75, 6, 399, 7, 6, 401, 7, 6, 403, 7, 6, 405, 7, 76, 407, 77, 78, 4, 4, 4, 4], "target_tokens": ["[IN:CREATE_CALL", "[SL:CONTACT", "@ptr4", "SL:CONTACT]", "[SL:CONTACT", "@ptr6", "SL:CONTACT]", "[SL:CONTACT", "@ptr8", "SL:CONTACT]", "[SL:CONTACT", "@ptr10", "SL:CONTACT]", "[SL:NAME_APP", "@ptr12", "SL:NAME_APP]", "IN:CREATE_CALL]"], "predicted_tokens": ["[IN:CREATE_CALL", "[SL:CONTACT", "@ptr4", "SL:CONTACT]", "[SL:CONTACT", "@ptr6", "SL:CONTACT]", "[SL:CONTACT", "@ptr8", "SL:CONTACT]", "[SL:CONTACT", "@ptr10", "SL:CONTACT]", "[SL:NAME_APP", "@ptr12", "SL:NAME_APP]", "IN:CREATE_CALL]"]}
{"loss": 0.9993923306465149, "class_log_probabilities": [-1.3935794830322266, -2.8324942588806152, -3.205886125564575, -3.4140729904174805], "predictions": [75, 6, 399, 7, 6, 401, 402, 7, 6, 404, 7, 6, 406, 407, 7, 78, 4, 4], "target_tokens": ["[IN:CREATE_CALL", "[SL:CONTACT", "@ptr4", "SL:CONTACT]", "[SL:CONTACT", "@ptr6", "@ptr7", "SL:CONTACT]", "[SL:CONTACT", "@ptr9", "SL:CONTACT]", "[SL:CONTACT", "@ptr11", "@ptr12", "SL:CONTACT]", "IN:CREATE_CALL]"], "predicted_tokens": ["[IN:CREATE_CALL", "[SL:CONTACT", "@ptr4", "SL:CONTACT]", "[SL:CONTACT", "@ptr6", "@ptr7", "SL:CONTACT]", "[SL:CONTACT", "@ptr9", "SL:CONTACT]", "[SL:CONTACT", "@ptr11", "@ptr12", "SL:CONTACT]", "IN:CREATE_CALL]"]}
{"loss": 0.9860445857048035, "class_log_probabilities": [-0.6352389454841614, -5.102109909057617, -6.265456199645996, -6.608991622924805], "predictions": [75, 6, 399, 400, 7, 6, 402, 403, 7, 6, 405, 406, 7, 78, 4, 4, 4, 4], "target_tokens": ["[IN:CREATE_CALL", "[SL:CONTACT", "@ptr4", "@ptr5", "SL:CONTACT]", "[SL:CONTACT", "@ptr7", "@ptr8", "SL:CONTACT]", "[SL:CONTACT", "@ptr10", "@ptr11", "SL:CONTACT]", "IN:CREATE_CALL]"], "predicted_tokens": ["[IN:CREATE_CALL", "[SL:CONTACT", "@ptr4", "@ptr5", "SL:CONTACT]", "[SL:CONTACT", "@ptr7", "@ptr8", "SL:CONTACT]", "[SL:CONTACT", "@ptr10", "@ptr11", "SL:CONTACT]", "IN:CREATE_CALL]"]}
{"loss": 0.9703709483146667, "class_log_probabilities": [-0.6300504803657532, -5.863287448883057, -6.169759750366211, -6.368671894073486], "predictions": [75, 6, 399, 7, 6, 401, 7, 6, 403, 7, 78, 4], "target_tokens": ["[IN:CREATE_CALL", "[SL:CONTACT", "@ptr4", "SL:CONTACT]", "[SL:CONTACT", "@ptr6", "SL:CONTACT]", "[SL:CONTACT", "@ptr8", "SL:CONTACT]", "IN:CREATE_CALL]"], "predicted_tokens": ["[IN:CREATE_CALL", "[SL:CONTACT", "@ptr4", "SL:CONTACT]", "[SL:CONTACT", "@ptr6", "SL:CONTACT]", "[SL:CONTACT", "@ptr8", "SL:CONTACT]", "IN:CREATE_CALL]"]}
{"loss": 1.0166308879852295, "class_log_probabilities": [-1.4093189239501953, -3.945021390914917, -4.673770427703857, -4.87518310546875], "predictions": [75, 269, 401, 402, 403, 270, 78, 4], "target_tokens": ["[IN:CREATE_CALL", "[SL:GROUP", "@ptr6", "@ptr7", "@ptr8", "SL:GROUP]", "IN:CREATE_CALL]"], "predicted_tokens": ["[IN:CREATE_CALL", "[SL:GROUP", "@ptr6", "@ptr7", "@ptr8", "SL:GROUP]", "IN:CREATE_CALL]"]}
{"loss": 0.979530930519104, "class_log_probabilities": [-0.4377245306968689, -7.413276672363281, -7.628647804260254, -7.952980995178223], "predictions": [75, 269, 397, 398, 270, 76, 400, 77, 78, 4], "target_tokens": ["[IN:CREATE_CALL", "[SL:GROUP", "@ptr2", "@ptr3", "SL:GROUP]", "[SL:NAME_APP", "@ptr5", "SL:NAME_APP]", "IN:CREATE_CALL]"], "predicted_tokens": ["[IN:CREATE_CALL", "[SL:GROUP", "@ptr2", "@ptr3", "SL:GROUP]", "[SL:NAME_APP", "@ptr5", "SL:NAME_APP]", "IN:CREATE_CALL]"]}
{"loss": 2.212535858154297, "class_log_probabilities": [-0.7037438750267029, -2.4971697330474854, -5.529207229614258, -5.724937915802002], "predictions": [75, 6, 405, 406, 407, 408, 7, 76, 410, 77, 78, 4], "target_tokens": ["[IN:CREATE_CALL", "[SL:GROUP", "@ptr11", "@ptr12", "@ptr13", "SL:GROUP]", "[SL:NAME_APP", "@ptr15", "SL:NAME_APP]", "IN:CREATE_CALL]"], "predicted_tokens": ["[IN:CREATE_CALL", "[SL:CONTACT", "@ptr10", "@ptr11", "@ptr12", "@ptr13", "SL:CONTACT]", "[SL:NAME_APP", "@ptr15", "SL:NAME_APP]", "IN:CREATE_CALL]"]}
{"loss": 0.9859835505485535, "class_log_probabilities": [-0.5926526784896851, -2.6422014236450195, -6.004022598266602, -6.45589542388916], "predictions": [75, 269, 398, 270, 78, 4], "target_tokens": ["[IN:CREATE_CALL", "[SL:GROUP", "@ptr3", "SL:GROUP]", "IN:CREATE_CALL]"], "predicted_tokens": ["[IN:CREATE_CALL", "[SL:GROUP", "@ptr3", "SL:GROUP]", "IN:CREATE_CALL]"]}
{"loss": 2.553682565689087, "class_log_probabilities": [-0.6442899107933044, -3.836024045944214, -5.7838454246521, -6.908929824829102], "predictions": [49, 34, 398, 399, 35, 50, 4], "target_tokens": ["[IN:CREATE_CALL", "[SL:CONTACT", "@ptr3", "@ptr4", "SL:CONTACT]", "IN:CREATE_CALL]"], "predicted_tokens": ["[IN:CREATE_REMINDER", "[SL:PERSON_REMINDED", "@ptr3", "@ptr4", "SL:PERSON_REMINDED]", "IN:CREATE_REMINDER]"]}
{"loss": 2.326653003692627, "class_log_probabilities": [-0.6823050379753113, -4.654066562652588, -6.136569499969482, -7.172102451324463], "predictions": [75, 6, 70, 71, 399, 72, 93, 401, 94, 6, 403, 7, 73, 7, 78, 4, 4, 4, 4], "target_tokens": ["[IN:CREATE_CALL", "[SL:CONTACT", "[IN:GET_CONTACT", "[SL:CONTACT_RELATED", "@ptr6", "SL:CONTACT_RELATED]", "[SL:TYPE_RELATION", "@ptr4", "SL:TYPE_RELATION]", "[SL:CONTACT", "@ptr8", "SL:CONTACT]", "IN:GET_CONTACT]", "SL:CONTACT]", "IN:CREATE_CALL]"], "predicted_tokens": ["[IN:CREATE_CALL", "[SL:CONTACT", "[IN:GET_CONTACT", "[SL:TYPE_RELATION", "@ptr4", "SL:TYPE_RELATION]", "[SL:CONTACT_RELATED", "@ptr6", "SL:CONTACT_RELATED]", "[SL:CONTACT", "@ptr8", "SL:CONTACT]", "IN:GET_CONTACT]", "SL:CONTACT]", "IN:CREATE_CALL]"]}
{"loss": 0.9701588153839111, "class_log_probabilities": [-0.6363146901130676, -6.117180347442627, -7.997773170471191, -8.440112113952637], "predictions": [75, 6, 70, 71, 397, 72, 93, 399, 94, 73, 7, 78, 4], "target_tokens": ["[IN:CREATE_CALL", "[SL:CONTACT", "[IN:GET_CONTACT", "[SL:TYPE_RELATION", "@ptr2", "SL:TYPE_RELATION]", "[SL:CONTACT_RELATED", "@ptr4", "SL:CONTACT_RELATED]", "IN:GET_CONTACT]", "SL:CONTACT]", "IN:CREATE_CALL]"], "predicted_tokens": ["[IN:CREATE_CALL", "[SL:CONTACT", "[IN:GET_CONTACT", "[SL:TYPE_RELATION", "@ptr2", "SL:TYPE_RELATION]", "[SL:CONTACT_RELATED", "@ptr4", "SL:CONTACT_RELATED]", "IN:GET_CONTACT]", "SL:CONTACT]", "IN:CREATE_CALL]"]}
{"loss": 2.3102526664733887, "class_log_probabilities": [-0.6681578159332275, -7.432424068450928, -8.064790725708008, -8.13162612915039], "predictions": [75, 6, 70, 71, 400, 72, 93, 402, 403, 94, 73, 7, 78, 4, 4], "target_tokens": ["[IN:CREATE_CALL", "[SL:CONTACT", "[IN:GET_CONTACT", "[SL:CONTACT_RELATED", "@ptr7", "@ptr8", "SL:CONTACT_RELATED]", "[SL:TYPE_RELATION", "@ptr5", "SL:TYPE_RELATION]", "IN:GET_CONTACT]", "SL:CONTACT]", "IN:CREATE_CALL]"], "predicted_tokens": ["[IN:CREATE_CALL", "[SL:CONTACT", "[IN:GET_CONTACT", "[SL:TYPE_RELATION", "@ptr5", "SL:TYPE_RELATION]", "[SL:CONTACT_RELATED", "@ptr7", "@ptr8", "SL:CONTACT_RELATED]", "IN:GET_CONTACT]", "SL:CONTACT]", "IN:CREATE_CALL]"]}
{"loss": 2.373667001724243, "class_log_probabilities": [-1.7887927293777466, -3.801849365234375, -3.9776499271392822, -4.062801837921143], "predictions": [75, 6, 70, 71, 397, 72, 93, 399, 400, 401, 94, 73, 7, 78, 4, 4, 4, 4], "target_tokens": ["[IN:CREATE_CALL", "[SL:CONTACT", "[IN:GET_CONTACT", "[SL:CONTACT_RELATED", "@ptr4", "@ptr5", "SL:CONTACT_RELATED]", "[SL:TYPE_RELATION", "@ptr2", "SL:TYPE_RELATION]", "[SL:CONTACT", "@ptr6", "SL:CONTACT]", "IN:GET_CONTACT]", "SL:CONTACT]", "IN:CREATE_CALL]"], "predicted_tokens": ["[IN:CREATE_CALL", "[SL:CONTACT", "[IN:GET_CONTACT", "[SL:TYPE_RELATION", "@ptr2", "SL:TYPE_RELATION]", "[SL:CONTACT_RELATED", "@ptr4", "@ptr5", "@ptr6", "SL:CONTACT_RELATED]", "IN:GET_CONTACT]", "SL:CONTACT]", "IN:CREATE_CALL]"]}
{"loss": 2.498220682144165, "class_log_probabilities": [-0.6332206130027771, -5.740819454193115, -8.197112083435059, -8.233423233032227], "predictions": [75, 6, 70, 71, 397, 72, 93, 399, 94, 73, 7, 78, 4], "target_tokens": ["[IN:CREATE_CALL", "[SL:CONTACT", "[IN:GET_CONTACT", "[SL:CONTACT_RELATED", "@ptr4", "SL:CONTACT_RELATED]", "[SL:TYPE_RELATION", "@ptr2", "SL:TYPE_RELATION]", "IN:GET_CONTACT]", "SL:CONTACT]", "IN:CREATE_CALL]"], "predicted_tokens": ["[IN:CREATE_CALL", "[SL:CONTACT", "[IN:GET_CONTACT", "[SL:TYPE_RELATION", "@ptr2", "SL:TYPE_RELATION]", "[SL:CONTACT_RELATED", "@ptr4", "SL:CONTACT_RELATED]", "IN:GET_CONTACT]", "SL:CONTACT]", "IN:CREATE_CALL]"]}
{"loss": 2.546788215637207, "class_log_probabilities": [-0.6192159652709961, -8.161404609680176, -8.258209228515625, -8.610224723815918], "predictions": [75, 6, 70, 71, 399, 72, 93, 401, 94, 73, 7, 78, 4, 4, 4], "target_tokens": ["[IN:CREATE_CALL", "[SL:CONTACT", "[IN:GET_CONTACT", "[SL:CONTACT_RELATED", "@ptr6", "SL:CONTACT_RELATED]", "[SL:TYPE_RELATION", "@ptr4", "SL:TYPE_RELATION]", "IN:GET_CONTACT]", "SL:CONTACT]", "IN:CREATE_CALL]"], "predicted_tokens": ["[IN:CREATE_CALL", "[SL:CONTACT", "[IN:GET_CONTACT", "[SL:TYPE_RELATION", "@ptr4", "SL:TYPE_RELATION]", "[SL:CONTACT_RELATED", "@ptr6", "SL:CONTACT_RELATED]", "IN:GET_CONTACT]", "SL:CONTACT]", "IN:CREATE_CALL]"]}
{"loss": 0.9702776670455933, "class_log_probabilities": [-0.7414260506629944, -4.52698278427124, -6.576144218444824, -6.613102436065674], "predictions": [75, 6, 70, 71, 398, 72, 93, 400, 401, 94, 73, 7, 78, 4], "target_tokens": ["[IN:CREATE_CALL", "[SL:CONTACT", "[IN:GET_CONTACT", "[SL:TYPE_RELATION", "@ptr3", "SL:TYPE_RELATION]", "[SL:CONTACT_RELATED", "@ptr5", "@ptr6", "SL:CONTACT_RELATED]", "IN:GET_CONTACT]", "SL:CONTACT]", "IN:CREATE_CALL]"], "predicted_tokens": ["[IN:CREATE_CALL", "[SL:CONTACT", "[IN:GET_CONTACT", "[SL:TYPE_RELATION", "@ptr3", "SL:TYPE_RELATION]", "[SL:CONTACT_RELATED", "@ptr5", "@ptr6", "SL:CONTACT_RELATED]", "IN:GET_CONTACT]", "SL:CONTACT]", "IN:CREATE_CALL]"]}
{"loss": 0.9745705723762512, "class_log_probabilities": [-0.670166015625, -5.627284526824951, -5.781627655029297, -6.652624130249023], "predictions": [75, 76, 399, 77, 6, 70, 71, 401, 72, 73, 7, 78, 4, 4, 4, 4, 4, 4], "target_tokens": ["[IN:CREATE_CALL", "[SL:NAME_APP", "@ptr4", "SL:NAME_APP]", "[SL:CONTACT", "[IN:GET_CONTACT", "[SL:TYPE_RELATION", "@ptr6", "SL:TYPE_RELATION]", "IN:GET_CONTACT]", "SL:CONTACT]", "IN:CREATE_CALL]"], "predicted_tokens": ["[IN:CREATE_CALL", "[SL:NAME_APP", "@ptr4", "SL:NAME_APP]", "[SL:CONTACT", "[IN:GET_CONTACT", "[SL:TYPE_RELATION", "@ptr6", "SL:TYPE_RELATION]", "IN:GET_CONTACT]", "SL:CONTACT]", "IN:CREATE_CALL]"]}
{"loss": 0.9722900390625, "class_log_probabilities": [-0.4213608205318451, -8.342339515686035, -8.417244911193848, -8.421407699584961], "predictions": [75, 6, 397, 7, 76, 399, 77, 78, 4], "target_tokens": ["[IN:CREATE_CALL", "[SL:CONTACT", "@ptr2", "SL:CONTACT]", "[SL:NAME_APP", "@ptr4", "SL:NAME_APP]", "IN:CREATE_CALL]"], "predicted_tokens": ["[IN:CREATE_CALL", "[SL:CONTACT", "@ptr2", "SL:CONTACT]", "[SL:NAME_APP", "@ptr4", "SL:NAME_APP]", "IN:CREATE_CALL]"]}
{"loss": 0.9732128977775574, "class_log_probabilities": [-0.4147064983844757, -8.379069328308105, -8.40934944152832, -8.484954833984375], "predictions": [75, 6, 399, 7, 76, 401, 77, 78, 4], "target_tokens": ["[IN:CREATE_CALL", "[SL:CONTACT", "@ptr4", "SL:CONTACT]", "[SL:NAME_APP", "@ptr6", "SL:NAME_APP]", "IN:CREATE_CALL]"], "predicted_tokens": ["[IN:CREATE_CALL", "[SL:CONTACT", "@ptr4", "SL:CONTACT]", "[SL:NAME_APP", "@ptr6", "SL:NAME_APP]", "IN:CREATE_CALL]"]}
{"loss": 0.9716861844062805, "class_log_probabilities": [-0.47382962703704834, -7.843415260314941, -8.144120216369629, -8.169770240783691], "predictions": [75, 6, 397, 398, 7, 76, 403, 77, 78, 4], "target_tokens": ["[IN:CREATE_CALL", "[SL:CONTACT", "@ptr2", "@ptr3", "SL:CONTACT]", "[SL:NAME_APP", "@ptr8", "SL:NAME_APP]", "IN:CREATE_CALL]"], "predicted_tokens": ["[IN:CREATE_CALL", "[SL:CONTACT", "@ptr2", "@ptr3", "SL:CONTACT]", "[SL:NAME_APP", "@ptr8", "SL:NAME_APP]", "IN:CREATE_CALL]"]}
{"loss": 0.9707786440849304, "class_log_probabilities": [-0.5122960209846497, -6.020493030548096, -7.711477279663086, -7.928553581237793], "predictions": [75, 76, 400, 77, 6, 401, 402, 7, 78, 4, 4], "target_tokens": ["[IN:CREATE_CALL", "[SL:NAME_APP", "@ptr5", "SL:NAME_APP]", "[SL:CONTACT", "@ptr6", "@ptr7", "SL:CONTACT]", "IN:CREATE_CALL]"], "predicted_tokens": ["[IN:CREATE_CALL", "[SL:NAME_APP", "@ptr5", "SL:NAME_APP]", "[SL:CONTACT", "@ptr6", "@ptr7", "SL:CONTACT]", "IN:CREATE_CALL]"]}
{"loss": 0.9715073704719543, "class_log_probabilities": [-0.4347088634967804, -7.939772605895996, -8.096290588378906, -8.160837173461914], "predictions": [75, 6, 397, 7, 76, 401, 77, 78, 4], "target_tokens": ["[IN:CREATE_CALL", "[SL:CONTACT", "@ptr2", "SL:CONTACT]", "[SL:NAME_APP", "@ptr6", "SL:NAME_APP]", "IN:CREATE_CALL]"], "predicted_tokens": ["[IN:CREATE_CALL", "[SL:CONTACT", "@ptr2", "SL:CONTACT]", "[SL:NAME_APP", "@ptr6", "SL:NAME_APP]", "IN:CREATE_CALL]"]}
{"loss": 0.9683870673179626, "class_log_probabilities": [-0.3429833948612213, -7.840332984924316, -7.958092212677002, -8.68957805633545], "predictions": [75, 6, 399, 400, 7, 78, 4, 4], "target_tokens": ["[IN:CREATE_CALL", "[SL:CONTACT", "@ptr4", "@ptr5", "SL:CONTACT]", "IN:CREATE_CALL]"], "predicted_tokens": ["[IN:CREATE_CALL", "[SL:CONTACT", "@ptr4", "@ptr5", "SL:CONTACT]", "IN:CREATE_CALL]"]}
{"loss": 0.969488799571991, "class_log_probabilities": [-0.2885056436061859, -8.74920654296875, -8.93488597869873, -9.018041610717773], "predictions": [75, 6, 399, 7, 78, 4, 4, 4], "target_tokens": ["[IN:CREATE_CALL", "[SL:CONTACT", "@ptr4", "SL:CONTACT]", "IN:CREATE_CALL]"], "predicted_tokens": ["[IN:CREATE_CALL", "[SL:CONTACT", "@ptr4", "SL:CONTACT]", "IN:CREATE_CALL]"]}
{"loss": 0.9738063812255859, "class_log_probabilities": [-0.45987561345100403, -7.926591873168945, -7.95428466796875, -8.254688262939453], "predictions": [75, 6, 398, 399, 7, 76, 401, 77, 78, 4], "target_tokens": ["[IN:CREATE_CALL", "[SL:CONTACT", "@ptr3", "@ptr4", "SL:CONTACT]", "[SL:NAME_APP", "@ptr6", "SL:NAME_APP]", "IN:CREATE_CALL]"], "predicted_tokens": ["[IN:CREATE_CALL", "[SL:CONTACT", "@ptr3", "@ptr4", "SL:CONTACT]", "[SL:NAME_APP", "@ptr6", "SL:NAME_APP]", "IN:CREATE_CALL]"]}
{"loss": 0.9741104245185852, "class_log_probabilities": [-0.457013875246048, -7.811921119689941, -8.202091217041016, -8.310462951660156], "predictions": [75, 6, 399, 400, 7, 76, 404, 77, 78, 4], "target_tokens": ["[IN:CREATE_CALL", "[SL:CONTACT", "@ptr4", "@ptr5", "SL:CONTACT]", "[SL:NAME_APP", "@ptr9", "SL:NAME_APP]", "IN:CREATE_CALL]"], "predicted_tokens": ["[IN:CREATE_CALL", "[SL:CONTACT", "@ptr4", "@ptr5", "SL:CONTACT]", "[SL:NAME_APP", "@ptr9", "SL:NAME_APP]", "IN:CREATE_CALL]"]}
{"loss": 0.9731698036193848, "class_log_probabilities": [-0.46750664710998535, -7.691555023193359, -7.762010097503662, -8.328300476074219], "predictions": [75, 6, 399, 400, 7, 76, 404, 77, 78, 4], "target_tokens": ["[IN:CREATE_CALL", "[SL:CONTACT", "@ptr4", "@ptr5", "SL:CONTACT]", "[SL:NAME_APP", "@ptr9", "SL:NAME_APP]", "IN:CREATE_CALL]"], "predicted_tokens": ["[IN:CREATE_CALL", "[SL:CONTACT", "@ptr4", "@ptr5", "SL:CONTACT]", "[SL:NAME_APP", "@ptr9", "SL:NAME_APP]", "IN:CREATE_CALL]"]}
{"loss": 0.971514880657196, "class_log_probabilities": [-0.47489485144615173, -8.302755355834961, -8.338432312011719, -8.354387283325195], "predictions": [75, 6, 398, 399, 7, 76, 403, 77, 78, 4], "target_tokens": ["[IN:CREATE_CALL", "[SL:CONTACT", "@ptr3", "@ptr4", "SL:CONTACT]", "[SL:NAME_APP", "@ptr8", "SL:NAME_APP]", "IN:CREATE_CALL]"], "predicted_tokens": ["[IN:CREATE_CALL", "[SL:CONTACT", "@ptr3", "@ptr4", "SL:CONTACT]", "[SL:NAME_APP", "@ptr8", "SL:NAME_APP]", "IN:CREATE_CALL]"]}
{"loss": 0.9695479869842529, "class_log_probabilities": [-0.5320994853973389, -7.234922885894775, -7.488915920257568, -7.665249824523926], "predictions": [75, 6, 397, 398, 7, 6, 400, 401, 7, 78, 4], "target_tokens": ["[IN:CREATE_CALL", "[SL:CONTACT", "@ptr2", "@ptr3", "SL:CONTACT]", "[SL:CONTACT", "@ptr5", "@ptr6", "SL:CONTACT]", "IN:CREATE_CALL]"], "predicted_tokens": ["[IN:CREATE_CALL", "[SL:CONTACT", "@ptr2", "@ptr3", "SL:CONTACT]", "[SL:CONTACT", "@ptr5", "@ptr6", "SL:CONTACT]", "IN:CREATE_CALL]"]}
{"loss": 0.9681746363639832, "class_log_probabilities": [-0.4605668783187866, -6.326186180114746, -7.168748378753662, -7.338119029998779], "predictions": [75, 6, 397, 7, 6, 399, 7, 78, 4, 4, 4, 4], "target_tokens": ["[IN:CREATE_CALL", "[SL:CONTACT", "@ptr2", "SL:CONTACT]", "[SL:CONTACT", "@ptr4", "SL:CONTACT]", "IN:CREATE_CALL]"], "predicted_tokens": ["[IN:CREATE_CALL", "[SL:CONTACT", "@ptr2", "SL:CONTACT]", "[SL:CONTACT", "@ptr4", "SL:CONTACT]", "IN:CREATE_CALL]"]}
{"loss": 0.9990571141242981, "class_log_probabilities": [-0.23075532913208008, -7.506114959716797, -7.69014310836792, -8.18519401550293], "predictions": [107, 203, 397, 204, 110, 4, 4, 4, 4], "target_tokens": ["[IN:UPDATE_CALL", "[SL:CONTACT_REMOVED", "@ptr2", "SL:CONTACT_REMOVED]", "IN:UPDATE_CALL]"], "predicted_tokens": ["[IN:UPDATE_CALL", "[SL:CONTACT_REMOVED", "@ptr2", "SL:CONTACT_REMOVED]", "IN:UPDATE_CALL]"]}
{"loss": 0.9906635284423828, "class_log_probabilities": [-0.25774553418159485, -6.427857875823975, -6.444755554199219, -7.621194839477539], "predictions": [107, 203, 397, 204, 110, 4, 4, 4, 4], "target_tokens": ["[IN:UPDATE_CALL", "[SL:CONTACT_REMOVED", "@ptr2", "SL:CONTACT_REMOVED]", "IN:UPDATE_CALL]"], "predicted_tokens": ["[IN:UPDATE_CALL", "[SL:CONTACT_REMOVED", "@ptr2", "SL:CONTACT_REMOVED]", "IN:UPDATE_CALL]"]}
{"loss": 0.9786392450332642, "class_log_probabilities": [-0.30984705686569214, -7.941227912902832, -7.953665256500244, -7.978525161743164], "predictions": [107, 108, 397, 398, 109, 110, 4], "target_tokens": ["[IN:UPDATE_CALL", "[SL:CONTACT_ADDED", "@ptr2", "@ptr3", "SL:CONTACT_ADDED]", "IN:UPDATE_CALL]"], "predicted_tokens": ["[IN:UPDATE_CALL", "[SL:CONTACT_ADDED", "@ptr2", "@ptr3", "SL:CONTACT_ADDED]", "IN:UPDATE_CALL]"]}
{"loss": 0.9688400030136108, "class_log_probabilities": [-0.3482815623283386, -7.53336763381958, -7.5917229652404785, -7.593301773071289], "predictions": [75, 6, 400, 401, 7, 78, 4, 4], "target_tokens": ["[IN:CREATE_CALL", "[SL:CONTACT", "@ptr5", "@ptr6", "SL:CONTACT]", "IN:CREATE_CALL]"], "predicted_tokens": ["[IN:CREATE_CALL", "[SL:CONTACT", "@ptr5", "@ptr6", "SL:CONTACT]", "IN:CREATE_CALL]"]}
{"loss": 2.5366454124450684, "class_log_probabilities": [-1.8682899475097656, -2.2702698707580566, -3.5100345611572266, -4.152728080749512], "predictions": [75, 6, 70, 71, 398, 72, 6, 399, 7, 73, 4, 4, 4], "target_tokens": ["[IN:CREATE_CALL", "[SL:ORDINAL", "@ptr3", "SL:ORDINAL]", "[SL:CONTACT", "@ptr4", "SL:CONTACT]", "IN:CREATE_CALL]"], "predicted_tokens": ["[IN:CREATE_CALL", "[SL:CONTACT", "[IN:GET_CONTACT", "[SL:TYPE_RELATION", "@ptr3", "SL:TYPE_RELATION]", "[SL:CONTACT", "@ptr4", "SL:CONTACT]", "IN:GET_CONTACT]"]}
{"loss": 5.2082977294921875, "class_log_probabilities": [-0.3809409737586975, -7.2324066162109375, -7.263925075531006, -7.358929634094238], "predictions": [63, 66, 397, 398, 67, 68, 4], "target_tokens": ["[IN:CREATE_CALL", "[SL:CONTACT", "@ptr2", "SL:CONTACT]", "[SL:ORDINAL", "@ptr3", "SL:ORDINAL]", "IN:CREATE_CALL]"], "predicted_tokens": ["[IN:PLAY_MUSIC", "[SL:MUSIC_ARTIST_NAME", "@ptr2", "@ptr3", "SL:MUSIC_ARTIST_NAME]", "IN:PLAY_MUSIC]"]}
{"loss": 0.9931331276893616, "class_log_probabilities": [-1.0663996934890747, -3.419611930847168, -4.911747932434082, -4.932473659515381], "predictions": [75, 6, 397, 7, 20, 398, 21, 78, 4], "target_tokens": ["[IN:CREATE_CALL", "[SL:CONTACT", "@ptr2", "SL:CONTACT]", "[SL:ORDINAL", "@ptr3", "SL:ORDINAL]", "IN:CREATE_CALL]"], "predicted_tokens": ["[IN:CREATE_CALL", "[SL:CONTACT", "@ptr2", "SL:CONTACT]", "[SL:ORDINAL", "@ptr3", "SL:ORDINAL]", "IN:CREATE_CALL]"]}
{"loss": 1.7432314157485962, "class_log_probabilities": [-1.0027599334716797, -5.956424713134766, -6.2073588371276855, -6.268411159515381], "predictions": [63, 20, 397, 21, 68, 4], "target_tokens": ["[IN:CREATE_CALL", "[SL:ORDINAL", "@ptr2", "SL:ORDINAL]", "IN:CREATE_CALL]"], "predicted_tokens": ["[IN:PLAY_MUSIC", "[SL:ORDINAL", "@ptr2", "SL:ORDINAL]", "IN:PLAY_MUSIC]"]}
{"loss": 0.9650079607963562, "class_log_probabilities": [-0.5773220062255859, -6.868161678314209, -7.558777332305908, -7.870528221130371], "predictions": [75, 76, 396, 77, 6, 398, 399, 7, 78, 4, 4], "target_tokens": ["[IN:CREATE_CALL", "[SL:NAME_APP", "@ptr1", "SL:NAME_APP]", "[SL:CONTACT", "@ptr3", "@ptr4", "SL:CONTACT]", "IN:CREATE_CALL]"], "predicted_tokens": ["[IN:CREATE_CALL", "[SL:NAME_APP", "@ptr1", "SL:NAME_APP]", "[SL:CONTACT", "@ptr3", "@ptr4", "SL:CONTACT]", "IN:CREATE_CALL]"]}
{"loss": 3.632402181625366, "class_log_probabilities": [-0.4714089035987854, -7.485296726226807, -7.820156097412109, -7.893772602081299], "predictions": [75, 6, 397, 7, 76, 399, 77, 78, 4], "target_tokens": ["[IN:CREATE_CALL", "[SL:NAME_APP", "@ptr4", "SL:NAME_APP]", "[SL:CONTACT", "@ptr2", "SL:CONTACT]", "IN:CREATE_CALL]"], "predicted_tokens": ["[IN:CREATE_CALL", "[SL:CONTACT", "@ptr2", "SL:CONTACT]", "[SL:NAME_APP", "@ptr4", "SL:NAME_APP]", "IN:CREATE_CALL]"]}
{"loss": 0.9697222113609314, "class_log_probabilities": [-0.34237635135650635, -7.843939781188965, -8.263825416564941, -8.465489387512207], "predictions": [75, 6, 402, 403, 7, 78, 4, 4], "target_tokens": ["[IN:CREATE_CALL", "[SL:CONTACT", "@ptr7", "@ptr8", "SL:CONTACT]", "IN:CREATE_CALL]"], "predicted_tokens": ["[IN:CREATE_CALL", "[SL:CONTACT", "@ptr7", "@ptr8", "SL:CONTACT]", "IN:CREATE_CALL]"]}
{"loss": 0.9698473811149597, "class_log_probabilities": [-0.28710228204727173, -8.95062255859375, -8.981075286865234, -9.039618492126465], "predictions": [75, 6, 399, 7, 78, 4, 4, 4], "target_tokens": ["[IN:CREATE_CALL", "[SL:CONTACT", "@ptr4", "SL:CONTACT]", "IN:CREATE_CALL]"], "predicted_tokens": ["[IN:CREATE_CALL", "[SL:CONTACT", "@ptr4", "SL:CONTACT]", "IN:CREATE_CALL]"]}
{"loss": 0.9691569805145264, "class_log_probabilities": [-0.2942591905593872, -8.55646800994873, -9.05625057220459, -9.340147972106934], "predictions": [75, 6, 399, 7, 78, 4, 4, 4, 4, 4], "target_tokens": ["[IN:CREATE_CALL", "[SL:CONTACT", "@ptr4", "SL:CONTACT]", "IN:CREATE_CALL]"], "predicted_tokens": ["[IN:CREATE_CALL", "[SL:CONTACT", "@ptr4", "SL:CONTACT]", "IN:CREATE_CALL]"]}
{"loss": 0.9677399396896362, "class_log_probabilities": [-0.4797174334526062, -6.827113151550293, -7.033286094665527, -7.059792518615723], "predictions": [75, 6, 397, 7, 76, 399, 77, 78, 4], "target_tokens": ["[IN:CREATE_CALL", "[SL:CONTACT", "@ptr2", "SL:CONTACT]", "[SL:NAME_APP", "@ptr4", "SL:NAME_APP]", "IN:CREATE_CALL]"], "predicted_tokens": ["[IN:CREATE_CALL", "[SL:CONTACT", "@ptr2", "SL:CONTACT]", "[SL:NAME_APP", "@ptr4", "SL:NAME_APP]", "IN:CREATE_CALL]"]}
{"loss": 0.9735550284385681, "class_log_probabilities": [-0.4117380976676941, -8.320564270019531, -8.473669052124023, -8.51233959197998], "predictions": [75, 6, 397, 7, 76, 399, 77, 78, 4], "target_tokens": ["[IN:CREATE_CALL", "[SL:CONTACT", "@ptr2", "SL:CONTACT]", "[SL:NAME_APP", "@ptr4", "SL:NAME_APP]", "IN:CREATE_CALL]"], "predicted_tokens": ["[IN:CREATE_CALL", "[SL:CONTACT", "@ptr2", "SL:CONTACT]", "[SL:NAME_APP", "@ptr4", "SL:NAME_APP]", "IN:CREATE_CALL]"]}
{"loss": 0.9651411175727844, "class_log_probabilities": [-0.42006760835647583, -7.8074846267700195, -7.893953323364258, -7.929079055786133], "predictions": [75, 6, 397, 398, 399, 7, 78, 4, 4], "target_tokens": ["[IN:CREATE_CALL", "[SL:CONTACT", "@ptr2", "@ptr3", "@ptr4", "SL:CONTACT]", "IN:CREATE_CALL]"], "predicted_tokens": ["[IN:CREATE_CALL", "[SL:CONTACT", "@ptr2", "@ptr3", "@ptr4", "SL:CONTACT]", "IN:CREATE_CALL]"]}
{"loss": 0.9621636271476746, "class_log_probabilities": [-0.4915132522583008, -7.361129283905029, -7.56644344329834, -7.5973734855651855], "predictions": [75, 6, 397, 398, 399, 7, 78, 4], "target_tokens": ["[IN:CREATE_CALL", "[SL:CONTACT", "@ptr2", "@ptr3", "@ptr4", "SL:CONTACT]", "IN:CREATE_CALL]"], "predicted_tokens": ["[IN:CREATE_CALL", "[SL:CONTACT", "@ptr2", "@ptr3", "@ptr4", "SL:CONTACT]", "IN:CREATE_CALL]"]}
{"loss": 0.9669288396835327, "class_log_probabilities": [-0.41627803444862366, -6.678683757781982, -7.291606903076172, -7.380338191986084], "predictions": [75, 6, 400, 401, 402, 7, 78, 4, 4], "target_tokens": ["[IN:CREATE_CALL", "[SL:CONTACT", "@ptr5", "@ptr6", "@ptr7", "SL:CONTACT]", "IN:CREATE_CALL]"], "predicted_tokens": ["[IN:CREATE_CALL", "[SL:CONTACT", "@ptr5", "@ptr6", "@ptr7", "SL:CONTACT]", "IN:CREATE_CALL]"]}
{"loss": 0.969202995300293, "class_log_probabilities": [-0.30167055130004883, -6.504349708557129, -7.452280044555664, -7.973214626312256], "predictions": [81, 6, 399, 7, 82, 4, 4], "target_tokens": ["[IN:END_CALL", "[SL:CONTACT", "@ptr4", "SL:CONTACT]", "IN:END_CALL]"], "predicted_tokens": ["[IN:END_CALL", "[SL:CONTACT", "@ptr4", "SL:CONTACT]", "IN:END_CALL]"]}
{"loss": 0.9861977696418762, "class_log_probabilities": [-0.7031630277633667, -4.7092485427856445, -5.180161952972412, -5.360731601715088], "predictions": [237, 6, 399, 7, 238, 4], "target_tokens": ["[IN:HOLD_CALL", "[SL:CONTACT", "@ptr4", "SL:CONTACT]", "IN:HOLD_CALL]"], "predicted_tokens": ["[IN:HOLD_CALL", "[SL:CONTACT", "@ptr4", "SL:CONTACT]", "IN:HOLD_CALL]"]}
{"loss": 1.181625247001648, "class_log_probabilities": [-1.7713782787322998, -1.942870855331421, -2.0606842041015625, -4.611440658569336], "predictions": [107, 6, 397, 7, 110, 4], "target_tokens": ["[IN:UPDATE_CALL", "[SL:CONTACT_REMOVED", "@ptr2", "SL:CONTACT_REMOVED]", "IN:UPDATE_CALL]"], "predicted_tokens": ["[IN:UPDATE_CALL", "[SL:CONTACT", "@ptr2", "SL:CONTACT]", "IN:UPDATE_CALL]"]}
{"loss": 0.9774339199066162, "class_log_probabilities": [-0.40700799226760864, -6.072790622711182, -6.221499443054199, -6.340691566467285], "predictions": [237, 238, 4], "target_tokens": ["[IN:HOLD_CALL", "IN:HOLD_CALL]"], "predicted_tokens": ["[IN:HOLD_CALL", "IN:HOLD_CALL]"]}
{"loss": 0.9789512753486633, "class_log_probabilities": [-0.13946473598480225, -8.26386547088623, -8.385429382324219, -8.402081489562988], "predictions": [245, 246, 4], "target_tokens": ["[IN:UPDATE_METHOD_CALL", "IN:UPDATE_METHOD_CALL]"], "predicted_tokens": ["[IN:UPDATE_METHOD_CALL", "IN:UPDATE_METHOD_CALL]"]}
{"loss": 4.815639495849609, "class_log_probabilities": [-0.4432055354118347, -6.2049479484558105, -6.295581817626953, -6.6154961585998535], "predictions": [171, 6, 395, 7, 172, 4], "target_tokens": ["[IN:SET_AVAILABLE", "IN:SET_AVAILABLE]"], "predicted_tokens": ["[IN:GET_AVAILABILITY", "[SL:CONTACT", "@ptr0", "SL:CONTACT]", "IN:GET_AVAILABILITY]"]}
{"loss": 0.9763699173927307, "class_log_probabilities": [-0.14433059096336365, -8.301651954650879, -8.313570976257324, -8.326217651367188], "predictions": [189, 190, 4, 4], "target_tokens": ["[IN:SET_AVAILABLE", "IN:SET_AVAILABLE]"], "predicted_tokens": ["[IN:SET_AVAILABLE", "IN:SET_AVAILABLE]"]}
{"loss": 0.9721784591674805, "class_log_probabilities": [-0.4736090898513794, -7.136445999145508, -7.7074103355407715, -7.923442840576172], "predictions": [171, 6, 70, 71, 396, 72, 73, 7, 172, 4, 4], "target_tokens": ["[IN:GET_AVAILABILITY", "[SL:CONTACT", "[IN:GET_CONTACT", "[SL:TYPE_RELATION", "@ptr1", "SL:TYPE_RELATION]", "IN:GET_CONTACT]", "SL:CONTACT]", "IN:GET_AVAILABILITY]"], "predicted_tokens": ["[IN:GET_AVAILABILITY", "[SL:CONTACT", "[IN:GET_CONTACT", "[SL:TYPE_RELATION", "@ptr1", "SL:TYPE_RELATION]", "IN:GET_CONTACT]", "SL:CONTACT]", "IN:GET_AVAILABILITY]"]}
{"loss": 1.6571418046951294, "class_log_probabilities": [-0.7197145223617554, -4.492802619934082, -7.142836570739746, -7.515140056610107], "predictions": [185, 16, 400, 401, 402, 17, 16, 403, 404, 405, 17, 186, 4], "target_tokens": ["[IN:GET_CALL", "[SL:DATE_TIME", "@ptr5", "@ptr6", "@ptr7", "@ptr8", "@ptr9", "@ptr10", "SL:DATE_TIME]", "IN:GET_CALL]"], "predicted_tokens": ["[IN:GET_CALL", "[SL:DATE_TIME", "@ptr5", "@ptr6", "@ptr7", "SL:DATE_TIME]", "[SL:DATE_TIME", "@ptr8", "@ptr9", "@ptr10", "SL:DATE_TIME]", "IN:GET_CALL]"]}
{"loss": 0.9980575442314148, "class_log_probabilities": [-0.8299932479858398, -3.5832631587982178, -5.616107940673828, -6.703121662139893], "predictions": [69, 6, 70, 71, 399, 72, 73, 7, 74, 4, 4, 4, 4, 4, 4, 4, 4], "target_tokens": ["[IN:GET_CALL_TIME", "[SL:CONTACT", "[IN:GET_CONTACT", "[SL:TYPE_RELATION", "@ptr4", "SL:TYPE_RELATION]", "IN:GET_CONTACT]", "SL:CONTACT]", "IN:GET_CALL_TIME]"], "predicted_tokens": ["[IN:GET_CALL_TIME", "[SL:CONTACT", "[IN:GET_CONTACT", "[SL:TYPE_RELATION", "@ptr4", "SL:TYPE_RELATION]", "IN:GET_CONTACT]", "SL:CONTACT]", "IN:GET_CALL_TIME]"]}
{"loss": 0.9670922756195068, "class_log_probabilities": [-0.3138542175292969, -7.189311504364014, -7.9164299964904785, -7.942569732666016], "predictions": [171, 6, 400, 7, 172, 4], "target_tokens": ["[IN:GET_AVAILABILITY", "[SL:CONTACT", "@ptr5", "SL:CONTACT]", "IN:GET_AVAILABILITY]"], "predicted_tokens": ["[IN:GET_AVAILABILITY", "[SL:CONTACT", "@ptr5", "SL:CONTACT]", "IN:GET_AVAILABILITY]"]}
{"loss": 0.9817553758621216, "class_log_probabilities": [-0.3098028302192688, -7.702551364898682, -8.232515335083008, -8.249385833740234], "predictions": [185, 16, 399, 400, 17, 186, 4], "target_tokens": ["[IN:GET_CALL", "[SL:DATE_TIME", "@ptr4", "@ptr5", "SL:DATE_TIME]", "IN:GET_CALL]"], "predicted_tokens": ["[IN:GET_CALL", "[SL:DATE_TIME", "@ptr4", "@ptr5", "SL:DATE_TIME]", "IN:GET_CALL]"]}
{"loss": 2.3220279216766357, "class_log_probabilities": [-0.3298724293708801, -5.015326499938965, -5.36724328994751, -5.920984268188477], "predictions": [209, 210, 4], "target_tokens": ["[IN:GET_CALL", "IN:GET_CALL]"], "predicted_tokens": ["[IN:GET_CALL_CONTACT", "IN:GET_CALL_CONTACT]"]}
{"loss": 1.2285932302474976, "class_log_probabilities": [-0.7169650197029114, -3.3165595531463623, -3.9612743854522705, -4.003632545471191], "predictions": [209, 16, 399, 400, 401, 402, 17, 210, 4], "target_tokens": ["[IN:GET_CALL", "[SL:DATE_TIME", "@ptr4", "@ptr5", "@ptr6", "@ptr7", "SL:DATE_TIME]", "IN:GET_CALL]"], "predicted_tokens": ["[IN:GET_CALL_CONTACT", "[SL:DATE_TIME", "@ptr4", "@ptr5", "@ptr6", "@ptr7", "SL:DATE_TIME]", "IN:GET_CALL_CONTACT]"]}
{"loss": 1.0485007762908936, "class_log_probabilities": [-1.2655231952667236, -2.700207471847534, -4.925156593322754, -5.4238200187683105], "predictions": [75, 6, 397, 7, 78, 4], "target_tokens": ["[IN:CREATE_CALL", "[SL:CONTACT", "@ptr2", "SL:CONTACT]", "IN:CREATE_CALL]"], "predicted_tokens": ["[IN:CREATE_CALL", "[SL:CONTACT", "@ptr2", "SL:CONTACT]", "IN:CREATE_CALL]"]}
{"loss": 0.9722324013710022, "class_log_probabilities": [-0.7113349437713623, -6.439476013183594, -6.502503395080566, -6.9917097091674805], "predictions": [75, 6, 70, 93, 397, 94, 71, 398, 72, 73, 7, 78, 4], "target_tokens": ["[IN:CREATE_CALL", "[SL:CONTACT", "[IN:GET_CONTACT", "[SL:CONTACT_RELATED", "@ptr2", "SL:CONTACT_RELATED]", "[SL:TYPE_RELATION", "@ptr3", "SL:TYPE_RELATION]", "IN:GET_CONTACT]", "SL:CONTACT]", "IN:CREATE_CALL]"], "predicted_tokens": ["[IN:CREATE_CALL", "[SL:CONTACT", "[IN:GET_CONTACT", "[SL:CONTACT_RELATED", "@ptr2", "SL:CONTACT_RELATED]", "[SL:TYPE_RELATION", "@ptr3", "SL:TYPE_RELATION]", "IN:GET_CONTACT]", "SL:CONTACT]", "IN:CREATE_CALL]"]}
{"loss": 0.974675714969635, "class_log_probabilities": [-0.598800003528595, -7.426663875579834, -7.9542765617370605, -8.110651016235352], "predictions": [75, 6, 70, 93, 399, 94, 71, 400, 72, 73, 7, 78, 4, 4, 4], "target_tokens": ["[IN:CREATE_CALL", "[SL:CONTACT", "[IN:GET_CONTACT", "[SL:CONTACT_RELATED", "@ptr4", "SL:CONTACT_RELATED]", "[SL:TYPE_RELATION", "@ptr5", "SL:TYPE_RELATION]", "IN:GET_CONTACT]", "SL:CONTACT]", "IN:CREATE_CALL]"], "predicted_tokens": ["[IN:CREATE_CALL", "[SL:CONTACT", "[IN:GET_CONTACT", "[SL:CONTACT_RELATED", "@ptr4", "SL:CONTACT_RELATED]", "[SL:TYPE_RELATION", "@ptr5", "SL:TYPE_RELATION]", "IN:GET_CONTACT]", "SL:CONTACT]", "IN:CREATE_CALL]"]}
{"loss": 0.9746291041374207, "class_log_probabilities": [-0.4442824125289917, -8.338578224182129, -8.468649864196777, -8.588520050048828], "predictions": [75, 6, 70, 71, 400, 72, 73, 7, 78, 4, 4, 4], "target_tokens": ["[IN:CREATE_CALL", "[SL:CONTACT", "[IN:GET_CONTACT", "[SL:TYPE_RELATION", "@ptr5", "SL:TYPE_RELATION]", "IN:GET_CONTACT]", "SL:CONTACT]", "IN:CREATE_CALL]"], "predicted_tokens": ["[IN:CREATE_CALL", "[SL:CONTACT", "[IN:GET_CONTACT", "[SL:TYPE_RELATION", "@ptr5", "SL:TYPE_RELATION]", "IN:GET_CONTACT]", "SL:CONTACT]", "IN:CREATE_CALL]"]}
{"loss": 0.9682500958442688, "class_log_probabilities": [-0.29669156670570374, -8.584968566894531, -8.818863868713379, -8.900800704956055], "predictions": [75, 6, 397, 7, 78, 4, 4, 4], "target_tokens": ["[IN:CREATE_CALL", "[SL:CONTACT", "@ptr2", "SL:CONTACT]", "IN:CREATE_CALL]"], "predicted_tokens": ["[IN:CREATE_CALL", "[SL:CONTACT", "@ptr2", "SL:CONTACT]", "IN:CREATE_CALL]"]}
{"loss": 0.997163712978363, "class_log_probabilities": [-0.8698607087135315, -4.416263580322266, -5.034310340881348, -5.813333988189697], "predictions": [75, 6, 397, 7, 78, 4], "target_tokens": ["[IN:CREATE_CALL", "[SL:CONTACT", "@ptr2", "SL:CONTACT]", "IN:CREATE_CALL]"], "predicted_tokens": ["[IN:CREATE_CALL", "[SL:CONTACT", "@ptr2", "SL:CONTACT]", "IN:CREATE_CALL]"]}
{"loss": 0.9784266948699951, "class_log_probabilities": [-0.13889075815677643, -8.23054313659668, -8.293828010559082, -8.52166748046875], "predictions": [81, 82, 4, 4], "target_tokens": ["[IN:END_CALL", "IN:END_CALL]"], "predicted_tokens": ["[IN:END_CALL", "IN:END_CALL]"]}
{"loss": 0.9692708849906921, "class_log_probabilities": [-0.15696141123771667, -7.865246295928955, -7.918668270111084, -8.378581047058105], "predictions": [81, 82, 4, 4], "target_tokens": ["[IN:END_CALL", "IN:END_CALL]"], "predicted_tokens": ["[IN:END_CALL", "IN:END_CALL]"]}
{"loss": 0.969794511795044, "class_log_probabilities": [-0.2875061631202698, -8.785480499267578, -8.946066856384277, -9.039341926574707], "predictions": [75, 6, 399, 7, 78, 4, 4, 4], "target_tokens": ["[IN:CREATE_CALL", "[SL:CONTACT", "@ptr4", "SL:CONTACT]", "IN:CREATE_CALL]"], "predicted_tokens": ["[IN:CREATE_CALL", "[SL:CONTACT", "@ptr4", "SL:CONTACT]", "IN:CREATE_CALL]"]}
{"loss": 3.0409884452819824, "class_log_probabilities": [-0.3398872911930084, -8.013334274291992, -8.183667182922363, -9.103898048400879], "predictions": [75, 6, 397, 398, 7, 78, 4, 4, 4], "target_tokens": ["[IN:END_CALL", "[SL:CONTACT", "@ptr2", "@ptr3", "SL:CONTACT]", "IN:END_CALL]"], "predicted_tokens": ["[IN:CREATE_CALL", "[SL:CONTACT", "@ptr2", "@ptr3", "SL:CONTACT]", "IN:CREATE_CALL]"]}
{"loss": 0.9696909785270691, "class_log_probabilities": [-0.288067102432251, -8.828760147094727, -8.833877563476562, -9.065106391906738], "predictions": [75, 6, 399, 7, 78, 4, 4, 4], "target_tokens": ["[IN:CREATE_CALL", "[SL:CONTACT", "@ptr4", "SL:CONTACT]", "IN:CREATE_CALL]"], "predicted_tokens": ["[IN:CREATE_CALL", "[SL:CONTACT", "@ptr4", "SL:CONTACT]", "IN:CREATE_CALL]"]}
{"loss": 2.261946201324463, "class_log_probabilities": [-0.6205767393112183, -4.590597629547119, -5.43607234954834, -5.519466876983643], "predictions": [185, 6, 403, 404, 7, 186, 4], "target_tokens": ["[IN:GET_CALL", "[SL:AMOUNT", "@ptr3", "SL:AMOUNT]", "[SL:CONTACT", "@ptr8", "@ptr9", "SL:CONTACT]", "IN:GET_CALL]"], "predicted_tokens": ["[IN:GET_CALL", "[SL:CONTACT", "@ptr8", "@ptr9", "SL:CONTACT]", "IN:GET_CALL]"]}
{"loss": 0.9836791753768921, "class_log_probabilities": [-0.4866257309913635, -5.789365768432617, -7.030941009521484, -7.506680011749268], "predictions": [185, 6, 402, 7, 16, 403, 404, 405, 17, 186, 4], "target_tokens": ["[IN:GET_CALL", "[SL:CONTACT", "@ptr7", "SL:CONTACT]", "[SL:DATE_TIME", "@ptr8", "@ptr9", "@ptr10", "SL:DATE_TIME]", "IN:GET_CALL]"], "predicted_tokens": ["[IN:GET_CALL", "[SL:CONTACT", "@ptr7", "SL:CONTACT]", "[SL:DATE_TIME", "@ptr8", "@ptr9", "@ptr10", "SL:DATE_TIME]", "IN:GET_CALL]"]}
{"loss": 0.9693629145622253, "class_log_probabilities": [-0.3368973433971405, -7.970597267150879, -8.695807456970215, -8.845975875854492], "predictions": [75, 6, 397, 398, 7, 78, 4, 4, 4], "target_tokens": ["[IN:CREATE_CALL", "[SL:CONTACT", "@ptr2", "@ptr3", "SL:CONTACT]", "IN:CREATE_CALL]"], "predicted_tokens": ["[IN:CREATE_CALL", "[SL:CONTACT", "@ptr2", "@ptr3", "SL:CONTACT]", "IN:CREATE_CALL]"]}
{"loss": 1.053929328918457, "class_log_probabilities": [-1.4580341577529907, -2.2847139835357666, -2.564162254333496, -4.8143134117126465], "predictions": [75, 6, 397, 7, 6, 70, 93, 399, 94, 71, 400, 72, 73, 7, 78, 4, 4, 4], "target_tokens": ["[IN:CREATE_CALL", "[SL:CONTACT", "[IN:GET_CONTACT", "[SL:CONTACT", "@ptr2", "SL:CONTACT]", "[SL:CONTACT_RELATED", "@ptr4", "SL:CONTACT_RELATED]", "[SL:TYPE_RELATION", "@ptr5", "SL:TYPE_RELATION]", "IN:GET_CONTACT]", "SL:CONTACT]", "IN:CREATE_CALL]"], "predicted_tokens": ["[IN:CREATE_CALL", "[SL:CONTACT", "@ptr2", "SL:CONTACT]", "[SL:CONTACT", "[IN:GET_CONTACT", "[SL:CONTACT_RELATED", "@ptr4", "SL:CONTACT_RELATED]", "[SL:TYPE_RELATION", "@ptr5", "SL:TYPE_RELATION]", "IN:GET_CONTACT]", "SL:CONTACT]", "IN:CREATE_CALL]"]}
{"loss": 3.642113208770752, "class_log_probabilities": [-1.760737419128418, -5.445541858673096, -5.933915615081787, -6.678700923919678], "predictions": [105, 6, 395, 7, 93, 398, 94, 6, 399, 7, 106, 4], "target_tokens": ["[IN:CREATE_CALL", "[SL:CONTACT", "[IN:GET_CONTACT", "[SL:CONTACT", "@ptr4", "SL:CONTACT]", "[SL:CONTACT_RELATED", "@ptr2", "SL:CONTACT_RELATED]", "[SL:TYPE_RELATION", "@ptr3", "SL:TYPE_RELATION]", "IN:GET_CONTACT]", "SL:CONTACT]", "IN:CREATE_CALL]"], "predicted_tokens": ["[IN:GET_INFO_CONTACT", "[SL:CONTACT", "@ptr0", "SL:CONTACT]", "[SL:CONTACT_RELATED", "@ptr3", "SL:CONTACT_RELATED]", "[SL:CONTACT", "@ptr4", "SL:CONTACT]", "IN:GET_INFO_CONTACT]"]}
{"loss": 0.9695850014686584, "class_log_probabilities": [-0.2904685139656067, -7.148492813110352, -8.871382713317871, -9.637831687927246], "predictions": [75, 6, 401, 7, 78, 4, 4, 4, 4, 4], "target_tokens": ["[IN:CREATE_CALL", "[SL:CONTACT", "@ptr6", "SL:CONTACT]", "IN:CREATE_CALL]"], "predicted_tokens": ["[IN:CREATE_CALL", "[SL:CONTACT", "@ptr6", "SL:CONTACT]", "IN:CREATE_CALL]"]}
{"loss": 0.9743301272392273, "class_log_probabilities": [-0.14637786149978638, -8.104986190795898, -8.4808349609375, -8.488643646240234], "predictions": [81, 82, 4, 4], "target_tokens": ["[IN:END_CALL", "IN:END_CALL]"], "predicted_tokens": ["[IN:END_CALL", "IN:END_CALL]"]}
{"loss": 0.9865750670433044, "class_log_probabilities": [-0.1333104968070984, -8.078889846801758, -8.128437995910645, -8.210785865783691], "predictions": [245, 246, 4], "target_tokens": ["[IN:UPDATE_METHOD_CALL", "IN:UPDATE_METHOD_CALL]"], "predicted_tokens": ["[IN:UPDATE_METHOD_CALL", "IN:UPDATE_METHOD_CALL]"]}
{"loss": 0.9968639016151428, "class_log_probabilities": [-0.23400922119617462, -7.0888166427612305, -7.340263366699219, -8.158830642700195], "predictions": [107, 203, 397, 204, 110, 4, 4, 4, 4], "target_tokens": ["[IN:UPDATE_CALL", "[SL:CONTACT_REMOVED", "@ptr2", "SL:CONTACT_REMOVED]", "IN:UPDATE_CALL]"], "predicted_tokens": ["[IN:UPDATE_CALL", "[SL:CONTACT_REMOVED", "@ptr2", "SL:CONTACT_REMOVED]", "IN:UPDATE_CALL]"]}
{"loss": 0.9834473133087158, "class_log_probabilities": [-0.31217870116233826, -5.4186906814575195, -5.481607437133789, -6.437311172485352], "predictions": [107, 108, 397, 109, 110, 4], "target_tokens": ["[IN:UPDATE_CALL", "[SL:CONTACT_ADDED", "@ptr2", "SL:CONTACT_ADDED]", "IN:UPDATE_CALL]"], "predicted_tokens": ["[IN:UPDATE_CALL", "[SL:CONTACT_ADDED", "@ptr2", "SL:CONTACT_ADDED]", "IN:UPDATE_CALL]"]}
{"loss": 0.9660888314247131, "class_log_probabilities": [-0.1607464849948883, -8.538153648376465, -8.551916122436523, -8.567302703857422], "predictions": [171, 172, 4, 4], "target_tokens": ["[IN:GET_AVAILABILITY", "IN:GET_AVAILABILITY]"], "predicted_tokens": ["[IN:GET_AVAILABILITY", "IN:GET_AVAILABILITY]"]}
{"loss": 0.9682116508483887, "class_log_probabilities": [-0.3033837080001831, -7.707614898681641, -7.982634544372559, -8.268335342407227], "predictions": [171, 6, 399, 7, 172, 4, 4], "target_tokens": ["[IN:GET_AVAILABILITY", "[SL:CONTACT", "@ptr4", "SL:CONTACT]", "IN:GET_AVAILABILITY]"], "predicted_tokens": ["[IN:GET_AVAILABILITY", "[SL:CONTACT", "@ptr4", "SL:CONTACT]", "IN:GET_AVAILABILITY]"]}
{"loss": 0.9647798538208008, "class_log_probabilities": [-0.16372127830982208, -8.4613037109375, -8.483798027038574, -8.507493019104004], "predictions": [171, 172, 4, 4], "target_tokens": ["[IN:GET_AVAILABILITY", "IN:GET_AVAILABILITY]"], "predicted_tokens": ["[IN:GET_AVAILABILITY", "IN:GET_AVAILABILITY]"]}
{"loss": 0.9883880615234375, "class_log_probabilities": [-0.3063657879829407, -7.935357570648193, -8.412664413452148, -8.48776912689209], "predictions": [185, 16, 401, 402, 17, 186, 4], "target_tokens": ["[IN:GET_CALL", "[SL:DATE_TIME", "@ptr6", "@ptr7", "SL:DATE_TIME]", "IN:GET_CALL]"], "predicted_tokens": ["[IN:GET_CALL", "[SL:DATE_TIME", "@ptr6", "@ptr7", "SL:DATE_TIME]", "IN:GET_CALL]"]}
{"loss": 0.9817161560058594, "class_log_probabilities": [-0.5632246136665344, -5.255456924438477, -5.873905658721924, -5.96914005279541], "predictions": [69, 6, 70, 71, 400, 72, 73, 7, 74, 4], "target_tokens": ["[IN:GET_CALL_TIME", "[SL:CONTACT", "[IN:GET_CONTACT", "[SL:TYPE_RELATION", "@ptr5", "SL:TYPE_RELATION]", "IN:GET_CONTACT]", "SL:CONTACT]", "IN:GET_CALL_TIME]"], "predicted_tokens": ["[IN:GET_CALL_TIME", "[SL:CONTACT", "[IN:GET_CONTACT", "[SL:TYPE_RELATION", "@ptr5", "SL:TYPE_RELATION]", "IN:GET_CONTACT]", "SL:CONTACT]", "IN:GET_CALL_TIME]"]}
{"loss": 1.5574554204940796, "class_log_probabilities": [-0.7748333811759949, -5.903895378112793, -6.151920795440674, -6.165708541870117], "predictions": [185, 6, 70, 93, 399, 94, 71, 400, 72, 73, 7, 16, 401, 402, 403, 17, 186, 4], "target_tokens": ["[IN:GET_CALL", "[SL:CONTACT", "[IN:GET_CONTACT", "[SL:CONTACT_RELATED", "@ptr4", "SL:CONTACT_RELATED]", "[SL:TYPE_RELATION", "@ptr5", "SL:TYPE_RELATION]", "IN:GET_CONTACT]", "SL:CONTACT]", "[SL:DATE_TIME", "@ptr7", "@ptr8", "SL:DATE_TIME]", "IN:GET_CALL]"], "predicted_tokens": ["[IN:GET_CALL", "[SL:CONTACT", "[IN:GET_CONTACT", "[SL:CONTACT_RELATED", "@ptr4", "SL:CONTACT_RELATED]", "[SL:TYPE_RELATION", "@ptr5", "SL:TYPE_RELATION]", "IN:GET_CONTACT]", "SL:CONTACT]", "[SL:DATE_TIME", "@ptr6", "@ptr7", "@ptr8", "SL:DATE_TIME]", "IN:GET_CALL]"]}
{"loss": 0.9931313395500183, "class_log_probabilities": [-0.1388489305973053, -7.09347677230835, -7.375683307647705, -7.554784297943115], "predictions": [69, 74, 4], "target_tokens": ["[IN:GET_CALL_TIME", "IN:GET_CALL_TIME]"], "predicted_tokens": ["[IN:GET_CALL_TIME", "IN:GET_CALL_TIME]"]}
{"loss": 0.9826468825340271, "class_log_probabilities": [-0.2750003933906555, -7.888291358947754, -8.141420364379883, -8.241837501525879], "predictions": [185, 16, 401, 17, 186, 4], "target_tokens": ["[IN:GET_CALL", "[SL:DATE_TIME", "@ptr6", "SL:DATE_TIME]", "IN:GET_CALL]"], "predicted_tokens": ["[IN:GET_CALL", "[SL:DATE_TIME", "@ptr6", "SL:DATE_TIME]", "IN:GET_CALL]"]}
{"loss": 0.9736995100975037, "class_log_probabilities": [-0.6008240580558777, -6.842290878295898, -7.7841596603393555, -7.92350959777832], "predictions": [75, 6, 70, 93, 398, 94, 71, 399, 72, 73, 7, 78, 4, 4, 4], "target_tokens": ["[IN:CREATE_CALL", "[SL:CONTACT", "[IN:GET_CONTACT", "[SL:CONTACT_RELATED", "@ptr3", "SL:CONTACT_RELATED]", "[SL:TYPE_RELATION", "@ptr4", "SL:TYPE_RELATION]", "IN:GET_CONTACT]", "SL:CONTACT]", "IN:CREATE_CALL]"], "predicted_tokens": ["[IN:CREATE_CALL", "[SL:CONTACT", "[IN:GET_CONTACT", "[SL:CONTACT_RELATED", "@ptr3", "SL:CONTACT_RELATED]", "[SL:TYPE_RELATION", "@ptr4", "SL:TYPE_RELATION]", "IN:GET_CONTACT]", "SL:CONTACT]", "IN:CREATE_CALL]"]}
{"loss": 0.972917377948761, "class_log_probabilities": [-0.14779475331306458, -8.122671127319336, -8.369592666625977, -8.394745826721191], "predictions": [81, 82, 4, 4], "target_tokens": ["[IN:END_CALL", "IN:END_CALL]"], "predicted_tokens": ["[IN:END_CALL", "IN:END_CALL]"]}
{"loss": 2.5402591228485107, "class_log_probabilities": [-0.8506676554679871, -3.6232340335845947, -5.892646789550781, -7.461912631988525], "predictions": [75, 6, 398, 7, 78, 4, 4, 4, 4, 4, 4], "target_tokens": ["[IN:CREATE_CALL", "[SL:CONTACT", "[IN:GET_CONTACT", "[SL:CONTACT_RELATED", "@ptr2", "SL:CONTACT_RELATED]", "[SL:TYPE_RELATION", "@ptr3", "SL:TYPE_RELATION]", "IN:GET_CONTACT]", "SL:CONTACT]", "IN:CREATE_CALL]"], "predicted_tokens": ["[IN:CREATE_CALL", "[SL:CONTACT", "@ptr3", "SL:CONTACT]", "IN:CREATE_CALL]"]}
{"loss": 0.97057044506073, "class_log_probabilities": [-0.4764828681945801, -8.763134956359863, -8.792149543762207, -8.841790199279785], "predictions": [75, 6, 70, 71, 397, 72, 73, 7, 78, 4, 4, 4], "target_tokens": ["[IN:CREATE_CALL", "[SL:CONTACT", "[IN:GET_CONTACT", "[SL:TYPE_RELATION", "@ptr2", "SL:TYPE_RELATION]", "IN:GET_CONTACT]", "SL:CONTACT]", "IN:CREATE_CALL]"], "predicted_tokens": ["[IN:CREATE_CALL", "[SL:CONTACT", "[IN:GET_CONTACT", "[SL:TYPE_RELATION", "@ptr2", "SL:TYPE_RELATION]", "IN:GET_CONTACT]", "SL:CONTACT]", "IN:CREATE_CALL]"]}
{"loss": 0.9776633381843567, "class_log_probabilities": [-0.5719513893127441, -7.05958890914917, -7.257235527038574, -7.605170726776123], "predictions": [75, 6, 70, 93, 402, 94, 71, 403, 72, 73, 7, 78, 4], "target_tokens": ["[IN:CREATE_CALL", "[SL:CONTACT", "[IN:GET_CONTACT", "[SL:CONTACT_RELATED", "@ptr7", "SL:CONTACT_RELATED]", "[SL:TYPE_RELATION", "@ptr8", "SL:TYPE_RELATION]", "IN:GET_CONTACT]", "SL:CONTACT]", "IN:CREATE_CALL]"], "predicted_tokens": ["[IN:CREATE_CALL", "[SL:CONTACT", "[IN:GET_CONTACT", "[SL:CONTACT_RELATED", "@ptr7", "SL:CONTACT_RELATED]", "[SL:TYPE_RELATION", "@ptr8", "SL:TYPE_RELATION]", "IN:GET_CONTACT]", "SL:CONTACT]", "IN:CREATE_CALL]"]}
{"loss": 2.3765957355499268, "class_log_probabilities": [-0.4843798279762268, -8.226017951965332, -8.553361892700195, -8.999885559082031], "predictions": [75, 6, 70, 71, 397, 72, 73, 7, 78, 4, 4, 4], "target_tokens": ["[IN:CREATE_CALL", "[SL:CONTACT", "[IN:GET_CONTACT", "[SL:TYPE_RELATION", "@ptr1", "@ptr2", "SL:TYPE_RELATION]", "IN:GET_CONTACT]", "SL:CONTACT]", "IN:CREATE_CALL]"], "predicted_tokens": ["[IN:CREATE_CALL", "[SL:CONTACT", "[IN:GET_CONTACT", "[SL:TYPE_RELATION", "@ptr2", "SL:TYPE_RELATION]", "IN:GET_CONTACT]", "SL:CONTACT]", "IN:CREATE_CALL]"]}
{"loss": 2.1690526008605957, "class_log_probabilities": [-0.3317258954048157, -6.267272472381592, -6.871123790740967, -7.298003673553467], "predictions": [63, 66, 397, 67, 68, 4], "target_tokens": ["[IN:CREATE_CALL", "[SL:CONTACT", "@ptr2", "SL:CONTACT]", "IN:CREATE_CALL]"], "predicted_tokens": ["[IN:PLAY_MUSIC", "[SL:MUSIC_ARTIST_NAME", "@ptr2", "SL:MUSIC_ARTIST_NAME]", "IN:PLAY_MUSIC]"]}
{"loss": 1.245699167251587, "class_log_probabilities": [-2.724388599395752, -2.768573760986328, -3.052049160003662, -4.794515609741211], "predictions": [70, 6, 395, 7, 93, 397, 94, 71, 398, 72, 73, 7, 78, 4], "target_tokens": ["[IN:CREATE_CALL", "[SL:CONTACT", "[IN:GET_CONTACT", "[SL:CONTACT_RELATED", "@ptr2", "SL:CONTACT_RELATED]", "[SL:TYPE_RELATION", "@ptr3", "SL:TYPE_RELATION]", "IN:GET_CONTACT]", "SL:CONTACT]", "IN:CREATE_CALL]"], "predicted_tokens": ["[IN:GET_CONTACT", "[SL:CONTACT", "@ptr0", "SL:CONTACT]", "[SL:CONTACT_RELATED", "@ptr2", "SL:CONTACT_RELATED]", "[SL:TYPE_RELATION", "@ptr3", "SL:TYPE_RELATION]", "IN:GET_CONTACT]", "SL:CONTACT]", "IN:CREATE_CALL]"]}
{"loss": 1.001558780670166, "class_log_probabilities": [-0.5349067449569702, -3.0869669914245605, -5.171087265014648, -5.398068428039551], "predictions": [245, 246, 4, 4, 4, 4], "target_tokens": ["[IN:UPDATE_METHOD_CALL", "IN:UPDATE_METHOD_CALL]"], "predicted_tokens": ["[IN:UPDATE_METHOD_CALL", "IN:UPDATE_METHOD_CALL]"]}
{"loss": 0.9873649477958679, "class_log_probabilities": [-0.1327361762523651, -7.680051326751709, -7.8917412757873535, -8.050057411193848], "predictions": [245, 246, 4], "target_tokens": ["[IN:UPDATE_METHOD_CALL", "IN:UPDATE_METHOD_CALL]"], "predicted_tokens": ["[IN:UPDATE_METHOD_CALL", "IN:UPDATE_METHOD_CALL]"]}
{"loss": 0.9802086353302002, "class_log_probabilities": [-0.6654377579689026, -5.382791519165039, -5.707625865936279, -6.558243751525879], "predictions": [107, 203, 70, 71, 397, 72, 6, 398, 7, 73, 204, 110, 4], "target_tokens": ["[IN:UPDATE_CALL", "[SL:CONTACT_REMOVED", "[IN:GET_CONTACT", "[SL:TYPE_RELATION", "@ptr2", "SL:TYPE_RELATION]", "[SL:CONTACT", "@ptr3", "SL:CONTACT]", "IN:GET_CONTACT]", "SL:CONTACT_REMOVED]", "IN:UPDATE_CALL]"], "predicted_tokens": ["[IN:UPDATE_CALL", "[SL:CONTACT_REMOVED", "[IN:GET_CONTACT", "[SL:TYPE_RELATION", "@ptr2", "SL:TYPE_RELATION]", "[SL:CONTACT", "@ptr3", "SL:CONTACT]", "IN:GET_CONTACT]", "SL:CONTACT_REMOVED]", "IN:UPDATE_CALL]"]}
{"loss": 2.1066572666168213, "class_log_probabilities": [-0.672341525554657, -7.219380855560303, -8.136565208435059, -9.166633605957031], "predictions": [75, 6, 70, 71, 397, 72, 93, 399, 400, 94, 73, 7, 78, 4, 4, 4], "target_tokens": ["[IN:CREATE_CALL", "[SL:CONTACT", "[IN:GET_CONTACT", "[SL:CONTACT_RELATED", "@ptr4", "@ptr5", "SL:CONTACT_RELATED]", "[SL:TYPE_RELATION", "@ptr2", "SL:TYPE_RELATION]", "IN:GET_CONTACT]", "SL:CONTACT]", "IN:CREATE_CALL]"], "predicted_tokens": ["[IN:CREATE_CALL", "[SL:CONTACT", "[IN:GET_CONTACT", "[SL:TYPE_RELATION", "@ptr2", "SL:TYPE_RELATION]", "[SL:CONTACT_RELATED", "@ptr4", "@ptr5", "SL:CONTACT_RELATED]", "IN:GET_CONTACT]", "SL:CONTACT]", "IN:CREATE_CALL]"]}
{"loss": 2.1768784523010254, "class_log_probabilities": [-0.681576132774353, -7.16081428527832, -8.5245943069458, -9.097408294677734], "predictions": [75, 6, 70, 71, 397, 72, 93, 399, 400, 94, 73, 7, 78, 4, 4, 4], "target_tokens": ["[IN:CREATE_CALL", "[SL:CONTACT", "[IN:GET_CONTACT", "[SL:CONTACT_RELATED", "@ptr4", "@ptr5", "SL:CONTACT_RELATED]", "[SL:TYPE_RELATION", "@ptr2", "SL:TYPE_RELATION]", "IN:GET_CONTACT]", "SL:CONTACT]", "IN:CREATE_CALL]"], "predicted_tokens": ["[IN:CREATE_CALL", "[SL:CONTACT", "[IN:GET_CONTACT", "[SL:TYPE_RELATION", "@ptr2", "SL:TYPE_RELATION]", "[SL:CONTACT_RELATED", "@ptr4", "@ptr5", "SL:CONTACT_RELATED]", "IN:GET_CONTACT]", "SL:CONTACT]", "IN:CREATE_CALL]"]}
{"loss": 2.3292343616485596, "class_log_probabilities": [-0.6351877450942993, -6.41874361038208, -8.258035659790039, -8.937837600708008], "predictions": [75, 6, 70, 71, 397, 72, 93, 399, 94, 73, 7, 78, 4, 4, 4], "target_tokens": ["[IN:CREATE_CALL", "[SL:CONTACT", "[IN:GET_CONTACT", "[SL:CONTACT_RELATED", "@ptr4", "SL:CONTACT_RELATED]", "[SL:TYPE_RELATION", "@ptr2", "SL:TYPE_RELATION]", "IN:GET_CONTACT]", "SL:CONTACT]", "IN:CREATE_CALL]"], "predicted_tokens": ["[IN:CREATE_CALL", "[SL:CONTACT", "[IN:GET_CONTACT", "[SL:TYPE_RELATION", "@ptr2", "SL:TYPE_RELATION]", "[SL:CONTACT_RELATED", "@ptr4", "SL:CONTACT_RELATED]", "IN:GET_CONTACT]", "SL:CONTACT]", "IN:CREATE_CALL]"]}
{"loss": 3.8956241607666016, "class_log_probabilities": [-0.29563063383102417, -7.225142002105713, -7.529935836791992, -7.73406982421875], "predictions": [89, 90, 397, 91, 92, 4], "target_tokens": ["[IN:CREATE_CALL", "[SL:CONTACT", "@ptr2", "SL:CONTACT]", "IN:CREATE_CALL]"], "predicted_tokens": ["[IN:CREATE_TIMER", "[SL:METHOD_TIMER", "@ptr2", "SL:METHOD_TIMER]", "IN:CREATE_TIMER]"]}
{"loss": 0.9685110449790955, "class_log_probabilities": [-0.34216850996017456, -8.006843566894531, -8.104523658752441, -8.735109329223633], "predictions": [75, 6, 399, 400, 7, 78, 4], "target_tokens": ["[IN:CREATE_CALL", "[SL:CONTACT", "@ptr4", "@ptr5", "SL:CONTACT]", "IN:CREATE_CALL]"], "predicted_tokens": ["[IN:CREATE_CALL", "[SL:CONTACT", "@ptr4", "@ptr5", "SL:CONTACT]", "IN:CREATE_CALL]"]}
{"loss": 3.0944204330444336, "class_log_probabilities": [-2.112931966781616, -2.385235548019409, -4.335898399353027, -4.5533599853515625], "predictions": [61, 83, 397, 398, 84, 14, 400, 401, 15, 14, 403, 404, 15, 62, 4], "target_tokens": ["[IN:CREATE_CALL", "[SL:CONTACT", "@ptr2", "@ptr3", "@ptr4", "@ptr5", "@ptr6", "@ptr7", "@ptr8", "@ptr9", "SL:CONTACT]", "IN:CREATE_CALL]"], "predicted_tokens": ["[IN:GET_EVENT", "[SL:CATEGORY_EVENT", "@ptr2", "@ptr3", "SL:CATEGORY_EVENT]", "[SL:LOCATION", "@ptr5", "@ptr6", "SL:LOCATION]", "[SL:LOCATION", "@ptr8", "@ptr9", "SL:LOCATION]", "IN:GET_EVENT]"]}
{"loss": 0.983638346195221, "class_log_probabilities": [-0.7291549444198608, -5.351640224456787, -6.201638221740723, -6.254725456237793], "predictions": [75, 6, 70, 93, 398, 94, 71, 399, 72, 6, 400, 7, 73, 7, 78, 4, 4, 4, 4], "target_tokens": ["[IN:CREATE_CALL", "[SL:CONTACT", "[IN:GET_CONTACT", "[SL:CONTACT_RELATED", "@ptr3", "SL:CONTACT_RELATED]", "[SL:TYPE_RELATION", "@ptr4", "SL:TYPE_RELATION]", "[SL:CONTACT", "@ptr5", "SL:CONTACT]", "IN:GET_CONTACT]", "SL:CONTACT]", "IN:CREATE_CALL]"], "predicted_tokens": ["[IN:CREATE_CALL", "[SL:CONTACT", "[IN:GET_CONTACT", "[SL:CONTACT_RELATED", "@ptr3", "SL:CONTACT_RELATED]", "[SL:TYPE_RELATION", "@ptr4", "SL:TYPE_RELATION]", "[SL:CONTACT", "@ptr5", "SL:CONTACT]", "IN:GET_CONTACT]", "SL:CONTACT]", "IN:CREATE_CALL]"]}
{"loss": 0.9683465957641602, "class_log_probabilities": [-0.34382420778274536, -7.980165958404541, -8.738164901733398, -9.008541107177734], "predictions": [75, 6, 399, 400, 7, 78, 4, 4, 4], "target_tokens": ["[IN:CREATE_CALL", "[SL:CONTACT", "@ptr4", "@ptr5", "SL:CONTACT]", "IN:CREATE_CALL]"], "predicted_tokens": ["[IN:CREATE_CALL", "[SL:CONTACT", "@ptr4", "@ptr5", "SL:CONTACT]", "IN:CREATE_CALL]"]}
{"loss": 0.9813942909240723, "class_log_probabilities": [-0.2704054117202759, -7.7687835693359375, -8.186674118041992, -8.25743293762207], "predictions": [153, 6, 398, 7, 154, 4, 4], "target_tokens": ["[IN:ANSWER_CALL", "[SL:CONTACT", "@ptr3", "SL:CONTACT]", "IN:ANSWER_CALL]"], "predicted_tokens": ["[IN:ANSWER_CALL", "[SL:CONTACT", "@ptr3", "SL:CONTACT]", "IN:ANSWER_CALL]"]}
{"loss": 0.9684351682662964, "class_log_probabilities": [-0.3425774872303009, -8.005293846130371, -8.632922172546387, -8.993885040283203], "predictions": [75, 6, 398, 399, 7, 78, 4, 4, 4], "target_tokens": ["[IN:CREATE_CALL", "[SL:CONTACT", "@ptr3", "@ptr4", "SL:CONTACT]", "IN:CREATE_CALL]"], "predicted_tokens": ["[IN:CREATE_CALL", "[SL:CONTACT", "@ptr3", "@ptr4", "SL:CONTACT]", "IN:CREATE_CALL]"]}
{"loss": 0.968805730342865, "class_log_probabilities": [-0.3405146896839142, -8.030496597290039, -8.741064071655273, -8.963069915771484], "predictions": [75, 6, 398, 399, 7, 78, 4, 4, 4], "target_tokens": ["[IN:CREATE_CALL", "[SL:CONTACT", "@ptr3", "@ptr4", "SL:CONTACT]", "IN:CREATE_CALL]"], "predicted_tokens": ["[IN:CREATE_CALL", "[SL:CONTACT", "@ptr3", "@ptr4", "SL:CONTACT]", "IN:CREATE_CALL]"]}
{"loss": 2.4523983001708984, "class_log_probabilities": [-0.45523303747177124, -4.8878173828125, -4.948495864868164, -6.6016669273376465], "predictions": [63, 66, 397, 398, 67, 68, 4, 4, 4, 4], "target_tokens": ["[IN:CREATE_CALL", "[SL:CONTACT", "@ptr2", "@ptr3", "SL:CONTACT]", "IN:CREATE_CALL]"], "predicted_tokens": ["[IN:PLAY_MUSIC", "[SL:MUSIC_ARTIST_NAME", "@ptr2", "@ptr3", "SL:MUSIC_ARTIST_NAME]", "IN:PLAY_MUSIC]"]}
{"loss": 0.9683802723884583, "class_log_probabilities": [-0.3450047969818115, -8.194934844970703, -8.510636329650879, -8.550189971923828], "predictions": [75, 6, 397, 398, 7, 78, 4, 4, 4], "target_tokens": ["[IN:CREATE_CALL", "[SL:CONTACT", "@ptr2", "@ptr3", "SL:CONTACT]", "IN:CREATE_CALL]"], "predicted_tokens": ["[IN:CREATE_CALL", "[SL:CONTACT", "@ptr2", "@ptr3", "SL:CONTACT]", "IN:CREATE_CALL]"]}
{"loss": 0.9692606329917908, "class_log_probabilities": [-0.3379051089286804, -8.029742240905762, -8.047143936157227, -8.186779975891113], "predictions": [75, 6, 400, 401, 7, 78, 4, 4], "target_tokens": ["[IN:CREATE_CALL", "[SL:CONTACT", "@ptr5", "@ptr6", "SL:CONTACT]", "IN:CREATE_CALL]"], "predicted_tokens": ["[IN:CREATE_CALL", "[SL:CONTACT", "@ptr5", "@ptr6", "SL:CONTACT]", "IN:CREATE_CALL]"]}
{"loss": 0.969210147857666, "class_log_probabilities": [-0.33718931674957275, -7.953958034515381, -8.451936721801758, -8.556629180908203], "predictions": [75, 6, 398, 399, 7, 78, 4, 4], "target_tokens": ["[IN:CREATE_CALL", "[SL:CONTACT", "@ptr3", "@ptr4", "SL:CONTACT]", "IN:CREATE_CALL]"], "predicted_tokens": ["[IN:CREATE_CALL", "[SL:CONTACT", "@ptr3", "@ptr4", "SL:CONTACT]", "IN:CREATE_CALL]"]}
{"loss": 0.9690210819244385, "class_log_probabilities": [-0.29277247190475464, -8.737024307250977, -8.751896858215332, -8.789352416992188], "predictions": [75, 6, 399, 7, 78, 4, 4, 4], "target_tokens": ["[IN:CREATE_CALL", "[SL:CONTACT", "@ptr4", "SL:CONTACT]", "IN:CREATE_CALL]"], "predicted_tokens": ["[IN:CREATE_CALL", "[SL:CONTACT", "@ptr4", "SL:CONTACT]", "IN:CREATE_CALL]"]}
{"loss": 0.9687197804450989, "class_log_probabilities": [-0.2920565605163574, -8.019655227661133, -8.341707229614258, -9.065488815307617], "predictions": [75, 6, 399, 7, 78, 4, 4, 4], "target_tokens": ["[IN:CREATE_CALL", "[SL:CONTACT", "@ptr4", "SL:CONTACT]", "IN:CREATE_CALL]"], "predicted_tokens": ["[IN:CREATE_CALL", "[SL:CONTACT", "@ptr4", "SL:CONTACT]", "IN:CREATE_CALL]"]}
{"loss": 0.970055878162384, "class_log_probabilities": [-0.28581303358078003, -8.741146087646484, -8.823427200317383, -12.98475456237793], "predictions": [75, 6, 398, 7, 78, 4, 4, 4, 4, 4], "target_tokens": ["[IN:CREATE_CALL", "[SL:CONTACT", "@ptr3", "SL:CONTACT]", "IN:CREATE_CALL]"], "predicted_tokens": ["[IN:CREATE_CALL", "[SL:CONTACT", "@ptr3", "SL:CONTACT]", "IN:CREATE_CALL]"]}
{"loss": 1.78681218624115, "class_log_probabilities": [-0.8673296570777893, -3.359248399734497, -5.985437393188477, -6.342482566833496], "predictions": [75, 6, 70, 93, 397, 94, 71, 398, 72, 73, 7, 78, 4, 4, 4, 4, 4], "target_tokens": ["[IN:CREATE_CALL", "[SL:CONTACT", "[IN:GET_CONTACT", "[SL:TYPE_RELATION", "@ptr3", "SL:TYPE_RELATION]", "IN:GET_CONTACT]", "SL:CONTACT]", "IN:CREATE_CALL]"], "predicted_tokens": ["[IN:CREATE_CALL", "[SL:CONTACT", "[IN:GET_CONTACT", "[SL:CONTACT_RELATED", "@ptr2", "SL:CONTACT_RELATED]", "[SL:TYPE_RELATION", "@ptr3", "SL:TYPE_RELATION]", "IN:GET_CONTACT]", "SL:CONTACT]", "IN:CREATE_CALL]"]}
{"loss": 0.9832594394683838, "class_log_probabilities": [-0.45448732376098633, -2.932410478591919, -4.9537763595581055, -6.829125881195068], "predictions": [75, 6, 401, 7, 78, 4, 4, 4, 4], "target_tokens": ["[IN:CREATE_CALL", "[SL:CONTACT", "@ptr6", "SL:CONTACT]", "IN:CREATE_CALL]"], "predicted_tokens": ["[IN:CREATE_CALL", "[SL:CONTACT", "@ptr6", "SL:CONTACT]", "IN:CREATE_CALL]"]}
{"loss": 0.9705517888069153, "class_log_probabilities": [-0.4798488914966583, -7.585142612457275, -7.683064937591553, -9.029231071472168], "predictions": [75, 6, 70, 71, 399, 72, 73, 7, 78, 4, 4, 4], "target_tokens": ["[IN:CREATE_CALL", "[SL:CONTACT", "[IN:GET_CONTACT", "[SL:TYPE_RELATION", "@ptr4", "SL:TYPE_RELATION]", "IN:GET_CONTACT]", "SL:CONTACT]", "IN:CREATE_CALL]"], "predicted_tokens": ["[IN:CREATE_CALL", "[SL:CONTACT", "[IN:GET_CONTACT", "[SL:TYPE_RELATION", "@ptr4", "SL:TYPE_RELATION]", "IN:GET_CONTACT]", "SL:CONTACT]", "IN:CREATE_CALL]"]}
{"loss": 0.9774069786071777, "class_log_probabilities": [-0.1430494785308838, -8.238868713378906, -8.246339797973633, -8.333970069885254], "predictions": [189, 190, 4, 4], "target_tokens": ["[IN:SET_AVAILABLE", "IN:SET_AVAILABLE]"], "predicted_tokens": ["[IN:SET_AVAILABLE", "IN:SET_AVAILABLE]"]}
{"loss": 0.9770413041114807, "class_log_probabilities": [-0.2778512239456177, -4.3689374923706055, -4.568136215209961, -6.704955101013184], "predictions": [95, 96, 4], "target_tokens": ["[IN:IGNORE_CALL", "IN:IGNORE_CALL]"], "predicted_tokens": ["[IN:IGNORE_CALL", "IN:IGNORE_CALL]"]}
{"loss": 0.9758562445640564, "class_log_probabilities": [-0.284328430891037, -7.895852565765381, -8.00661849975586, -8.481276512145996], "predictions": [107, 108, 397, 109, 110, 4, 4, 4, 4], "target_tokens": ["[IN:UPDATE_CALL", "[SL:CONTACT_ADDED", "@ptr2", "SL:CONTACT_ADDED]", "IN:UPDATE_CALL]"], "predicted_tokens": ["[IN:UPDATE_CALL", "[SL:CONTACT_ADDED", "@ptr2", "SL:CONTACT_ADDED]", "IN:UPDATE_CALL]"]}
{"loss": 0.9794411659240723, "class_log_probabilities": [-0.1377408504486084, -8.423882484436035, -8.469099998474121, -8.733396530151367], "predictions": [107, 110, 4, 4, 4], "target_tokens": ["[IN:UPDATE_CALL", "IN:UPDATE_CALL]"], "predicted_tokens": ["[IN:UPDATE_CALL", "IN:UPDATE_CALL]"]}
{"loss": 0.9802284240722656, "class_log_probabilities": [-0.13627566397190094, -8.402685165405273, -8.518163681030273, -8.737505912780762], "predictions": [107, 110, 4, 4, 4], "target_tokens": ["[IN:UPDATE_CALL", "IN:UPDATE_CALL]"], "predicted_tokens": ["[IN:UPDATE_CALL", "IN:UPDATE_CALL]"]}
{"loss": 0.9666616916656494, "class_log_probabilities": [-0.4055439233779907, -7.914002895355225, -8.084233283996582, -9.256574630737305], "predictions": [75, 6, 397, 398, 399, 7, 78, 4, 4, 4, 4, 4, 4], "target_tokens": ["[IN:CREATE_CALL", "[SL:CONTACT", "@ptr2", "@ptr3", "@ptr4", "SL:CONTACT]", "IN:CREATE_CALL]"], "predicted_tokens": ["[IN:CREATE_CALL", "[SL:CONTACT", "@ptr2", "@ptr3", "@ptr4", "SL:CONTACT]", "IN:CREATE_CALL]"]}
{"loss": 0.9663066267967224, "class_log_probabilities": [-0.16069376468658447, -8.525256156921387, -8.52978801727295, -8.61429214477539], "predictions": [171, 172, 4, 4], "target_tokens": ["[IN:GET_AVAILABILITY", "IN:GET_AVAILABILITY]"], "predicted_tokens": ["[IN:GET_AVAILABILITY", "IN:GET_AVAILABILITY]"]}
{"loss": 0.966935932636261, "class_log_probabilities": [-0.30920636653900146, -7.652622699737549, -8.288005828857422, -8.29439926147461], "predictions": [171, 6, 396, 7, 172, 4, 4], "target_tokens": ["[IN:GET_AVAILABILITY", "[SL:CONTACT", "@ptr1", "SL:CONTACT]", "IN:GET_AVAILABILITY]"], "predicted_tokens": ["[IN:GET_AVAILABILITY", "[SL:CONTACT", "@ptr1", "SL:CONTACT]", "IN:GET_AVAILABILITY]"]}
{"loss": 0.9653390049934387, "class_log_probabilities": [-0.16355615854263306, -8.427095413208008, -8.492429733276367, -8.516765594482422], "predictions": [171, 172, 4], "target_tokens": ["[IN:GET_AVAILABILITY", "IN:GET_AVAILABILITY]"], "predicted_tokens": ["[IN:GET_AVAILABILITY", "IN:GET_AVAILABILITY]"]}
{"loss": 0.9647360444068909, "class_log_probabilities": [-0.1645049750804901, -8.417925834655762, -8.44947338104248, -8.492548942565918], "predictions": [171, 172, 4], "target_tokens": ["[IN:GET_AVAILABILITY", "IN:GET_AVAILABILITY]"], "predicted_tokens": ["[IN:GET_AVAILABILITY", "IN:GET_AVAILABILITY]"]}
{"loss": 2.334368944168091, "class_log_probabilities": [-0.41652601957321167, -5.0942277908325195, -5.177855014801025, -5.834268569946289], "predictions": [70, 73, 4], "target_tokens": ["[IN:GET_AVAILABILITY", "IN:GET_AVAILABILITY]"], "predicted_tokens": ["[IN:GET_CONTACT", "IN:GET_CONTACT]"]}
{"loss": 6.4401068687438965, "class_log_probabilities": [-0.2803162932395935, -8.80312728881836, -8.987513542175293, -11.091843605041504], "predictions": [75, 6, 395, 7, 78, 4, 4, 4, 4, 4], "target_tokens": ["[IN:SWITCH_CALL", "IN:SWITCH_CALL]"], "predicted_tokens": ["[IN:CREATE_CALL", "[SL:CONTACT", "@ptr0", "SL:CONTACT]", "IN:CREATE_CALL]"]}
{"loss": 0.9675001502037048, "class_log_probabilities": [-0.17731624841690063, -6.503672122955322, -7.276569843292236, -7.324937343597412], "predictions": [215, 216, 4], "target_tokens": ["[IN:SWITCH_CALL", "IN:SWITCH_CALL]"], "predicted_tokens": ["[IN:SWITCH_CALL", "IN:SWITCH_CALL]"]}
{"loss": 0.9726447463035583, "class_log_probabilities": [-0.1514115035533905, -8.045299530029297, -8.07968807220459, -8.090073585510254], "predictions": [81, 82, 4], "target_tokens": ["[IN:END_CALL", "IN:END_CALL]"], "predicted_tokens": ["[IN:END_CALL", "IN:END_CALL]"]}
{"loss": 0.9919213652610779, "class_log_probabilities": [-1.568058967590332, -2.758286952972412, -5.073544025421143, -5.60614013671875], "predictions": [171, 6, 70, 93, 398, 94, 71, 399, 72, 73, 7, 172, 4], "target_tokens": ["[IN:GET_AVAILABILITY", "[SL:CONTACT", "[IN:GET_CONTACT", "[SL:CONTACT_RELATED", "@ptr3", "SL:CONTACT_RELATED]", "[SL:TYPE_RELATION", "@ptr4", "SL:TYPE_RELATION]", "IN:GET_CONTACT]", "SL:CONTACT]", "IN:GET_AVAILABILITY]"], "predicted_tokens": ["[IN:GET_AVAILABILITY", "[SL:CONTACT", "[IN:GET_CONTACT", "[SL:CONTACT_RELATED", "@ptr3", "SL:CONTACT_RELATED]", "[SL:TYPE_RELATION", "@ptr4", "SL:TYPE_RELATION]", "IN:GET_CONTACT]", "SL:CONTACT]", "IN:GET_AVAILABILITY]"]}
{"loss": 0.9728755950927734, "class_log_probabilities": [-0.4584958553314209, -8.490139961242676, -8.554363250732422, -8.64889144897461], "predictions": [75, 6, 70, 71, 402, 72, 73, 7, 78, 4, 4, 4], "target_tokens": ["[IN:CREATE_CALL", "[SL:CONTACT", "[IN:GET_CONTACT", "[SL:TYPE_RELATION", "@ptr7", "SL:TYPE_RELATION]", "IN:GET_CONTACT]", "SL:CONTACT]", "IN:CREATE_CALL]"], "predicted_tokens": ["[IN:CREATE_CALL", "[SL:CONTACT", "[IN:GET_CONTACT", "[SL:TYPE_RELATION", "@ptr7", "SL:TYPE_RELATION]", "IN:GET_CONTACT]", "SL:CONTACT]", "IN:CREATE_CALL]"]}
{"loss": 0.9745189547538757, "class_log_probabilities": [-0.14501556754112244, -8.279923439025879, -8.420692443847656, -8.54160213470459], "predictions": [81, 82, 4, 4], "target_tokens": ["[IN:END_CALL", "IN:END_CALL]"], "predicted_tokens": ["[IN:END_CALL", "IN:END_CALL]"]}
{"loss": 0.9768915176391602, "class_log_probabilities": [-0.456382155418396, -7.518153667449951, -7.653160095214844, -7.96680212020874], "predictions": [107, 108, 70, 71, 397, 72, 73, 109, 110, 4], "target_tokens": ["[IN:UPDATE_CALL", "[SL:CONTACT_ADDED", "[IN:GET_CONTACT", "[SL:TYPE_RELATION", "@ptr2", "SL:TYPE_RELATION]", "IN:GET_CONTACT]", "SL:CONTACT_ADDED]", "IN:UPDATE_CALL]"], "predicted_tokens": ["[IN:UPDATE_CALL", "[SL:CONTACT_ADDED", "[IN:GET_CONTACT", "[SL:TYPE_RELATION", "@ptr2", "SL:TYPE_RELATION]", "IN:GET_CONTACT]", "SL:CONTACT_ADDED]", "IN:UPDATE_CALL]"]}
{"loss": 0.9635906219482422, "class_log_probabilities": [-0.3308331370353699, -7.380988121032715, -7.753359794616699, -7.843674182891846], "predictions": [75, 6, 397, 7, 78, 4], "target_tokens": ["[IN:CREATE_CALL", "[SL:CONTACT", "@ptr2", "SL:CONTACT]", "IN:CREATE_CALL]"], "predicted_tokens": ["[IN:CREATE_CALL", "[SL:CONTACT", "@ptr2", "SL:CONTACT]", "IN:CREATE_CALL]"]}
{"loss": 0.974827229976654, "class_log_probabilities": [-0.460007905960083, -5.526183128356934, -6.470498085021973, -6.851097583770752], "predictions": [215, 6, 398, 7, 6, 402, 7, 216, 4, 4], "target_tokens": ["[IN:SWITCH_CALL", "[SL:CONTACT", "@ptr3", "SL:CONTACT]", "[SL:CONTACT", "@ptr7", "SL:CONTACT]", "IN:SWITCH_CALL]"], "predicted_tokens": ["[IN:SWITCH_CALL", "[SL:CONTACT", "@ptr3", "SL:CONTACT]", "[SL:CONTACT", "@ptr7", "SL:CONTACT]", "IN:SWITCH_CALL]"]}
{"loss": 3.8258354663848877, "class_log_probabilities": [-0.16414478421211243, -8.075806617736816, -8.537090301513672, -8.800951957702637], "predictions": [70, 73, 4, 4, 4], "target_tokens": ["[IN:GET_AVAILABILITY", "IN:GET_AVAILABILITY]"], "predicted_tokens": ["[IN:GET_CONTACT", "IN:GET_CONTACT]"]}
{"loss": 3.9927241802215576, "class_log_probabilities": [-0.18052321672439575, -6.924975395202637, -7.720695495605469, -7.904423236846924], "predictions": [81, 82, 4], "target_tokens": ["[IN:SWITCH_CALL", "IN:SWITCH_CALL]"], "predicted_tokens": ["[IN:END_CALL", "IN:END_CALL]"]}
{"loss": 1.141926646232605, "class_log_probabilities": [-0.9826637506484985, -1.2325506210327148, -6.7096357345581055, -7.167661666870117], "predictions": [31, 32, 4], "target_tokens": ["[IN:SET_UNAVAILABLE", "IN:SET_UNAVAILABLE]"], "predicted_tokens": ["[IN:SET_UNAVAILABLE", "IN:SET_UNAVAILABLE]"]}
{"loss": 0.9785310626029968, "class_log_probabilities": [-0.14123985171318054, -8.3629150390625, -8.403035163879395, -8.473565101623535], "predictions": [189, 190, 4, 4], "target_tokens": ["[IN:SET_AVAILABLE", "IN:SET_AVAILABLE]"], "predicted_tokens": ["[IN:SET_AVAILABLE", "IN:SET_AVAILABLE]"]}
{"loss": 0.9649562835693359, "class_log_probabilities": [-0.16403663158416748, -8.401786804199219, -8.460321426391602, -8.558089256286621], "predictions": [171, 172, 4, 4], "target_tokens": ["[IN:GET_AVAILABILITY", "IN:GET_AVAILABILITY]"], "predicted_tokens": ["[IN:GET_AVAILABILITY", "IN:GET_AVAILABILITY]"]}
{"loss": 0.9655340313911438, "class_log_probabilities": [-0.1610407829284668, -8.352853775024414, -8.533148765563965, -8.586807250976562], "predictions": [171, 172, 4, 4], "target_tokens": ["[IN:GET_AVAILABILITY", "IN:GET_AVAILABILITY]"], "predicted_tokens": ["[IN:GET_AVAILABILITY", "IN:GET_AVAILABILITY]"]}
{"loss": 0.9644086956977844, "class_log_probabilities": [-0.16436907649040222, -8.478900909423828, -8.479312896728516, -8.563114166259766], "predictions": [171, 172, 4, 4], "target_tokens": ["[IN:GET_AVAILABILITY", "IN:GET_AVAILABILITY]"], "predicted_tokens": ["[IN:GET_AVAILABILITY", "IN:GET_AVAILABILITY]"]}
{"loss": 1.8587285280227661, "class_log_probabilities": [-1.9784942865371704, -3.5536019802093506, -3.6694276332855225, -4.244993209838867], "predictions": [215, 216, 4], "target_tokens": ["[IN:CREATE_CALL", "IN:CREATE_CALL]"], "predicted_tokens": ["[IN:SWITCH_CALL", "IN:SWITCH_CALL]"]}
{"loss": 0.984559953212738, "class_log_probabilities": [-0.13304677605628967, -7.8780837059021, -8.235176086425781, -8.450348854064941], "predictions": [215, 216, 4, 4], "target_tokens": ["[IN:SWITCH_CALL", "IN:SWITCH_CALL]"], "predicted_tokens": ["[IN:SWITCH_CALL", "IN:SWITCH_CALL]"]}
{"loss": 0.975044310092926, "class_log_probabilities": [-0.28770577907562256, -7.939829349517822, -7.976334571838379, -8.380846977233887], "predictions": [107, 108, 397, 109, 110, 4, 4, 4, 4], "target_tokens": ["[IN:UPDATE_CALL", "[SL:CONTACT_ADDED", "@ptr2", "SL:CONTACT_ADDED]", "IN:UPDATE_CALL]"], "predicted_tokens": ["[IN:UPDATE_CALL", "[SL:CONTACT_ADDED", "@ptr2", "SL:CONTACT_ADDED]", "IN:UPDATE_CALL]"]}
{"loss": 4.2014641761779785, "class_log_probabilities": [-1.661630630493164, -2.3221473693847656, -4.145076751708984, -5.000338077545166], "predictions": [63, 151, 397, 398, 152, 68, 4], "target_tokens": ["[IN:GET_AVAILABILITY", "IN:GET_AVAILABILITY]"], "predicted_tokens": ["[IN:PLAY_MUSIC", "[SL:MUSIC_GENRE", "@ptr2", "@ptr3", "SL:MUSIC_GENRE]", "IN:PLAY_MUSIC]"]}
{"loss": 0.9713771343231201, "class_log_probabilities": [-0.15332064032554626, -8.214141845703125, -8.397225379943848, -8.496108055114746], "predictions": [31, 32, 4], "target_tokens": ["[IN:SET_UNAVAILABLE", "IN:SET_UNAVAILABLE]"], "predicted_tokens": ["[IN:SET_UNAVAILABLE", "IN:SET_UNAVAILABLE]"]}
{"loss": 0.9810650944709778, "class_log_probabilities": [-0.1381838023662567, -7.582268238067627, -8.284122467041016, -8.74806022644043], "predictions": [215, 216, 4, 4], "target_tokens": ["[IN:SWITCH_CALL", "IN:SWITCH_CALL]"], "predicted_tokens": ["[IN:SWITCH_CALL", "IN:SWITCH_CALL]"]}
{"loss": 0.979830801486969, "class_log_probabilities": [-0.13836786150932312, -8.446466445922852, -8.461816787719727, -8.501709938049316], "predictions": [189, 190, 4, 4], "target_tokens": ["[IN:SET_AVAILABLE", "IN:SET_AVAILABLE]"], "predicted_tokens": ["[IN:SET_AVAILABLE", "IN:SET_AVAILABLE]"]}
{"loss": 0.9776058197021484, "class_log_probabilities": [-0.14405608177185059, -8.215010643005371, -8.257132530212402, -8.271666526794434], "predictions": [189, 190, 4], "target_tokens": ["[IN:SET_AVAILABLE", "IN:SET_AVAILABLE]"], "predicted_tokens": ["[IN:SET_AVAILABLE", "IN:SET_AVAILABLE]"]}
{"loss": 0.9792245030403137, "class_log_probabilities": [-0.13886265456676483, -8.423699378967285, -8.458100318908691, -8.465328216552734], "predictions": [189, 190, 4, 4], "target_tokens": ["[IN:SET_AVAILABLE", "IN:SET_AVAILABLE]"], "predicted_tokens": ["[IN:SET_AVAILABLE", "IN:SET_AVAILABLE]"]}
{"loss": 0.976327121257782, "class_log_probabilities": [-0.14540480077266693, -8.219120979309082, -8.250370025634766, -8.264510154724121], "predictions": [189, 190, 4], "target_tokens": ["[IN:SET_AVAILABLE", "IN:SET_AVAILABLE]"], "predicted_tokens": ["[IN:SET_AVAILABLE", "IN:SET_AVAILABLE]"]}
{"loss": 1.160934567451477, "class_log_probabilities": [-1.1473031044006348, -1.5976312160491943, -4.814069747924805, -4.959452152252197], "predictions": [215, 216, 4], "target_tokens": ["[IN:SWITCH_CALL", "IN:SWITCH_CALL]"], "predicted_tokens": ["[IN:SWITCH_CALL", "IN:SWITCH_CALL]"]}
{"loss": 5.315248489379883, "class_log_probabilities": [-0.8918437957763672, -3.7646732330322266, -3.918579339981079, -4.890118598937988], "predictions": [63, 66, 395, 67, 68, 4], "target_tokens": ["[IN:END_CALL", "IN:END_CALL]"], "predicted_tokens": ["[IN:PLAY_MUSIC", "[SL:MUSIC_ARTIST_NAME", "@ptr0", "SL:MUSIC_ARTIST_NAME]", "IN:PLAY_MUSIC]"]}
{"loss": 0.9664855003356934, "class_log_probabilities": [-0.16029766201972961, -8.43220043182373, -8.570685386657715, -8.629331588745117], "predictions": [171, 172, 4, 4], "target_tokens": ["[IN:GET_AVAILABILITY", "IN:GET_AVAILABILITY]"], "predicted_tokens": ["[IN:GET_AVAILABILITY", "IN:GET_AVAILABILITY]"]}
{"loss": 0.9757484793663025, "class_log_probabilities": [-0.14609353244304657, -7.981409072875977, -8.204907417297363, -8.407527923583984], "predictions": [189, 190, 4], "target_tokens": ["[IN:SET_AVAILABLE", "IN:SET_AVAILABLE]"], "predicted_tokens": ["[IN:SET_AVAILABLE", "IN:SET_AVAILABLE]"]}
{"loss": 0.981419026851654, "class_log_probabilities": [-0.13770435750484467, -7.5237507820129395, -8.189423561096191, -8.498680114746094], "predictions": [215, 216, 4, 4], "target_tokens": ["[IN:SWITCH_CALL", "IN:SWITCH_CALL]"], "predicted_tokens": ["[IN:SWITCH_CALL", "IN:SWITCH_CALL]"]}
{"loss": 0.9735987186431885, "class_log_probabilities": [-0.1478314846754074, -8.243212699890137, -8.320361137390137, -8.424293518066406], "predictions": [81, 82, 4, 4], "target_tokens": ["[IN:END_CALL", "IN:END_CALL]"], "predicted_tokens": ["[IN:END_CALL", "IN:END_CALL]"]}
{"loss": 0.9731433987617493, "class_log_probabilities": [-0.14828896522521973, -8.159529685974121, -8.4116792678833, -8.501976013183594], "predictions": [81, 82, 4, 4], "target_tokens": ["[IN:END_CALL", "IN:END_CALL]"], "predicted_tokens": ["[IN:END_CALL", "IN:END_CALL]"]}
{"loss": 0.9687744975090027, "class_log_probabilities": [-0.15930920839309692, -7.960194110870361, -8.486591339111328, -8.790473937988281], "predictions": [31, 32, 4, 4], "target_tokens": ["[IN:SET_UNAVAILABLE", "IN:SET_UNAVAILABLE]"], "predicted_tokens": ["[IN:SET_UNAVAILABLE", "IN:SET_UNAVAILABLE]"]}
{"loss": 0.9715747833251953, "class_log_probabilities": [-0.156647190451622, -7.265960693359375, -7.69119930267334, -7.791650772094727], "predictions": [81, 82, 4], "target_tokens": ["[IN:END_CALL", "IN:END_CALL]"], "predicted_tokens": ["[IN:END_CALL", "IN:END_CALL]"]}
{"loss": 0.9742518663406372, "class_log_probabilities": [-0.5967797636985779, -7.085144519805908, -7.141277313232422, -7.548703193664551], "predictions": [75, 6, 70, 93, 400, 94, 71, 401, 72, 73, 7, 78, 4], "target_tokens": ["[IN:CREATE_CALL", "[SL:CONTACT", "[IN:GET_CONTACT", "[SL:CONTACT_RELATED", "@ptr5", "SL:CONTACT_RELATED]", "[SL:TYPE_RELATION", "@ptr6", "SL:TYPE_RELATION]", "IN:GET_CONTACT]", "SL:CONTACT]", "IN:CREATE_CALL]"], "predicted_tokens": ["[IN:CREATE_CALL", "[SL:CONTACT", "[IN:GET_CONTACT", "[SL:CONTACT_RELATED", "@ptr5", "SL:CONTACT_RELATED]", "[SL:TYPE_RELATION", "@ptr6", "SL:TYPE_RELATION]", "IN:GET_CONTACT]", "SL:CONTACT]", "IN:CREATE_CALL]"]}
{"loss": 0.9796336889266968, "class_log_probabilities": [-0.4517638385295868, -7.567765712738037, -7.577942371368408, -8.063190460205078], "predictions": [107, 108, 70, 71, 397, 72, 73, 109, 110, 4], "target_tokens": ["[IN:UPDATE_CALL", "[SL:CONTACT_ADDED", "[IN:GET_CONTACT", "[SL:TYPE_RELATION", "@ptr2", "SL:TYPE_RELATION]", "IN:GET_CONTACT]", "SL:CONTACT_ADDED]", "IN:UPDATE_CALL]"], "predicted_tokens": ["[IN:UPDATE_CALL", "[SL:CONTACT_ADDED", "[IN:GET_CONTACT", "[SL:TYPE_RELATION", "@ptr2", "SL:TYPE_RELATION]", "IN:GET_CONTACT]", "SL:CONTACT_ADDED]", "IN:UPDATE_CALL]"]}
{"loss": 0.9767144918441772, "class_log_probabilities": [-0.46929866075515747, -7.325643062591553, -7.851702690124512, -7.918227672576904], "predictions": [107, 108, 70, 71, 397, 72, 73, 109, 110, 4], "target_tokens": ["[IN:UPDATE_CALL", "[SL:CONTACT_ADDED", "[IN:GET_CONTACT", "[SL:TYPE_RELATION", "@ptr2", "SL:TYPE_RELATION]", "IN:GET_CONTACT]", "SL:CONTACT_ADDED]", "IN:UPDATE_CALL]"], "predicted_tokens": ["[IN:UPDATE_CALL", "[SL:CONTACT_ADDED", "[IN:GET_CONTACT", "[SL:TYPE_RELATION", "@ptr2", "SL:TYPE_RELATION]", "IN:GET_CONTACT]", "SL:CONTACT_ADDED]", "IN:UPDATE_CALL]"]}
{"loss": 0.9680317044258118, "class_log_probabilities": [-0.30293405055999756, -7.558907508850098, -8.114224433898926, -8.431405067443848], "predictions": [171, 6, 397, 7, 172, 4, 4], "target_tokens": ["[IN:GET_AVAILABILITY", "[SL:CONTACT", "@ptr2", "SL:CONTACT]", "IN:GET_AVAILABILITY]"], "predicted_tokens": ["[IN:GET_AVAILABILITY", "[SL:CONTACT", "@ptr2", "SL:CONTACT]", "IN:GET_AVAILABILITY]"]}
{"loss": 0.9767751693725586, "class_log_probabilities": [-0.28970807790756226, -7.642520427703857, -7.6645989418029785, -7.989327907562256], "predictions": [107, 108, 400, 109, 110, 4], "target_tokens": ["[IN:UPDATE_CALL", "[SL:CONTACT_ADDED", "@ptr5", "SL:CONTACT_ADDED]", "IN:UPDATE_CALL]"], "predicted_tokens": ["[IN:UPDATE_CALL", "[SL:CONTACT_ADDED", "@ptr5", "SL:CONTACT_ADDED]", "IN:UPDATE_CALL]"]}
{"loss": 5.18501091003418, "class_log_probabilities": [-0.5184398293495178, -4.871551513671875, -7.337251663208008, -7.933060169219971], "predictions": [75, 6, 399, 7, 6, 401, 7, 78, 4], "target_tokens": ["[IN:UPDATE_CALL", "[SL:CONTACT_ADDED", "@ptr4", "SL:CONTACT_ADDED]", "IN:UPDATE_CALL]"], "predicted_tokens": ["[IN:CREATE_CALL", "[SL:CONTACT", "@ptr4", "SL:CONTACT]", "[SL:CONTACT", "@ptr6", "SL:CONTACT]", "IN:CREATE_CALL]"]}
{"loss": 0.9694571495056152, "class_log_probabilities": [-0.29180341958999634, -8.7440185546875, -8.892559051513672, -9.808525085449219], "predictions": [75, 6, 402, 7, 78, 4, 4, 4, 4, 4], "target_tokens": ["[IN:CREATE_CALL", "[SL:CONTACT", "@ptr7", "SL:CONTACT]", "IN:CREATE_CALL]"], "predicted_tokens": ["[IN:CREATE_CALL", "[SL:CONTACT", "@ptr7", "SL:CONTACT]", "IN:CREATE_CALL]"]}
{"loss": 0.9696915745735168, "class_log_probabilities": [-0.28815627098083496, -8.793166160583496, -8.801617622375488, -8.935684204101562], "predictions": [75, 6, 399, 7, 78, 4, 4, 4], "target_tokens": ["[IN:CREATE_CALL", "[SL:CONTACT", "@ptr4", "SL:CONTACT]", "IN:CREATE_CALL]"], "predicted_tokens": ["[IN:CREATE_CALL", "[SL:CONTACT", "@ptr4", "SL:CONTACT]", "IN:CREATE_CALL]"]}
{"loss": 0.9710235595703125, "class_log_probabilities": [-0.47253209352493286, -8.832305908203125, -8.842155456542969, -8.909717559814453], "predictions": [75, 6, 70, 71, 399, 72, 73, 7, 78, 4, 4, 4], "target_tokens": ["[IN:CREATE_CALL", "[SL:CONTACT", "[IN:GET_CONTACT", "[SL:TYPE_RELATION", "@ptr4", "SL:TYPE_RELATION]", "IN:GET_CONTACT]", "SL:CONTACT]", "IN:CREATE_CALL]"], "predicted_tokens": ["[IN:CREATE_CALL", "[SL:CONTACT", "[IN:GET_CONTACT", "[SL:TYPE_RELATION", "@ptr4", "SL:TYPE_RELATION]", "IN:GET_CONTACT]", "SL:CONTACT]", "IN:CREATE_CALL]"]}
{"loss": 0.9705389142036438, "class_log_probabilities": [-0.47504180669784546, -8.800902366638184, -8.88912296295166, -8.893424034118652], "predictions": [75, 6, 70, 71, 399, 72, 73, 7, 78, 4, 4, 4], "target_tokens": ["[IN:CREATE_CALL", "[SL:CONTACT", "[IN:GET_CONTACT", "[SL:TYPE_RELATION", "@ptr4", "SL:TYPE_RELATION]", "IN:GET_CONTACT]", "SL:CONTACT]", "IN:CREATE_CALL]"], "predicted_tokens": ["[IN:CREATE_CALL", "[SL:CONTACT", "[IN:GET_CONTACT", "[SL:TYPE_RELATION", "@ptr4", "SL:TYPE_RELATION]", "IN:GET_CONTACT]", "SL:CONTACT]", "IN:CREATE_CALL]"]}
{"loss": 1.5538854598999023, "class_log_probabilities": [-0.7881430387496948, -4.643839359283447, -4.667629241943359, -5.708723545074463], "predictions": [63, 66, 397, 67, 68, 4], "target_tokens": ["[IN:CREATE_CALL", "[SL:CONTACT", "@ptr2", "SL:CONTACT]", "IN:CREATE_CALL]"], "predicted_tokens": ["[IN:PLAY_MUSIC", "[SL:MUSIC_ARTIST_NAME", "@ptr2", "SL:MUSIC_ARTIST_NAME]", "IN:PLAY_MUSIC]"]}
{"loss": 0.9696179032325745, "class_log_probabilities": [-0.2887743413448334, -8.82931900024414, -8.833170890808105, -8.925935745239258], "predictions": [75, 6, 399, 7, 78, 4, 4, 4], "target_tokens": ["[IN:CREATE_CALL", "[SL:CONTACT", "@ptr4", "SL:CONTACT]", "IN:CREATE_CALL]"], "predicted_tokens": ["[IN:CREATE_CALL", "[SL:CONTACT", "@ptr4", "SL:CONTACT]", "IN:CREATE_CALL]"]}
{"loss": 1.604170322418213, "class_log_probabilities": [-0.5775311589241028, -4.980377674102783, -5.298839569091797, -6.5415849685668945], "predictions": [63, 66, 397, 67, 68, 4], "target_tokens": ["[IN:CREATE_CALL", "[SL:CONTACT", "@ptr2", "SL:CONTACT]", "IN:CREATE_CALL]"], "predicted_tokens": ["[IN:PLAY_MUSIC", "[SL:MUSIC_ARTIST_NAME", "@ptr2", "SL:MUSIC_ARTIST_NAME]", "IN:PLAY_MUSIC]"]}
{"loss": 2.3243463039398193, "class_log_probabilities": [-0.2852226793766022, -8.3638277053833, -8.480340003967285, -8.72438907623291], "predictions": [75, 6, 399, 7, 78, 4], "target_tokens": ["[IN:CREATE_CALL", "[SL:CONTACT", "@ptr2", "SL:CONTACT]", "IN:CREATE_CALL]"], "predicted_tokens": ["[IN:CREATE_CALL", "[SL:CONTACT", "@ptr4", "SL:CONTACT]", "IN:CREATE_CALL]"]}
{"loss": 0.9771389961242676, "class_log_probabilities": [-0.2756158113479614, -8.13298225402832, -8.211974143981934, -8.807149887084961], "predictions": [107, 108, 397, 109, 110, 4, 4, 4], "target_tokens": ["[IN:UPDATE_CALL", "[SL:CONTACT_ADDED", "@ptr2", "SL:CONTACT_ADDED]", "IN:UPDATE_CALL]"], "predicted_tokens": ["[IN:UPDATE_CALL", "[SL:CONTACT_ADDED", "@ptr2", "SL:CONTACT_ADDED]", "IN:UPDATE_CALL]"]}
{"loss": 0.9707415699958801, "class_log_probabilities": [-0.4794122278690338, -6.248378276824951, -8.307844161987305, -8.425872802734375], "predictions": [75, 6, 70, 71, 398, 72, 73, 7, 78, 4], "target_tokens": ["[IN:CREATE_CALL", "[SL:CONTACT", "[IN:GET_CONTACT", "[SL:TYPE_RELATION", "@ptr3", "SL:TYPE_RELATION]", "IN:GET_CONTACT]", "SL:CONTACT]", "IN:CREATE_CALL]"], "predicted_tokens": ["[IN:CREATE_CALL", "[SL:CONTACT", "[IN:GET_CONTACT", "[SL:TYPE_RELATION", "@ptr3", "SL:TYPE_RELATION]", "IN:GET_CONTACT]", "SL:CONTACT]", "IN:CREATE_CALL]"]}
{"loss": 1.0327155590057373, "class_log_probabilities": [-1.22109055519104, -1.7914320230484009, -5.481699466705322, -5.922231674194336], "predictions": [107, 108, 70, 71, 399, 72, 73, 109, 110, 4, 4, 4, 4], "target_tokens": ["[IN:UPDATE_CALL", "[SL:CONTACT_ADDED", "[IN:GET_CONTACT", "[SL:CONTACT_RELATED", "@ptr3", "SL:CONTACT_RELATED]", "[SL:TYPE_RELATION", "@ptr4", "SL:TYPE_RELATION]", "IN:GET_CONTACT]", "SL:CONTACT_ADDED]", "IN:UPDATE_CALL]"], "predicted_tokens": ["[IN:UPDATE_CALL", "[SL:CONTACT_ADDED", "[IN:GET_CONTACT", "[SL:TYPE_RELATION", "@ptr4", "SL:TYPE_RELATION]", "IN:GET_CONTACT]", "SL:CONTACT_ADDED]", "IN:UPDATE_CALL]"]}
{"loss": 0.9692829251289368, "class_log_probabilities": [-0.2908172607421875, -8.780745506286621, -8.864873886108398, -8.928603172302246], "predictions": [75, 6, 399, 7, 78, 4, 4, 4], "target_tokens": ["[IN:CREATE_CALL", "[SL:CONTACT", "@ptr4", "SL:CONTACT]", "IN:CREATE_CALL]"], "predicted_tokens": ["[IN:CREATE_CALL", "[SL:CONTACT", "@ptr4", "SL:CONTACT]", "IN:CREATE_CALL]"]}
{"loss": 0.9694004058837891, "class_log_probabilities": [-0.2900521159172058, -8.769386291503906, -8.881872177124023, -8.92558479309082], "predictions": [75, 6, 399, 7, 78, 4, 4, 4], "target_tokens": ["[IN:CREATE_CALL", "[SL:CONTACT", "@ptr4", "SL:CONTACT]", "IN:CREATE_CALL]"], "predicted_tokens": ["[IN:CREATE_CALL", "[SL:CONTACT", "@ptr4", "SL:CONTACT]", "IN:CREATE_CALL]"]}
{"loss": 2.658123254776001, "class_log_probabilities": [-0.6228988170623779, -7.4210100173950195, -7.693091869354248, -7.834307670593262], "predictions": [75, 6, 70, 93, 397, 94, 71, 398, 72, 73, 7, 78, 4, 4, 4], "target_tokens": ["[IN:UPDATE_CALL", "[SL:CONTACT_ADDED", "[IN:GET_CONTACT", "[SL:CONTACT_RELATED", "@ptr2", "SL:CONTACT_RELATED]", "[SL:TYPE_RELATION", "@ptr3", "SL:TYPE_RELATION]", "IN:GET_CONTACT]", "SL:CONTACT_ADDED]", "IN:UPDATE_CALL]"], "predicted_tokens": ["[IN:CREATE_CALL", "[SL:CONTACT", "[IN:GET_CONTACT", "[SL:CONTACT_RELATED", "@ptr2", "SL:CONTACT_RELATED]", "[SL:TYPE_RELATION", "@ptr3", "SL:TYPE_RELATION]", "IN:GET_CONTACT]", "SL:CONTACT]", "IN:CREATE_CALL]"]}
{"loss": 1.6104252338409424, "class_log_probabilities": [-0.5736772418022156, -6.21446418762207, -7.238019943237305, -7.289945602416992], "predictions": [81, 6, 70, 93, 399, 94, 71, 400, 72, 73, 7, 82, 4], "target_tokens": ["[IN:END_CALL", "[SL:CONTACT", "[IN:GET_CONTACT", "[SL:TYPE_RELATION", "@ptr5", "SL:TYPE_RELATION]", "IN:GET_CONTACT]", "SL:CONTACT]", "IN:END_CALL]"], "predicted_tokens": ["[IN:END_CALL", "[SL:CONTACT", "[IN:GET_CONTACT", "[SL:CONTACT_RELATED", "@ptr4", "SL:CONTACT_RELATED]", "[SL:TYPE_RELATION", "@ptr5", "SL:TYPE_RELATION]", "IN:GET_CONTACT]", "SL:CONTACT]", "IN:END_CALL]"]}
{"loss": 3.036154270172119, "class_log_probabilities": [-0.3561963140964508, -6.722403049468994, -7.84391450881958, -8.107748031616211], "predictions": [75, 6, 400, 401, 7, 78, 4, 4, 4], "target_tokens": ["[IN:CREATE_CALL", "[SL:CONTACT", "[IN:GET_CONTACT", "[SL:TYPE_RELATION", "@ptr6", "SL:TYPE_RELATION]", "IN:GET_CONTACT]", "SL:CONTACT]", "IN:CREATE_CALL]"], "predicted_tokens": ["[IN:CREATE_CALL", "[SL:CONTACT", "@ptr5", "@ptr6", "SL:CONTACT]", "IN:CREATE_CALL]"]}
{"loss": 0.974310040473938, "class_log_probabilities": [-0.7404152154922485, -5.511065483093262, -5.796878814697266, -5.94836950302124], "predictions": [107, 108, 70, 93, 397, 94, 71, 398, 72, 73, 109, 110, 4], "target_tokens": ["[IN:UPDATE_CALL", "[SL:CONTACT_ADDED", "[IN:GET_CONTACT", "[SL:CONTACT_RELATED", "@ptr2", "SL:CONTACT_RELATED]", "[SL:TYPE_RELATION", "@ptr3", "SL:TYPE_RELATION]", "IN:GET_CONTACT]", "SL:CONTACT_ADDED]", "IN:UPDATE_CALL]"], "predicted_tokens": ["[IN:UPDATE_CALL", "[SL:CONTACT_ADDED", "[IN:GET_CONTACT", "[SL:CONTACT_RELATED", "@ptr2", "SL:CONTACT_RELATED]", "[SL:TYPE_RELATION", "@ptr3", "SL:TYPE_RELATION]", "IN:GET_CONTACT]", "SL:CONTACT_ADDED]", "IN:UPDATE_CALL]"]}
{"loss": 0.9717826843261719, "class_log_probabilities": [-0.6432762742042542, -5.870540142059326, -6.330860137939453, -7.586995601654053], "predictions": [75, 6, 70, 93, 397, 94, 71, 398, 72, 73, 7, 78, 4], "target_tokens": ["[IN:CREATE_CALL", "[SL:CONTACT", "[IN:GET_CONTACT", "[SL:CONTACT_RELATED", "@ptr2", "SL:CONTACT_RELATED]", "[SL:TYPE_RELATION", "@ptr3", "SL:TYPE_RELATION]", "IN:GET_CONTACT]", "SL:CONTACT]", "IN:CREATE_CALL]"], "predicted_tokens": ["[IN:CREATE_CALL", "[SL:CONTACT", "[IN:GET_CONTACT", "[SL:CONTACT_RELATED", "@ptr2", "SL:CONTACT_RELATED]", "[SL:TYPE_RELATION", "@ptr3", "SL:TYPE_RELATION]", "IN:GET_CONTACT]", "SL:CONTACT]", "IN:CREATE_CALL]"]}
{"loss": 3.199758768081665, "class_log_probabilities": [-3.1070468425750732, -3.145813465118408, -3.7931973934173584, -4.639828681945801], "predictions": [191, 52, 398, 53, 192, 4], "target_tokens": ["[IN:UPDATE_CALL", "[SL:CONTACT_ADDED", "[IN:GET_CONTACT", "[SL:TYPE_RELATION", "@ptr3", "SL:TYPE_RELATION]", "IN:GET_CONTACT]", "SL:CONTACT_ADDED]", "IN:UPDATE_CALL]"], "predicted_tokens": ["[IN:ADD_TO_PLAYLIST_MUSIC", "[SL:RECIPES_DISH", "@ptr3", "SL:RECIPES_DISH]", "IN:ADD_TO_PLAYLIST_MUSIC]"]}
{"loss": 0.9722387194633484, "class_log_probabilities": [-0.46005502343177795, -8.602066040039062, -8.728160858154297, -8.85550308227539], "predictions": [75, 6, 70, 71, 398, 72, 73, 7, 78, 4, 4, 4], "target_tokens": ["[IN:CREATE_CALL", "[SL:CONTACT", "[IN:GET_CONTACT", "[SL:TYPE_RELATION", "@ptr3", "SL:TYPE_RELATION]", "IN:GET_CONTACT]", "SL:CONTACT]", "IN:CREATE_CALL]"], "predicted_tokens": ["[IN:CREATE_CALL", "[SL:CONTACT", "[IN:GET_CONTACT", "[SL:TYPE_RELATION", "@ptr3", "SL:TYPE_RELATION]", "IN:GET_CONTACT]", "SL:CONTACT]", "IN:CREATE_CALL]"]}
{"loss": 1.1235501766204834, "class_log_probabilities": [-1.0052590370178223, -2.701749324798584, -5.0814714431762695, -6.484087944030762], "predictions": [107, 108, 397, 109, 110, 4, 4, 4, 4, 4], "target_tokens": ["[IN:UPDATE_CALL", "[SL:CONTACT_ADDED", "[IN:GET_CONTACT", "[SL:TYPE_RELATION", "@ptr2", "SL:TYPE_RELATION]", "IN:GET_CONTACT]", "SL:CONTACT_ADDED]", "IN:UPDATE_CALL]"], "predicted_tokens": ["[IN:UPDATE_CALL", "[SL:CONTACT_ADDED", "@ptr2", "SL:CONTACT_ADDED]", "IN:UPDATE_CALL]"]}
{"loss": 0.9721477627754211, "class_log_probabilities": [-0.46360063552856445, -8.309343338012695, -8.475160598754883, -8.788028717041016], "predictions": [75, 6, 70, 71, 399, 72, 73, 7, 78, 4, 4, 4], "target_tokens": ["[IN:CREATE_CALL", "[SL:CONTACT", "[IN:GET_CONTACT", "[SL:TYPE_RELATION", "@ptr4", "SL:TYPE_RELATION]", "IN:GET_CONTACT]", "SL:CONTACT]", "IN:CREATE_CALL]"], "predicted_tokens": ["[IN:CREATE_CALL", "[SL:CONTACT", "[IN:GET_CONTACT", "[SL:TYPE_RELATION", "@ptr4", "SL:TYPE_RELATION]", "IN:GET_CONTACT]", "SL:CONTACT]", "IN:CREATE_CALL]"]}
{"loss": 0.9844345450401306, "class_log_probabilities": [-0.5513281226158142, -6.445560455322266, -6.7879719734191895, -6.887998104095459], "predictions": [153, 6, 70, 93, 400, 94, 71, 401, 72, 73, 7, 154, 4], "target_tokens": ["[IN:ANSWER_CALL", "[SL:CONTACT", "[IN:GET_CONTACT", "[SL:CONTACT_RELATED", "@ptr5", "SL:CONTACT_RELATED]", "[SL:TYPE_RELATION", "@ptr6", "SL:TYPE_RELATION]", "IN:GET_CONTACT]", "SL:CONTACT]", "IN:ANSWER_CALL]"], "predicted_tokens": ["[IN:ANSWER_CALL", "[SL:CONTACT", "[IN:GET_CONTACT", "[SL:CONTACT_RELATED", "@ptr5", "SL:CONTACT_RELATED]", "[SL:TYPE_RELATION", "@ptr6", "SL:TYPE_RELATION]", "IN:GET_CONTACT]", "SL:CONTACT]", "IN:ANSWER_CALL]"]}
{"loss": 1.3911101818084717, "class_log_probabilities": [-0.7125645875930786, -5.27611780166626, -5.857154846191406, -6.486721515655518], "predictions": [107, 108, 70, 93, 397, 94, 71, 398, 72, 73, 109, 110, 4], "target_tokens": ["[IN:UPDATE_CALL", "[SL:CONTACT_ADDED", "[IN:GET_CONTACT", "[SL:TYPE_RELATION", "@ptr3", "SL:TYPE_RELATION]", "IN:GET_CONTACT]", "SL:CONTACT_ADDED]", "IN:UPDATE_CALL]"], "predicted_tokens": ["[IN:UPDATE_CALL", "[SL:CONTACT_ADDED", "[IN:GET_CONTACT", "[SL:CONTACT_RELATED", "@ptr2", "SL:CONTACT_RELATED]", "[SL:TYPE_RELATION", "@ptr3", "SL:TYPE_RELATION]", "IN:GET_CONTACT]", "SL:CONTACT_ADDED]", "IN:UPDATE_CALL]"]}
{"loss": 1.4319995641708374, "class_log_probabilities": [-0.8456460237503052, -4.336743354797363, -5.500000476837158, -5.659491062164307], "predictions": [75, 6, 70, 71, 400, 72, 6, 402, 7, 6, 404, 7, 73, 7, 78, 4, 4, 4, 4], "target_tokens": ["[IN:CREATE_CALL", "[SL:CONTACT", "[IN:GET_CONTACT", "[SL:TYPE_RELATION", "@ptr5", "SL:TYPE_RELATION]", "IN:GET_CONTACT]", "SL:CONTACT]", "[SL:CONTACT", "@ptr7", "SL:CONTACT]", "[SL:CONTACT", "@ptr9", "SL:CONTACT]", "IN:CREATE_CALL]"], "predicted_tokens": ["[IN:CREATE_CALL", "[SL:CONTACT", "[IN:GET_CONTACT", "[SL:TYPE_RELATION", "@ptr5", "SL:TYPE_RELATION]", "[SL:CONTACT", "@ptr7", "SL:CONTACT]", "[SL:CONTACT", "@ptr9", "SL:CONTACT]", "IN:GET_CONTACT]", "SL:CONTACT]", "IN:CREATE_CALL]"]}
{"loss": 0.9723491668701172, "class_log_probabilities": [-0.2856329381465912, -7.5485992431640625, -7.603574275970459, -7.842550277709961], "predictions": [81, 6, 399, 7, 82, 4, 4], "target_tokens": ["[IN:END_CALL", "[SL:CONTACT", "@ptr4", "SL:CONTACT]", "IN:END_CALL]"], "predicted_tokens": ["[IN:END_CALL", "[SL:CONTACT", "@ptr4", "SL:CONTACT]", "IN:END_CALL]"]}
{"loss": 5.27443790435791, "class_log_probabilities": [-0.18324077129364014, -6.699512004852295, -7.66439962387085, -7.728446006774902], "predictions": [75, 78, 4], "target_tokens": ["[IN:SWITCH_CALL", "IN:SWITCH_CALL]"], "predicted_tokens": ["[IN:CREATE_CALL", "IN:CREATE_CALL]"]}
{"loss": 0.9692807197570801, "class_log_probabilities": [-0.2918521463871002, -8.710906982421875, -8.826420783996582, -11.517683982849121], "predictions": [75, 6, 400, 7, 78, 4, 4, 4, 4, 4], "target_tokens": ["[IN:CREATE_CALL", "[SL:CONTACT", "@ptr5", "SL:CONTACT]", "IN:CREATE_CALL]"], "predicted_tokens": ["[IN:CREATE_CALL", "[SL:CONTACT", "@ptr5", "SL:CONTACT]", "IN:CREATE_CALL]"]}
{"loss": 0.9723628163337708, "class_log_probabilities": [-0.6363919377326965, -6.55291223526001, -6.639342784881592, -7.044312000274658], "predictions": [75, 6, 70, 93, 397, 94, 71, 398, 72, 73, 7, 78, 4], "target_tokens": ["[IN:CREATE_CALL", "[SL:CONTACT", "[IN:GET_CONTACT", "[SL:CONTACT_RELATED", "@ptr2", "SL:CONTACT_RELATED]", "[SL:TYPE_RELATION", "@ptr3", "SL:TYPE_RELATION]", "IN:GET_CONTACT]", "SL:CONTACT]", "IN:CREATE_CALL]"], "predicted_tokens": ["[IN:CREATE_CALL", "[SL:CONTACT", "[IN:GET_CONTACT", "[SL:CONTACT_RELATED", "@ptr2", "SL:CONTACT_RELATED]", "[SL:TYPE_RELATION", "@ptr3", "SL:TYPE_RELATION]", "IN:GET_CONTACT]", "SL:CONTACT]", "IN:CREATE_CALL]"]}
{"loss": 0.9742752909660339, "class_log_probabilities": [-0.602362871170044, -7.616055488586426, -7.808223724365234, -7.851802349090576], "predictions": [75, 6, 70, 93, 399, 94, 71, 400, 72, 73, 7, 78, 4], "target_tokens": ["[IN:CREATE_CALL", "[SL:CONTACT", "[IN:GET_CONTACT", "[SL:CONTACT_RELATED", "@ptr4", "SL:CONTACT_RELATED]", "[SL:TYPE_RELATION", "@ptr5", "SL:TYPE_RELATION]", "IN:GET_CONTACT]", "SL:CONTACT]", "IN:CREATE_CALL]"], "predicted_tokens": ["[IN:CREATE_CALL", "[SL:CONTACT", "[IN:GET_CONTACT", "[SL:CONTACT_RELATED", "@ptr4", "SL:CONTACT_RELATED]", "[SL:TYPE_RELATION", "@ptr5", "SL:TYPE_RELATION]", "IN:GET_CONTACT]", "SL:CONTACT]", "IN:CREATE_CALL]"]}
{"loss": 0.9747138619422913, "class_log_probabilities": [-0.1439496874809265, -8.237645149230957, -8.426424980163574, -8.558525085449219], "predictions": [81, 82, 4, 4], "target_tokens": ["[IN:END_CALL", "IN:END_CALL]"], "predicted_tokens": ["[IN:END_CALL", "IN:END_CALL]"]}
{"loss": 0.9727620482444763, "class_log_probabilities": [-0.6126326322555542, -7.696499347686768, -7.832374095916748, -8.256382942199707], "predictions": [75, 6, 70, 93, 399, 94, 71, 400, 72, 73, 7, 78, 4, 4, 4], "target_tokens": ["[IN:CREATE_CALL", "[SL:CONTACT", "[IN:GET_CONTACT", "[SL:CONTACT_RELATED", "@ptr4", "SL:CONTACT_RELATED]", "[SL:TYPE_RELATION", "@ptr5", "SL:TYPE_RELATION]", "IN:GET_CONTACT]", "SL:CONTACT]", "IN:CREATE_CALL]"], "predicted_tokens": ["[IN:CREATE_CALL", "[SL:CONTACT", "[IN:GET_CONTACT", "[SL:CONTACT_RELATED", "@ptr4", "SL:CONTACT_RELATED]", "[SL:TYPE_RELATION", "@ptr5", "SL:TYPE_RELATION]", "IN:GET_CONTACT]", "SL:CONTACT]", "IN:CREATE_CALL]"]}
{"loss": 0.9879295229911804, "class_log_probabilities": [-0.13105708360671997, -7.775056838989258, -8.2461519241333, -8.341655731201172], "predictions": [95, 96, 4], "target_tokens": ["[IN:IGNORE_CALL", "IN:IGNORE_CALL]"], "predicted_tokens": ["[IN:IGNORE_CALL", "IN:IGNORE_CALL]"]}
{"loss": 0.9715346097946167, "class_log_probabilities": [-0.5167430639266968, -8.011768341064453, -8.030830383300781, -8.147558212280273], "predictions": [95, 16, 398, 399, 400, 401, 402, 17, 96, 4], "target_tokens": ["[IN:IGNORE_CALL", "[SL:DATE_TIME", "@ptr3", "@ptr4", "@ptr5", "@ptr6", "@ptr7", "SL:DATE_TIME]", "IN:IGNORE_CALL]"], "predicted_tokens": ["[IN:IGNORE_CALL", "[SL:DATE_TIME", "@ptr3", "@ptr4", "@ptr5", "@ptr6", "@ptr7", "SL:DATE_TIME]", "IN:IGNORE_CALL]"]}
{"loss": 0.9692878127098083, "class_log_probabilities": [-0.29304203391075134, -8.740944862365723, -8.87965202331543, -9.52098560333252], "predictions": [75, 6, 400, 7, 78, 4, 4, 4, 4, 4], "target_tokens": ["[IN:CREATE_CALL", "[SL:CONTACT", "@ptr5", "SL:CONTACT]", "IN:CREATE_CALL]"], "predicted_tokens": ["[IN:CREATE_CALL", "[SL:CONTACT", "@ptr5", "SL:CONTACT]", "IN:CREATE_CALL]"]}
{"loss": 0.9623308777809143, "class_log_probabilities": [-0.3903270959854126, -6.779073238372803, -8.47617244720459, -9.419109344482422], "predictions": [75, 6, 399, 7, 78, 4, 4, 4, 4, 4], "target_tokens": ["[IN:CREATE_CALL", "[SL:CONTACT", "@ptr4", "SL:CONTACT]", "IN:CREATE_CALL]"], "predicted_tokens": ["[IN:CREATE_CALL", "[SL:CONTACT", "@ptr4", "SL:CONTACT]", "IN:CREATE_CALL]"]}
{"loss": 0.9838330745697021, "class_log_probabilities": [-0.6103059649467468, -3.819486618041992, -5.428802013397217, -6.1377153396606445], "predictions": [107, 108, 397, 109, 6, 402, 7, 110, 4], "target_tokens": ["[IN:UPDATE_CALL", "[SL:CONTACT_ADDED", "@ptr2", "SL:CONTACT_ADDED]", "[SL:CONTACT", "@ptr7", "SL:CONTACT]", "IN:UPDATE_CALL]"], "predicted_tokens": ["[IN:UPDATE_CALL", "[SL:CONTACT_ADDED", "@ptr2", "SL:CONTACT_ADDED]", "[SL:CONTACT", "@ptr7", "SL:CONTACT]", "IN:UPDATE_CALL]"]}
{"loss": 0.9912130832672119, "class_log_probabilities": [-0.12721778452396393, -7.9086761474609375, -8.330370903015137, -8.333451271057129], "predictions": [95, 96, 4], "target_tokens": ["[IN:IGNORE_CALL", "IN:IGNORE_CALL]"], "predicted_tokens": ["[IN:IGNORE_CALL", "IN:IGNORE_CALL]"]}
{"loss": 0.9696257710456848, "class_log_probabilities": [-0.2891235947608948, -8.76893424987793, -8.829626083374023, -9.030370712280273], "predictions": [75, 6, 399, 7, 78, 4, 4, 4], "target_tokens": ["[IN:CREATE_CALL", "[SL:CONTACT", "@ptr4", "SL:CONTACT]", "IN:CREATE_CALL]"], "predicted_tokens": ["[IN:CREATE_CALL", "[SL:CONTACT", "@ptr4", "SL:CONTACT]", "IN:CREATE_CALL]"]}
{"loss": 4.5622076988220215, "class_log_probabilities": [-2.1987364292144775, -2.8242650032043457, -2.8505403995513916, -3.651606559753418], "predictions": [47, 36, 400, 401, 37, 48, 4, 4], "target_tokens": ["[IN:GET_ALARM", "IN:GET_ALARM]"], "predicted_tokens": ["[IN:GET_REMINDER", "[SL:TODO", "@ptr5", "@ptr6", "SL:TODO]", "IN:GET_REMINDER]"]}
{"loss": 0.9645344614982605, "class_log_probabilities": [-0.5251807570457458, -8.022282600402832, -8.603211402893066, -8.940250396728516], "predictions": [45, 16, 398, 399, 400, 401, 402, 17, 46, 4, 4], "target_tokens": ["[IN:CREATE_ALARM", "[SL:DATE_TIME", "@ptr3", "@ptr4", "@ptr5", "@ptr6", "@ptr7", "SL:DATE_TIME]", "IN:CREATE_ALARM]"], "predicted_tokens": ["[IN:CREATE_ALARM", "[SL:DATE_TIME", "@ptr3", "@ptr4", "@ptr5", "@ptr6", "@ptr7", "SL:DATE_TIME]", "IN:CREATE_ALARM]"]}
{"loss": 0.9645864963531494, "class_log_probabilities": [-0.5777620077133179, -8.126398086547852, -8.488694190979004, -8.646438598632812], "predictions": [45, 16, 398, 399, 400, 401, 402, 403, 17, 46, 4], "target_tokens": ["[IN:CREATE_ALARM", "[SL:DATE_TIME", "@ptr3", "@ptr4", "@ptr5", "@ptr6", "@ptr7", "@ptr8", "SL:DATE_TIME]", "IN:CREATE_ALARM]"], "predicted_tokens": ["[IN:CREATE_ALARM", "[SL:DATE_TIME", "@ptr3", "@ptr4", "@ptr5", "@ptr6", "@ptr7", "@ptr8", "SL:DATE_TIME]", "IN:CREATE_ALARM]"]}
{"loss": 0.9779720902442932, "class_log_probabilities": [-0.508693516254425, -8.018861770629883, -8.3884859085083, -8.4188232421875], "predictions": [259, 16, 398, 399, 400, 401, 402, 403, 17, 260, 4], "target_tokens": ["[IN:UPDATE_ALARM", "[SL:DATE_TIME", "@ptr3", "@ptr4", "@ptr5", "@ptr6", "@ptr7", "@ptr8", "SL:DATE_TIME]", "IN:UPDATE_ALARM]"], "predicted_tokens": ["[IN:UPDATE_ALARM", "[SL:DATE_TIME", "@ptr3", "@ptr4", "@ptr5", "@ptr6", "@ptr7", "@ptr8", "SL:DATE_TIME]", "IN:UPDATE_ALARM]"]}
{"loss": 0.9666239023208618, "class_log_probabilities": [-0.405823290348053, -7.87878942489624, -8.122210502624512, -8.81142520904541], "predictions": [45, 16, 399, 400, 401, 17, 46, 4, 4], "target_tokens": ["[IN:CREATE_ALARM", "[SL:DATE_TIME", "@ptr4", "@ptr5", "@ptr6", "SL:DATE_TIME]", "IN:CREATE_ALARM]"], "predicted_tokens": ["[IN:CREATE_ALARM", "[SL:DATE_TIME", "@ptr4", "@ptr5", "@ptr6", "SL:DATE_TIME]", "IN:CREATE_ALARM]"]}
{"loss": 0.9747395515441895, "class_log_probabilities": [-0.3754097521305084, -6.899550914764404, -7.484675884246826, -7.834225177764893], "predictions": [159, 16, 397, 398, 399, 17, 160, 4], "target_tokens": ["[IN:SNOOZE_ALARM", "[SL:DATE_TIME", "@ptr2", "@ptr3", "@ptr4", "SL:DATE_TIME]", "IN:SNOOZE_ALARM]"], "predicted_tokens": ["[IN:SNOOZE_ALARM", "[SL:DATE_TIME", "@ptr2", "@ptr3", "@ptr4", "SL:DATE_TIME]", "IN:SNOOZE_ALARM]"]}
{"loss": 4.764831066131592, "class_log_probabilities": [-0.1615980565547943, -7.59372615814209, -7.837637901306152, -7.9820990562438965], "predictions": [45, 46, 4], "target_tokens": ["[IN:SNOOZE_ALARM", "IN:SNOOZE_ALARM]"], "predicted_tokens": ["[IN:CREATE_ALARM", "IN:CREATE_ALARM]"]}
{"loss": 2.835489511489868, "class_log_probabilities": [-0.2822152078151703, -5.5033721923828125, -6.053833484649658, -6.094860076904297], "predictions": [259, 260, 4], "target_tokens": ["[IN:SNOOZE_ALARM", "IN:SNOOZE_ALARM]"], "predicted_tokens": ["[IN:UPDATE_ALARM", "IN:UPDATE_ALARM]"]}
{"loss": 2.0081229209899902, "class_log_probabilities": [-0.4694450795650482, -4.213236331939697, -5.523960590362549, -6.412167072296143], "predictions": [259, 16, 401, 402, 403, 17, 260, 4], "target_tokens": ["[IN:SNOOZE_ALARM", "[SL:DATE_TIME", "@ptr6", "@ptr7", "@ptr8", "SL:DATE_TIME]", "IN:SNOOZE_ALARM]"], "predicted_tokens": ["[IN:UPDATE_ALARM", "[SL:DATE_TIME", "@ptr6", "@ptr7", "@ptr8", "SL:DATE_TIME]", "IN:UPDATE_ALARM]"]}
{"loss": 0.970885694026947, "class_log_probabilities": [-0.14528384804725647, -8.224959373474121, -8.655440330505371, -8.68666934967041], "predictions": [45, 46, 4, 4], "target_tokens": ["[IN:CREATE_ALARM", "IN:CREATE_ALARM]"], "predicted_tokens": ["[IN:CREATE_ALARM", "IN:CREATE_ALARM]"]}
{"loss": 0.9706632494926453, "class_log_probabilities": [-0.14637617766857147, -8.176050186157227, -8.65866470336914, -8.85979175567627], "predictions": [45, 46, 4, 4, 4], "target_tokens": ["[IN:CREATE_ALARM", "IN:CREATE_ALARM]"], "predicted_tokens": ["[IN:CREATE_ALARM", "IN:CREATE_ALARM]"]}
{"loss": 0.9715771079063416, "class_log_probabilities": [-0.15401631593704224, -7.995304107666016, -8.104372024536133, -8.322693824768066], "predictions": [213, 214, 4], "target_tokens": ["[IN:SILENCE_ALARM", "IN:SILENCE_ALARM]"], "predicted_tokens": ["[IN:SILENCE_ALARM", "IN:SILENCE_ALARM]"]}
{"loss": 0.9754137396812439, "class_log_probabilities": [-0.1444852352142334, -8.366155624389648, -8.42153263092041, -8.464600563049316], "predictions": [213, 214, 4], "target_tokens": ["[IN:SILENCE_ALARM", "IN:SILENCE_ALARM]"], "predicted_tokens": ["[IN:SILENCE_ALARM", "IN:SILENCE_ALARM]"]}
{"loss": 0.9758456349372864, "class_log_probabilities": [-0.14338809251785278, -8.373916625976562, -8.43420696258545, -8.723495483398438], "predictions": [213, 214, 4, 4], "target_tokens": ["[IN:SILENCE_ALARM", "IN:SILENCE_ALARM]"], "predicted_tokens": ["[IN:SILENCE_ALARM", "IN:SILENCE_ALARM]"]}
{"loss": 0.9803223609924316, "class_log_probabilities": [-0.1376403272151947, -8.035406112670898, -8.262728691101074, -8.352519035339355], "predictions": [213, 214, 4], "target_tokens": ["[IN:SILENCE_ALARM", "IN:SILENCE_ALARM]"], "predicted_tokens": ["[IN:SILENCE_ALARM", "IN:SILENCE_ALARM]"]}
{"loss": 0.965283989906311, "class_log_probabilities": [-0.4167860448360443, -7.934840679168701, -8.349661827087402, -8.569835662841797], "predictions": [45, 16, 399, 400, 401, 17, 46, 4, 4], "target_tokens": ["[IN:CREATE_ALARM", "[SL:DATE_TIME", "@ptr4", "@ptr5", "@ptr6", "SL:DATE_TIME]", "IN:CREATE_ALARM]"], "predicted_tokens": ["[IN:CREATE_ALARM", "[SL:DATE_TIME", "@ptr4", "@ptr5", "@ptr6", "SL:DATE_TIME]", "IN:CREATE_ALARM]"]}
{"loss": 1.5657764673233032, "class_log_probabilities": [-0.7589386701583862, -4.175451278686523, -5.4136433601379395, -5.67614221572876], "predictions": [75, 16, 396, 397, 17, 78, 4], "target_tokens": ["[IN:CREATE_ALARM", "[SL:DATE_TIME", "@ptr1", "@ptr2", "SL:DATE_TIME]", "IN:CREATE_ALARM]"], "predicted_tokens": ["[IN:CREATE_CALL", "[SL:DATE_TIME", "@ptr1", "@ptr2", "SL:DATE_TIME]", "IN:CREATE_CALL]"]}
{"loss": 1.3980904817581177, "class_log_probabilities": [-2.0827221870422363, -2.381788969039917, -4.248487949371338, -5.018907070159912], "predictions": [159, 16, 396, 397, 398, 399, 17, 160, 4], "target_tokens": ["[IN:CREATE_ALARM", "[SL:DATE_TIME", "@ptr1", "@ptr2", "@ptr3", "@ptr4", "SL:DATE_TIME]", "IN:CREATE_ALARM]"], "predicted_tokens": ["[IN:SNOOZE_ALARM", "[SL:DATE_TIME", "@ptr1", "@ptr2", "@ptr3", "@ptr4", "SL:DATE_TIME]", "IN:SNOOZE_ALARM]"]}
{"loss": 0.9672946929931641, "class_log_probabilities": [-0.552534818649292, -7.493113040924072, -8.145695686340332, -8.320313453674316], "predictions": [45, 16, 398, 399, 400, 401, 402, 403, 17, 46, 4, 4], "target_tokens": ["[IN:CREATE_ALARM", "[SL:DATE_TIME", "@ptr3", "@ptr4", "@ptr5", "@ptr6", "@ptr7", "@ptr8", "SL:DATE_TIME]", "IN:CREATE_ALARM]"], "predicted_tokens": ["[IN:CREATE_ALARM", "[SL:DATE_TIME", "@ptr3", "@ptr4", "@ptr5", "@ptr6", "@ptr7", "@ptr8", "SL:DATE_TIME]", "IN:CREATE_ALARM]"]}
{"loss": 0.9646303653717041, "class_log_probabilities": [-0.47079548239707947, -8.093904495239258, -8.641517639160156, -8.746575355529785], "predictions": [45, 16, 398, 399, 400, 401, 17, 46, 4], "target_tokens": ["[IN:CREATE_ALARM", "[SL:DATE_TIME", "@ptr3", "@ptr4", "@ptr5", "@ptr6", "SL:DATE_TIME]", "IN:CREATE_ALARM]"], "predicted_tokens": ["[IN:CREATE_ALARM", "[SL:DATE_TIME", "@ptr3", "@ptr4", "@ptr5", "@ptr6", "SL:DATE_TIME]", "IN:CREATE_ALARM]"]}
{"loss": 0.9652566313743591, "class_log_probabilities": [-0.5703641176223755, -8.2601318359375, -8.553348541259766, -8.701753616333008], "predictions": [45, 16, 398, 399, 400, 401, 402, 403, 17, 46, 4], "target_tokens": ["[IN:CREATE_ALARM", "[SL:DATE_TIME", "@ptr3", "@ptr4", "@ptr5", "@ptr6", "@ptr7", "@ptr8", "SL:DATE_TIME]", "IN:CREATE_ALARM]"], "predicted_tokens": ["[IN:CREATE_ALARM", "[SL:DATE_TIME", "@ptr3", "@ptr4", "@ptr5", "@ptr6", "@ptr7", "@ptr8", "SL:DATE_TIME]", "IN:CREATE_ALARM]"]}
{"loss": 0.9664865732192993, "class_log_probabilities": [-0.6624192595481873, -8.328045845031738, -8.476627349853516, -8.818465232849121], "predictions": [45, 16, 398, 399, 400, 401, 402, 403, 404, 405, 17, 46, 4, 4, 4, 4, 4, 4], "target_tokens": ["[IN:CREATE_ALARM", "[SL:DATE_TIME", "@ptr3", "@ptr4", "@ptr5", "@ptr6", "@ptr7", "@ptr8", "@ptr9", "@ptr10", "SL:DATE_TIME]", "IN:CREATE_ALARM]"], "predicted_tokens": ["[IN:CREATE_ALARM", "[SL:DATE_TIME", "@ptr3", "@ptr4", "@ptr5", "@ptr6", "@ptr7", "@ptr8", "@ptr9", "@ptr10", "SL:DATE_TIME]", "IN:CREATE_ALARM]"]}
{"loss": 0.9703582525253296, "class_log_probabilities": [-0.781963050365448, -7.29683256149292, -7.674654483795166, -7.7769060134887695], "predictions": [45, 16, 398, 399, 400, 401, 402, 403, 404, 405, 406, 407, 408, 17, 46, 4, 4, 4, 4], "target_tokens": ["[IN:CREATE_ALARM", "[SL:DATE_TIME", "@ptr3", "@ptr4", "@ptr5", "@ptr6", "@ptr7", "@ptr8", "@ptr9", "@ptr10", "@ptr11", "@ptr12", "@ptr13", "SL:DATE_TIME]", "IN:CREATE_ALARM]"], "predicted_tokens": ["[IN:CREATE_ALARM", "[SL:DATE_TIME", "@ptr3", "@ptr4", "@ptr5", "@ptr6", "@ptr7", "@ptr8", "@ptr9", "@ptr10", "@ptr11", "@ptr12", "@ptr13", "SL:DATE_TIME]", "IN:CREATE_ALARM]"]}
{"loss": 1.0984824895858765, "class_log_probabilities": [-1.0206049680709839, -3.774402141571045, -5.75095796585083, -6.389859676361084], "predictions": [45, 16, 398, 399, 400, 401, 402, 403, 404, 405, 406, 407, 408, 409, 410, 411, 17, 46, 4, 4], "target_tokens": ["[IN:CREATE_ALARM", "[SL:DATE_TIME", "@ptr3", "@ptr4", "@ptr5", "@ptr6", "@ptr7", "@ptr8", "@ptr9", "@ptr10", "@ptr11", "@ptr12", "@ptr13", "@ptr14", "@ptr15", "@ptr16", "@ptr17", "SL:DATE_TIME]", "IN:CREATE_ALARM]"], "predicted_tokens": ["[IN:CREATE_ALARM", "[SL:DATE_TIME", "@ptr3", "@ptr4", "@ptr5", "@ptr6", "@ptr7", "@ptr8", "@ptr9", "@ptr10", "@ptr11", "@ptr12", "@ptr13", "@ptr14", "@ptr15", "@ptr16", "SL:DATE_TIME]", "IN:CREATE_ALARM]"]}
{"loss": 0.9642612338066101, "class_log_probabilities": [-0.5380920171737671, -7.3708038330078125, -7.490893363952637, -7.695838928222656], "predictions": [45, 16, 398, 399, 400, 401, 402, 17, 46, 4], "target_tokens": ["[IN:CREATE_ALARM", "[SL:DATE_TIME", "@ptr3", "@ptr4", "@ptr5", "@ptr6", "@ptr7", "SL:DATE_TIME]", "IN:CREATE_ALARM]"], "predicted_tokens": ["[IN:CREATE_ALARM", "[SL:DATE_TIME", "@ptr3", "@ptr4", "@ptr5", "@ptr6", "@ptr7", "SL:DATE_TIME]", "IN:CREATE_ALARM]"]}
{"loss": 1.9435944557189941, "class_log_probabilities": [-0.5192601084709167, -7.27630090713501, -7.851761817932129, -7.948369026184082], "predictions": [45, 16, 401, 402, 403, 404, 405, 17, 46, 4, 4, 4, 4], "target_tokens": ["[IN:CREATE_ALARM", "[SL:DATE_TIME", "@ptr5", "@ptr6", "@ptr7", "@ptr8", "@ptr9", "@ptr10", "SL:DATE_TIME]", "IN:CREATE_ALARM]"], "predicted_tokens": ["[IN:CREATE_ALARM", "[SL:DATE_TIME", "@ptr6", "@ptr7", "@ptr8", "@ptr9", "@ptr10", "SL:DATE_TIME]", "IN:CREATE_ALARM]"]}
{"loss": 0.9665012359619141, "class_log_probabilities": [-0.6121821403503418, -7.670535087585449, -7.766280651092529, -7.879842758178711], "predictions": [45, 16, 400, 401, 402, 403, 404, 405, 406, 17, 46, 4, 4, 4, 4, 4], "target_tokens": ["[IN:CREATE_ALARM", "[SL:DATE_TIME", "@ptr5", "@ptr6", "@ptr7", "@ptr8", "@ptr9", "@ptr10", "@ptr11", "SL:DATE_TIME]", "IN:CREATE_ALARM]"], "predicted_tokens": ["[IN:CREATE_ALARM", "[SL:DATE_TIME", "@ptr5", "@ptr6", "@ptr7", "@ptr8", "@ptr9", "@ptr10", "@ptr11", "SL:DATE_TIME]", "IN:CREATE_ALARM]"]}
{"loss": 0.9670995473861694, "class_log_probabilities": [-0.6564748287200928, -8.242584228515625, -8.484516143798828, -8.837458610534668], "predictions": [45, 16, 398, 399, 400, 401, 402, 403, 404, 405, 17, 46, 4, 4, 4, 4, 4], "target_tokens": ["[IN:CREATE_ALARM", "[SL:DATE_TIME", "@ptr3", "@ptr4", "@ptr5", "@ptr6", "@ptr7", "@ptr8", "@ptr9", "@ptr10", "SL:DATE_TIME]", "IN:CREATE_ALARM]"], "predicted_tokens": ["[IN:CREATE_ALARM", "[SL:DATE_TIME", "@ptr3", "@ptr4", "@ptr5", "@ptr6", "@ptr7", "@ptr8", "@ptr9", "@ptr10", "SL:DATE_TIME]", "IN:CREATE_ALARM]"]}
{"loss": 1.3304048776626587, "class_log_probabilities": [-0.6972924470901489, -5.856871128082275, -6.190230369567871, -6.8764801025390625], "predictions": [45, 16, 398, 399, 400, 401, 402, 403, 17, 249, 406, 407, 250, 46, 4, 4], "target_tokens": ["[IN:CREATE_ALARM", "[SL:DATE_TIME", "@ptr3", "@ptr4", "@ptr5", "@ptr6", "@ptr7", "@ptr8", "SL:DATE_TIME]", "[SL:ALARM_NAME", "@ptr12", "SL:ALARM_NAME]", "IN:CREATE_ALARM]"], "predicted_tokens": ["[IN:CREATE_ALARM", "[SL:DATE_TIME", "@ptr3", "@ptr4", "@ptr5", "@ptr6", "@ptr7", "@ptr8", "SL:DATE_TIME]", "[SL:ALARM_NAME", "@ptr11", "@ptr12", "SL:ALARM_NAME]", "IN:CREATE_ALARM]"]}
{"loss": 0.9767704010009766, "class_log_probabilities": [-0.36425477266311646, -6.311944961547852, -6.686793804168701, -6.736749649047852], "predictions": [45, 249, 402, 403, 250, 46, 4, 4], "target_tokens": ["[IN:CREATE_ALARM", "[SL:ALARM_NAME", "@ptr7", "@ptr8", "SL:ALARM_NAME]", "IN:CREATE_ALARM]"], "predicted_tokens": ["[IN:CREATE_ALARM", "[SL:ALARM_NAME", "@ptr7", "@ptr8", "SL:ALARM_NAME]", "IN:CREATE_ALARM]"]}
{"loss": 2.5861570835113525, "class_log_probabilities": [-2.4158341884613037, -3.9589998722076416, -5.0148749351501465, -36.920345306396484], "predictions": [45, 120, 396, 121, 16, 398, 17, 16, 401, 402, 403, 404, 17, 16, 407, 408, 409, 410, 17, 46, 4, 4, 4, 4, 4, 4, 4, 4, 4, 4, 4, 4, 4, 4, 4, 4, 4, 4, 4, 4, 4, 4, 4, 4, 4, 4, 4, 4, 4, 4, 4, 4, 4, 4, 4, 4, 4, 4, 4, 4, 4, 4, 4, 4, 4, 4, 4, 4, 4, 4, 4, 4, 4, 4, 4, 4, 4, 4, 4, 4, 4, 4, 4, 4, 4, 4, 4, 4, 4, 4, 4, 4, 4, 4, 4, 4, 4, 4, 4, 4], "target_tokens": ["[IN:CREATE_ALARM", "[SL:AMOUNT", "@ptr1", "SL:AMOUNT]", "[SL:DATE_TIME", "@ptr3", "SL:DATE_TIME]", "[SL:AMOUNT", "@ptr5", "SL:AMOUNT]", "[SL:DATE_TIME", "@ptr6", "@ptr7", "@ptr8", "@ptr9", "SL:DATE_TIME]", "[SL:AMOUNT", "@ptr5", "SL:AMOUNT]", "[SL:DATE_TIME", "@ptr12", "@ptr13", "@ptr14", "@ptr15", "SL:DATE_TIME]", "[SL:AMOUNT", "@ptr5", "SL:AMOUNT]", "[SL:DATE_TIME", "@ptr18", "@ptr19", "@ptr20", "@ptr21", "SL:DATE_TIME]", "IN:CREATE_ALARM]"], "predicted_tokens": ["[IN:CREATE_ALARM", "[SL:AMOUNT", "@ptr1", "SL:AMOUNT]", "[SL:DATE_TIME", "@ptr3", "SL:DATE_TIME]", "[SL:DATE_TIME", "@ptr6", "@ptr7", "@ptr8", "@ptr9", "SL:DATE_TIME]", "[SL:DATE_TIME", "@ptr12", "@ptr13", "@ptr14", "@ptr15", "SL:DATE_TIME]", "IN:CREATE_ALARM]"]}
{"loss": 0.9654349684715271, "class_log_probabilities": [-0.6763734817504883, -8.390578269958496, -8.617181777954102, -8.620488166809082], "predictions": [45, 16, 397, 398, 399, 400, 401, 402, 403, 404, 17, 46, 4, 4, 4, 4, 4], "target_tokens": ["[IN:CREATE_ALARM", "[SL:DATE_TIME", "@ptr2", "@ptr3", "@ptr4", "@ptr5", "@ptr6", "@ptr7", "@ptr8", "@ptr9", "SL:DATE_TIME]", "IN:CREATE_ALARM]"], "predicted_tokens": ["[IN:CREATE_ALARM", "[SL:DATE_TIME", "@ptr2", "@ptr3", "@ptr4", "@ptr5", "@ptr6", "@ptr7", "@ptr8", "@ptr9", "SL:DATE_TIME]", "IN:CREATE_ALARM]"]}
{"loss": 0.9661290645599365, "class_log_probabilities": [-0.8060619235038757, -7.549744129180908, -8.118136405944824, -8.424121856689453], "predictions": [45, 16, 397, 398, 399, 400, 401, 402, 403, 404, 405, 406, 17, 46, 4, 4, 4, 4, 4, 4, 4, 4, 4], "target_tokens": ["[IN:CREATE_ALARM", "[SL:DATE_TIME", "@ptr2", "@ptr3", "@ptr4", "@ptr5", "@ptr6", "@ptr7", "@ptr8", "@ptr9", "@ptr10", "@ptr11", "SL:DATE_TIME]", "IN:CREATE_ALARM]"], "predicted_tokens": ["[IN:CREATE_ALARM", "[SL:DATE_TIME", "@ptr2", "@ptr3", "@ptr4", "@ptr5", "@ptr6", "@ptr7", "@ptr8", "@ptr9", "@ptr10", "@ptr11", "SL:DATE_TIME]", "IN:CREATE_ALARM]"]}
{"loss": 1.5236375331878662, "class_log_probabilities": [-1.029847264289856, -4.98748254776001, -5.250326633453369, -5.642096042633057], "predictions": [45, 16, 396, 397, 398, 399, 400, 401, 402, 403, 404, 17, 46, 4], "target_tokens": ["[IN:CREATE_ALARM", "[SL:DATE_TIME", "@ptr2", "@ptr3", "@ptr4", "@ptr5", "@ptr6", "@ptr7", "@ptr8", "@ptr9", "SL:DATE_TIME]", "IN:CREATE_ALARM]"], "predicted_tokens": ["[IN:CREATE_ALARM", "[SL:DATE_TIME", "@ptr1", "@ptr2", "@ptr3", "@ptr4", "@ptr5", "@ptr6", "@ptr7", "@ptr8", "@ptr9", "SL:DATE_TIME]", "IN:CREATE_ALARM]"]}
{"loss": 0.9721694588661194, "class_log_probabilities": [-0.5476919412612915, -7.445941925048828, -7.487823963165283, -7.547407150268555], "predictions": [259, 16, 399, 400, 401, 402, 403, 404, 17, 260, 4, 4], "target_tokens": ["[IN:UPDATE_ALARM", "[SL:DATE_TIME", "@ptr4", "@ptr5", "@ptr6", "@ptr7", "@ptr8", "@ptr9", "SL:DATE_TIME]", "IN:UPDATE_ALARM]"], "predicted_tokens": ["[IN:UPDATE_ALARM", "[SL:DATE_TIME", "@ptr4", "@ptr5", "@ptr6", "@ptr7", "@ptr8", "@ptr9", "SL:DATE_TIME]", "IN:UPDATE_ALARM]"]}
{"loss": 1.6208314895629883, "class_log_probabilities": [-1.0175807476043701, -2.896221876144409, -4.725127220153809, -5.405649185180664], "predictions": [259, 120, 397, 121, 249, 401, 250, 16, 403, 404, 405, 406, 407, 408, 409, 17, 260, 4, 4], "target_tokens": ["[IN:UPDATE_ALARM", "[SL:AMOUNT", "@ptr1", "SL:AMOUNT]", "[SL:ALARM_NAME", "@ptr6", "SL:ALARM_NAME]", "[SL:DATE_TIME", "@ptr8", "@ptr9", "@ptr10", "@ptr11", "@ptr12", "@ptr13", "SL:DATE_TIME]", "IN:UPDATE_ALARM]"], "predicted_tokens": ["[IN:UPDATE_ALARM", "[SL:AMOUNT", "@ptr2", "SL:AMOUNT]", "[SL:ALARM_NAME", "@ptr6", "SL:ALARM_NAME]", "[SL:DATE_TIME", "@ptr8", "@ptr9", "@ptr10", "@ptr11", "@ptr12", "@ptr13", "@ptr14", "SL:DATE_TIME]", "IN:UPDATE_ALARM]"]}
{"loss": 1.0123177766799927, "class_log_probabilities": [-1.0846465826034546, -2.661550998687744, -5.280496597290039, -6.795662879943848], "predictions": [259, 249, 399, 250, 16, 400, 401, 402, 403, 17, 260, 4, 4, 4, 4], "target_tokens": ["[IN:UPDATE_ALARM", "[SL:ALARM_NAME", "@ptr4", "SL:ALARM_NAME]", "[SL:DATE_TIME", "@ptr5", "@ptr6", "@ptr7", "@ptr8", "SL:DATE_TIME]", "IN:UPDATE_ALARM]"], "predicted_tokens": ["[IN:UPDATE_ALARM", "[SL:ALARM_NAME", "@ptr4", "SL:ALARM_NAME]", "[SL:DATE_TIME", "@ptr5", "@ptr6", "@ptr7", "@ptr8", "SL:DATE_TIME]", "IN:UPDATE_ALARM]"]}
{"loss": 0.9744997620582581, "class_log_probabilities": [-0.5292604565620422, -7.464076042175293, -7.890799522399902, -8.155029296875], "predictions": [259, 16, 398, 399, 400, 401, 402, 403, 17, 260, 4], "target_tokens": ["[IN:UPDATE_ALARM", "[SL:DATE_TIME", "@ptr3", "@ptr4", "@ptr5", "@ptr6", "@ptr7", "@ptr8", "SL:DATE_TIME]", "IN:UPDATE_ALARM]"], "predicted_tokens": ["[IN:UPDATE_ALARM", "[SL:DATE_TIME", "@ptr3", "@ptr4", "@ptr5", "@ptr6", "@ptr7", "@ptr8", "SL:DATE_TIME]", "IN:UPDATE_ALARM]"]}
{"loss": 2.9021072387695312, "class_log_probabilities": [-0.30151358246803284, -7.396717071533203, -7.434808731079102, -7.544244766235352], "predictions": [213, 20, 398, 21, 214, 4], "target_tokens": ["[IN:GET_ALARM", "[SL:ORDINAL", "@ptr3", "SL:ORDINAL]", "IN:GET_ALARM]"], "predicted_tokens": ["[IN:SILENCE_ALARM", "[SL:ORDINAL", "@ptr3", "SL:ORDINAL]", "IN:SILENCE_ALARM]"]}
{"loss": 1.0602104663848877, "class_log_probabilities": [-1.630281925201416, -1.7384949922561646, -4.470857620239258, -4.590700149536133], "predictions": [19, 16, 400, 401, 402, 17, 22, 4], "target_tokens": ["[IN:GET_ALARM", "[SL:DATE_TIME", "@ptr5", "@ptr6", "@ptr7", "SL:DATE_TIME]", "IN:GET_ALARM]"], "predicted_tokens": ["[IN:GET_ALARM", "[SL:DATE_TIME", "@ptr5", "@ptr6", "@ptr7", "SL:DATE_TIME]", "IN:GET_ALARM]"]}
{"loss": 0.9870296120643616, "class_log_probabilities": [-0.2616751492023468, -7.761960983276367, -8.033763885498047, -8.03511905670166], "predictions": [19, 20, 402, 21, 22, 4, 4, 4], "target_tokens": ["[IN:GET_ALARM", "[SL:ORDINAL", "@ptr7", "SL:ORDINAL]", "IN:GET_ALARM]"], "predicted_tokens": ["[IN:GET_ALARM", "[SL:ORDINAL", "@ptr7", "SL:ORDINAL]", "IN:GET_ALARM]"]}
{"loss": 1.9679615497589111, "class_log_probabilities": [-0.3806001543998718, -5.478988170623779, -5.926891326904297, -6.820132255554199], "predictions": [119, 16, 398, 399, 17, 122, 4], "target_tokens": ["[IN:DELETE_ALARM", "[SL:ALARM_NAME", "@ptr2", "SL:ALARM_NAME]", "[SL:DATE_TIME", "@ptr3", "@ptr4", "SL:DATE_TIME]", "IN:DELETE_ALARM]"], "predicted_tokens": ["[IN:DELETE_ALARM", "[SL:DATE_TIME", "@ptr3", "@ptr4", "SL:DATE_TIME]", "IN:DELETE_ALARM]"]}
{"loss": 0.9784972071647644, "class_log_probabilities": [-0.3042314648628235, -7.459412097930908, -7.533041477203369, -7.850888729095459], "predictions": [119, 120, 396, 121, 122, 4, 4], "target_tokens": ["[IN:DELETE_ALARM", "[SL:AMOUNT", "@ptr1", "SL:AMOUNT]", "IN:DELETE_ALARM]"], "predicted_tokens": ["[IN:DELETE_ALARM", "[SL:AMOUNT", "@ptr1", "SL:AMOUNT]", "IN:DELETE_ALARM]"]}
{"loss": 0.9910199046134949, "class_log_probabilities": [-0.1258440613746643, -7.721876621246338, -7.862782001495361, -8.019561767578125], "predictions": [119, 122, 4], "target_tokens": ["[IN:DELETE_ALARM", "IN:DELETE_ALARM]"], "predicted_tokens": ["[IN:DELETE_ALARM", "IN:DELETE_ALARM]"]}
{"loss": 0.9652702808380127, "class_log_probabilities": [-0.5698772072792053, -8.18874454498291, -8.392818450927734, -8.71226692199707], "predictions": [45, 16, 398, 399, 400, 401, 402, 403, 17, 46, 4], "target_tokens": ["[IN:CREATE_ALARM", "[SL:DATE_TIME", "@ptr3", "@ptr4", "@ptr5", "@ptr6", "@ptr7", "@ptr8", "SL:DATE_TIME]", "IN:CREATE_ALARM]"], "predicted_tokens": ["[IN:CREATE_ALARM", "[SL:DATE_TIME", "@ptr3", "@ptr4", "@ptr5", "@ptr6", "@ptr7", "@ptr8", "SL:DATE_TIME]", "IN:CREATE_ALARM]"]}
{"loss": 0.9645146131515503, "class_log_probabilities": [-0.5237518548965454, -8.498299598693848, -9.04733657836914, -9.1094388961792], "predictions": [45, 16, 398, 399, 400, 401, 402, 17, 46, 4, 4], "target_tokens": ["[IN:CREATE_ALARM", "[SL:DATE_TIME", "@ptr3", "@ptr4", "@ptr5", "@ptr6", "@ptr7", "SL:DATE_TIME]", "IN:CREATE_ALARM]"], "predicted_tokens": ["[IN:CREATE_ALARM", "[SL:DATE_TIME", "@ptr3", "@ptr4", "@ptr5", "@ptr6", "@ptr7", "SL:DATE_TIME]", "IN:CREATE_ALARM]"]}
{"loss": 0.964616596698761, "class_log_probabilities": [-0.5250633955001831, -8.561763763427734, -8.942804336547852, -9.038822174072266], "predictions": [45, 16, 398, 399, 400, 401, 402, 17, 46, 4, 4], "target_tokens": ["[IN:CREATE_ALARM", "[SL:DATE_TIME", "@ptr3", "@ptr4", "@ptr5", "@ptr6", "@ptr7", "SL:DATE_TIME]", "IN:CREATE_ALARM]"], "predicted_tokens": ["[IN:CREATE_ALARM", "[SL:DATE_TIME", "@ptr3", "@ptr4", "@ptr5", "@ptr6", "@ptr7", "SL:DATE_TIME]", "IN:CREATE_ALARM]"]}
{"loss": 0.9666517972946167, "class_log_probabilities": [-0.45576342940330505, -8.314655303955078, -8.365066528320312, -8.425402641296387], "predictions": [45, 16, 400, 401, 402, 403, 17, 46, 4, 4], "target_tokens": ["[IN:CREATE_ALARM", "[SL:DATE_TIME", "@ptr5", "@ptr6", "@ptr7", "@ptr8", "SL:DATE_TIME]", "IN:CREATE_ALARM]"], "predicted_tokens": ["[IN:CREATE_ALARM", "[SL:DATE_TIME", "@ptr5", "@ptr6", "@ptr7", "@ptr8", "SL:DATE_TIME]", "IN:CREATE_ALARM]"]}
{"loss": 1.1719015836715698, "class_log_probabilities": [-0.9277394413948059, -3.415067195892334, -6.770227432250977, -6.917208671569824], "predictions": [45, 249, 399, 400, 250, 16, 401, 402, 403, 404, 17, 46, 4], "target_tokens": ["[IN:CREATE_ALARM", "[SL:ALARM_NAME", "@ptr5", "SL:ALARM_NAME]", "[SL:DATE_TIME", "@ptr6", "@ptr7", "@ptr8", "@ptr9", "SL:DATE_TIME]", "IN:CREATE_ALARM]"], "predicted_tokens": ["[IN:CREATE_ALARM", "[SL:ALARM_NAME", "@ptr4", "@ptr5", "SL:ALARM_NAME]", "[SL:DATE_TIME", "@ptr6", "@ptr7", "@ptr8", "@ptr9", "SL:DATE_TIME]", "IN:CREATE_ALARM]"]}
{"loss": 0.9666944146156311, "class_log_probabilities": [-0.5571485161781311, -8.26578426361084, -8.40894603729248, -8.43565845489502], "predictions": [45, 16, 398, 399, 400, 401, 402, 403, 17, 46, 4], "target_tokens": ["[IN:CREATE_ALARM", "[SL:DATE_TIME", "@ptr3", "@ptr4", "@ptr5", "@ptr6", "@ptr7", "@ptr8", "SL:DATE_TIME]", "IN:CREATE_ALARM]"], "predicted_tokens": ["[IN:CREATE_ALARM", "[SL:DATE_TIME", "@ptr3", "@ptr4", "@ptr5", "@ptr6", "@ptr7", "@ptr8", "SL:DATE_TIME]", "IN:CREATE_ALARM]"]}
{"loss": 0.9645569324493408, "class_log_probabilities": [-0.4763775169849396, -7.56907320022583, -7.913174629211426, -8.367171287536621], "predictions": [45, 16, 401, 402, 403, 404, 17, 46, 4], "target_tokens": ["[IN:CREATE_ALARM", "[SL:DATE_TIME", "@ptr6", "@ptr7", "@ptr8", "@ptr9", "SL:DATE_TIME]", "IN:CREATE_ALARM]"], "predicted_tokens": ["[IN:CREATE_ALARM", "[SL:DATE_TIME", "@ptr6", "@ptr7", "@ptr8", "@ptr9", "SL:DATE_TIME]", "IN:CREATE_ALARM]"]}
{"loss": 0.9701323509216309, "class_log_probabilities": [-0.7980996370315552, -6.608997821807861, -7.774374961853027, -7.780339241027832], "predictions": [45, 16, 398, 399, 400, 401, 402, 403, 404, 405, 406, 407, 408, 17, 46, 4, 4, 4], "target_tokens": ["[IN:CREATE_ALARM", "[SL:DATE_TIME", "@ptr3", "@ptr4", "@ptr5", "@ptr6", "@ptr7", "@ptr8", "@ptr9", "@ptr10", "@ptr11", "@ptr12", "@ptr13", "SL:DATE_TIME]", "IN:CREATE_ALARM]"], "predicted_tokens": ["[IN:CREATE_ALARM", "[SL:DATE_TIME", "@ptr3", "@ptr4", "@ptr5", "@ptr6", "@ptr7", "@ptr8", "@ptr9", "@ptr10", "@ptr11", "@ptr12", "@ptr13", "SL:DATE_TIME]", "IN:CREATE_ALARM]"]}
{"loss": 0.9720948934555054, "class_log_probabilities": [-0.611526370048523, -7.364957332611084, -7.4085893630981445, -7.523252010345459], "predictions": [45, 16, 401, 402, 403, 404, 405, 406, 407, 408, 17, 46, 4, 4], "target_tokens": ["[IN:CREATE_ALARM", "[SL:DATE_TIME", "@ptr6", "@ptr7", "@ptr8", "@ptr9", "@ptr10", "@ptr11", "@ptr12", "@ptr13", "SL:DATE_TIME]", "IN:CREATE_ALARM]"], "predicted_tokens": ["[IN:CREATE_ALARM", "[SL:DATE_TIME", "@ptr6", "@ptr7", "@ptr8", "@ptr9", "@ptr10", "@ptr11", "@ptr12", "@ptr13", "SL:DATE_TIME]", "IN:CREATE_ALARM]"]}
{"loss": 1.4513565301895142, "class_log_probabilities": [-3.642991542816162, -3.6942343711853027, -4.029199600219727, -4.044955253601074], "predictions": [45, 16, 401, 402, 403, 404, 405, 406, 407, 408, 409, 410, 411, 412, 413, 17, 249, 416, 417, 420, 250, 46, 4, 4], "target_tokens": ["[IN:CREATE_ALARM", "[SL:DATE_TIME", "@ptr6", "@ptr7", "@ptr8", "@ptr9", "@ptr10", "@ptr11", "@ptr12", "@ptr13", "@ptr14", "@ptr15", "@ptr16", "@ptr17", "@ptr18", "SL:DATE_TIME]", "[SL:ALARM_NAME", "@ptr21", "@ptr22", "@ptr23", "@ptr24", "@ptr25", "@ptr26", "@ptr27", "SL:ALARM_NAME]", "IN:CREATE_ALARM]"], "predicted_tokens": ["[IN:CREATE_ALARM", "[SL:DATE_TIME", "@ptr6", "@ptr7", "@ptr8", "@ptr9", "@ptr10", "@ptr11", "@ptr12", "@ptr13", "@ptr14", "@ptr15", "@ptr16", "@ptr17", "@ptr18", "SL:DATE_TIME]", "[SL:ALARM_NAME", "@ptr21", "@ptr22", "@ptr25", "SL:ALARM_NAME]", "IN:CREATE_ALARM]"]}
{"loss": 5.091974258422852, "class_log_probabilities": [-0.22929924726486206, -6.223808765411377, -6.465179443359375, -6.607599258422852], "predictions": [287, 288, 4, 4], "target_tokens": ["[IN:SNOOZE_ALARM", "IN:SNOOZE_ALARM]"], "predicted_tokens": ["[IN:REPLAY_MUSIC", "IN:REPLAY_MUSIC]"]}
{"loss": 3.40590238571167, "class_log_probabilities": [-0.5484610199928284, -3.974806785583496, -6.158857345581055, -7.067680358886719], "predictions": [183, 16, 396, 397, 17, 184, 4], "target_tokens": ["[IN:SNOOZE_ALARM", "[SL:DATE_TIME", "@ptr1", "@ptr2", "@ptr3", "SL:DATE_TIME]", "IN:SNOOZE_ALARM]"], "predicted_tokens": ["[IN:ADD_TIME_TIMER", "[SL:DATE_TIME", "@ptr1", "@ptr2", "SL:DATE_TIME]", "IN:ADD_TIME_TIMER]"]}
{"loss": 2.085280418395996, "class_log_probabilities": [-0.6459087133407593, -8.016806602478027, -8.017730712890625, -8.431463241577148], "predictions": [45, 16, 398, 399, 400, 401, 402, 403, 404, 405, 17, 46, 4, 4], "target_tokens": ["[IN:SNOOZE_ALARM", "[SL:DATE_TIME", "@ptr3", "@ptr4", "@ptr5", "@ptr6", "@ptr7", "@ptr8", "@ptr9", "@ptr10", "SL:DATE_TIME]", "IN:SNOOZE_ALARM]"], "predicted_tokens": ["[IN:CREATE_ALARM", "[SL:DATE_TIME", "@ptr3", "@ptr4", "@ptr5", "@ptr6", "@ptr7", "@ptr8", "@ptr9", "@ptr10", "SL:DATE_TIME]", "IN:CREATE_ALARM]"]}
{"loss": 0.9731993675231934, "class_log_probabilities": [-0.39395931363105774, -6.496946334838867, -6.856353282928467, -7.302987098693848], "predictions": [159, 16, 398, 399, 400, 17, 160, 4], "target_tokens": ["[IN:SNOOZE_ALARM", "[SL:DATE_TIME", "@ptr3", "@ptr4", "@ptr5", "SL:DATE_TIME]", "IN:SNOOZE_ALARM]"], "predicted_tokens": ["[IN:SNOOZE_ALARM", "[SL:DATE_TIME", "@ptr3", "@ptr4", "@ptr5", "SL:DATE_TIME]", "IN:SNOOZE_ALARM]"]}
{"loss": 0.9654863476753235, "class_log_probabilities": [-0.6175952553749084, -8.296636581420898, -8.331088066101074, -8.574058532714844], "predictions": [45, 16, 398, 399, 400, 401, 402, 403, 404, 17, 46, 4, 4], "target_tokens": ["[IN:CREATE_ALARM", "[SL:DATE_TIME", "@ptr3", "@ptr4", "@ptr5", "@ptr6", "@ptr7", "@ptr8", "@ptr9", "SL:DATE_TIME]", "IN:CREATE_ALARM]"], "predicted_tokens": ["[IN:CREATE_ALARM", "[SL:DATE_TIME", "@ptr3", "@ptr4", "@ptr5", "@ptr6", "@ptr7", "@ptr8", "@ptr9", "SL:DATE_TIME]", "IN:CREATE_ALARM]"]}
{"loss": 0.9744789600372314, "class_log_probabilities": [-0.286807119846344, -7.382372856140137, -7.39210319519043, -7.4642462730407715], "predictions": [45, 249, 399, 250, 46, 4], "target_tokens": ["[IN:CREATE_ALARM", "[SL:ALARM_NAME", "@ptr4", "SL:ALARM_NAME]", "IN:CREATE_ALARM]"], "predicted_tokens": ["[IN:CREATE_ALARM", "[SL:ALARM_NAME", "@ptr4", "SL:ALARM_NAME]", "IN:CREATE_ALARM]"]}
{"loss": 0.9669793248176575, "class_log_probabilities": [-0.6085131764411926, -7.450085163116455, -7.753026962280273, -8.017472267150879], "predictions": [45, 16, 400, 401, 402, 403, 404, 405, 406, 17, 46, 4, 4, 4, 4, 4], "target_tokens": ["[IN:CREATE_ALARM", "[SL:DATE_TIME", "@ptr5", "@ptr6", "@ptr7", "@ptr8", "@ptr9", "@ptr10", "@ptr11", "SL:DATE_TIME]", "IN:CREATE_ALARM]"], "predicted_tokens": ["[IN:CREATE_ALARM", "[SL:DATE_TIME", "@ptr5", "@ptr6", "@ptr7", "@ptr8", "@ptr9", "@ptr10", "@ptr11", "SL:DATE_TIME]", "IN:CREATE_ALARM]"]}
{"loss": 1.2734709978103638, "class_log_probabilities": [-1.1205453872680664, -4.733416557312012, -4.844458103179932, -5.322393894195557], "predictions": [159, 16, 396, 397, 398, 399, 400, 401, 402, 403, 404, 17, 160, 4, 4], "target_tokens": ["[IN:CREATE_ALARM", "[SL:DATE_TIME", "@ptr1", "@ptr2", "@ptr3", "@ptr4", "@ptr5", "@ptr6", "@ptr7", "@ptr8", "@ptr9", "SL:DATE_TIME]", "IN:CREATE_ALARM]"], "predicted_tokens": ["[IN:SNOOZE_ALARM", "[SL:DATE_TIME", "@ptr1", "@ptr2", "@ptr3", "@ptr4", "@ptr5", "@ptr6", "@ptr7", "@ptr8", "@ptr9", "SL:DATE_TIME]", "IN:SNOOZE_ALARM]"]}
{"loss": 2.5131216049194336, "class_log_probabilities": [-0.7630211710929871, -3.615401029586792, -7.466889381408691, -7.836737632751465], "predictions": [45, 16, 400, 401, 402, 17, 16, 405, 406, 407, 408, 409, 17, 46, 4, 4], "target_tokens": ["[IN:CREATE_ALARM", "[SL:DATE_TIME", "@ptr5", "@ptr6", "@ptr7", "@ptr8", "@ptr9", "@ptr10", "@ptr11", "@ptr12", "@ptr13", "@ptr14", "SL:DATE_TIME]", "IN:CREATE_ALARM]"], "predicted_tokens": ["[IN:CREATE_ALARM", "[SL:DATE_TIME", "@ptr5", "@ptr6", "@ptr7", "SL:DATE_TIME]", "[SL:DATE_TIME", "@ptr10", "@ptr11", "@ptr12", "@ptr13", "@ptr14", "SL:DATE_TIME]", "IN:CREATE_ALARM]"]}
{"loss": 0.9768183827400208, "class_log_probabilities": [-0.43420296907424927, -7.321084976196289, -7.434232234954834, -8.04647159576416], "predictions": [259, 16, 400, 401, 402, 403, 17, 260, 4, 4], "target_tokens": ["[IN:UPDATE_ALARM", "[SL:DATE_TIME", "@ptr5", "@ptr6", "@ptr7", "@ptr8", "SL:DATE_TIME]", "IN:UPDATE_ALARM]"], "predicted_tokens": ["[IN:UPDATE_ALARM", "[SL:DATE_TIME", "@ptr5", "@ptr6", "@ptr7", "@ptr8", "SL:DATE_TIME]", "IN:UPDATE_ALARM]"]}
{"loss": 0.97813880443573, "class_log_probabilities": [-0.4234536588191986, -8.194226264953613, -8.30012321472168, -8.361912727355957], "predictions": [259, 16, 398, 399, 400, 401, 17, 260, 4], "target_tokens": ["[IN:UPDATE_ALARM", "[SL:DATE_TIME", "@ptr3", "@ptr4", "@ptr5", "@ptr6", "SL:DATE_TIME]", "IN:UPDATE_ALARM]"], "predicted_tokens": ["[IN:UPDATE_ALARM", "[SL:DATE_TIME", "@ptr3", "@ptr4", "@ptr5", "@ptr6", "SL:DATE_TIME]", "IN:UPDATE_ALARM]"]}
{"loss": 0.9763960242271423, "class_log_probabilities": [-0.29312384128570557, -6.073071002960205, -6.800384044647217, -7.4909138679504395], "predictions": [19, 20, 399, 21, 22, 4, 4, 4, 4], "target_tokens": ["[IN:GET_ALARM", "[SL:ORDINAL", "@ptr4", "SL:ORDINAL]", "IN:GET_ALARM]"], "predicted_tokens": ["[IN:GET_ALARM", "[SL:ORDINAL", "@ptr4", "SL:ORDINAL]", "IN:GET_ALARM]"]}
{"loss": 5.394937515258789, "class_log_probabilities": [-0.38869041204452515, -5.81235408782959, -6.392089366912842, -6.41924524307251], "predictions": [213, 20, 397, 21, 214, 4], "target_tokens": ["[IN:GET_ALARM", "IN:GET_ALARM]"], "predicted_tokens": ["[IN:SILENCE_ALARM", "[SL:ORDINAL", "@ptr2", "SL:ORDINAL]", "IN:SILENCE_ALARM]"]}
{"loss": 0.975121796131134, "class_log_probabilities": [-0.14530783891677856, -8.272793769836426, -8.425477027893066, -8.51050090789795], "predictions": [213, 214, 4], "target_tokens": ["[IN:SILENCE_ALARM", "IN:SILENCE_ALARM]"], "predicted_tokens": ["[IN:SILENCE_ALARM", "IN:SILENCE_ALARM]"]}
{"loss": 1.0249048471450806, "class_log_probabilities": [-0.5832997560501099, -2.9142818450927734, -4.770572662353516, -5.586793899536133], "predictions": [213, 214, 4], "target_tokens": ["[IN:SILENCE_ALARM", "IN:SILENCE_ALARM]"], "predicted_tokens": ["[IN:SILENCE_ALARM", "IN:SILENCE_ALARM]"]}
{"loss": 0.9644261598587036, "class_log_probabilities": [-0.5261756181716919, -8.620360374450684, -9.004189491271973, -9.12844467163086], "predictions": [45, 16, 398, 399, 400, 401, 402, 17, 46, 4, 4], "target_tokens": ["[IN:CREATE_ALARM", "[SL:DATE_TIME", "@ptr3", "@ptr4", "@ptr5", "@ptr6", "@ptr7", "SL:DATE_TIME]", "IN:CREATE_ALARM]"], "predicted_tokens": ["[IN:CREATE_ALARM", "[SL:DATE_TIME", "@ptr3", "@ptr4", "@ptr5", "@ptr6", "@ptr7", "SL:DATE_TIME]", "IN:CREATE_ALARM]"]}
{"loss": 0.9665314555168152, "class_log_probabilities": [-0.4114966094493866, -7.8046875, -8.053192138671875, -8.780130386352539], "predictions": [45, 16, 402, 403, 404, 17, 46, 4, 4], "target_tokens": ["[IN:CREATE_ALARM", "[SL:DATE_TIME", "@ptr7", "@ptr8", "@ptr9", "SL:DATE_TIME]", "IN:CREATE_ALARM]"], "predicted_tokens": ["[IN:CREATE_ALARM", "[SL:DATE_TIME", "@ptr7", "@ptr8", "@ptr9", "SL:DATE_TIME]", "IN:CREATE_ALARM]"]}
{"loss": 0.9623169302940369, "class_log_probabilities": [-0.4931994080543518, -8.366764068603516, -8.400296211242676, -8.422775268554688], "predictions": [45, 16, 399, 400, 401, 402, 17, 46, 4, 4], "target_tokens": ["[IN:CREATE_ALARM", "[SL:DATE_TIME", "@ptr4", "@ptr5", "@ptr6", "@ptr7", "SL:DATE_TIME]", "IN:CREATE_ALARM]"], "predicted_tokens": ["[IN:CREATE_ALARM", "[SL:DATE_TIME", "@ptr4", "@ptr5", "@ptr6", "@ptr7", "SL:DATE_TIME]", "IN:CREATE_ALARM]"]}
{"loss": 0.9649982452392578, "class_log_probabilities": [-0.5730807185173035, -8.349746704101562, -8.558815956115723, -8.861332893371582], "predictions": [45, 16, 398, 399, 400, 401, 402, 403, 17, 46, 4], "target_tokens": ["[IN:CREATE_ALARM", "[SL:DATE_TIME", "@ptr3", "@ptr4", "@ptr5", "@ptr6", "@ptr7", "@ptr8", "SL:DATE_TIME]", "IN:CREATE_ALARM]"], "predicted_tokens": ["[IN:CREATE_ALARM", "[SL:DATE_TIME", "@ptr3", "@ptr4", "@ptr5", "@ptr6", "@ptr7", "@ptr8", "SL:DATE_TIME]", "IN:CREATE_ALARM]"]}
{"loss": 0.9653612375259399, "class_log_probabilities": [-0.6867576837539673, -7.593020439147949, -7.7266645431518555, -8.01568603515625], "predictions": [45, 16, 396, 397, 398, 399, 400, 401, 402, 403, 17, 46, 4, 4, 4, 4, 4], "target_tokens": ["[IN:CREATE_ALARM", "[SL:DATE_TIME", "@ptr1", "@ptr2", "@ptr3", "@ptr4", "@ptr5", "@ptr6", "@ptr7", "@ptr8", "SL:DATE_TIME]", "IN:CREATE_ALARM]"], "predicted_tokens": ["[IN:CREATE_ALARM", "[SL:DATE_TIME", "@ptr1", "@ptr2", "@ptr3", "@ptr4", "@ptr5", "@ptr6", "@ptr7", "@ptr8", "SL:DATE_TIME]", "IN:CREATE_ALARM]"]}
{"loss": 0.9654954671859741, "class_log_probabilities": [-0.5250121355056763, -7.077969074249268, -7.446635723114014, -7.66386604309082], "predictions": [45, 16, 401, 402, 403, 404, 405, 17, 46, 4, 4], "target_tokens": ["[IN:CREATE_ALARM", "[SL:DATE_TIME", "@ptr6", "@ptr7", "@ptr8", "@ptr9", "@ptr10", "SL:DATE_TIME]", "IN:CREATE_ALARM]"], "predicted_tokens": ["[IN:CREATE_ALARM", "[SL:DATE_TIME", "@ptr6", "@ptr7", "@ptr8", "@ptr9", "@ptr10", "SL:DATE_TIME]", "IN:CREATE_ALARM]"]}
{"loss": 1.7433960437774658, "class_log_probabilities": [-0.6231479048728943, -6.959388256072998, -7.613777160644531, -7.912754058837891], "predictions": [45, 16, 401, 402, 403, 404, 405, 406, 407, 408, 409, 17, 46, 4, 4], "target_tokens": ["[IN:CREATE_ALARM", "[SL:DATE_TIME", "@ptr5", "@ptr6", "@ptr7", "@ptr8", "@ptr9", "@ptr10", "@ptr11", "@ptr12", "@ptr13", "@ptr14", "SL:DATE_TIME]", "IN:CREATE_ALARM]"], "predicted_tokens": ["[IN:CREATE_ALARM", "[SL:DATE_TIME", "@ptr6", "@ptr7", "@ptr8", "@ptr9", "@ptr10", "@ptr11", "@ptr12", "@ptr13", "@ptr14", "SL:DATE_TIME]", "IN:CREATE_ALARM]"]}
{"loss": 0.968917191028595, "class_log_probabilities": [-0.5881053805351257, -7.438813209533691, -8.374101638793945, -8.643980026245117], "predictions": [45, 16, 400, 401, 402, 403, 404, 405, 406, 17, 46, 4, 4, 4, 4, 4], "target_tokens": ["[IN:CREATE_ALARM", "[SL:DATE_TIME", "@ptr5", "@ptr6", "@ptr7", "@ptr8", "@ptr9", "@ptr10", "@ptr11", "SL:DATE_TIME]", "IN:CREATE_ALARM]"], "predicted_tokens": ["[IN:CREATE_ALARM", "[SL:DATE_TIME", "@ptr5", "@ptr6", "@ptr7", "@ptr8", "@ptr9", "@ptr10", "@ptr11", "SL:DATE_TIME]", "IN:CREATE_ALARM]"]}
{"loss": 0.9720987677574158, "class_log_probabilities": [-1.0790199041366577, -4.029856204986572, -4.817590236663818, -5.839146614074707], "predictions": [45, 16, 396, 397, 398, 399, 400, 401, 402, 17, 46, 4], "target_tokens": ["[IN:CREATE_ALARM", "[SL:DATE_TIME", "@ptr1", "@ptr2", "@ptr3", "@ptr4", "@ptr5", "@ptr6", "@ptr7", "SL:DATE_TIME]", "IN:CREATE_ALARM]"], "predicted_tokens": ["[IN:CREATE_ALARM", "[SL:DATE_TIME", "@ptr1", "@ptr2", "@ptr3", "@ptr4", "@ptr5", "@ptr6", "@ptr7", "SL:DATE_TIME]", "IN:CREATE_ALARM]"]}
{"loss": 0.9643498659133911, "class_log_probabilities": [-0.525945782661438, -8.700450897216797, -9.09387493133545, -9.148317337036133], "predictions": [45, 16, 398, 399, 400, 401, 402, 17, 46, 4, 4], "target_tokens": ["[IN:CREATE_ALARM", "[SL:DATE_TIME", "@ptr3", "@ptr4", "@ptr5", "@ptr6", "@ptr7", "SL:DATE_TIME]", "IN:CREATE_ALARM]"], "predicted_tokens": ["[IN:CREATE_ALARM", "[SL:DATE_TIME", "@ptr3", "@ptr4", "@ptr5", "@ptr6", "@ptr7", "SL:DATE_TIME]", "IN:CREATE_ALARM]"]}
{"loss": 0.9660269021987915, "class_log_probabilities": [-0.5180522799491882, -8.19792366027832, -8.41982650756836, -8.526922225952148], "predictions": [45, 16, 398, 399, 400, 401, 402, 17, 46, 4, 4], "target_tokens": ["[IN:CREATE_ALARM", "[SL:DATE_TIME", "@ptr3", "@ptr4", "@ptr5", "@ptr6", "@ptr7", "SL:DATE_TIME]", "IN:CREATE_ALARM]"], "predicted_tokens": ["[IN:CREATE_ALARM", "[SL:DATE_TIME", "@ptr3", "@ptr4", "@ptr5", "@ptr6", "@ptr7", "SL:DATE_TIME]", "IN:CREATE_ALARM]"]}
{"loss": 0.9668483734130859, "class_log_probabilities": [-0.6194571256637573, -7.245497703552246, -7.250068664550781, -7.905824184417725], "predictions": [45, 16, 398, 399, 400, 401, 402, 403, 17, 46, 4, 4, 4, 4, 4], "target_tokens": ["[IN:CREATE_ALARM", "[SL:DATE_TIME", "@ptr3", "@ptr4", "@ptr5", "@ptr6", "@ptr7", "@ptr8", "SL:DATE_TIME]", "IN:CREATE_ALARM]"], "predicted_tokens": ["[IN:CREATE_ALARM", "[SL:DATE_TIME", "@ptr3", "@ptr4", "@ptr5", "@ptr6", "@ptr7", "@ptr8", "SL:DATE_TIME]", "IN:CREATE_ALARM]"]}
{"loss": 0.9659702181816101, "class_log_probabilities": [-0.514066219329834, -8.710759162902832, -8.718098640441895, -8.721158981323242], "predictions": [45, 16, 398, 399, 400, 401, 402, 17, 46, 4], "target_tokens": ["[IN:CREATE_ALARM", "[SL:DATE_TIME", "@ptr3", "@ptr4", "@ptr5", "@ptr6", "@ptr7", "SL:DATE_TIME]", "IN:CREATE_ALARM]"], "predicted_tokens": ["[IN:CREATE_ALARM", "[SL:DATE_TIME", "@ptr3", "@ptr4", "@ptr5", "@ptr6", "@ptr7", "SL:DATE_TIME]", "IN:CREATE_ALARM]"]}
{"loss": 0.9740086793899536, "class_log_probabilities": [-0.644949734210968, -7.8368449211120605, -7.873236179351807, -8.003131866455078], "predictions": [45, 16, 400, 401, 402, 403, 404, 405, 406, 407, 408, 17, 46, 4], "target_tokens": ["[IN:CREATE_ALARM", "[SL:DATE_TIME", "@ptr5", "@ptr6", "@ptr7", "@ptr8", "@ptr9", "@ptr10", "@ptr11", "@ptr12", "@ptr13", "SL:DATE_TIME]", "IN:CREATE_ALARM]"], "predicted_tokens": ["[IN:CREATE_ALARM", "[SL:DATE_TIME", "@ptr5", "@ptr6", "@ptr7", "@ptr8", "@ptr9", "@ptr10", "@ptr11", "@ptr12", "@ptr13", "SL:DATE_TIME]", "IN:CREATE_ALARM]"]}
{"loss": 0.9698613286018372, "class_log_probabilities": [-0.9242391586303711, -6.0043253898620605, -6.3561553955078125, -7.033184051513672], "predictions": [45, 16, 398, 399, 400, 401, 402, 403, 404, 405, 406, 407, 408, 409, 410, 17, 46, 4], "target_tokens": ["[IN:CREATE_ALARM", "[SL:DATE_TIME", "@ptr3", "@ptr4", "@ptr5", "@ptr6", "@ptr7", "@ptr8", "@ptr9", "@ptr10", "@ptr11", "@ptr12", "@ptr13", "@ptr14", "@ptr15", "SL:DATE_TIME]", "IN:CREATE_ALARM]"], "predicted_tokens": ["[IN:CREATE_ALARM", "[SL:DATE_TIME", "@ptr3", "@ptr4", "@ptr5", "@ptr6", "@ptr7", "@ptr8", "@ptr9", "@ptr10", "@ptr11", "@ptr12", "@ptr13", "@ptr14", "@ptr15", "SL:DATE_TIME]", "IN:CREATE_ALARM]"]}
{"loss": 0.9664785265922546, "class_log_probabilities": [-0.5634902119636536, -7.396529674530029, -7.769852638244629, -8.3491849899292], "predictions": [45, 16, 400, 401, 402, 403, 404, 405, 17, 46, 4, 4, 4, 4, 4], "target_tokens": ["[IN:CREATE_ALARM", "[SL:DATE_TIME", "@ptr5", "@ptr6", "@ptr7", "@ptr8", "@ptr9", "@ptr10", "SL:DATE_TIME]", "IN:CREATE_ALARM]"], "predicted_tokens": ["[IN:CREATE_ALARM", "[SL:DATE_TIME", "@ptr5", "@ptr6", "@ptr7", "@ptr8", "@ptr9", "@ptr10", "SL:DATE_TIME]", "IN:CREATE_ALARM]"]}
{"loss": 0.9649505019187927, "class_log_probabilities": [-0.6251312494277954, -8.066905975341797, -8.276607513427734, -8.50098991394043], "predictions": [45, 16, 398, 399, 400, 401, 402, 403, 404, 17, 46, 4], "target_tokens": ["[IN:CREATE_ALARM", "[SL:DATE_TIME", "@ptr3", "@ptr4", "@ptr5", "@ptr6", "@ptr7", "@ptr8", "@ptr9", "SL:DATE_TIME]", "IN:CREATE_ALARM]"], "predicted_tokens": ["[IN:CREATE_ALARM", "[SL:DATE_TIME", "@ptr3", "@ptr4", "@ptr5", "@ptr6", "@ptr7", "@ptr8", "@ptr9", "SL:DATE_TIME]", "IN:CREATE_ALARM]"]}
{"loss": 0.9697176814079285, "class_log_probabilities": [-0.4109891653060913, -6.128608703613281, -6.75200080871582, -7.106391429901123], "predictions": [159, 16, 398, 399, 400, 17, 160, 4], "target_tokens": ["[IN:SNOOZE_ALARM", "[SL:DATE_TIME", "@ptr3", "@ptr4", "@ptr5", "SL:DATE_TIME]", "IN:SNOOZE_ALARM]"], "predicted_tokens": ["[IN:SNOOZE_ALARM", "[SL:DATE_TIME", "@ptr3", "@ptr4", "@ptr5", "SL:DATE_TIME]", "IN:SNOOZE_ALARM]"]}
{"loss": 2.467459201812744, "class_log_probabilities": [-0.8707609176635742, -2.8629815578460693, -3.620279550552368, -3.673590898513794], "predictions": [259, 249, 399, 250, 260, 4], "target_tokens": ["[IN:SNOOZE_ALARM", "[SL:ALARM_NAME", "@ptr4", "SL:ALARM_NAME]", "IN:SNOOZE_ALARM]"], "predicted_tokens": ["[IN:UPDATE_ALARM", "[SL:ALARM_NAME", "@ptr4", "SL:ALARM_NAME]", "IN:UPDATE_ALARM]"]}
{"loss": 1.501068115234375, "class_log_probabilities": [-3.1133456230163574, -3.979891538619995, -4.226003170013428, -4.962834358215332], "predictions": [45, 16, 400, 401, 402, 403, 404, 405, 406, 17, 16, 408, 409, 410, 411, 17, 46, 4, 4], "target_tokens": ["[IN:CREATE_ALARM", "[SL:DATE_TIME", "@ptr5", "@ptr6", "@ptr7", "@ptr8", "@ptr9", "@ptr10", "@ptr11", "@ptr12", "@ptr13", "@ptr14", "@ptr15", "@ptr16", "SL:DATE_TIME]", "IN:CREATE_ALARM]"], "predicted_tokens": ["[IN:CREATE_ALARM", "[SL:DATE_TIME", "@ptr5", "@ptr6", "@ptr7", "@ptr8", "@ptr9", "@ptr10", "@ptr11", "SL:DATE_TIME]", "[SL:DATE_TIME", "@ptr13", "@ptr14", "@ptr15", "@ptr16", "SL:DATE_TIME]", "IN:CREATE_ALARM]"]}
{"loss": 0.9652023315429688, "class_log_probabilities": [-0.6351776123046875, -7.254159927368164, -7.863785266876221, -8.273380279541016], "predictions": [45, 16, 399, 400, 401, 402, 403, 404, 405, 17, 46, 4, 4, 4, 4, 4, 4], "target_tokens": ["[IN:CREATE_ALARM", "[SL:DATE_TIME", "@ptr4", "@ptr5", "@ptr6", "@ptr7", "@ptr8", "@ptr9", "@ptr10", "SL:DATE_TIME]", "IN:CREATE_ALARM]"], "predicted_tokens": ["[IN:CREATE_ALARM", "[SL:DATE_TIME", "@ptr4", "@ptr5", "@ptr6", "@ptr7", "@ptr8", "@ptr9", "@ptr10", "SL:DATE_TIME]", "IN:CREATE_ALARM]"]}
{"loss": 1.5053966045379639, "class_log_probabilities": [-0.7617189288139343, -7.514585971832275, -8.510672569274902, -8.661705017089844], "predictions": [45, 16, 398, 399, 400, 401, 402, 403, 404, 405, 406, 407, 17, 46, 4, 4, 4, 4, 4, 4], "target_tokens": ["[IN:CREATE_ALARM", "[SL:DATE_TIME", "@ptr3", "@ptr4", "@ptr5", "@ptr6", "@ptr7", "SL:DATE_TIME]", "[SL:DATE_TIME", "@ptr8", "@ptr9", "@ptr10", "@ptr11", "@ptr12", "SL:DATE_TIME]", "IN:CREATE_ALARM]"], "predicted_tokens": ["[IN:CREATE_ALARM", "[SL:DATE_TIME", "@ptr3", "@ptr4", "@ptr5", "@ptr6", "@ptr7", "@ptr8", "@ptr9", "@ptr10", "@ptr11", "@ptr12", "SL:DATE_TIME]", "IN:CREATE_ALARM]"]}
{"loss": 0.97660231590271, "class_log_probabilities": [-0.8127900958061218, -5.669959545135498, -6.106600761413574, -7.357211589813232], "predictions": [45, 16, 398, 399, 400, 401, 17, 16, 405, 406, 407, 408, 409, 410, 17, 46, 4], "target_tokens": ["[IN:CREATE_ALARM", "[SL:DATE_TIME", "@ptr3", "@ptr4", "@ptr5", "@ptr6", "SL:DATE_TIME]", "[SL:DATE_TIME", "@ptr10", "@ptr11", "@ptr12", "@ptr13", "@ptr14", "@ptr15", "SL:DATE_TIME]", "IN:CREATE_ALARM]"], "predicted_tokens": ["[IN:CREATE_ALARM", "[SL:DATE_TIME", "@ptr3", "@ptr4", "@ptr5", "@ptr6", "SL:DATE_TIME]", "[SL:DATE_TIME", "@ptr10", "@ptr11", "@ptr12", "@ptr13", "@ptr14", "@ptr15", "SL:DATE_TIME]", "IN:CREATE_ALARM]"]}
{"loss": 1.6699398756027222, "class_log_probabilities": [-0.9585562944412231, -2.8283631801605225, -6.408957004547119, -7.959423065185547], "predictions": [45, 16, 398, 399, 400, 401, 402, 17, 16, 405, 406, 407, 17, 46, 4, 4], "target_tokens": ["[IN:CREATE_ALARM", "[SL:DATE_TIME", "@ptr3", "@ptr4", "@ptr5", "@ptr6", "@ptr7", "SL:DATE_TIME]", "[SL:DATE_TIME", "@ptr11", "@ptr12", "SL:DATE_TIME]", "IN:CREATE_ALARM]"], "predicted_tokens": ["[IN:CREATE_ALARM", "[SL:DATE_TIME", "@ptr3", "@ptr4", "@ptr5", "@ptr6", "@ptr7", "SL:DATE_TIME]", "[SL:DATE_TIME", "@ptr10", "@ptr11", "@ptr12", "SL:DATE_TIME]", "IN:CREATE_ALARM]"]}
{"loss": 2.021071195602417, "class_log_probabilities": [-0.8573559522628784, -4.874034881591797, -8.849569320678711, -8.866922378540039], "predictions": [45, 16, 399, 400, 401, 402, 403, 404, 405, 406, 407, 17, 46, 4, 4, 4, 4, 4, 4, 4, 4], "target_tokens": ["[IN:CREATE_ALARM", "[SL:ALARM_NAME", "@ptr3", "SL:ALARM_NAME]", "[SL:DATE_TIME", "@ptr4", "@ptr5", "@ptr6", "@ptr7", "@ptr8", "SL:DATE_TIME]", "[SL:DATE_TIME", "@ptr9", "@ptr10", "@ptr11", "@ptr12", "SL:DATE_TIME]", "IN:CREATE_ALARM]"], "predicted_tokens": ["[IN:CREATE_ALARM", "[SL:DATE_TIME", "@ptr4", "@ptr5", "@ptr6", "@ptr7", "@ptr8", "@ptr9", "@ptr10", "@ptr11", "@ptr12", "SL:DATE_TIME]", "IN:CREATE_ALARM]"]}
{"loss": 0.9735299348831177, "class_log_probabilities": [-0.7354972958564758, -6.997506141662598, -7.954864025115967, -8.136725425720215], "predictions": [45, 16, 398, 399, 400, 401, 402, 403, 404, 405, 406, 407, 408, 17, 46, 4, 4, 4, 4], "target_tokens": ["[IN:CREATE_ALARM", "[SL:DATE_TIME", "@ptr3", "@ptr4", "@ptr5", "@ptr6", "@ptr7", "@ptr8", "@ptr9", "@ptr10", "@ptr11", "@ptr12", "@ptr13", "SL:DATE_TIME]", "IN:CREATE_ALARM]"], "predicted_tokens": ["[IN:CREATE_ALARM", "[SL:DATE_TIME", "@ptr3", "@ptr4", "@ptr5", "@ptr6", "@ptr7", "@ptr8", "@ptr9", "@ptr10", "@ptr11", "@ptr12", "@ptr13", "SL:DATE_TIME]", "IN:CREATE_ALARM]"]}
{"loss": 1.554307222366333, "class_log_probabilities": [-0.6305304765701294, -5.351654529571533, -7.071841716766357, -7.193299770355225], "predictions": [45, 16, 401, 402, 403, 404, 405, 406, 407, 408, 17, 46, 4, 4, 4, 4], "target_tokens": ["[IN:CREATE_ALARM", "[SL:ALARM_NAME", "@ptr5", "SL:ALARM_NAME]", "[SL:DATE_TIME", "@ptr6", "@ptr7", "@ptr8", "@ptr9", "@ptr10", "@ptr11", "@ptr12", "@ptr13", "@ptr14", "SL:DATE_TIME]", "IN:CREATE_ALARM]"], "predicted_tokens": ["[IN:CREATE_ALARM", "[SL:DATE_TIME", "@ptr6", "@ptr7", "@ptr8", "@ptr9", "@ptr10", "@ptr11", "@ptr12", "@ptr13", "SL:DATE_TIME]", "IN:CREATE_ALARM]"]}
{"loss": 0.9755067229270935, "class_log_probabilities": [-0.6028193831443787, -4.265222072601318, -6.482889175415039, -7.948720455169678], "predictions": [45, 249, 399, 400, 250, 16, 401, 402, 403, 17, 46, 4], "target_tokens": ["[IN:CREATE_ALARM", "[SL:ALARM_NAME", "@ptr4", "@ptr5", "SL:ALARM_NAME]", "[SL:DATE_TIME", "@ptr6", "@ptr7", "@ptr8", "SL:DATE_TIME]", "IN:CREATE_ALARM]"], "predicted_tokens": ["[IN:CREATE_ALARM", "[SL:ALARM_NAME", "@ptr4", "@ptr5", "SL:ALARM_NAME]", "[SL:DATE_TIME", "@ptr6", "@ptr7", "@ptr8", "SL:DATE_TIME]", "IN:CREATE_ALARM]"]}
{"loss": 0.9743825197219849, "class_log_probabilities": [-0.8039613366127014, -5.875913143157959, -5.921049118041992, -7.367936134338379], "predictions": [45, 249, 400, 250, 16, 401, 402, 403, 404, 405, 406, 407, 408, 17, 46, 4], "target_tokens": ["[IN:CREATE_ALARM", "[SL:ALARM_NAME", "@ptr5", "SL:ALARM_NAME]", "[SL:DATE_TIME", "@ptr6", "@ptr7", "@ptr8", "@ptr9", "@ptr10", "@ptr11", "@ptr12", "@ptr13", "SL:DATE_TIME]", "IN:CREATE_ALARM]"], "predicted_tokens": ["[IN:CREATE_ALARM", "[SL:ALARM_NAME", "@ptr5", "SL:ALARM_NAME]", "[SL:DATE_TIME", "@ptr6", "@ptr7", "@ptr8", "@ptr9", "@ptr10", "@ptr11", "@ptr12", "@ptr13", "SL:DATE_TIME]", "IN:CREATE_ALARM]"]}
{"loss": 1.5987952947616577, "class_log_probabilities": [-2.9608826637268066, -3.33478045463562, -6.556125164031982, -7.724312782287598], "predictions": [49, 36, 75, 6, 403, 404, 7, 78, 37, 16, 405, 406, 407, 408, 410, 17, 50, 4, 4, 4, 4, 4, 4, 4, 4, 4, 4, 4, 4, 4, 4], "target_tokens": ["[IN:CREATE_ALARM", "[SL:ALARM_NAME", "@ptr6", "@ptr7", "@ptr8", "@ptr9", "SL:ALARM_NAME]", "[SL:DATE_TIME", "@ptr10", "@ptr11", "@ptr12", "@ptr13", "@ptr14", "@ptr15", "SL:DATE_TIME]", "IN:CREATE_ALARM]"], "predicted_tokens": ["[IN:CREATE_REMINDER", "[SL:TODO", "[IN:CREATE_CALL", "[SL:CONTACT", "@ptr8", "@ptr9", "SL:CONTACT]", "IN:CREATE_CALL]", "SL:TODO]", "[SL:DATE_TIME", "@ptr10", "@ptr11", "@ptr12", "@ptr13", "@ptr15", "SL:DATE_TIME]", "IN:CREATE_REMINDER]"]}
{"loss": 1.3499529361724854, "class_log_probabilities": [-0.7094902992248535, -6.4996161460876465, -7.456860065460205, -7.491876602172852], "predictions": [45, 249, 399, 400, 250, 16, 401, 402, 403, 404, 405, 406, 17, 46, 4], "target_tokens": ["[IN:CREATE_ALARM", "[SL:ALARM_NAME", "@ptr5", "SL:ALARM_NAME]", "[SL:DATE_TIME", "@ptr6", "@ptr7", "@ptr8", "@ptr9", "@ptr10", "@ptr11", "SL:DATE_TIME]", "IN:CREATE_ALARM]"], "predicted_tokens": ["[IN:CREATE_ALARM", "[SL:ALARM_NAME", "@ptr4", "@ptr5", "SL:ALARM_NAME]", "[SL:DATE_TIME", "@ptr6", "@ptr7", "@ptr8", "@ptr9", "@ptr10", "@ptr11", "SL:DATE_TIME]", "IN:CREATE_ALARM]"]}
{"loss": 2.162517547607422, "class_log_probabilities": [-0.5827741622924805, -5.647613048553467, -7.541565895080566, -7.747086524963379], "predictions": [259, 16, 401, 402, 403, 404, 405, 406, 407, 408, 17, 260, 4, 4], "target_tokens": ["[IN:UPDATE_ALARM", "[SL:ALARM_NAME", "@ptr4", "SL:ALARM_NAME]", "[SL:DATE_TIME", "@ptr5", "@ptr6", "@ptr7", "@ptr8", "@ptr9", "@ptr10", "@ptr11", "@ptr12", "@ptr13", "SL:DATE_TIME]", "IN:UPDATE_ALARM]"], "predicted_tokens": ["[IN:UPDATE_ALARM", "[SL:DATE_TIME", "@ptr6", "@ptr7", "@ptr8", "@ptr9", "@ptr10", "@ptr11", "@ptr12", "@ptr13", "SL:DATE_TIME]", "IN:UPDATE_ALARM]"]}
{"loss": 2.4627809524536133, "class_log_probabilities": [-0.2962617874145508, -6.260085582733154, -7.017392158508301, -7.429449081420898], "predictions": [213, 120, 397, 121, 214, 4], "target_tokens": ["[IN:GET_ALARM", "[SL:AMOUNT", "@ptr2", "SL:AMOUNT]", "IN:GET_ALARM]"], "predicted_tokens": ["[IN:SILENCE_ALARM", "[SL:AMOUNT", "@ptr2", "SL:AMOUNT]", "IN:SILENCE_ALARM]"]}
{"loss": 0.9855906367301941, "class_log_probabilities": [-0.12895910441875458, -8.193230628967285, -8.380922317504883, -8.526239395141602], "predictions": [19, 22, 4], "target_tokens": ["[IN:GET_ALARM", "IN:GET_ALARM]"], "predicted_tokens": ["[IN:GET_ALARM", "IN:GET_ALARM]"]}
{"loss": 0.9808488488197327, "class_log_probabilities": [-0.290818989276886, -7.315579414367676, -7.609128952026367, -7.798881530761719], "predictions": [119, 120, 396, 121, 122, 4, 4], "target_tokens": ["[IN:DELETE_ALARM", "[SL:AMOUNT", "@ptr1", "SL:AMOUNT]", "IN:DELETE_ALARM]"], "predicted_tokens": ["[IN:DELETE_ALARM", "[SL:AMOUNT", "@ptr1", "SL:AMOUNT]", "IN:DELETE_ALARM]"]}
{"loss": 0.9941588044166565, "class_log_probabilities": [-0.12165254354476929, -8.028212547302246, -8.0314302444458, -8.178194046020508], "predictions": [119, 122, 4], "target_tokens": ["[IN:DELETE_ALARM", "IN:DELETE_ALARM]"], "predicted_tokens": ["[IN:DELETE_ALARM", "IN:DELETE_ALARM]"]}
{"loss": 0.9650614857673645, "class_log_probabilities": [-0.5265605449676514, -7.728816509246826, -8.514265060424805, -8.534850120544434], "predictions": [45, 16, 399, 400, 401, 402, 403, 17, 46, 4, 4, 4, 4], "target_tokens": ["[IN:CREATE_ALARM", "[SL:DATE_TIME", "@ptr4", "@ptr5", "@ptr6", "@ptr7", "@ptr8", "SL:DATE_TIME]", "IN:CREATE_ALARM]"], "predicted_tokens": ["[IN:CREATE_ALARM", "[SL:DATE_TIME", "@ptr4", "@ptr5", "@ptr6", "@ptr7", "@ptr8", "SL:DATE_TIME]", "IN:CREATE_ALARM]"]}
{"loss": 1.7426948547363281, "class_log_probabilities": [-0.5926586985588074, -7.884170055389404, -8.108773231506348, -8.356013298034668], "predictions": [45, 16, 398, 399, 400, 401, 402, 403, 17, 46, 4], "target_tokens": ["[IN:CREATE_ALARM", "[SL:DATE_TIME", "@ptr3", "@ptr5", "@ptr6", "@ptr7", "@ptr8", "SL:DATE_TIME]", "IN:CREATE_ALARM]"], "predicted_tokens": ["[IN:CREATE_ALARM", "[SL:DATE_TIME", "@ptr3", "@ptr4", "@ptr5", "@ptr6", "@ptr7", "@ptr8", "SL:DATE_TIME]", "IN:CREATE_ALARM]"]}
{"loss": 2.2448880672454834, "class_log_probabilities": [-0.4630776047706604, -8.276498794555664, -8.489500999450684, -8.527939796447754], "predictions": [45, 16, 400, 401, 402, 403, 17, 46, 4, 4], "target_tokens": ["[IN:CREATE_ALARM", "[SL:ALARM_NAME", "@ptr4", "SL:ALARM_NAME]", "[SL:DATE_TIME", "@ptr5", "@ptr6", "@ptr7", "@ptr8", "SL:DATE_TIME]", "IN:CREATE_ALARM]"], "predicted_tokens": ["[IN:CREATE_ALARM", "[SL:DATE_TIME", "@ptr5", "@ptr6", "@ptr7", "@ptr8", "SL:DATE_TIME]", "IN:CREATE_ALARM]"]}
{"loss": 2.6370184421539307, "class_log_probabilities": [-0.7455682158470154, -5.2748847007751465, -7.086829662322998, -7.259790420532227], "predictions": [45, 16, 402, 403, 404, 17, 46, 4, 4], "target_tokens": ["[IN:CREATE_ALARM", "[SL:DATE_TIME", "@ptr6", "@ptr7", "@ptr8", "@ptr9", "SL:DATE_TIME]", "[SL:ALARM_NAME", "@ptr5", "SL:ALARM_NAME]", "IN:CREATE_ALARM]"], "predicted_tokens": ["[IN:CREATE_ALARM", "[SL:DATE_TIME", "@ptr7", "@ptr8", "@ptr9", "SL:DATE_TIME]", "IN:CREATE_ALARM]"]}
{"loss": 0.9703410267829895, "class_log_probabilities": [-0.14700768887996674, -8.211469650268555, -8.657266616821289, -8.69124698638916], "predictions": [45, 46, 4, 4], "target_tokens": ["[IN:CREATE_ALARM", "IN:CREATE_ALARM]"], "predicted_tokens": ["[IN:CREATE_ALARM", "IN:CREATE_ALARM]"]}
{"loss": 0.9659281969070435, "class_log_probabilities": [-0.40875908732414246, -8.584010124206543, -9.011404037475586, -9.04697322845459], "predictions": [45, 16, 398, 399, 400, 17, 46, 4, 4], "target_tokens": ["[IN:CREATE_ALARM", "[SL:DATE_TIME", "@ptr3", "@ptr4", "@ptr5", "SL:DATE_TIME]", "IN:CREATE_ALARM]"], "predicted_tokens": ["[IN:CREATE_ALARM", "[SL:DATE_TIME", "@ptr3", "@ptr4", "@ptr5", "SL:DATE_TIME]", "IN:CREATE_ALARM]"]}
{"loss": 1.8958690166473389, "class_log_probabilities": [-0.4242863059043884, -7.962820529937744, -8.674201011657715, -9.154876708984375], "predictions": [45, 16, 398, 399, 400, 17, 46, 4, 4, 4, 4], "target_tokens": ["[IN:CREATE_ALARM", "[SL:ALARM_NAME", "@ptr2", "SL:ALARM_NAME]", "[SL:DATE_TIME", "@ptr3", "@ptr4", "@ptr5", "SL:DATE_TIME]", "IN:CREATE_ALARM]"], "predicted_tokens": ["[IN:CREATE_ALARM", "[SL:DATE_TIME", "@ptr3", "@ptr4", "@ptr5", "SL:DATE_TIME]", "IN:CREATE_ALARM]"]}
{"loss": 1.996763825416565, "class_log_probabilities": [-0.38682326674461365, -8.038329124450684, -8.08337688446045, -8.323643684387207], "predictions": [45, 16, 396, 397, 398, 17, 46, 4], "target_tokens": ["[IN:CREATE_ALARM", "[SL:DATE_TIME", "@ptr1", "@ptr2", "SL:DATE_TIME]", "IN:CREATE_ALARM]"], "predicted_tokens": ["[IN:CREATE_ALARM", "[SL:DATE_TIME", "@ptr1", "@ptr2", "@ptr3", "SL:DATE_TIME]", "IN:CREATE_ALARM]"]}
{"loss": 2.599841356277466, "class_log_probabilities": [-0.32314467430114746, -6.4204301834106445, -7.437752723693848, -7.450260639190674], "predictions": [259, 16, 398, 399, 17, 260, 4], "target_tokens": ["[IN:SNOOZE_ALARM", "[SL:DATE_TIME", "@ptr3", "@ptr4", "SL:DATE_TIME]", "IN:SNOOZE_ALARM]"], "predicted_tokens": ["[IN:UPDATE_ALARM", "[SL:DATE_TIME", "@ptr3", "@ptr4", "SL:DATE_TIME]", "IN:UPDATE_ALARM]"]}
{"loss": 0.9646419286727905, "class_log_probabilities": [-0.5782148838043213, -8.13006591796875, -8.4574556350708, -8.685297012329102], "predictions": [45, 16, 398, 399, 400, 401, 402, 403, 17, 46, 4], "target_tokens": ["[IN:CREATE_ALARM", "[SL:DATE_TIME", "@ptr3", "@ptr4", "@ptr5", "@ptr6", "@ptr7", "@ptr8", "SL:DATE_TIME]", "IN:CREATE_ALARM]"], "predicted_tokens": ["[IN:CREATE_ALARM", "[SL:DATE_TIME", "@ptr3", "@ptr4", "@ptr5", "@ptr6", "@ptr7", "@ptr8", "SL:DATE_TIME]", "IN:CREATE_ALARM]"]}
{"loss": 0.9652695655822754, "class_log_probabilities": [-0.4494360685348511, -5.475905895233154, -5.694627285003662, -7.145470142364502], "predictions": [45, 16, 398, 399, 400, 17, 46, 4], "target_tokens": ["[IN:CREATE_ALARM", "[SL:DATE_TIME", "@ptr3", "@ptr4", "@ptr5", "SL:DATE_TIME]", "IN:CREATE_ALARM]"], "predicted_tokens": ["[IN:CREATE_ALARM", "[SL:DATE_TIME", "@ptr3", "@ptr4", "@ptr5", "SL:DATE_TIME]", "IN:CREATE_ALARM]"]}
{"loss": 0.9649682641029358, "class_log_probabilities": [-0.4166475832462311, -8.635028839111328, -8.79024600982666, -9.027511596679688], "predictions": [45, 16, 398, 399, 400, 17, 46, 4], "target_tokens": ["[IN:CREATE_ALARM", "[SL:DATE_TIME", "@ptr3", "@ptr4", "@ptr5", "SL:DATE_TIME]", "IN:CREATE_ALARM]"], "predicted_tokens": ["[IN:CREATE_ALARM", "[SL:DATE_TIME", "@ptr3", "@ptr4", "@ptr5", "SL:DATE_TIME]", "IN:CREATE_ALARM]"]}
{"loss": 0.9650819897651672, "class_log_probabilities": [-0.5822759866714478, -6.243111610412598, -8.169347763061523, -8.703733444213867], "predictions": [45, 16, 397, 398, 399, 400, 401, 402, 17, 46, 4, 4, 4, 4, 4], "target_tokens": ["[IN:CREATE_ALARM", "[SL:DATE_TIME", "@ptr2", "@ptr3", "@ptr4", "@ptr5", "@ptr6", "@ptr7", "SL:DATE_TIME]", "IN:CREATE_ALARM]"], "predicted_tokens": ["[IN:CREATE_ALARM", "[SL:DATE_TIME", "@ptr2", "@ptr3", "@ptr4", "@ptr5", "@ptr6", "@ptr7", "SL:DATE_TIME]", "IN:CREATE_ALARM]"]}
{"loss": 2.726496458053589, "class_log_probabilities": [-0.42716142535209656, -8.011763572692871, -8.650211334228516, -8.770893096923828], "predictions": [45, 16, 400, 401, 402, 17, 46, 4, 4], "target_tokens": ["[IN:SNOOZE_ALARM", "[SL:DATE_TIME", "@ptr5", "@ptr6", "@ptr7", "SL:DATE_TIME]", "IN:SNOOZE_ALARM]"], "predicted_tokens": ["[IN:CREATE_ALARM", "[SL:DATE_TIME", "@ptr5", "@ptr6", "@ptr7", "SL:DATE_TIME]", "IN:CREATE_ALARM]"]}
{"loss": 1.7992992401123047, "class_log_probabilities": [-1.3385061025619507, -3.3812108039855957, -3.6762964725494385, -4.118827819824219], "predictions": [45, 120, 396, 121, 16, 400, 401, 402, 403, 404, 405, 406, 407, 408, 17, 16, 411, 412, 413, 17, 46, 4, 4], "target_tokens": ["[IN:CREATE_ALARM", "[SL:DATE_TIME", "@ptr5", "@ptr6", "@ptr7", "@ptr8", "@ptr9", "@ptr10", "@ptr11", "@ptr12", "SL:DATE_TIME]", "[SL:DATE_TIME", "@ptr15", "@ptr16", "@ptr17", "@ptr18", "@ptr19", "SL:DATE_TIME]", "IN:CREATE_ALARM]"], "predicted_tokens": ["[IN:CREATE_ALARM", "[SL:AMOUNT", "@ptr1", "SL:AMOUNT]", "[SL:DATE_TIME", "@ptr5", "@ptr6", "@ptr7", "@ptr8", "@ptr9", "@ptr10", "@ptr11", "@ptr12", "@ptr13", "SL:DATE_TIME]", "[SL:DATE_TIME", "@ptr16", "@ptr17", "@ptr18", "SL:DATE_TIME]", "IN:CREATE_ALARM]"]}
{"loss": 0.9617756605148315, "class_log_probabilities": [-0.5630573630332947, -8.105937957763672, -8.3135986328125, -8.423748016357422], "predictions": [45, 16, 396, 397, 398, 399, 400, 17, 46, 4, 4, 4, 4], "target_tokens": ["[IN:CREATE_ALARM", "[SL:DATE_TIME", "@ptr1", "@ptr2", "@ptr3", "@ptr4", "@ptr5", "SL:DATE_TIME]", "IN:CREATE_ALARM]"], "predicted_tokens": ["[IN:CREATE_ALARM", "[SL:DATE_TIME", "@ptr1", "@ptr2", "@ptr3", "@ptr4", "@ptr5", "SL:DATE_TIME]", "IN:CREATE_ALARM]"]}
{"loss": 0.9669331312179565, "class_log_probabilities": [-0.7265617847442627, -8.487380981445312, -8.815353393554688, -9.482250213623047], "predictions": [45, 16, 398, 399, 400, 401, 402, 403, 404, 405, 406, 17, 46, 4, 4, 4, 4], "target_tokens": ["[IN:CREATE_ALARM", "[SL:DATE_TIME", "@ptr3", "@ptr4", "@ptr5", "@ptr6", "@ptr7", "@ptr8", "@ptr9", "@ptr10", "@ptr11", "SL:DATE_TIME]", "IN:CREATE_ALARM]"], "predicted_tokens": ["[IN:CREATE_ALARM", "[SL:DATE_TIME", "@ptr3", "@ptr4", "@ptr5", "@ptr6", "@ptr7", "@ptr8", "@ptr9", "@ptr10", "@ptr11", "SL:DATE_TIME]", "IN:CREATE_ALARM]"]}
{"loss": 2.4799277782440186, "class_log_probabilities": [-0.7050270438194275, -7.791738986968994, -8.312591552734375, -8.944540023803711], "predictions": [45, 16, 398, 399, 400, 401, 402, 403, 404, 405, 406, 17, 46, 4, 4, 4, 4], "target_tokens": ["[IN:CREATE_ALARM", "[SL:DATE_TIME", "@ptr3", "@ptr5", "@ptr6", "@ptr7", "@ptr8", "SL:DATE_TIME]", "IN:CREATE_ALARM]"], "predicted_tokens": ["[IN:CREATE_ALARM", "[SL:DATE_TIME", "@ptr3", "@ptr4", "@ptr5", "@ptr6", "@ptr7", "@ptr8", "@ptr9", "@ptr10", "@ptr11", "SL:DATE_TIME]", "IN:CREATE_ALARM]"]}
{"loss": 1.4536954164505005, "class_log_probabilities": [-0.6853911876678467, -4.892233371734619, -6.252199649810791, -6.647319793701172], "predictions": [45, 16, 402, 403, 404, 405, 406, 407, 408, 17, 46, 4], "target_tokens": ["[IN:CREATE_ALARM", "[SL:DATE_TIME", "@ptr7", "@ptr8", "@ptr9", "@ptr10", "@ptr11", "@ptr12", "@ptr13", "@ptr14", "SL:DATE_TIME]", "IN:CREATE_ALARM]"], "predicted_tokens": ["[IN:CREATE_ALARM", "[SL:DATE_TIME", "@ptr7", "@ptr8", "@ptr9", "@ptr10", "@ptr11", "@ptr12", "@ptr13", "SL:DATE_TIME]", "IN:CREATE_ALARM]"]}
{"loss": 0.967333197593689, "class_log_probabilities": [-0.5545421242713928, -8.204794883728027, -8.364612579345703, -8.567490577697754], "predictions": [45, 16, 398, 399, 400, 401, 402, 403, 17, 46, 4, 4], "target_tokens": ["[IN:CREATE_ALARM", "[SL:DATE_TIME", "@ptr3", "@ptr4", "@ptr5", "@ptr6", "@ptr7", "@ptr8", "SL:DATE_TIME]", "IN:CREATE_ALARM]"], "predicted_tokens": ["[IN:CREATE_ALARM", "[SL:DATE_TIME", "@ptr3", "@ptr4", "@ptr5", "@ptr6", "@ptr7", "@ptr8", "SL:DATE_TIME]", "IN:CREATE_ALARM]"]}
{"loss": 0.9642488360404968, "class_log_probabilities": [-0.5824428200721741, -8.092473983764648, -8.467263221740723, -8.61026382446289], "predictions": [45, 16, 398, 399, 400, 401, 402, 403, 17, 46, 4], "target_tokens": ["[IN:CREATE_ALARM", "[SL:DATE_TIME", "@ptr3", "@ptr4", "@ptr5", "@ptr6", "@ptr7", "@ptr8", "SL:DATE_TIME]", "IN:CREATE_ALARM]"], "predicted_tokens": ["[IN:CREATE_ALARM", "[SL:DATE_TIME", "@ptr3", "@ptr4", "@ptr5", "@ptr6", "@ptr7", "@ptr8", "SL:DATE_TIME]", "IN:CREATE_ALARM]"]}
{"loss": 0.9652366042137146, "class_log_probabilities": [-0.5714285373687744, -8.218233108520508, -8.29388427734375, -8.703409194946289], "predictions": [45, 16, 397, 398, 399, 400, 401, 402, 17, 46, 4, 4, 4, 4, 4], "target_tokens": ["[IN:CREATE_ALARM", "[SL:DATE_TIME", "@ptr2", "@ptr3", "@ptr4", "@ptr5", "@ptr6", "@ptr7", "SL:DATE_TIME]", "IN:CREATE_ALARM]"], "predicted_tokens": ["[IN:CREATE_ALARM", "[SL:DATE_TIME", "@ptr2", "@ptr3", "@ptr4", "@ptr5", "@ptr6", "@ptr7", "SL:DATE_TIME]", "IN:CREATE_ALARM]"]}
{"loss": 0.9677041172981262, "class_log_probabilities": [-0.4514845013618469, -8.198963165283203, -8.54853343963623, -8.625335693359375], "predictions": [45, 16, 400, 401, 402, 403, 17, 46, 4, 4], "target_tokens": ["[IN:CREATE_ALARM", "[SL:DATE_TIME", "@ptr5", "@ptr6", "@ptr7", "@ptr8", "SL:DATE_TIME]", "IN:CREATE_ALARM]"], "predicted_tokens": ["[IN:CREATE_ALARM", "[SL:DATE_TIME", "@ptr5", "@ptr6", "@ptr7", "@ptr8", "SL:DATE_TIME]", "IN:CREATE_ALARM]"]}
{"loss": 0.9648746848106384, "class_log_probabilities": [-0.36694857478141785, -8.484525680541992, -8.612534523010254, -8.820294380187988], "predictions": [45, 16, 400, 401, 17, 46, 4], "target_tokens": ["[IN:CREATE_ALARM", "[SL:DATE_TIME", "@ptr5", "@ptr6", "SL:DATE_TIME]", "IN:CREATE_ALARM]"], "predicted_tokens": ["[IN:CREATE_ALARM", "[SL:DATE_TIME", "@ptr5", "@ptr6", "SL:DATE_TIME]", "IN:CREATE_ALARM]"]}
{"loss": 1.56703782081604, "class_log_probabilities": [-0.749228835105896, -5.264080047607422, -5.8156280517578125, -6.2441840171813965], "predictions": [45, 249, 400, 250, 16, 401, 402, 403, 17, 46, 4], "target_tokens": ["[IN:CREATE_ALARM", "[SL:DATE_TIME", "@ptr6", "@ptr7", "@ptr8", "SL:DATE_TIME]", "IN:CREATE_ALARM]"], "predicted_tokens": ["[IN:CREATE_ALARM", "[SL:ALARM_NAME", "@ptr5", "SL:ALARM_NAME]", "[SL:DATE_TIME", "@ptr6", "@ptr7", "@ptr8", "SL:DATE_TIME]", "IN:CREATE_ALARM]"]}
{"loss": 0.9647060036659241, "class_log_probabilities": [-0.4715769290924072, -8.510307312011719, -8.621660232543945, -9.06177043914795], "predictions": [45, 16, 398, 399, 400, 401, 17, 46, 4, 4], "target_tokens": ["[IN:CREATE_ALARM", "[SL:DATE_TIME", "@ptr3", "@ptr4", "@ptr5", "@ptr6", "SL:DATE_TIME]", "IN:CREATE_ALARM]"], "predicted_tokens": ["[IN:CREATE_ALARM", "[SL:DATE_TIME", "@ptr3", "@ptr4", "@ptr5", "@ptr6", "SL:DATE_TIME]", "IN:CREATE_ALARM]"]}
{"loss": 0.9682919979095459, "class_log_probabilities": [-0.559132993221283, -6.810708045959473, -7.222217559814453, -8.124236106872559], "predictions": [45, 16, 401, 402, 403, 404, 405, 406, 17, 46, 4], "target_tokens": ["[IN:CREATE_ALARM", "[SL:DATE_TIME", "@ptr6", "@ptr7", "@ptr8", "@ptr9", "@ptr10", "@ptr11", "SL:DATE_TIME]", "IN:CREATE_ALARM]"], "predicted_tokens": ["[IN:CREATE_ALARM", "[SL:DATE_TIME", "@ptr6", "@ptr7", "@ptr8", "@ptr9", "@ptr10", "@ptr11", "SL:DATE_TIME]", "IN:CREATE_ALARM]"]}
{"loss": 0.9651428461074829, "class_log_probabilities": [-0.5730093121528625, -8.384896278381348, -8.609360694885254, -8.860234260559082], "predictions": [45, 16, 398, 399, 400, 401, 402, 403, 17, 46, 4, 4], "target_tokens": ["[IN:CREATE_ALARM", "[SL:DATE_TIME", "@ptr3", "@ptr4", "@ptr5", "@ptr6", "@ptr7", "@ptr8", "SL:DATE_TIME]", "IN:CREATE_ALARM]"], "predicted_tokens": ["[IN:CREATE_ALARM", "[SL:DATE_TIME", "@ptr3", "@ptr4", "@ptr5", "@ptr6", "@ptr7", "@ptr8", "SL:DATE_TIME]", "IN:CREATE_ALARM]"]}
{"loss": 0.9640443921089172, "class_log_probabilities": [-0.642856776714325, -7.9271931648254395, -8.17564582824707, -8.388391494750977], "predictions": [45, 16, 398, 399, 400, 401, 402, 403, 404, 17, 46, 4, 4, 4, 4, 4], "target_tokens": ["[IN:CREATE_ALARM", "[SL:DATE_TIME", "@ptr3", "@ptr4", "@ptr5", "@ptr6", "@ptr7", "@ptr8", "@ptr9", "SL:DATE_TIME]", "IN:CREATE_ALARM]"], "predicted_tokens": ["[IN:CREATE_ALARM", "[SL:DATE_TIME", "@ptr3", "@ptr4", "@ptr5", "@ptr6", "@ptr7", "@ptr8", "@ptr9", "SL:DATE_TIME]", "IN:CREATE_ALARM]"]}
{"loss": 0.9824295043945312, "class_log_probabilities": [-0.2756820321083069, -7.882679462432861, -7.937826633453369, -9.005229949951172], "predictions": [119, 20, 397, 21, 122, 4, 4], "target_tokens": ["[IN:DELETE_ALARM", "[SL:ORDINAL", "@ptr2", "SL:ORDINAL]", "IN:DELETE_ALARM]"], "predicted_tokens": ["[IN:DELETE_ALARM", "[SL:ORDINAL", "@ptr2", "SL:ORDINAL]", "IN:DELETE_ALARM]"]}
{"loss": 0.9680072665214539, "class_log_probabilities": [-0.6015614867210388, -7.843282222747803, -7.9845380783081055, -8.29683780670166], "predictions": [45, 16, 397, 398, 399, 400, 401, 402, 403, 17, 46, 4, 4, 4, 4, 4], "target_tokens": ["[IN:CREATE_ALARM", "[SL:DATE_TIME", "@ptr2", "@ptr3", "@ptr4", "@ptr5", "@ptr6", "@ptr7", "@ptr8", "SL:DATE_TIME]", "IN:CREATE_ALARM]"], "predicted_tokens": ["[IN:CREATE_ALARM", "[SL:DATE_TIME", "@ptr2", "@ptr3", "@ptr4", "@ptr5", "@ptr6", "@ptr7", "@ptr8", "SL:DATE_TIME]", "IN:CREATE_ALARM]"]}
{"loss": 0.9689233303070068, "class_log_probabilities": [-0.4358648955821991, -8.405019760131836, -8.636844635009766, -8.658955574035645], "predictions": [45, 16, 398, 399, 400, 401, 17, 46, 4], "target_tokens": ["[IN:CREATE_ALARM", "[SL:DATE_TIME", "@ptr3", "@ptr4", "@ptr5", "@ptr6", "SL:DATE_TIME]", "IN:CREATE_ALARM]"], "predicted_tokens": ["[IN:CREATE_ALARM", "[SL:DATE_TIME", "@ptr3", "@ptr4", "@ptr5", "@ptr6", "SL:DATE_TIME]", "IN:CREATE_ALARM]"]}
{"loss": 0.9640777707099915, "class_log_probabilities": [-0.5285621285438538, -8.668933868408203, -8.969691276550293, -9.125297546386719], "predictions": [45, 16, 398, 399, 400, 401, 402, 17, 46, 4, 4], "target_tokens": ["[IN:CREATE_ALARM", "[SL:DATE_TIME", "@ptr3", "@ptr4", "@ptr5", "@ptr6", "@ptr7", "SL:DATE_TIME]", "IN:CREATE_ALARM]"], "predicted_tokens": ["[IN:CREATE_ALARM", "[SL:DATE_TIME", "@ptr3", "@ptr4", "@ptr5", "@ptr6", "@ptr7", "SL:DATE_TIME]", "IN:CREATE_ALARM]"]}
{"loss": 0.9859036803245544, "class_log_probabilities": [-0.25560688972473145, -7.633206367492676, -8.043770790100098, -8.06613826751709], "predictions": [19, 20, 401, 21, 22, 4, 4, 4], "target_tokens": ["[IN:GET_ALARM", "[SL:ORDINAL", "@ptr6", "SL:ORDINAL]", "IN:GET_ALARM]"], "predicted_tokens": ["[IN:GET_ALARM", "[SL:ORDINAL", "@ptr6", "SL:ORDINAL]", "IN:GET_ALARM]"]}
{"loss": 0.9736299514770508, "class_log_probabilities": [-0.15158551931381226, -7.054399013519287, -7.136713027954102, -8.07657527923584], "predictions": [19, 22, 4], "target_tokens": ["[IN:GET_ALARM", "IN:GET_ALARM]"], "predicted_tokens": ["[IN:GET_ALARM", "IN:GET_ALARM]"]}
{"loss": 0.9656292796134949, "class_log_probabilities": [-0.3597620129585266, -8.64869213104248, -8.954097747802734, -9.004959106445312], "predictions": [45, 16, 398, 399, 17, 46, 4, 4], "target_tokens": ["[IN:CREATE_ALARM", "[SL:DATE_TIME", "@ptr3", "@ptr4", "SL:DATE_TIME]", "IN:CREATE_ALARM]"], "predicted_tokens": ["[IN:CREATE_ALARM", "[SL:DATE_TIME", "@ptr3", "@ptr4", "SL:DATE_TIME]", "IN:CREATE_ALARM]"]}
{"loss": 0.9652767777442932, "class_log_probabilities": [-0.6189749836921692, -5.517974853515625, -6.794449329376221, -7.620480537414551], "predictions": [45, 16, 401, 402, 403, 404, 405, 406, 17, 46, 4, 4], "target_tokens": ["[IN:CREATE_ALARM", "[SL:DATE_TIME", "@ptr6", "@ptr7", "@ptr8", "@ptr9", "@ptr10", "@ptr11", "SL:DATE_TIME]", "IN:CREATE_ALARM]"], "predicted_tokens": ["[IN:CREATE_ALARM", "[SL:DATE_TIME", "@ptr6", "@ptr7", "@ptr8", "@ptr9", "@ptr10", "@ptr11", "SL:DATE_TIME]", "IN:CREATE_ALARM]"]}
{"loss": 0.9675002694129944, "class_log_probabilities": [-0.5992198586463928, -7.730997085571289, -8.470449447631836, -8.536883354187012], "predictions": [45, 16, 398, 399, 400, 401, 402, 403, 404, 17, 46, 4, 4, 4, 4, 4], "target_tokens": ["[IN:CREATE_ALARM", "[SL:DATE_TIME", "@ptr3", "@ptr4", "@ptr5", "@ptr6", "@ptr7", "@ptr8", "@ptr9", "SL:DATE_TIME]", "IN:CREATE_ALARM]"], "predicted_tokens": ["[IN:CREATE_ALARM", "[SL:DATE_TIME", "@ptr3", "@ptr4", "@ptr5", "@ptr6", "@ptr7", "@ptr8", "@ptr9", "SL:DATE_TIME]", "IN:CREATE_ALARM]"]}
{"loss": 0.9654359817504883, "class_log_probabilities": [-0.6183856725692749, -8.550398826599121, -8.573867797851562, -8.67252254486084], "predictions": [45, 16, 398, 399, 400, 401, 402, 403, 404, 17, 46, 4], "target_tokens": ["[IN:CREATE_ALARM", "[SL:DATE_TIME", "@ptr3", "@ptr4", "@ptr5", "@ptr6", "@ptr7", "@ptr8", "@ptr9", "SL:DATE_TIME]", "IN:CREATE_ALARM]"], "predicted_tokens": ["[IN:CREATE_ALARM", "[SL:DATE_TIME", "@ptr3", "@ptr4", "@ptr5", "@ptr6", "@ptr7", "@ptr8", "@ptr9", "SL:DATE_TIME]", "IN:CREATE_ALARM]"]}
{"loss": 0.9644983410835266, "class_log_probabilities": [-0.5786799192428589, -7.958346366882324, -8.363362312316895, -8.700523376464844], "predictions": [45, 16, 398, 399, 400, 401, 402, 403, 17, 46, 4], "target_tokens": ["[IN:CREATE_ALARM", "[SL:DATE_TIME", "@ptr3", "@ptr4", "@ptr5", "@ptr6", "@ptr7", "@ptr8", "SL:DATE_TIME]", "IN:CREATE_ALARM]"], "predicted_tokens": ["[IN:CREATE_ALARM", "[SL:DATE_TIME", "@ptr3", "@ptr4", "@ptr5", "@ptr6", "@ptr7", "@ptr8", "SL:DATE_TIME]", "IN:CREATE_ALARM]"]}
{"loss": 0.9744405746459961, "class_log_probabilities": [-0.1459963321685791, -8.37539005279541, -8.392268180847168, -8.448893547058105], "predictions": [213, 214, 4], "target_tokens": ["[IN:SILENCE_ALARM", "IN:SILENCE_ALARM]"], "predicted_tokens": ["[IN:SILENCE_ALARM", "IN:SILENCE_ALARM]"]}
{"loss": 2.739398956298828, "class_log_probabilities": [-0.6522582769393921, -5.158470153808594, -7.674361705780029, -8.099613189697266], "predictions": [45, 249, 400, 250, 16, 401, 402, 403, 404, 405, 406, 407, 17, 46, 4, 4, 4, 4, 4], "target_tokens": ["[IN:CREATE_ALARM", "[SL:ALARM_NAME", "@ptr2", "@ptr3", "@ptr4", "@ptr5", "SL:ALARM_NAME]", "[SL:DATE_TIME", "@ptr6", "@ptr7", "@ptr8", "@ptr9", "@ptr10", "@ptr11", "SL:DATE_TIME]", "IN:CREATE_ALARM]"], "predicted_tokens": ["[IN:CREATE_ALARM", "[SL:ALARM_NAME", "@ptr5", "SL:ALARM_NAME]", "[SL:DATE_TIME", "@ptr6", "@ptr7", "@ptr8", "@ptr9", "@ptr10", "@ptr11", "@ptr12", "SL:DATE_TIME]", "IN:CREATE_ALARM]"]}
{"loss": 0.9655583500862122, "class_log_probabilities": [-0.6184238195419312, -8.200323104858398, -8.351987838745117, -8.551386833190918], "predictions": [45, 16, 398, 399, 400, 401, 402, 403, 404, 17, 46, 4], "target_tokens": ["[IN:CREATE_ALARM", "[SL:DATE_TIME", "@ptr3", "@ptr4", "@ptr5", "@ptr6", "@ptr7", "@ptr8", "@ptr9", "SL:DATE_TIME]", "IN:CREATE_ALARM]"], "predicted_tokens": ["[IN:CREATE_ALARM", "[SL:DATE_TIME", "@ptr3", "@ptr4", "@ptr5", "@ptr6", "@ptr7", "@ptr8", "@ptr9", "SL:DATE_TIME]", "IN:CREATE_ALARM]"]}
{"loss": 0.9653226137161255, "class_log_probabilities": [-0.6787916421890259, -7.7977294921875, -8.364996910095215, -8.512713432312012], "predictions": [45, 16, 398, 399, 400, 401, 402, 403, 404, 405, 17, 46, 4, 4], "target_tokens": ["[IN:CREATE_ALARM", "[SL:DATE_TIME", "@ptr3", "@ptr4", "@ptr5", "@ptr6", "@ptr7", "@ptr8", "@ptr9", "@ptr10", "SL:DATE_TIME]", "IN:CREATE_ALARM]"], "predicted_tokens": ["[IN:CREATE_ALARM", "[SL:DATE_TIME", "@ptr3", "@ptr4", "@ptr5", "@ptr6", "@ptr7", "@ptr8", "@ptr9", "@ptr10", "SL:DATE_TIME]", "IN:CREATE_ALARM]"]}
{"loss": 1.0548676252365112, "class_log_probabilities": [-1.2188576459884644, -3.105640411376953, -3.537168502807617, -5.0091776847839355], "predictions": [19, 120, 399, 121, 22, 4], "target_tokens": ["[IN:GET_ALARM", "[SL:AMOUNT", "@ptr4", "SL:AMOUNT]", "IN:GET_ALARM]"], "predicted_tokens": ["[IN:GET_ALARM", "[SL:AMOUNT", "@ptr4", "SL:AMOUNT]", "IN:GET_ALARM]"]}
{"loss": 0.967979907989502, "class_log_probabilities": [-0.2986718416213989, -8.285059928894043, -8.821551322937012, -8.930055618286133], "predictions": [45, 16, 398, 17, 46, 4, 4], "target_tokens": ["[IN:CREATE_ALARM", "[SL:DATE_TIME", "@ptr3", "SL:DATE_TIME]", "IN:CREATE_ALARM]"], "predicted_tokens": ["[IN:CREATE_ALARM", "[SL:DATE_TIME", "@ptr3", "SL:DATE_TIME]", "IN:CREATE_ALARM]"]}
{"loss": 0.9751014709472656, "class_log_probabilities": [-0.6132729649543762, -7.553221702575684, -7.754795551300049, -7.908996105194092], "predictions": [45, 141, 398, 399, 400, 142, 16, 401, 402, 403, 17, 46, 4, 4], "target_tokens": ["[IN:CREATE_ALARM", "[SL:PERIOD", "@ptr3", "@ptr4", "@ptr5", "SL:PERIOD]", "[SL:DATE_TIME", "@ptr6", "@ptr7", "@ptr8", "SL:DATE_TIME]", "IN:CREATE_ALARM]"], "predicted_tokens": ["[IN:CREATE_ALARM", "[SL:PERIOD", "@ptr3", "@ptr4", "@ptr5", "SL:PERIOD]", "[SL:DATE_TIME", "@ptr6", "@ptr7", "@ptr8", "SL:DATE_TIME]", "IN:CREATE_ALARM]"]}
{"loss": 0.9748239517211914, "class_log_probabilities": [-0.6959007978439331, -5.012105941772461, -5.476698875427246, -8.157638549804688], "predictions": [45, 141, 398, 399, 142, 16, 400, 401, 402, 17, 46, 4, 4, 4, 4], "target_tokens": ["[IN:CREATE_ALARM", "[SL:PERIOD", "@ptr3", "@ptr4", "SL:PERIOD]", "[SL:DATE_TIME", "@ptr5", "@ptr6", "@ptr7", "SL:DATE_TIME]", "IN:CREATE_ALARM]"], "predicted_tokens": ["[IN:CREATE_ALARM", "[SL:PERIOD", "@ptr3", "@ptr4", "SL:PERIOD]", "[SL:DATE_TIME", "@ptr5", "@ptr6", "@ptr7", "SL:DATE_TIME]", "IN:CREATE_ALARM]"]}
{"loss": 0.9638703465461731, "class_log_probabilities": [-0.3626915216445923, -6.511744976043701, -6.942933082580566, -7.381473541259766], "predictions": [45, 120, 396, 121, 46, 4], "target_tokens": ["[IN:CREATE_ALARM", "[SL:AMOUNT", "@ptr1", "SL:AMOUNT]", "IN:CREATE_ALARM]"], "predicted_tokens": ["[IN:CREATE_ALARM", "[SL:AMOUNT", "@ptr1", "SL:AMOUNT]", "IN:CREATE_ALARM]"]}
{"loss": 0.9867467880249023, "class_log_probabilities": [-0.2476978302001953, -7.927724361419678, -8.185311317443848, -8.190254211425781], "predictions": [19, 20, 398, 21, 22, 4, 4, 4], "target_tokens": ["[IN:GET_ALARM", "[SL:ORDINAL", "@ptr3", "SL:ORDINAL]", "IN:GET_ALARM]"], "predicted_tokens": ["[IN:GET_ALARM", "[SL:ORDINAL", "@ptr3", "SL:ORDINAL]", "IN:GET_ALARM]"]}
{"loss": 1.8348090648651123, "class_log_probabilities": [-0.597135066986084, -7.479063510894775, -8.177388191223145, -8.359294891357422], "predictions": [45, 16, 398, 399, 400, 401, 402, 403, 404, 17, 46, 4], "target_tokens": ["[IN:CREATE_ALARM", "[SL:DATE_TIME", "@ptr5", "@ptr6", "@ptr7", "@ptr8", "@ptr9", "SL:DATE_TIME]", "IN:CREATE_ALARM]"], "predicted_tokens": ["[IN:CREATE_ALARM", "[SL:DATE_TIME", "@ptr3", "@ptr4", "@ptr5", "@ptr6", "@ptr7", "@ptr8", "@ptr9", "SL:DATE_TIME]", "IN:CREATE_ALARM]"]}
{"loss": 0.9662424921989441, "class_log_probabilities": [-0.6097320914268494, -8.283422470092773, -8.320902824401855, -8.433825492858887], "predictions": [45, 16, 398, 399, 400, 401, 402, 403, 404, 17, 46, 4], "target_tokens": ["[IN:CREATE_ALARM", "[SL:DATE_TIME", "@ptr3", "@ptr4", "@ptr5", "@ptr6", "@ptr7", "@ptr8", "@ptr9", "SL:DATE_TIME]", "IN:CREATE_ALARM]"], "predicted_tokens": ["[IN:CREATE_ALARM", "[SL:DATE_TIME", "@ptr3", "@ptr4", "@ptr5", "@ptr6", "@ptr7", "@ptr8", "@ptr9", "SL:DATE_TIME]", "IN:CREATE_ALARM]"]}
{"loss": 0.9829928278923035, "class_log_probabilities": [-0.13718897104263306, -7.598525524139404, -7.902251243591309, -8.04188060760498], "predictions": [119, 122, 4], "target_tokens": ["[IN:DELETE_ALARM", "IN:DELETE_ALARM]"], "predicted_tokens": ["[IN:DELETE_ALARM", "IN:DELETE_ALARM]"]}
{"loss": 0.9809004664421082, "class_log_probabilities": [-0.29128289222717285, -7.329576015472412, -7.60460901260376, -7.843659400939941], "predictions": [119, 120, 396, 121, 122, 4, 4], "target_tokens": ["[IN:DELETE_ALARM", "[SL:AMOUNT", "@ptr1", "SL:AMOUNT]", "IN:DELETE_ALARM]"], "predicted_tokens": ["[IN:DELETE_ALARM", "[SL:AMOUNT", "@ptr1", "SL:AMOUNT]", "IN:DELETE_ALARM]"]}
{"loss": 0.9717753529548645, "class_log_probabilities": [-0.14420351386070251, -8.408133506774902, -8.586568832397461, -8.684236526489258], "predictions": [45, 46, 4, 4], "target_tokens": ["[IN:CREATE_ALARM", "IN:CREATE_ALARM]"], "predicted_tokens": ["[IN:CREATE_ALARM", "IN:CREATE_ALARM]"]}
{"loss": 0.9655700325965881, "class_log_probabilities": [-0.4647592604160309, -8.880453109741211, -9.011316299438477, -9.079598426818848], "predictions": [45, 16, 397, 398, 399, 400, 17, 46, 4], "target_tokens": ["[IN:CREATE_ALARM", "[SL:DATE_TIME", "@ptr2", "@ptr3", "@ptr4", "@ptr5", "SL:DATE_TIME]", "IN:CREATE_ALARM]"], "predicted_tokens": ["[IN:CREATE_ALARM", "[SL:DATE_TIME", "@ptr2", "@ptr3", "@ptr4", "@ptr5", "SL:DATE_TIME]", "IN:CREATE_ALARM]"]}
{"loss": 1.9796488285064697, "class_log_probabilities": [-0.9298111796379089, -4.40550422668457, -5.913949489593506, -6.580657958984375], "predictions": [45, 249, 399, 400, 401, 402, 403, 404, 405, 406, 250, 16, 407, 408, 409, 17, 46, 4], "target_tokens": ["[IN:CREATE_ALARM", "[SL:ALARM_NAME", "@ptr5", "@ptr6", "@ptr7", "@ptr8", "@ptr9", "@ptr10", "@ptr11", "SL:ALARM_NAME]", "[SL:PERIOD", "@ptr12", "@ptr13", "@ptr14", "SL:PERIOD]", "IN:CREATE_ALARM]"], "predicted_tokens": ["[IN:CREATE_ALARM", "[SL:ALARM_NAME", "@ptr4", "@ptr5", "@ptr6", "@ptr7", "@ptr8", "@ptr9", "@ptr10", "@ptr11", "SL:ALARM_NAME]", "[SL:DATE_TIME", "@ptr12", "@ptr13", "@ptr14", "SL:DATE_TIME]", "IN:CREATE_ALARM]"]}
{"loss": 0.965104877948761, "class_log_probabilities": [-0.5715322494506836, -8.192439079284668, -8.613971710205078, -8.620888710021973], "predictions": [45, 16, 398, 399, 400, 401, 402, 403, 17, 46, 4], "target_tokens": ["[IN:CREATE_ALARM", "[SL:DATE_TIME", "@ptr3", "@ptr4", "@ptr5", "@ptr6", "@ptr7", "@ptr8", "SL:DATE_TIME]", "IN:CREATE_ALARM]"], "predicted_tokens": ["[IN:CREATE_ALARM", "[SL:DATE_TIME", "@ptr3", "@ptr4", "@ptr5", "@ptr6", "@ptr7", "@ptr8", "SL:DATE_TIME]", "IN:CREATE_ALARM]"]}
{"loss": 0.9653384685516357, "class_log_probabilities": [-0.6239959001541138, -7.002192497253418, -8.274796485900879, -8.291309356689453], "predictions": [45, 16, 398, 399, 400, 401, 402, 403, 404, 17, 46, 4, 4], "target_tokens": ["[IN:CREATE_ALARM", "[SL:DATE_TIME", "@ptr3", "@ptr4", "@ptr5", "@ptr6", "@ptr7", "@ptr8", "@ptr9", "SL:DATE_TIME]", "IN:CREATE_ALARM]"], "predicted_tokens": ["[IN:CREATE_ALARM", "[SL:DATE_TIME", "@ptr3", "@ptr4", "@ptr5", "@ptr6", "@ptr7", "@ptr8", "@ptr9", "SL:DATE_TIME]", "IN:CREATE_ALARM]"]}
{"loss": 1.0466806888580322, "class_log_probabilities": [-1.755026936531067, -2.1454918384552, -3.33986759185791, -4.214799404144287], "predictions": [259, 120, 396, 121, 16, 399, 400, 17, 260, 4], "target_tokens": ["[IN:UPDATE_ALARM", "[SL:AMOUNT", "@ptr1", "SL:AMOUNT]", "[SL:DATE_TIME", "@ptr4", "@ptr5", "SL:DATE_TIME]", "IN:UPDATE_ALARM]"], "predicted_tokens": ["[IN:UPDATE_ALARM", "[SL:AMOUNT", "@ptr1", "SL:AMOUNT]", "[SL:DATE_TIME", "@ptr4", "@ptr5", "SL:DATE_TIME]", "IN:UPDATE_ALARM]"]}
{"loss": 0.9846940636634827, "class_log_probabilities": [-0.13099405169487, -8.00834846496582, -8.190279006958008, -8.385348320007324], "predictions": [19, 22, 4], "target_tokens": ["[IN:GET_ALARM", "IN:GET_ALARM]"], "predicted_tokens": ["[IN:GET_ALARM", "IN:GET_ALARM]"]}
{"loss": 0.971135675907135, "class_log_probabilities": [-0.4261394739151001, -7.454421043395996, -7.746656894683838, -8.141002655029297], "predictions": [45, 16, 400, 401, 402, 403, 17, 46, 4, 4], "target_tokens": ["[IN:CREATE_ALARM", "[SL:DATE_TIME", "@ptr5", "@ptr6", "@ptr7", "@ptr8", "SL:DATE_TIME]", "IN:CREATE_ALARM]"], "predicted_tokens": ["[IN:CREATE_ALARM", "[SL:DATE_TIME", "@ptr5", "@ptr6", "@ptr7", "@ptr8", "SL:DATE_TIME]", "IN:CREATE_ALARM]"]}
{"loss": 0.9647031426429749, "class_log_probabilities": [-0.5773199200630188, -8.101398468017578, -8.428804397583008, -8.751914978027344], "predictions": [45, 16, 398, 399, 400, 401, 402, 403, 17, 46, 4], "target_tokens": ["[IN:CREATE_ALARM", "[SL:DATE_TIME", "@ptr3", "@ptr4", "@ptr5", "@ptr6", "@ptr7", "@ptr8", "SL:DATE_TIME]", "IN:CREATE_ALARM]"], "predicted_tokens": ["[IN:CREATE_ALARM", "[SL:DATE_TIME", "@ptr3", "@ptr4", "@ptr5", "@ptr6", "@ptr7", "@ptr8", "SL:DATE_TIME]", "IN:CREATE_ALARM]"]}
{"loss": 0.9618796706199646, "class_log_probabilities": [-0.2167215347290039, -5.186200141906738, -7.216629981994629, -7.376346111297607], "predictions": [213, 214, 4], "target_tokens": ["[IN:SILENCE_ALARM", "IN:SILENCE_ALARM]"], "predicted_tokens": ["[IN:SILENCE_ALARM", "IN:SILENCE_ALARM]"]}
{"loss": 0.9849192500114441, "class_log_probabilities": [-0.2673898935317993, -7.977214336395264, -8.012062072753906, -8.058208465576172], "predictions": [119, 120, 398, 121, 122, 4, 4, 4], "target_tokens": ["[IN:DELETE_ALARM", "[SL:AMOUNT", "@ptr3", "SL:AMOUNT]", "IN:DELETE_ALARM]"], "predicted_tokens": ["[IN:DELETE_ALARM", "[SL:AMOUNT", "@ptr3", "SL:AMOUNT]", "IN:DELETE_ALARM]"]}
{"loss": 0.9647367596626282, "class_log_probabilities": [-0.6270063519477844, -8.234582901000977, -8.262008666992188, -8.887948036193848], "predictions": [45, 16, 398, 399, 400, 401, 402, 403, 404, 17, 46, 4, 4, 4, 4, 4], "target_tokens": ["[IN:CREATE_ALARM", "[SL:DATE_TIME", "@ptr3", "@ptr4", "@ptr5", "@ptr6", "@ptr7", "@ptr8", "@ptr9", "SL:DATE_TIME]", "IN:CREATE_ALARM]"], "predicted_tokens": ["[IN:CREATE_ALARM", "[SL:DATE_TIME", "@ptr3", "@ptr4", "@ptr5", "@ptr6", "@ptr7", "@ptr8", "@ptr9", "SL:DATE_TIME]", "IN:CREATE_ALARM]"]}
{"loss": 0.9765351414680481, "class_log_probabilities": [-0.5735229849815369, -6.6968464851379395, -7.13787841796875, -7.332921504974365], "predictions": [63, 66, 397, 398, 67, 103, 400, 401, 402, 104, 68, 4], "target_tokens": ["[IN:PLAY_MUSIC", "[SL:MUSIC_ARTIST_NAME", "@ptr2", "@ptr3", "SL:MUSIC_ARTIST_NAME]", "[SL:MUSIC_PROVIDER_NAME", "@ptr5", "@ptr6", "@ptr7", "SL:MUSIC_PROVIDER_NAME]", "IN:PLAY_MUSIC]"], "predicted_tokens": ["[IN:PLAY_MUSIC", "[SL:MUSIC_ARTIST_NAME", "@ptr2", "@ptr3", "SL:MUSIC_ARTIST_NAME]", "[SL:MUSIC_PROVIDER_NAME", "@ptr5", "@ptr6", "@ptr7", "SL:MUSIC_PROVIDER_NAME]", "IN:PLAY_MUSIC]"]}
{"loss": 1.7070947885513306, "class_log_probabilities": [-0.7169151902198792, -5.922255039215088, -6.253204822540283, -6.833149433135986], "predictions": [63, 206, 395, 396, 397, 398, 207, 103, 400, 401, 104, 68, 4], "target_tokens": ["[IN:PLAY_MUSIC", "[SL:MUSIC_ALBUM_TITLE", "@ptr1", "@ptr2", "@ptr3", "SL:MUSIC_ALBUM_TITLE]", "[SL:MUSIC_PROVIDER_NAME", "@ptr5", "@ptr6", "SL:MUSIC_PROVIDER_NAME]", "IN:PLAY_MUSIC]"], "predicted_tokens": ["[IN:PLAY_MUSIC", "[SL:MUSIC_ALBUM_TITLE", "@ptr0", "@ptr1", "@ptr2", "@ptr3", "SL:MUSIC_ALBUM_TITLE]", "[SL:MUSIC_PROVIDER_NAME", "@ptr5", "@ptr6", "SL:MUSIC_PROVIDER_NAME]", "IN:PLAY_MUSIC]"]}
{"loss": 1.122349500656128, "class_log_probabilities": [-1.0693268775939941, -1.7589428424835205, -5.980136394500732, -6.108658313751221], "predictions": [235, 103, 402, 403, 104, 236, 4, 4], "target_tokens": ["[IN:SET_DEFAULT_PROVIDER_MUSIC", "[SL:MUSIC_PROVIDER_NAME", "@ptr6", "@ptr7", "@ptr8", "SL:MUSIC_PROVIDER_NAME]", "IN:SET_DEFAULT_PROVIDER_MUSIC]"], "predicted_tokens": ["[IN:SET_DEFAULT_PROVIDER_MUSIC", "[SL:MUSIC_PROVIDER_NAME", "@ptr7", "@ptr8", "SL:MUSIC_PROVIDER_NAME]", "IN:SET_DEFAULT_PROVIDER_MUSIC]"]}
{"loss": 0.9960880279541016, "class_log_probabilities": [-0.25304001569747925, -8.289474487304688, -8.373692512512207, -9.450514793395996], "predictions": [235, 103, 396, 104, 236, 4, 4, 4, 4, 4], "target_tokens": ["[IN:SET_DEFAULT_PROVIDER_MUSIC", "[SL:MUSIC_PROVIDER_NAME", "@ptr1", "SL:MUSIC_PROVIDER_NAME]", "IN:SET_DEFAULT_PROVIDER_MUSIC]"], "predicted_tokens": ["[IN:SET_DEFAULT_PROVIDER_MUSIC", "[SL:MUSIC_PROVIDER_NAME", "@ptr1", "SL:MUSIC_PROVIDER_NAME]", "IN:SET_DEFAULT_PROVIDER_MUSIC]"]}
{"loss": 1.0047239065170288, "class_log_probabilities": [-0.4817642569541931, -3.2248356342315674, -7.34577751159668, -7.505702495574951], "predictions": [235, 103, 401, 402, 104, 236, 4, 4, 4, 4], "target_tokens": ["[IN:SET_DEFAULT_PROVIDER_MUSIC", "[SL:MUSIC_PROVIDER_NAME", "@ptr6", "@ptr7", "SL:MUSIC_PROVIDER_NAME]", "IN:SET_DEFAULT_PROVIDER_MUSIC]"], "predicted_tokens": ["[IN:SET_DEFAULT_PROVIDER_MUSIC", "[SL:MUSIC_PROVIDER_NAME", "@ptr6", "@ptr7", "SL:MUSIC_PROVIDER_NAME]", "IN:SET_DEFAULT_PROVIDER_MUSIC]"]}
{"loss": 0.9972047805786133, "class_log_probabilities": [-0.24505703151226044, -7.891544342041016, -8.019237518310547, -8.076773643493652], "predictions": [235, 103, 397, 104, 236, 4, 4], "target_tokens": ["[IN:SET_DEFAULT_PROVIDER_MUSIC", "[SL:MUSIC_PROVIDER_NAME", "@ptr2", "SL:MUSIC_PROVIDER_NAME]", "IN:SET_DEFAULT_PROVIDER_MUSIC]"], "predicted_tokens": ["[IN:SET_DEFAULT_PROVIDER_MUSIC", "[SL:MUSIC_PROVIDER_NAME", "@ptr2", "SL:MUSIC_PROVIDER_NAME]", "IN:SET_DEFAULT_PROVIDER_MUSIC]"]}
{"loss": 0.9978752136230469, "class_log_probabilities": [-0.24448098242282867, -7.702579021453857, -7.93366003036499, -8.000523567199707], "predictions": [235, 103, 398, 104, 236, 4], "target_tokens": ["[IN:SET_DEFAULT_PROVIDER_MUSIC", "[SL:MUSIC_PROVIDER_NAME", "@ptr3", "SL:MUSIC_PROVIDER_NAME]", "IN:SET_DEFAULT_PROVIDER_MUSIC]"], "predicted_tokens": ["[IN:SET_DEFAULT_PROVIDER_MUSIC", "[SL:MUSIC_PROVIDER_NAME", "@ptr3", "SL:MUSIC_PROVIDER_NAME]", "IN:SET_DEFAULT_PROVIDER_MUSIC]"]}
{"loss": 0.9803826212882996, "class_log_probabilities": [-0.2951488494873047, -6.685208320617676, -6.9512128829956055, -7.245197772979736], "predictions": [235, 103, 397, 104, 236, 4], "target_tokens": ["[IN:SET_DEFAULT_PROVIDER_MUSIC", "[SL:MUSIC_PROVIDER_NAME", "@ptr2", "SL:MUSIC_PROVIDER_NAME]", "IN:SET_DEFAULT_PROVIDER_MUSIC]"], "predicted_tokens": ["[IN:SET_DEFAULT_PROVIDER_MUSIC", "[SL:MUSIC_PROVIDER_NAME", "@ptr2", "SL:MUSIC_PROVIDER_NAME]", "IN:SET_DEFAULT_PROVIDER_MUSIC]"]}
{"loss": 0.9782528877258301, "class_log_probabilities": [-0.3233635127544403, -5.5073370933532715, -5.825193405151367, -6.4694414138793945], "predictions": [235, 103, 395, 104, 236, 4], "target_tokens": ["[IN:SET_DEFAULT_PROVIDER_MUSIC", "[SL:MUSIC_PROVIDER_NAME", "@ptr0", "SL:MUSIC_PROVIDER_NAME]", "IN:SET_DEFAULT_PROVIDER_MUSIC]"], "predicted_tokens": ["[IN:SET_DEFAULT_PROVIDER_MUSIC", "[SL:MUSIC_PROVIDER_NAME", "@ptr0", "SL:MUSIC_PROVIDER_NAME]", "IN:SET_DEFAULT_PROVIDER_MUSIC]"]}
{"loss": 1.0009902715682983, "class_log_probabilities": [-0.23793727159500122, -7.405593395233154, -7.715404033660889, -8.115520477294922], "predictions": [235, 103, 398, 104, 236, 4, 4], "target_tokens": ["[IN:SET_DEFAULT_PROVIDER_MUSIC", "[SL:MUSIC_PROVIDER_NAME", "@ptr3", "SL:MUSIC_PROVIDER_NAME]", "IN:SET_DEFAULT_PROVIDER_MUSIC]"], "predicted_tokens": ["[IN:SET_DEFAULT_PROVIDER_MUSIC", "[SL:MUSIC_PROVIDER_NAME", "@ptr3", "SL:MUSIC_PROVIDER_NAME]", "IN:SET_DEFAULT_PROVIDER_MUSIC]"]}
{"loss": 3.477201223373413, "class_log_probabilities": [-1.1103858947753906, -2.8967723846435547, -4.287526607513428, -5.376540184020996], "predictions": [287, 64, 399, 65, 103, 401, 104, 288, 4], "target_tokens": ["[IN:SET_DEFAULT_PROVIDER_MUSIC", "[SL:MUSIC_PROVIDER_NAME", "@ptr6", "SL:MUSIC_PROVIDER_NAME]", "IN:SET_DEFAULT_PROVIDER_MUSIC]"], "predicted_tokens": ["[IN:REPLAY_MUSIC", "[SL:MUSIC_TYPE", "@ptr4", "SL:MUSIC_TYPE]", "[SL:MUSIC_PROVIDER_NAME", "@ptr6", "SL:MUSIC_PROVIDER_NAME]", "IN:REPLAY_MUSIC]"]}
{"loss": 0.9934055805206299, "class_log_probabilities": [-0.2598007321357727, -8.239346504211426, -8.29672622680664, -9.969175338745117], "predictions": [235, 103, 396, 104, 236, 4, 4, 4, 4, 4], "target_tokens": ["[IN:SET_DEFAULT_PROVIDER_MUSIC", "[SL:MUSIC_PROVIDER_NAME", "@ptr1", "SL:MUSIC_PROVIDER_NAME]", "IN:SET_DEFAULT_PROVIDER_MUSIC]"], "predicted_tokens": ["[IN:SET_DEFAULT_PROVIDER_MUSIC", "[SL:MUSIC_PROVIDER_NAME", "@ptr1", "SL:MUSIC_PROVIDER_NAME]", "IN:SET_DEFAULT_PROVIDER_MUSIC]"]}
{"loss": 1.029313325881958, "class_log_probabilities": [-1.4528969526290894, -1.523463487625122, -4.132765769958496, -5.236513137817383], "predictions": [63, 101, 397, 398, 399, 102, 103, 401, 104, 68, 4], "target_tokens": ["[IN:PLAY_MUSIC", "[SL:MUSIC_TRACK_TITLE", "@ptr2", "@ptr3", "@ptr4", "SL:MUSIC_TRACK_TITLE]", "[SL:MUSIC_PROVIDER_NAME", "@ptr6", "SL:MUSIC_PROVIDER_NAME]", "IN:PLAY_MUSIC]"], "predicted_tokens": ["[IN:PLAY_MUSIC", "[SL:MUSIC_TRACK_TITLE", "@ptr2", "@ptr3", "@ptr4", "SL:MUSIC_TRACK_TITLE]", "[SL:MUSIC_PROVIDER_NAME", "@ptr6", "SL:MUSIC_PROVIDER_NAME]", "IN:PLAY_MUSIC]"]}
{"loss": 1.956979513168335, "class_log_probabilities": [-0.45591771602630615, -5.8490519523620605, -6.211048603057861, -6.5090460777282715], "predictions": [287, 64, 397, 65, 101, 398, 102, 288, 4], "target_tokens": ["[IN:PLAY_MUSIC", "[SL:MUSIC_TYPE", "@ptr2", "SL:MUSIC_TYPE]", "[SL:MUSIC_TRACK_TITLE", "@ptr3", "SL:MUSIC_TRACK_TITLE]", "IN:PLAY_MUSIC]"], "predicted_tokens": ["[IN:REPLAY_MUSIC", "[SL:MUSIC_TYPE", "@ptr2", "SL:MUSIC_TYPE]", "[SL:MUSIC_TRACK_TITLE", "@ptr3", "SL:MUSIC_TRACK_TITLE]", "IN:REPLAY_MUSIC]"]}
{"loss": 1.2701687812805176, "class_log_probabilities": [-0.7951844930648804, -3.5021843910217285, -5.064243316650391, -5.978307247161865], "predictions": [63, 103, 396, 104, 206, 398, 399, 207, 68, 4], "target_tokens": ["[IN:PLAY_MUSIC", "[SL:MUSIC_PROVIDER_NAME", "@ptr1", "SL:MUSIC_PROVIDER_NAME]", "[SL:MUSIC_ALBUM_TITLE", "@ptr4", "SL:MUSIC_ALBUM_TITLE]", "IN:PLAY_MUSIC]"], "predicted_tokens": ["[IN:PLAY_MUSIC", "[SL:MUSIC_PROVIDER_NAME", "@ptr1", "SL:MUSIC_PROVIDER_NAME]", "[SL:MUSIC_ALBUM_TITLE", "@ptr3", "@ptr4", "SL:MUSIC_ALBUM_TITLE]", "IN:PLAY_MUSIC]"]}
{"loss": 2.262211799621582, "class_log_probabilities": [-1.1796748638153076, -4.364761829376221, -4.552012920379639, -5.034617900848389], "predictions": [205, 16, 396, 17, 208, 4], "target_tokens": ["[IN:START_SHUFFLE_MUSIC", "[SL:MUSIC_ALBUM_TITLE", "@ptr1", "SL:MUSIC_ALBUM_TITLE]", "IN:START_SHUFFLE_MUSIC]"], "predicted_tokens": ["[IN:START_SHUFFLE_MUSIC", "[SL:DATE_TIME", "@ptr1", "SL:DATE_TIME]", "IN:START_SHUFFLE_MUSIC]"]}
{"loss": 1.5468538999557495, "class_log_probabilities": [-0.7091163396835327, -6.35597038269043, -6.660916805267334, -7.460012435913086], "predictions": [63, 101, 395, 396, 397, 398, 399, 400, 102, 103, 402, 104, 68, 4], "target_tokens": ["[IN:PLAY_MUSIC", "[SL:MUSIC_TRACK_TITLE", "@ptr1", "@ptr2", "@ptr3", "@ptr4", "@ptr5", "SL:MUSIC_TRACK_TITLE]", "[SL:MUSIC_PROVIDER_NAME", "@ptr7", "SL:MUSIC_PROVIDER_NAME]", "IN:PLAY_MUSIC]"], "predicted_tokens": ["[IN:PLAY_MUSIC", "[SL:MUSIC_TRACK_TITLE", "@ptr0", "@ptr1", "@ptr2", "@ptr3", "@ptr4", "@ptr5", "SL:MUSIC_TRACK_TITLE]", "[SL:MUSIC_PROVIDER_NAME", "@ptr7", "SL:MUSIC_PROVIDER_NAME]", "IN:PLAY_MUSIC]"]}
{"loss": 1.2324661016464233, "class_log_probabilities": [-1.1578378677368164, -3.3764514923095703, -3.622037649154663, -5.6576433181762695], "predictions": [287, 206, 396, 207, 103, 398, 104, 288, 4], "target_tokens": ["[IN:PLAY_MUSIC", "[SL:MUSIC_ALBUM_TITLE", "@ptr1", "SL:MUSIC_ALBUM_TITLE]", "[SL:MUSIC_PROVIDER_NAME", "@ptr3", "SL:MUSIC_PROVIDER_NAME]", "IN:PLAY_MUSIC]"], "predicted_tokens": ["[IN:REPLAY_MUSIC", "[SL:MUSIC_ALBUM_TITLE", "@ptr1", "SL:MUSIC_ALBUM_TITLE]", "[SL:MUSIC_PROVIDER_NAME", "@ptr3", "SL:MUSIC_PROVIDER_NAME]", "IN:REPLAY_MUSIC]"]}
{"loss": 0.9827842712402344, "class_log_probabilities": [-0.790404200553894, -4.775212287902832, -6.428821086883545, -6.571611404418945], "predictions": [205, 103, 396, 104, 206, 399, 400, 401, 402, 403, 404, 207, 208, 4], "target_tokens": ["[IN:START_SHUFFLE_MUSIC", "[SL:MUSIC_PROVIDER_NAME", "@ptr1", "SL:MUSIC_PROVIDER_NAME]", "[SL:MUSIC_ALBUM_TITLE", "@ptr4", "@ptr5", "@ptr6", "@ptr7", "@ptr8", "@ptr9", "SL:MUSIC_ALBUM_TITLE]", "IN:START_SHUFFLE_MUSIC]"], "predicted_tokens": ["[IN:START_SHUFFLE_MUSIC", "[SL:MUSIC_PROVIDER_NAME", "@ptr1", "SL:MUSIC_PROVIDER_NAME]", "[SL:MUSIC_ALBUM_TITLE", "@ptr4", "@ptr5", "@ptr6", "@ptr7", "@ptr8", "@ptr9", "SL:MUSIC_ALBUM_TITLE]", "IN:START_SHUFFLE_MUSIC]"]}
{"loss": 1.2911585569381714, "class_log_probabilities": [-2.949028968811035, -3.4354424476623535, -3.8129889965057373, -3.986147403717041], "predictions": [169, 103, 396, 104, 206, 400, 401, 402, 403, 404, 405, 406, 407, 207, 68, 4], "target_tokens": ["[IN:PLAY_MUSIC", "[SL:MUSIC_PROVIDER_NAME", "@ptr1", "SL:MUSIC_PROVIDER_NAME]", "[SL:MUSIC_ALBUM_TITLE", "@ptr4", "@ptr5", "@ptr6", "@ptr7", "@ptr8", "@ptr9", "@ptr10", "@ptr11", "@ptr12", "SL:MUSIC_ALBUM_TITLE]", "IN:PLAY_MUSIC]"], "predicted_tokens": ["[IN:REMOVE_FROM_PLAYLIST_MUSIC", "[SL:MUSIC_PROVIDER_NAME", "@ptr1", "SL:MUSIC_PROVIDER_NAME]", "[SL:MUSIC_ALBUM_TITLE", "@ptr5", "@ptr6", "@ptr7", "@ptr8", "@ptr9", "@ptr10", "@ptr11", "@ptr12", "SL:MUSIC_ALBUM_TITLE]", "IN:PLAY_MUSIC]"]}
{"loss": 0.9787811040878296, "class_log_probabilities": [-0.7152509689331055, -4.410986423492432, -5.368720054626465, -6.344189643859863], "predictions": [63, 206, 397, 398, 399, 207, 103, 401, 104, 68, 4, 4], "target_tokens": ["[IN:PLAY_MUSIC", "[SL:MUSIC_ALBUM_TITLE", "@ptr2", "@ptr3", "@ptr4", "SL:MUSIC_ALBUM_TITLE]", "[SL:MUSIC_PROVIDER_NAME", "@ptr6", "SL:MUSIC_PROVIDER_NAME]", "IN:PLAY_MUSIC]"], "predicted_tokens": ["[IN:PLAY_MUSIC", "[SL:MUSIC_ALBUM_TITLE", "@ptr2", "@ptr3", "@ptr4", "SL:MUSIC_ALBUM_TITLE]", "[SL:MUSIC_PROVIDER_NAME", "@ptr6", "SL:MUSIC_PROVIDER_NAME]", "IN:PLAY_MUSIC]"]}
{"loss": 1.0181162357330322, "class_log_probabilities": [-1.410570740699768, -1.5356580018997192, -4.672539234161377, -5.05934476852417], "predictions": [63, 206, 396, 397, 398, 399, 207, 103, 401, 104, 68, 4], "target_tokens": ["[IN:PLAY_MUSIC", "[SL:MUSIC_ALBUM_TITLE", "@ptr1", "@ptr2", "@ptr3", "@ptr4", "SL:MUSIC_ALBUM_TITLE]", "[SL:MUSIC_PROVIDER_NAME", "@ptr6", "SL:MUSIC_PROVIDER_NAME]", "IN:PLAY_MUSIC]"], "predicted_tokens": ["[IN:PLAY_MUSIC", "[SL:MUSIC_ALBUM_TITLE", "@ptr1", "@ptr2", "@ptr3", "@ptr4", "SL:MUSIC_ALBUM_TITLE]", "[SL:MUSIC_PROVIDER_NAME", "@ptr6", "SL:MUSIC_PROVIDER_NAME]", "IN:PLAY_MUSIC]"]}
{"loss": 1.331385850906372, "class_log_probabilities": [-0.8015753030776978, -5.067216396331787, -5.760729789733887, -6.30392599105835], "predictions": [287, 206, 396, 397, 398, 399, 400, 401, 207, 66, 403, 67, 288, 4], "target_tokens": ["[IN:PLAY_MUSIC", "[SL:MUSIC_ALBUM_TITLE", "@ptr1", "@ptr2", "@ptr3", "@ptr4", "@ptr5", "@ptr6", "SL:MUSIC_ALBUM_TITLE]", "[SL:MUSIC_ARTIST_NAME", "@ptr8", "SL:MUSIC_ARTIST_NAME]", "IN:PLAY_MUSIC]"], "predicted_tokens": ["[IN:REPLAY_MUSIC", "[SL:MUSIC_ALBUM_TITLE", "@ptr1", "@ptr2", "@ptr3", "@ptr4", "@ptr5", "@ptr6", "SL:MUSIC_ALBUM_TITLE]", "[SL:MUSIC_ARTIST_NAME", "@ptr8", "SL:MUSIC_ARTIST_NAME]", "IN:REPLAY_MUSIC]"]}
{"loss": 1.8360782861709595, "class_log_probabilities": [-0.6800847053527832, -4.054074287414551, -4.711787700653076, -4.8339948654174805], "predictions": [63, 103, 396, 104, 206, 400, 401, 207, 68, 4], "target_tokens": ["[IN:START_SHUFFLE_MUSIC", "[SL:MUSIC_PROVIDER_NAME", "@ptr1", "SL:MUSIC_PROVIDER_NAME]", "[SL:MUSIC_ALBUM_TITLE", "@ptr4", "@ptr5", "@ptr6", "SL:MUSIC_ALBUM_TITLE]", "IN:START_SHUFFLE_MUSIC]"], "predicted_tokens": ["[IN:PLAY_MUSIC", "[SL:MUSIC_PROVIDER_NAME", "@ptr1", "SL:MUSIC_PROVIDER_NAME]", "[SL:MUSIC_ALBUM_TITLE", "@ptr5", "@ptr6", "SL:MUSIC_ALBUM_TITLE]", "IN:PLAY_MUSIC]"]}
{"loss": 0.9895188212394714, "class_log_probabilities": [-0.4279189109802246, -6.7528910636901855, -7.645374298095703, -7.66163969039917], "predictions": [63, 103, 397, 104, 223, 400, 401, 224, 68, 4], "target_tokens": ["[IN:PLAY_MUSIC", "[SL:MUSIC_PROVIDER_NAME", "@ptr2", "SL:MUSIC_PROVIDER_NAME]", "[SL:MUSIC_RADIO_ID", "@ptr5", "@ptr6", "SL:MUSIC_RADIO_ID]", "IN:PLAY_MUSIC]"], "predicted_tokens": ["[IN:PLAY_MUSIC", "[SL:MUSIC_PROVIDER_NAME", "@ptr2", "SL:MUSIC_PROVIDER_NAME]", "[SL:MUSIC_RADIO_ID", "@ptr5", "@ptr6", "SL:MUSIC_RADIO_ID]", "IN:PLAY_MUSIC]"]}
{"loss": 0.9741147756576538, "class_log_probabilities": [-0.4800940454006195, -7.846341133117676, -7.916629314422607, -8.374489784240723], "predictions": [63, 66, 396, 397, 67, 103, 399, 104, 68, 4, 4], "target_tokens": ["[IN:PLAY_MUSIC", "[SL:MUSIC_ARTIST_NAME", "@ptr1", "@ptr2", "SL:MUSIC_ARTIST_NAME]", "[SL:MUSIC_PROVIDER_NAME", "@ptr4", "SL:MUSIC_PROVIDER_NAME]", "IN:PLAY_MUSIC]"], "predicted_tokens": ["[IN:PLAY_MUSIC", "[SL:MUSIC_ARTIST_NAME", "@ptr1", "@ptr2", "SL:MUSIC_ARTIST_NAME]", "[SL:MUSIC_PROVIDER_NAME", "@ptr4", "SL:MUSIC_PROVIDER_NAME]", "IN:PLAY_MUSIC]"]}
{"loss": 0.9756191968917847, "class_log_probabilities": [-0.46466171741485596, -7.993800163269043, -8.1724214553833, -8.261274337768555], "predictions": [63, 66, 396, 397, 67, 103, 399, 104, 68, 4, 4, 4, 4, 4], "target_tokens": ["[IN:PLAY_MUSIC", "[SL:MUSIC_ARTIST_NAME", "@ptr1", "@ptr2", "SL:MUSIC_ARTIST_NAME]", "[SL:MUSIC_PROVIDER_NAME", "@ptr4", "SL:MUSIC_PROVIDER_NAME]", "IN:PLAY_MUSIC]"], "predicted_tokens": ["[IN:PLAY_MUSIC", "[SL:MUSIC_ARTIST_NAME", "@ptr1", "@ptr2", "SL:MUSIC_ARTIST_NAME]", "[SL:MUSIC_PROVIDER_NAME", "@ptr4", "SL:MUSIC_PROVIDER_NAME]", "IN:PLAY_MUSIC]"]}
{"loss": 0.9736682772636414, "class_log_probabilities": [-0.4770444333553314, -7.575244426727295, -7.647862911224365, -8.023951530456543], "predictions": [63, 66, 396, 397, 67, 103, 399, 104, 68, 4], "target_tokens": ["[IN:PLAY_MUSIC", "[SL:MUSIC_ARTIST_NAME", "@ptr1", "@ptr2", "SL:MUSIC_ARTIST_NAME]", "[SL:MUSIC_PROVIDER_NAME", "@ptr4", "SL:MUSIC_PROVIDER_NAME]", "IN:PLAY_MUSIC]"], "predicted_tokens": ["[IN:PLAY_MUSIC", "[SL:MUSIC_ARTIST_NAME", "@ptr1", "@ptr2", "SL:MUSIC_ARTIST_NAME]", "[SL:MUSIC_PROVIDER_NAME", "@ptr4", "SL:MUSIC_PROVIDER_NAME]", "IN:PLAY_MUSIC]"]}
{"loss": 1.7122581005096436, "class_log_probabilities": [-1.1433990001678467, -1.9927399158477783, -4.1304826736450195, -5.333531379699707], "predictions": [63, 206, 396, 207, 103, 398, 104, 68, 4], "target_tokens": ["[IN:PLAY_MUSIC", "[SL:MUSIC_ARTIST_NAME", "@ptr1", "SL:MUSIC_ARTIST_NAME]", "[SL:MUSIC_PROVIDER_NAME", "@ptr3", "SL:MUSIC_PROVIDER_NAME]", "IN:PLAY_MUSIC]"], "predicted_tokens": ["[IN:PLAY_MUSIC", "[SL:MUSIC_ALBUM_TITLE", "@ptr1", "SL:MUSIC_ALBUM_TITLE]", "[SL:MUSIC_PROVIDER_NAME", "@ptr3", "SL:MUSIC_PROVIDER_NAME]", "IN:PLAY_MUSIC]"]}
{"loss": 0.9724663496017456, "class_log_probabilities": [-0.44155675172805786, -7.543448448181152, -7.586781978607178, -8.098831176757812], "predictions": [63, 66, 396, 67, 103, 398, 104, 68, 4, 4, 4, 4], "target_tokens": ["[IN:PLAY_MUSIC", "[SL:MUSIC_ARTIST_NAME", "@ptr1", "SL:MUSIC_ARTIST_NAME]", "[SL:MUSIC_PROVIDER_NAME", "@ptr3", "SL:MUSIC_PROVIDER_NAME]", "IN:PLAY_MUSIC]"], "predicted_tokens": ["[IN:PLAY_MUSIC", "[SL:MUSIC_ARTIST_NAME", "@ptr1", "SL:MUSIC_ARTIST_NAME]", "[SL:MUSIC_PROVIDER_NAME", "@ptr3", "SL:MUSIC_PROVIDER_NAME]", "IN:PLAY_MUSIC]"]}
{"loss": 2.7668986320495605, "class_log_probabilities": [-0.4591279923915863, -8.109082221984863, -8.420204162597656, -8.510741233825684], "predictions": [63, 64, 396, 65, 66, 397, 67, 68, 4, 4, 4, 4], "target_tokens": ["[IN:PLAY_MUSIC", "[SL:MUSIC_ARTIST_NAME", "@ptr2", "SL:MUSIC_ARTIST_NAME]", "[SL:MUSIC_TYPE", "@ptr1", "SL:MUSIC_TYPE]", "IN:PLAY_MUSIC]"], "predicted_tokens": ["[IN:PLAY_MUSIC", "[SL:MUSIC_TYPE", "@ptr1", "SL:MUSIC_TYPE]", "[SL:MUSIC_ARTIST_NAME", "@ptr2", "SL:MUSIC_ARTIST_NAME]", "IN:PLAY_MUSIC]"]}
{"loss": 3.076594829559326, "class_log_probabilities": [-0.9357377886772156, -5.517839431762695, -5.807778835296631, -6.757030010223389], "predictions": [63, 64, 397, 65, 103, 399, 104, 68, 4, 4, 4, 4, 4], "target_tokens": ["[IN:PLAY_MUSIC", "[SL:MUSIC_PROVIDER_NAME", "@ptr4", "SL:MUSIC_PROVIDER_NAME]", "[SL:MUSIC_PLAYLIST_TITLE", "@ptr5", "@ptr6", "@ptr7", "SL:MUSIC_PLAYLIST_TITLE]", "[SL:MUSIC_TYPE", "@ptr2", "SL:MUSIC_TYPE]", "IN:PLAY_MUSIC]"], "predicted_tokens": ["[IN:PLAY_MUSIC", "[SL:MUSIC_TYPE", "@ptr2", "SL:MUSIC_TYPE]", "[SL:MUSIC_PROVIDER_NAME", "@ptr4", "SL:MUSIC_PROVIDER_NAME]", "IN:PLAY_MUSIC]"]}
{"loss": 0.9786950945854187, "class_log_probabilities": [-0.45234256982803345, -7.319124698638916, -7.44184684753418, -7.623376369476318], "predictions": [63, 103, 395, 104, 66, 398, 399, 67, 68, 4, 4], "target_tokens": ["[IN:PLAY_MUSIC", "[SL:MUSIC_PROVIDER_NAME", "@ptr0", "SL:MUSIC_PROVIDER_NAME]", "[SL:MUSIC_ARTIST_NAME", "@ptr3", "@ptr4", "SL:MUSIC_ARTIST_NAME]", "IN:PLAY_MUSIC]"], "predicted_tokens": ["[IN:PLAY_MUSIC", "[SL:MUSIC_PROVIDER_NAME", "@ptr0", "SL:MUSIC_PROVIDER_NAME]", "[SL:MUSIC_ARTIST_NAME", "@ptr3", "@ptr4", "SL:MUSIC_ARTIST_NAME]", "IN:PLAY_MUSIC]"]}
{"loss": 0.9740297198295593, "class_log_probabilities": [-0.4851570725440979, -6.26998233795166, -6.32012414932251, -7.208719253540039], "predictions": [63, 64, 397, 65, 101, 398, 399, 102, 68, 4], "target_tokens": ["[IN:PLAY_MUSIC", "[SL:MUSIC_TYPE", "@ptr2", "SL:MUSIC_TYPE]", "[SL:MUSIC_TRACK_TITLE", "@ptr3", "@ptr4", "SL:MUSIC_TRACK_TITLE]", "IN:PLAY_MUSIC]"], "predicted_tokens": ["[IN:PLAY_MUSIC", "[SL:MUSIC_TYPE", "@ptr2", "SL:MUSIC_TYPE]", "[SL:MUSIC_TRACK_TITLE", "@ptr3", "@ptr4", "SL:MUSIC_TRACK_TITLE]", "IN:PLAY_MUSIC]"]}
{"loss": 1.0070754289627075, "class_log_probabilities": [-0.28518015146255493, -6.8435845375061035, -6.9273176193237305, -7.186293601989746], "predictions": [85, 86, 401, 87, 88, 4, 4, 4], "target_tokens": ["[IN:CREATE_PLAYLIST_MUSIC", "[SL:MUSIC_PLAYLIST_TITLE", "@ptr6", "SL:MUSIC_PLAYLIST_TITLE]", "IN:CREATE_PLAYLIST_MUSIC]"], "predicted_tokens": ["[IN:CREATE_PLAYLIST_MUSIC", "[SL:MUSIC_PLAYLIST_TITLE", "@ptr6", "SL:MUSIC_PLAYLIST_TITLE]", "IN:CREATE_PLAYLIST_MUSIC]"]}
{"loss": 0.9732875823974609, "class_log_probabilities": [-0.43940746784210205, -7.449826240539551, -7.649698257446289, -7.705652713775635], "predictions": [63, 64, 396, 65, 151, 397, 152, 68, 4, 4], "target_tokens": ["[IN:PLAY_MUSIC", "[SL:MUSIC_TYPE", "@ptr1", "SL:MUSIC_TYPE]", "[SL:MUSIC_GENRE", "@ptr2", "SL:MUSIC_GENRE]", "IN:PLAY_MUSIC]"], "predicted_tokens": ["[IN:PLAY_MUSIC", "[SL:MUSIC_TYPE", "@ptr1", "SL:MUSIC_TYPE]", "[SL:MUSIC_GENRE", "@ptr2", "SL:MUSIC_GENRE]", "IN:PLAY_MUSIC]"]}
{"loss": 1.422732949256897, "class_log_probabilities": [-0.6361860036849976, -6.275263786315918, -6.612982749938965, -6.679067611694336], "predictions": [63, 103, 397, 104, 206, 399, 400, 401, 402, 207, 68, 4], "target_tokens": ["[IN:PLAY_MUSIC", "[SL:MUSIC_PROVIDER_NAME", "@ptr2", "SL:MUSIC_PROVIDER_NAME]", "[SL:MUSIC_TRACK_TITLE", "@ptr4", "@ptr5", "@ptr6", "@ptr7", "SL:MUSIC_TRACK_TITLE]", "IN:PLAY_MUSIC]"], "predicted_tokens": ["[IN:PLAY_MUSIC", "[SL:MUSIC_PROVIDER_NAME", "@ptr2", "SL:MUSIC_PROVIDER_NAME]", "[SL:MUSIC_ALBUM_TITLE", "@ptr4", "@ptr5", "@ptr6", "@ptr7", "SL:MUSIC_ALBUM_TITLE]", "IN:PLAY_MUSIC]"]}
{"loss": 0.9951105713844299, "class_log_probabilities": [-0.2861464023590088, -6.195341110229492, -6.597827434539795, -8.230010986328125], "predictions": [367, 64, 402, 65, 368, 4, 4, 4, 4, 4], "target_tokens": ["[IN:GET_LYRICS_MUSIC", "[SL:MUSIC_TYPE", "@ptr7", "SL:MUSIC_TYPE]", "IN:GET_LYRICS_MUSIC]"], "predicted_tokens": ["[IN:GET_LYRICS_MUSIC", "[SL:MUSIC_TYPE", "@ptr7", "SL:MUSIC_TYPE]", "IN:GET_LYRICS_MUSIC]"]}
{"loss": 0.9698607325553894, "class_log_probabilities": [-0.5115662813186646, -4.834798812866211, -5.544517517089844, -5.778398513793945], "predictions": [217, 103, 400, 104, 218, 4], "target_tokens": ["[IN:GET_TRACK_INFO_MUSIC", "[SL:MUSIC_PROVIDER_NAME", "@ptr5", "SL:MUSIC_PROVIDER_NAME]", "IN:GET_TRACK_INFO_MUSIC]"], "predicted_tokens": ["[IN:GET_TRACK_INFO_MUSIC", "[SL:MUSIC_PROVIDER_NAME", "@ptr5", "SL:MUSIC_PROVIDER_NAME]", "IN:GET_TRACK_INFO_MUSIC]"]}
{"loss": 2.5228283405303955, "class_log_probabilities": [-0.5211096405982971, -7.189847946166992, -7.287435054779053, -8.314980506896973], "predictions": [63, 64, 397, 65, 223, 398, 224, 103, 400, 104, 68, 4, 4, 4, 4], "target_tokens": ["[IN:PLAY_MUSIC", "[SL:MUSIC_RADIO_ID", "@ptr3", "SL:MUSIC_RADIO_ID]", "[SL:MUSIC_TYPE", "@ptr2", "SL:MUSIC_TYPE]", "[SL:MUSIC_PROVIDER_NAME", "@ptr5", "SL:MUSIC_PROVIDER_NAME]", "IN:PLAY_MUSIC]"], "predicted_tokens": ["[IN:PLAY_MUSIC", "[SL:MUSIC_TYPE", "@ptr2", "SL:MUSIC_TYPE]", "[SL:MUSIC_RADIO_ID", "@ptr3", "SL:MUSIC_RADIO_ID]", "[SL:MUSIC_PROVIDER_NAME", "@ptr5", "SL:MUSIC_PROVIDER_NAME]", "IN:PLAY_MUSIC]"]}
{"loss": 0.9832085371017456, "class_log_probabilities": [-0.4086688160896301, -6.262381553649902, -6.41345739364624, -7.290804862976074], "predictions": [63, 223, 396, 224, 64, 399, 65, 68, 4], "target_tokens": ["[IN:PLAY_MUSIC", "[SL:MUSIC_RADIO_ID", "@ptr1", "SL:MUSIC_RADIO_ID]", "[SL:MUSIC_TYPE", "@ptr4", "SL:MUSIC_TYPE]", "IN:PLAY_MUSIC]"], "predicted_tokens": ["[IN:PLAY_MUSIC", "[SL:MUSIC_RADIO_ID", "@ptr1", "SL:MUSIC_RADIO_ID]", "[SL:MUSIC_TYPE", "@ptr4", "SL:MUSIC_TYPE]", "IN:PLAY_MUSIC]"]}
{"loss": 0.9917451739311218, "class_log_probabilities": [-0.2540797293186188, -7.237303733825684, -7.580214023590088, -8.976683616638184], "predictions": [251, 64, 398, 65, 252, 4, 4, 4], "target_tokens": ["[IN:QUESTION_MUSIC", "[SL:MUSIC_TYPE", "@ptr3", "SL:MUSIC_TYPE]", "IN:QUESTION_MUSIC]"], "predicted_tokens": ["[IN:QUESTION_MUSIC", "[SL:MUSIC_TYPE", "@ptr3", "SL:MUSIC_TYPE]", "IN:QUESTION_MUSIC]"]}
{"loss": 3.1431405544281006, "class_log_probabilities": [-0.423198401927948, -6.782376289367676, -6.975414752960205, -7.166454792022705], "predictions": [241, 20, 395, 21, 242, 4], "target_tokens": ["[IN:SKIP_TRACK_MUSIC", "IN:SKIP_TRACK_MUSIC]"], "predicted_tokens": ["[IN:SKIP_TRACK_MUSIC", "[SL:ORDINAL", "@ptr0", "SL:ORDINAL]", "IN:SKIP_TRACK_MUSIC]"]}
{"loss": 2.707472324371338, "class_log_probabilities": [-1.0987628698349, -2.624663829803467, -3.103661298751831, -5.197916030883789], "predictions": [63, 64, 398, 65, 66, 400, 401, 67, 68, 4], "target_tokens": ["[IN:PLAY_MUSIC", "[SL:MUSIC_ARTIST_NAME", "@ptr5", "@ptr6", "SL:MUSIC_ARTIST_NAME]", "[SL:MUSIC_TYPE", "@ptr3", "SL:MUSIC_TYPE]", "IN:PLAY_MUSIC]"], "predicted_tokens": ["[IN:PLAY_MUSIC", "[SL:MUSIC_TYPE", "@ptr3", "SL:MUSIC_TYPE]", "[SL:MUSIC_ARTIST_NAME", "@ptr5", "@ptr6", "SL:MUSIC_ARTIST_NAME]", "IN:PLAY_MUSIC]"]}
{"loss": 1.9071717262268066, "class_log_probabilities": [-1.545896053314209, -2.2593069076538086, -3.9568727016448975, -4.4648356437683105], "predictions": [63, 20, 397, 21, 64, 398, 65, 68, 4], "target_tokens": ["[IN:PREVIOUS_TRACK_MUSIC", "[SL:ORDINAL", "@ptr2", "SL:ORDINAL]", "[SL:MUSIC_TYPE", "@ptr3", "SL:MUSIC_TYPE]", "IN:PREVIOUS_TRACK_MUSIC]"], "predicted_tokens": ["[IN:PLAY_MUSIC", "[SL:ORDINAL", "@ptr2", "SL:ORDINAL]", "[SL:MUSIC_TYPE", "@ptr3", "SL:MUSIC_TYPE]", "IN:PLAY_MUSIC]"]}
{"loss": 2.562446117401123, "class_log_probabilities": [-0.4341566562652588, -5.944386959075928, -6.406572341918945, -6.572798728942871], "predictions": [63, 64, 396, 65, 151, 398, 152, 68, 4], "target_tokens": ["[IN:PLAY_MUSIC", "[SL:MUSIC_GENRE", "@ptr3", "SL:MUSIC_GENRE]", "[SL:MUSIC_TYPE", "@ptr1", "SL:MUSIC_TYPE]", "IN:PLAY_MUSIC]"], "predicted_tokens": ["[IN:PLAY_MUSIC", "[SL:MUSIC_TYPE", "@ptr1", "SL:MUSIC_TYPE]", "[SL:MUSIC_GENRE", "@ptr3", "SL:MUSIC_GENRE]", "IN:PLAY_MUSIC]"]}
{"loss": 4.204840660095215, "class_log_probabilities": [-0.28582528233528137, -8.007071495056152, -8.160670280456543, -8.500210762023926], "predictions": [63, 64, 396, 65, 68, 4], "target_tokens": ["[IN:PLAY_MUSIC", "[SL:MUSIC_GENRE", "@ptr2", "@ptr3", "SL:MUSIC_GENRE]", "[SL:MUSIC_TYPE", "@ptr1", "SL:MUSIC_TYPE]", "IN:PLAY_MUSIC]"], "predicted_tokens": ["[IN:PLAY_MUSIC", "[SL:MUSIC_TYPE", "@ptr1", "SL:MUSIC_TYPE]", "IN:PLAY_MUSIC]"]}
{"loss": 5.000070095062256, "class_log_probabilities": [-2.1616034507751465, -4.012996196746826, -4.118928909301758, -5.41301965713501], "predictions": [63, 66, 395, 67, 68, 4], "target_tokens": ["[IN:START_SHUFFLE_MUSIC", "IN:START_SHUFFLE_MUSIC]"], "predicted_tokens": ["[IN:PLAY_MUSIC", "[SL:MUSIC_ARTIST_NAME", "@ptr0", "SL:MUSIC_ARTIST_NAME]", "IN:PLAY_MUSIC]"]}
{"loss": 3.229142427444458, "class_log_probabilities": [-2.4689199924468994, -3.847135543823242, -4.016149044036865, -4.741792678833008], "predictions": [63, 86, 395, 87, 64, 398, 399, 65, 68, 4], "target_tokens": ["[IN:PLAY_MUSIC", "[SL:MUSIC_GENRE", "@ptr4", "SL:MUSIC_GENRE]", "[SL:MUSIC_TYPE", "@ptr3", "SL:MUSIC_TYPE]", "[SL:MUSIC_TYPE", "@ptr1", "SL:MUSIC_TYPE]", "IN:PLAY_MUSIC]"], "predicted_tokens": ["[IN:PLAY_MUSIC", "[SL:MUSIC_PLAYLIST_TITLE", "@ptr0", "SL:MUSIC_PLAYLIST_TITLE]", "[SL:MUSIC_TYPE", "@ptr3", "@ptr4", "SL:MUSIC_TYPE]", "IN:PLAY_MUSIC]"]}
{"loss": 2.4162116050720215, "class_log_probabilities": [-0.5375967025756836, -7.11060905456543, -7.347247123718262, -7.709720134735107], "predictions": [63, 64, 398, 65, 151, 400, 152, 103, 402, 104, 68, 4, 4, 4, 4], "target_tokens": ["[IN:PLAY_MUSIC", "[SL:MUSIC_GENRE", "@ptr5", "SL:MUSIC_GENRE]", "[SL:MUSIC_TYPE", "@ptr3", "SL:MUSIC_TYPE]", "[SL:MUSIC_PROVIDER_NAME", "@ptr7", "SL:MUSIC_PROVIDER_NAME]", "IN:PLAY_MUSIC]"], "predicted_tokens": ["[IN:PLAY_MUSIC", "[SL:MUSIC_TYPE", "@ptr3", "SL:MUSIC_TYPE]", "[SL:MUSIC_GENRE", "@ptr5", "SL:MUSIC_GENRE]", "[SL:MUSIC_PROVIDER_NAME", "@ptr7", "SL:MUSIC_PROVIDER_NAME]", "IN:PLAY_MUSIC]"]}
{"loss": 4.804471492767334, "class_log_probabilities": [-0.7774447798728943, -2.288043975830078, -5.693542003631592, -7.880707740783691], "predictions": [63, 64, 397, 65, 68, 4, 4, 4, 4], "target_tokens": ["[IN:START_SHUFFLE_MUSIC", "[SL:MUSIC_PLAYLIST_TITLE", "@ptr3", "SL:MUSIC_PLAYLIST_TITLE]", "[SL:MUSIC_TYPE", "@ptr2", "SL:MUSIC_TYPE]", "IN:START_SHUFFLE_MUSIC]"], "predicted_tokens": ["[IN:PLAY_MUSIC", "[SL:MUSIC_TYPE", "@ptr2", "SL:MUSIC_TYPE]", "IN:PLAY_MUSIC]"]}
{"loss": 0.9744534492492676, "class_log_probabilities": [-0.3330487608909607, -7.451421737670898, -7.665994167327881, -7.676798343658447], "predictions": [63, 151, 398, 399, 152, 68, 4], "target_tokens": ["[IN:PLAY_MUSIC", "[SL:MUSIC_GENRE", "@ptr3", "@ptr4", "SL:MUSIC_GENRE]", "IN:PLAY_MUSIC]"], "predicted_tokens": ["[IN:PLAY_MUSIC", "[SL:MUSIC_GENRE", "@ptr3", "@ptr4", "SL:MUSIC_GENRE]", "IN:PLAY_MUSIC]"]}
{"loss": 2.743419885635376, "class_log_probabilities": [-0.7388008236885071, -5.717797756195068, -6.354116916656494, -6.571541786193848], "predictions": [63, 64, 397, 398, 65, 206, 400, 207, 103, 402, 104, 68, 4], "target_tokens": ["[IN:PLAY_MUSIC", "[SL:MUSIC_GENRE", "@ptr5", "SL:MUSIC_GENRE]", "[SL:MUSIC_TYPE", "@ptr2", "@ptr3", "SL:MUSIC_TYPE]", "[SL:MUSIC_PROVIDER_NAME", "@ptr7", "SL:MUSIC_PROVIDER_NAME]", "IN:PLAY_MUSIC]"], "predicted_tokens": ["[IN:PLAY_MUSIC", "[SL:MUSIC_TYPE", "@ptr2", "@ptr3", "SL:MUSIC_TYPE]", "[SL:MUSIC_ALBUM_TITLE", "@ptr5", "SL:MUSIC_ALBUM_TITLE]", "[SL:MUSIC_PROVIDER_NAME", "@ptr7", "SL:MUSIC_PROVIDER_NAME]", "IN:PLAY_MUSIC]"]}
{"loss": 2.486616373062134, "class_log_probabilities": [-0.4843243360519409, -7.062739849090576, -8.002785682678223, -8.080865859985352], "predictions": [63, 64, 399, 65, 66, 401, 402, 67, 68, 4], "target_tokens": ["[IN:PLAY_MUSIC", "[SL:MUSIC_ARTIST_NAME", "@ptr6", "@ptr7", "SL:MUSIC_ARTIST_NAME]", "[SL:MUSIC_TYPE", "@ptr4", "SL:MUSIC_TYPE]", "IN:PLAY_MUSIC]"], "predicted_tokens": ["[IN:PLAY_MUSIC", "[SL:MUSIC_TYPE", "@ptr4", "SL:MUSIC_TYPE]", "[SL:MUSIC_ARTIST_NAME", "@ptr6", "@ptr7", "SL:MUSIC_ARTIST_NAME]", "IN:PLAY_MUSIC]"]}
{"loss": 0.9770606756210327, "class_log_probabilities": [-0.44537219405174255, -7.885906219482422, -8.03457260131836, -8.102807998657227], "predictions": [63, 64, 396, 65, 66, 398, 399, 67, 68, 4, 4], "target_tokens": ["[IN:PLAY_MUSIC", "[SL:MUSIC_TYPE", "@ptr1", "SL:MUSIC_TYPE]", "[SL:MUSIC_ARTIST_NAME", "@ptr3", "@ptr4", "SL:MUSIC_ARTIST_NAME]", "IN:PLAY_MUSIC]"], "predicted_tokens": ["[IN:PLAY_MUSIC", "[SL:MUSIC_TYPE", "@ptr1", "SL:MUSIC_TYPE]", "[SL:MUSIC_ARTIST_NAME", "@ptr3", "@ptr4", "SL:MUSIC_ARTIST_NAME]", "IN:PLAY_MUSIC]"]}
{"loss": 0.9923993945121765, "class_log_probabilities": [-0.24785158038139343, -7.8026123046875, -8.147627830505371, -8.168500900268555], "predictions": [287, 64, 399, 65, 288, 4], "target_tokens": ["[IN:REPLAY_MUSIC", "[SL:MUSIC_TYPE", "@ptr4", "SL:MUSIC_TYPE]", "IN:REPLAY_MUSIC]"], "predicted_tokens": ["[IN:REPLAY_MUSIC", "[SL:MUSIC_TYPE", "@ptr4", "SL:MUSIC_TYPE]", "IN:REPLAY_MUSIC]"]}
{"loss": 1.9066243171691895, "class_log_probabilities": [-0.5538880228996277, -5.372116565704346, -5.439574241638184, -5.836198329925537], "predictions": [63, 64, 402, 65, 151, 404, 152, 68, 4], "target_tokens": ["[IN:PLAY_MUSIC", "[SL:MUSIC_GENRE", "@ptr9", "SL:MUSIC_GENRE]", "[SL:MUSIC_TYPE", "@ptr7", "SL:MUSIC_TYPE]", "IN:PLAY_MUSIC]"], "predicted_tokens": ["[IN:PLAY_MUSIC", "[SL:MUSIC_TYPE", "@ptr7", "SL:MUSIC_TYPE]", "[SL:MUSIC_GENRE", "@ptr9", "SL:MUSIC_GENRE]", "IN:PLAY_MUSIC]"]}
{"loss": 0.9957478642463684, "class_log_probabilities": [-0.39740878343582153, -6.787876129150391, -7.519782066345215, -7.628097057342529], "predictions": [169, 64, 399, 65, 66, 401, 402, 67, 170, 4, 4], "target_tokens": ["[IN:REMOVE_FROM_PLAYLIST_MUSIC", "[SL:MUSIC_TYPE", "@ptr4", "SL:MUSIC_TYPE]", "[SL:MUSIC_ARTIST_NAME", "@ptr6", "@ptr7", "SL:MUSIC_ARTIST_NAME]", "IN:REMOVE_FROM_PLAYLIST_MUSIC]"], "predicted_tokens": ["[IN:REMOVE_FROM_PLAYLIST_MUSIC", "[SL:MUSIC_TYPE", "@ptr4", "SL:MUSIC_TYPE]", "[SL:MUSIC_ARTIST_NAME", "@ptr6", "@ptr7", "SL:MUSIC_ARTIST_NAME]", "IN:REMOVE_FROM_PLAYLIST_MUSIC]"]}
{"loss": 1.4148831367492676, "class_log_probabilities": [-1.9266754388809204, -3.390491247177124, -4.627542018890381, -4.684093952178955], "predictions": [241, 64, 398, 65, 206, 399, 207, 242, 4], "target_tokens": ["[IN:SKIP_TRACK_MUSIC", "[SL:MUSIC_TYPE", "@ptr3", "SL:MUSIC_TYPE]", "IN:SKIP_TRACK_MUSIC]"], "predicted_tokens": ["[IN:SKIP_TRACK_MUSIC", "[SL:MUSIC_TYPE", "@ptr3", "SL:MUSIC_TYPE]", "[SL:MUSIC_ALBUM_TITLE", "@ptr4", "SL:MUSIC_ALBUM_TITLE]", "IN:SKIP_TRACK_MUSIC]"]}
{"loss": 1.1309345960617065, "class_log_probabilities": [-1.6414053440093994, -2.5478672981262207, -2.6614573001861572, -5.2165727615356445], "predictions": [297, 64, 399, 65, 298, 4], "target_tokens": ["[IN:STOP_MUSIC", "[SL:MUSIC_TYPE", "@ptr4", "SL:MUSIC_TYPE]", "IN:STOP_MUSIC]"], "predicted_tokens": ["[IN:STOP_MUSIC", "[SL:MUSIC_TYPE", "@ptr4", "SL:MUSIC_TYPE]", "IN:STOP_MUSIC]"]}
{"loss": 0.9713828563690186, "class_log_probabilities": [-0.28499749302864075, -8.424283027648926, -8.426252365112305, -8.486385345458984], "predictions": [63, 64, 397, 65, 68, 4], "target_tokens": ["[IN:PLAY_MUSIC", "[SL:MUSIC_TYPE", "@ptr2", "SL:MUSIC_TYPE]", "IN:PLAY_MUSIC]"], "predicted_tokens": ["[IN:PLAY_MUSIC", "[SL:MUSIC_TYPE", "@ptr2", "SL:MUSIC_TYPE]", "IN:PLAY_MUSIC]"]}
{"loss": 2.065781831741333, "class_log_probabilities": [-0.3119755983352661, -6.825271129608154, -6.867554664611816, -7.548608779907227], "predictions": [63, 64, 397, 65, 68, 4], "target_tokens": ["[IN:START_SHUFFLE_MUSIC", "[SL:MUSIC_TYPE", "@ptr2", "SL:MUSIC_TYPE]", "IN:START_SHUFFLE_MUSIC]"], "predicted_tokens": ["[IN:PLAY_MUSIC", "[SL:MUSIC_TYPE", "@ptr2", "SL:MUSIC_TYPE]", "IN:PLAY_MUSIC]"]}
{"loss": 0.975916862487793, "class_log_probabilities": [-0.3033204972743988, -8.037267684936523, -8.21097183227539, -8.221003532409668], "predictions": [217, 64, 404, 65, 218, 4, 4, 4], "target_tokens": ["[IN:GET_TRACK_INFO_MUSIC", "[SL:MUSIC_TYPE", "@ptr9", "SL:MUSIC_TYPE]", "IN:GET_TRACK_INFO_MUSIC]"], "predicted_tokens": ["[IN:GET_TRACK_INFO_MUSIC", "[SL:MUSIC_TYPE", "@ptr9", "SL:MUSIC_TYPE]", "IN:GET_TRACK_INFO_MUSIC]"]}
{"loss": 1.0272413492202759, "class_log_probabilities": [-1.423300862312317, -2.2482075691223145, -3.238140344619751, -3.7312240600585938], "predictions": [191, 64, 396, 65, 64, 399, 65, 86, 400, 87, 192, 4], "target_tokens": ["[IN:ADD_TO_PLAYLIST_MUSIC", "[SL:MUSIC_TYPE", "@ptr1", "SL:MUSIC_TYPE]", "[SL:MUSIC_TYPE", "@ptr4", "SL:MUSIC_TYPE]", "[SL:MUSIC_PLAYLIST_TITLE", "@ptr5", "SL:MUSIC_PLAYLIST_TITLE]", "IN:ADD_TO_PLAYLIST_MUSIC]"], "predicted_tokens": ["[IN:ADD_TO_PLAYLIST_MUSIC", "[SL:MUSIC_TYPE", "@ptr1", "SL:MUSIC_TYPE]", "[SL:MUSIC_TYPE", "@ptr4", "SL:MUSIC_TYPE]", "[SL:MUSIC_PLAYLIST_TITLE", "@ptr5", "SL:MUSIC_PLAYLIST_TITLE]", "IN:ADD_TO_PLAYLIST_MUSIC]"]}
{"loss": 4.01441764831543, "class_log_probabilities": [-0.3245583176612854, -5.81278133392334, -6.300195693969727, -6.422994136810303], "predictions": [287, 64, 397, 65, 288, 4], "target_tokens": ["[IN:PLAY_MUSIC", "[SL:MUSIC_GENRE", "@ptr2", "SL:MUSIC_GENRE]", "IN:PLAY_MUSIC]"], "predicted_tokens": ["[IN:REPLAY_MUSIC", "[SL:MUSIC_TYPE", "@ptr2", "SL:MUSIC_TYPE]", "IN:REPLAY_MUSIC]"]}
{"loss": 2.639176368713379, "class_log_probabilities": [-0.41560184955596924, -7.926863193511963, -8.082818984985352, -8.26520824432373], "predictions": [63, 64, 400, 65, 66, 402, 67, 68, 4], "target_tokens": ["[IN:PLAY_MUSIC", "[SL:MUSIC_ARTIST_NAME", "@ptr7", "SL:MUSIC_ARTIST_NAME]", "[SL:MUSIC_TYPE", "@ptr5", "SL:MUSIC_TYPE]", "IN:PLAY_MUSIC]"], "predicted_tokens": ["[IN:PLAY_MUSIC", "[SL:MUSIC_TYPE", "@ptr5", "SL:MUSIC_TYPE]", "[SL:MUSIC_ARTIST_NAME", "@ptr7", "SL:MUSIC_ARTIST_NAME]", "IN:PLAY_MUSIC]"]}
{"loss": 0.9724085330963135, "class_log_probabilities": [-0.39411306381225586, -7.003547191619873, -7.496146202087402, -7.711709499359131], "predictions": [63, 151, 397, 398, 399, 152, 68, 4, 4], "target_tokens": ["[IN:PLAY_MUSIC", "[SL:MUSIC_GENRE", "@ptr2", "@ptr3", "@ptr4", "SL:MUSIC_GENRE]", "IN:PLAY_MUSIC]"], "predicted_tokens": ["[IN:PLAY_MUSIC", "[SL:MUSIC_GENRE", "@ptr2", "@ptr3", "@ptr4", "SL:MUSIC_GENRE]", "IN:PLAY_MUSIC]"]}
{"loss": 0.9711653590202332, "class_log_probabilities": [-0.5420273542404175, -5.3568549156188965, -5.449800491333008, -6.091729640960693], "predictions": [63, 64, 397, 65, 101, 402, 102, 68, 4], "target_tokens": ["[IN:PLAY_MUSIC", "[SL:MUSIC_TYPE", "@ptr2", "SL:MUSIC_TYPE]", "[SL:MUSIC_TRACK_TITLE", "@ptr7", "SL:MUSIC_TRACK_TITLE]", "IN:PLAY_MUSIC]"], "predicted_tokens": ["[IN:PLAY_MUSIC", "[SL:MUSIC_TYPE", "@ptr2", "SL:MUSIC_TYPE]", "[SL:MUSIC_TRACK_TITLE", "@ptr7", "SL:MUSIC_TRACK_TITLE]", "IN:PLAY_MUSIC]"]}
{"loss": 0.976799488067627, "class_log_probabilities": [-0.27668213844299316, -8.135091781616211, -8.294952392578125, -8.314962387084961], "predictions": [217, 64, 399, 65, 218, 4], "target_tokens": ["[IN:GET_TRACK_INFO_MUSIC", "[SL:MUSIC_TYPE", "@ptr4", "SL:MUSIC_TYPE]", "IN:GET_TRACK_INFO_MUSIC]"], "predicted_tokens": ["[IN:GET_TRACK_INFO_MUSIC", "[SL:MUSIC_TYPE", "@ptr4", "SL:MUSIC_TYPE]", "IN:GET_TRACK_INFO_MUSIC]"]}
{"loss": 3.135817527770996, "class_log_probabilities": [-2.183852434158325, -2.470661163330078, -6.018667221069336, -6.382744789123535], "predictions": [291, 64, 402, 65, 292, 4, 4, 4, 4, 4, 4], "target_tokens": ["[IN:REWIND_MUSIC", "[SL:ORDINAL", "@ptr2", "SL:ORDINAL]", "[SL:MUSIC_REWIND_TIME", "@ptr3", "@ptr4", "SL:MUSIC_REWIND_TIME]", "[SL:MUSIC_TYPE", "@ptr7", "SL:MUSIC_TYPE]", "IN:REWIND_MUSIC]"], "predicted_tokens": ["[IN:LOOP_MUSIC", "[SL:MUSIC_TYPE", "@ptr7", "SL:MUSIC_TYPE]", "IN:LOOP_MUSIC]"]}
{"loss": 3.4575204849243164, "class_log_probabilities": [-0.5330937504768372, -6.81345796585083, -7.232504844665527, -7.277599334716797], "predictions": [63, 64, 397, 65, 103, 404, 104, 68, 4, 4, 4, 4], "target_tokens": ["[IN:PLAY_MUSIC", "[SL:MUSIC_ARTIST_NAME", "@ptr6", "@ptr7", "SL:MUSIC_ARTIST_NAME]", "[SL:MUSIC_TYPE", "@ptr2", "@ptr3", "@ptr4", "SL:MUSIC_TYPE]", "[SL:MUSIC_PROVIDER_NAME", "@ptr9", "SL:MUSIC_PROVIDER_NAME]", "IN:PLAY_MUSIC]"], "predicted_tokens": ["[IN:PLAY_MUSIC", "[SL:MUSIC_TYPE", "@ptr2", "SL:MUSIC_TYPE]", "[SL:MUSIC_PROVIDER_NAME", "@ptr9", "SL:MUSIC_PROVIDER_NAME]", "IN:PLAY_MUSIC]"]}
{"loss": 3.826335906982422, "class_log_probabilities": [-0.49840840697288513, -6.3067545890808105, -6.571289539337158, -6.745753288269043], "predictions": [241, 64, 398, 65, 151, 399, 152, 242, 4], "target_tokens": ["[IN:PLAY_MUSIC", "[SL:MUSIC_GENRE", "@ptr4", "SL:MUSIC_GENRE]", "[SL:MUSIC_TYPE", "@ptr3", "SL:MUSIC_TYPE]", "IN:PLAY_MUSIC]"], "predicted_tokens": ["[IN:SKIP_TRACK_MUSIC", "[SL:MUSIC_TYPE", "@ptr3", "SL:MUSIC_TYPE]", "[SL:MUSIC_GENRE", "@ptr4", "SL:MUSIC_GENRE]", "IN:SKIP_TRACK_MUSIC]"]}
{"loss": 0.9797073006629944, "class_log_probabilities": [-0.26742714643478394, -8.129414558410645, -8.279170036315918, -8.41896915435791], "predictions": [217, 64, 400, 65, 218, 4], "target_tokens": ["[IN:GET_TRACK_INFO_MUSIC", "[SL:MUSIC_TYPE", "@ptr5", "SL:MUSIC_TYPE]", "IN:GET_TRACK_INFO_MUSIC]"], "predicted_tokens": ["[IN:GET_TRACK_INFO_MUSIC", "[SL:MUSIC_TYPE", "@ptr5", "SL:MUSIC_TYPE]", "IN:GET_TRACK_INFO_MUSIC]"]}
{"loss": 2.6105356216430664, "class_log_probabilities": [-1.477439522743225, -4.268543720245361, -4.634453773498535, -4.991738319396973], "predictions": [287, 206, 397, 398, 207, 288, 4], "target_tokens": ["[IN:REPLAY_MUSIC", "[SL:MUSIC_TYPE", "@ptr2", "SL:MUSIC_TYPE]", "IN:REPLAY_MUSIC]"], "predicted_tokens": ["[IN:REPLAY_MUSIC", "[SL:MUSIC_ALBUM_TITLE", "@ptr2", "@ptr3", "SL:MUSIC_ALBUM_TITLE]", "IN:REPLAY_MUSIC]"]}
{"loss": 3.867131471633911, "class_log_probabilities": [-1.7629058361053467, -2.35623836517334, -2.9509334564208984, -5.083415508270264], "predictions": [229, 20, 401, 21, 230, 4, 4], "target_tokens": ["[IN:REWIND_MUSIC", "[SL:ORDINAL", "@ptr7", "SL:ORDINAL]", "[SL:MUSIC_REWIND_TIME", "@ptr8", "SL:MUSIC_REWIND_TIME]", "IN:REWIND_MUSIC]"], "predicted_tokens": ["[IN:PREVIOUS_TRACK_MUSIC", "[SL:ORDINAL", "@ptr6", "SL:ORDINAL]", "IN:PREVIOUS_TRACK_MUSIC]"]}
{"loss": 2.4755449295043945, "class_log_probabilities": [-0.43333590030670166, -7.742644309997559, -7.84874963760376, -7.9663777351379395], "predictions": [63, 64, 396, 65, 151, 397, 152, 68, 4], "target_tokens": ["[IN:PLAY_MUSIC", "[SL:MUSIC_GENRE", "@ptr2", "SL:MUSIC_GENRE]", "[SL:MUSIC_TYPE", "@ptr1", "SL:MUSIC_TYPE]", "IN:PLAY_MUSIC]"], "predicted_tokens": ["[IN:PLAY_MUSIC", "[SL:MUSIC_TYPE", "@ptr1", "SL:MUSIC_TYPE]", "[SL:MUSIC_GENRE", "@ptr2", "SL:MUSIC_GENRE]", "IN:PLAY_MUSIC]"]}
{"loss": 1.5043784379959106, "class_log_probabilities": [-3.1139042377471924, -3.379136562347412, -4.087445259094238, -4.873800754547119], "predictions": [63, 64, 400, 65, 68, 4], "target_tokens": ["[IN:GET_TRACK_INFO_MUSIC", "[SL:MUSIC_TYPE", "@ptr5", "SL:MUSIC_TYPE]", "IN:GET_TRACK_INFO_MUSIC]"], "predicted_tokens": ["[IN:PLAY_MUSIC", "[SL:MUSIC_TYPE", "@ptr5", "SL:MUSIC_TYPE]", "IN:PLAY_MUSIC]"]}
{"loss": 2.350372076034546, "class_log_probabilities": [-0.2587120532989502, -7.3341898918151855, -7.447356700897217, -7.581395149230957], "predictions": [169, 64, 397, 65, 170, 4, 4], "target_tokens": ["[IN:REMOVE_FROM_PLAYLIST_MUSIC", "[SL:MUSIC_TYPE", "@ptr5", "SL:MUSIC_TYPE]", "IN:REMOVE_FROM_PLAYLIST_MUSIC]"], "predicted_tokens": ["[IN:REMOVE_FROM_PLAYLIST_MUSIC", "[SL:MUSIC_TYPE", "@ptr2", "SL:MUSIC_TYPE]", "IN:REMOVE_FROM_PLAYLIST_MUSIC]"]}
{"loss": 1.7626749277114868, "class_log_probabilities": [-3.3927154541015625, -5.362411022186279, -6.251011848449707, -7.280150890350342], "predictions": [191, 64, 397, 65, 66, 400, 401, 67, 64, 404, 405, 65, 192, 4, 4, 4, 4, 4, 4], "target_tokens": ["[IN:ADD_TO_PLAYLIST_MUSIC", "[SL:MUSIC_TYPE", "@ptr2", "SL:MUSIC_TYPE]", "[SL:MUSIC_TRACK_TITLE", "@ptr3", "SL:MUSIC_TRACK_TITLE]", "[SL:MUSIC_ARTIST_NAME", "@ptr5", "@ptr6", "SL:MUSIC_ARTIST_NAME]", "[SL:MUSIC_TYPE", "@ptr9", "@ptr10", "@ptr11", "SL:MUSIC_TYPE]", "[SL:MUSIC_PLAYLIST_TITLE", "@ptr13", "SL:MUSIC_PLAYLIST_TITLE]", "IN:ADD_TO_PLAYLIST_MUSIC]"], "predicted_tokens": ["[IN:ADD_TO_PLAYLIST_MUSIC", "[SL:MUSIC_TYPE", "@ptr2", "SL:MUSIC_TYPE]", "[SL:MUSIC_ARTIST_NAME", "@ptr5", "@ptr6", "SL:MUSIC_ARTIST_NAME]", "[SL:MUSIC_TYPE", "@ptr9", "@ptr10", "SL:MUSIC_TYPE]", "IN:ADD_TO_PLAYLIST_MUSIC]"]}
{"loss": 1.4858300685882568, "class_log_probabilities": [-0.5486248731613159, -4.482481479644775, -7.294548511505127, -7.364621639251709], "predictions": [63, 151, 395, 396, 397, 152, 68, 4], "target_tokens": ["[IN:PLAY_MUSIC", "[SL:MUSIC_GENRE", "@ptr1", "@ptr2", "SL:MUSIC_GENRE]", "IN:PLAY_MUSIC]"], "predicted_tokens": ["[IN:PLAY_MUSIC", "[SL:MUSIC_GENRE", "@ptr0", "@ptr1", "@ptr2", "SL:MUSIC_GENRE]", "IN:PLAY_MUSIC]"]}
{"loss": 2.4182333946228027, "class_log_probabilities": [-0.7847816348075867, -4.258285045623779, -4.515652179718018, -4.706064701080322], "predictions": [63, 64, 396, 65, 66, 398, 399, 67, 68, 4, 4, 4, 4], "target_tokens": ["[IN:PLAY_MUSIC", "[SL:MUSIC_ARTIST_NAME", "@ptr3", "@ptr4", "SL:MUSIC_ARTIST_NAME]", "[SL:MUSIC_TYPE", "@ptr1", "SL:MUSIC_TYPE]", "IN:PLAY_MUSIC]"], "predicted_tokens": ["[IN:PLAY_MUSIC", "[SL:MUSIC_TYPE", "@ptr1", "SL:MUSIC_TYPE]", "[SL:MUSIC_ARTIST_NAME", "@ptr3", "@ptr4", "SL:MUSIC_ARTIST_NAME]", "IN:PLAY_MUSIC]"]}
{"loss": 1.0397907495498657, "class_log_probabilities": [-2.212448835372925, -3.54484224319458, -3.663438081741333, -5.666315078735352], "predictions": [63, 101, 398, 399, 400, 102, 66, 402, 403, 67, 103, 405, 104, 68, 4, 4], "target_tokens": ["[IN:PLAY_MUSIC", "[SL:MUSIC_TRACK_TITLE", "@ptr3", "@ptr4", "@ptr5", "SL:MUSIC_TRACK_TITLE]", "[SL:MUSIC_ARTIST_NAME", "@ptr7", "@ptr8", "SL:MUSIC_ARTIST_NAME]", "[SL:MUSIC_PROVIDER_NAME", "@ptr10", "SL:MUSIC_PROVIDER_NAME]", "IN:PLAY_MUSIC]"], "predicted_tokens": ["[IN:PLAY_MUSIC", "[SL:MUSIC_TRACK_TITLE", "@ptr3", "@ptr4", "@ptr5", "SL:MUSIC_TRACK_TITLE]", "[SL:MUSIC_ARTIST_NAME", "@ptr7", "@ptr8", "SL:MUSIC_ARTIST_NAME]", "[SL:MUSIC_PROVIDER_NAME", "@ptr10", "SL:MUSIC_PROVIDER_NAME]", "IN:PLAY_MUSIC]"]}
{"loss": 3.2934772968292236, "class_log_probabilities": [-0.8072831630706787, -4.123912334442139, -4.76405143737793, -4.779978275299072], "predictions": [287, 64, 397, 65, 206, 398, 207, 66, 400, 67, 288, 4], "target_tokens": ["[IN:PLAY_MUSIC", "[SL:MUSIC_ARTIST_NAME", "@ptr5", "SL:MUSIC_ARTIST_NAME]", "[SL:MUSIC_ALBUM_TITLE", "@ptr3", "SL:MUSIC_ALBUM_TITLE]", "[SL:MUSIC_TYPE", "@ptr2", "SL:MUSIC_TYPE]", "IN:PLAY_MUSIC]"], "predicted_tokens": ["[IN:REPLAY_MUSIC", "[SL:MUSIC_TYPE", "@ptr2", "SL:MUSIC_TYPE]", "[SL:MUSIC_ALBUM_TITLE", "@ptr3", "SL:MUSIC_ALBUM_TITLE]", "[SL:MUSIC_ARTIST_NAME", "@ptr5", "SL:MUSIC_ARTIST_NAME]", "IN:REPLAY_MUSIC]"]}
{"loss": 4.233832836151123, "class_log_probabilities": [-0.2869187295436859, -8.336756706237793, -8.37525749206543, -8.375977516174316], "predictions": [63, 64, 398, 65, 68, 4], "target_tokens": ["[IN:PLAY_MUSIC", "[SL:MUSIC_ARTIST_NAME", "@ptr5", "@ptr6", "SL:MUSIC_ARTIST_NAME]", "[SL:MUSIC_TYPE", "@ptr3", "SL:MUSIC_TYPE]", "IN:PLAY_MUSIC]"], "predicted_tokens": ["[IN:PLAY_MUSIC", "[SL:MUSIC_TYPE", "@ptr3", "SL:MUSIC_TYPE]", "IN:PLAY_MUSIC]"]}
{"loss": 2.4981210231781006, "class_log_probabilities": [-0.819196879863739, -4.3443169593811035, -4.95039701461792, -5.0586676597595215], "predictions": [287, 66, 397, 67, 288, 4], "target_tokens": ["[IN:PLAY_MUSIC", "[SL:MUSIC_GENRE", "@ptr2", "SL:MUSIC_GENRE]", "IN:PLAY_MUSIC]"], "predicted_tokens": ["[IN:REPLAY_MUSIC", "[SL:MUSIC_ARTIST_NAME", "@ptr2", "SL:MUSIC_ARTIST_NAME]", "IN:REPLAY_MUSIC]"]}
{"loss": 2.4917054176330566, "class_log_probabilities": [-0.48516470193862915, -6.75730037689209, -7.95670747756958, -8.368156433105469], "predictions": [63, 64, 399, 65, 66, 401, 402, 67, 68, 4], "target_tokens": ["[IN:PLAY_MUSIC", "[SL:MUSIC_ARTIST_NAME", "@ptr6", "@ptr7", "SL:MUSIC_ARTIST_NAME]", "[SL:MUSIC_TYPE", "@ptr4", "SL:MUSIC_TYPE]", "IN:PLAY_MUSIC]"], "predicted_tokens": ["[IN:PLAY_MUSIC", "[SL:MUSIC_TYPE", "@ptr4", "SL:MUSIC_TYPE]", "[SL:MUSIC_ARTIST_NAME", "@ptr6", "@ptr7", "SL:MUSIC_ARTIST_NAME]", "IN:PLAY_MUSIC]"]}
{"loss": 2.830339193344116, "class_log_probabilities": [-0.26341450214385986, -7.387452602386475, -7.4555559158325195, -7.9068145751953125], "predictions": [287, 64, 397, 65, 288, 4], "target_tokens": ["[IN:RESUME_MUSIC", "[SL:MUSIC_TYPE", "@ptr2", "SL:MUSIC_TYPE]", "IN:RESUME_MUSIC]"], "predicted_tokens": ["[IN:REPLAY_MUSIC", "[SL:MUSIC_TYPE", "@ptr2", "SL:MUSIC_TYPE]", "IN:REPLAY_MUSIC]"]}
{"loss": 1.0710290670394897, "class_log_probabilities": [-0.756555438041687, -4.232027530670166, -4.290771484375, -4.370274543762207], "predictions": [267, 268, 4], "target_tokens": ["[IN:LIKE_MUSIC", "IN:LIKE_MUSIC]"], "predicted_tokens": ["[IN:LIKE_MUSIC", "IN:LIKE_MUSIC]"]}
{"loss": 2.4875125885009766, "class_log_probabilities": [-0.46408185362815857, -8.151267051696777, -8.167547225952148, -8.200529098510742], "predictions": [63, 64, 400, 65, 66, 402, 403, 67, 68, 4, 4], "target_tokens": ["[IN:PLAY_MUSIC", "[SL:MUSIC_ARTIST_NAME", "@ptr7", "@ptr8", "SL:MUSIC_ARTIST_NAME]", "[SL:MUSIC_TYPE", "@ptr5", "SL:MUSIC_TYPE]", "IN:PLAY_MUSIC]"], "predicted_tokens": ["[IN:PLAY_MUSIC", "[SL:MUSIC_TYPE", "@ptr5", "SL:MUSIC_TYPE]", "[SL:MUSIC_ARTIST_NAME", "@ptr7", "@ptr8", "SL:MUSIC_ARTIST_NAME]", "IN:PLAY_MUSIC]"]}
{"loss": 2.830968141555786, "class_log_probabilities": [-0.48344388604164124, -7.825570583343506, -7.898683071136475, -8.21566104888916], "predictions": [63, 64, 398, 65, 66, 400, 401, 67, 68, 4], "target_tokens": ["[IN:PLAY_MUSIC", "[SL:MUSIC_ARTIST_NAME", "@ptr5", "@ptr6", "SL:MUSIC_ARTIST_NAME]", "[SL:MUSIC_TYPE", "@ptr3", "SL:MUSIC_TYPE]", "IN:PLAY_MUSIC]"], "predicted_tokens": ["[IN:PLAY_MUSIC", "[SL:MUSIC_TYPE", "@ptr3", "SL:MUSIC_TYPE]", "[SL:MUSIC_ARTIST_NAME", "@ptr5", "@ptr6", "SL:MUSIC_ARTIST_NAME]", "IN:PLAY_MUSIC]"]}
{"loss": 2.4307661056518555, "class_log_probabilities": [-0.6117987036705017, -4.397039890289307, -5.748689651489258, -6.0925612449646], "predictions": [63, 64, 400, 65, 66, 402, 403, 67, 68, 4, 4], "target_tokens": ["[IN:PLAY_MUSIC", "[SL:MUSIC_ARTIST_NAME", "@ptr7", "@ptr8", "SL:MUSIC_ARTIST_NAME]", "[SL:MUSIC_TYPE", "@ptr5", "SL:MUSIC_TYPE]", "IN:PLAY_MUSIC]"], "predicted_tokens": ["[IN:PLAY_MUSIC", "[SL:MUSIC_TYPE", "@ptr5", "SL:MUSIC_TYPE]", "[SL:MUSIC_ARTIST_NAME", "@ptr7", "@ptr8", "SL:MUSIC_ARTIST_NAME]", "IN:PLAY_MUSIC]"]}
{"loss": 2.431467294692993, "class_log_probabilities": [-0.5529400110244751, -7.646449565887451, -7.801582336425781, -8.064620018005371], "predictions": [63, 64, 400, 65, 66, 402, 403, 67, 103, 405, 104, 68, 4, 4, 4, 4], "target_tokens": ["[IN:PLAY_MUSIC", "[SL:MUSIC_ARTIST_NAME", "@ptr7", "@ptr8", "SL:MUSIC_ARTIST_NAME]", "[SL:MUSIC_TYPE", "@ptr5", "SL:MUSIC_TYPE]", "[SL:MUSIC_PROVIDER_NAME", "@ptr10", "SL:MUSIC_PROVIDER_NAME]", "IN:PLAY_MUSIC]"], "predicted_tokens": ["[IN:PLAY_MUSIC", "[SL:MUSIC_TYPE", "@ptr5", "SL:MUSIC_TYPE]", "[SL:MUSIC_ARTIST_NAME", "@ptr7", "@ptr8", "SL:MUSIC_ARTIST_NAME]", "[SL:MUSIC_PROVIDER_NAME", "@ptr10", "SL:MUSIC_PROVIDER_NAME]", "IN:PLAY_MUSIC]"]}
{"loss": 4.01835823059082, "class_log_probabilities": [-0.8655628561973572, -4.896951198577881, -5.305692195892334, -5.559166431427002], "predictions": [63, 151, 397, 398, 399, 152, 68, 4, 4, 4], "target_tokens": ["[IN:PLAY_MUSIC", "[SL:MUSIC_GENRE", "@ptr3", "SL:MUSIC_GENRE]", "[SL:MUSIC_TYPE", "@ptr1", "SL:MUSIC_TYPE]", "IN:PLAY_MUSIC]"], "predicted_tokens": ["[IN:PLAY_MUSIC", "[SL:MUSIC_GENRE", "@ptr2", "@ptr3", "@ptr4", "SL:MUSIC_GENRE]", "IN:PLAY_MUSIC]"]}
{"loss": 1.0802775621414185, "class_log_probabilities": [-1.1305476427078247, -1.1821370124816895, -3.954862594604492, -4.300374507904053], "predictions": [287, 64, 397, 65, 288, 4], "target_tokens": ["[IN:REPLAY_MUSIC", "[SL:MUSIC_TYPE", "@ptr2", "SL:MUSIC_TYPE]", "IN:REPLAY_MUSIC]"], "predicted_tokens": ["[IN:REPLAY_MUSIC", "[SL:MUSIC_TYPE", "@ptr2", "SL:MUSIC_TYPE]", "IN:REPLAY_MUSIC]"]}
{"loss": 2.353226661682129, "class_log_probabilities": [-3.015583038330078, -3.090017318725586, -3.5710651874542236, -4.014339923858643], "predictions": [49, 36, 400, 401, 402, 37, 50, 4], "target_tokens": ["[IN:CREATE_PLAYLIST_MUSIC", "[SL:MUSIC_TYPE", "@ptr5", "@ptr6", "@ptr7", "SL:MUSIC_TYPE]", "IN:CREATE_PLAYLIST_MUSIC]"], "predicted_tokens": ["[IN:CREATE_REMINDER", "[SL:TODO", "@ptr5", "@ptr6", "@ptr7", "SL:TODO]", "IN:CREATE_REMINDER]"]}
{"loss": 2.2667922973632812, "class_log_probabilities": [-0.439674437046051, -7.186060428619385, -7.568181991577148, -7.597994327545166], "predictions": [217, 64, 399, 65, 151, 400, 152, 218, 4], "target_tokens": ["[IN:GET_TRACK_INFO_MUSIC", "[SL:MUSIC_GENRE", "@ptr5", "SL:MUSIC_GENRE]", "[SL:MUSIC_TYPE", "@ptr4", "SL:MUSIC_TYPE]", "IN:GET_TRACK_INFO_MUSIC]"], "predicted_tokens": ["[IN:GET_TRACK_INFO_MUSIC", "[SL:MUSIC_TYPE", "@ptr4", "SL:MUSIC_TYPE]", "[SL:MUSIC_GENRE", "@ptr5", "SL:MUSIC_GENRE]", "IN:GET_TRACK_INFO_MUSIC]"]}
{"loss": 0.9912248253822327, "class_log_probabilities": [-0.3755136728286743, -7.965200424194336, -7.989341735839844, -8.100611686706543], "predictions": [229, 20, 397, 21, 64, 398, 65, 230, 4, 4], "target_tokens": ["[IN:PREVIOUS_TRACK_MUSIC", "[SL:ORDINAL", "@ptr2", "SL:ORDINAL]", "[SL:MUSIC_TYPE", "@ptr3", "SL:MUSIC_TYPE]", "IN:PREVIOUS_TRACK_MUSIC]"], "predicted_tokens": ["[IN:PREVIOUS_TRACK_MUSIC", "[SL:ORDINAL", "@ptr2", "SL:ORDINAL]", "[SL:MUSIC_TYPE", "@ptr3", "SL:MUSIC_TYPE]", "IN:PREVIOUS_TRACK_MUSIC]"]}
{"loss": 0.9773786664009094, "class_log_probabilities": [-0.4478362202644348, -7.485790252685547, -7.980766773223877, -7.99846076965332], "predictions": [63, 66, 398, 399, 67, 103, 401, 104, 68, 4], "target_tokens": ["[IN:PLAY_MUSIC", "[SL:MUSIC_ARTIST_NAME", "@ptr3", "@ptr4", "SL:MUSIC_ARTIST_NAME]", "[SL:MUSIC_PROVIDER_NAME", "@ptr6", "SL:MUSIC_PROVIDER_NAME]", "IN:PLAY_MUSIC]"], "predicted_tokens": ["[IN:PLAY_MUSIC", "[SL:MUSIC_ARTIST_NAME", "@ptr3", "@ptr4", "SL:MUSIC_ARTIST_NAME]", "[SL:MUSIC_PROVIDER_NAME", "@ptr6", "SL:MUSIC_PROVIDER_NAME]", "IN:PLAY_MUSIC]"]}
{"loss": 1.0891185998916626, "class_log_probabilities": [-1.1768134832382202, -2.002277374267578, -2.880157947540283, -2.949416160583496], "predictions": [335, 337, 397, 398, 338, 336, 4], "target_tokens": ["[IN:REWIND_MUSIC", "[SL:MUSIC_REWIND_TIME", "@ptr2", "@ptr3", "SL:MUSIC_REWIND_TIME]", "IN:REWIND_MUSIC]"], "predicted_tokens": ["[IN:REWIND_MUSIC", "[SL:MUSIC_REWIND_TIME", "@ptr2", "@ptr3", "SL:MUSIC_REWIND_TIME]", "IN:REWIND_MUSIC]"]}
{"loss": 2.1351470947265625, "class_log_probabilities": [-0.7317380309104919, -3.1538424491882324, -4.672628402709961, -5.504787921905518], "predictions": [217, 101, 396, 102, 64, 402, 65, 218, 4], "target_tokens": ["[IN:GET_TRACK_INFO_MUSIC", "[SL:MUSIC_TYPE", "@ptr7", "SL:MUSIC_TYPE]", "IN:GET_TRACK_INFO_MUSIC]"], "predicted_tokens": ["[IN:GET_TRACK_INFO_MUSIC", "[SL:MUSIC_TRACK_TITLE", "@ptr1", "SL:MUSIC_TRACK_TITLE]", "[SL:MUSIC_TYPE", "@ptr7", "SL:MUSIC_TYPE]", "IN:GET_TRACK_INFO_MUSIC]"]}
{"loss": 0.9856861233711243, "class_log_probabilities": [-0.2579183280467987, -8.25771713256836, -8.327824592590332, -8.38454532623291], "predictions": [287, 64, 398, 65, 288, 4], "target_tokens": ["[IN:REPLAY_MUSIC", "[SL:MUSIC_TYPE", "@ptr3", "SL:MUSIC_TYPE]", "IN:REPLAY_MUSIC]"], "predicted_tokens": ["[IN:REPLAY_MUSIC", "[SL:MUSIC_TYPE", "@ptr3", "SL:MUSIC_TYPE]", "IN:REPLAY_MUSIC]"]}
{"loss": 2.9016523361206055, "class_log_probabilities": [-0.4923889636993408, -7.945929050445557, -8.069215774536133, -8.36277961730957], "predictions": [63, 64, 398, 65, 66, 400, 401, 67, 68, 4], "target_tokens": ["[IN:PLAY_MUSIC", "[SL:MUSIC_ARTIST_NAME", "@ptr5", "@ptr6", "SL:MUSIC_ARTIST_NAME]", "[SL:MUSIC_TYPE", "@ptr3", "SL:MUSIC_TYPE]", "IN:PLAY_MUSIC]"], "predicted_tokens": ["[IN:PLAY_MUSIC", "[SL:MUSIC_TYPE", "@ptr3", "SL:MUSIC_TYPE]", "[SL:MUSIC_ARTIST_NAME", "@ptr5", "@ptr6", "SL:MUSIC_ARTIST_NAME]", "IN:PLAY_MUSIC]"]}
{"loss": 0.9796897172927856, "class_log_probabilities": [-0.4130677282810211, -7.832209587097168, -8.051264762878418, -8.131744384765625], "predictions": [241, 20, 398, 21, 64, 399, 65, 242, 4, 4, 4], "target_tokens": ["[IN:SKIP_TRACK_MUSIC", "[SL:ORDINAL", "@ptr3", "SL:ORDINAL]", "[SL:MUSIC_TYPE", "@ptr4", "SL:MUSIC_TYPE]", "IN:SKIP_TRACK_MUSIC]"], "predicted_tokens": ["[IN:SKIP_TRACK_MUSIC", "[SL:ORDINAL", "@ptr3", "SL:ORDINAL]", "[SL:MUSIC_TYPE", "@ptr4", "SL:MUSIC_TYPE]", "IN:SKIP_TRACK_MUSIC]"]}
{"loss": 4.042776107788086, "class_log_probabilities": [-0.45421016216278076, -6.068393230438232, -6.4254560470581055, -6.55236291885376], "predictions": [287, 64, 397, 65, 103, 399, 104, 288, 4], "target_tokens": ["[IN:PLAY_MUSIC", "[SL:MUSIC_PROVIDER_NAME", "@ptr4", "SL:MUSIC_PROVIDER_NAME]", "[SL:MUSIC_TYPE", "@ptr2", "SL:MUSIC_TYPE]", "IN:PLAY_MUSIC]"], "predicted_tokens": ["[IN:REPLAY_MUSIC", "[SL:MUSIC_TYPE", "@ptr2", "SL:MUSIC_TYPE]", "[SL:MUSIC_PROVIDER_NAME", "@ptr4", "SL:MUSIC_PROVIDER_NAME]", "IN:REPLAY_MUSIC]"]}
{"loss": 2.4330084323883057, "class_log_probabilities": [-0.45053207874298096, -6.651028633117676, -7.151357650756836, -7.700736999511719], "predictions": [63, 64, 396, 65, 151, 397, 152, 68, 4], "target_tokens": ["[IN:PLAY_MUSIC", "[SL:MUSIC_GENRE", "@ptr2", "SL:MUSIC_GENRE]", "[SL:MUSIC_TYPE", "@ptr1", "SL:MUSIC_TYPE]", "IN:PLAY_MUSIC]"], "predicted_tokens": ["[IN:PLAY_MUSIC", "[SL:MUSIC_TYPE", "@ptr1", "SL:MUSIC_TYPE]", "[SL:MUSIC_GENRE", "@ptr2", "SL:MUSIC_GENRE]", "IN:PLAY_MUSIC]"]}
{"loss": 1.0663371086120605, "class_log_probabilities": [-1.0847721099853516, -1.2542831897735596, -6.268909454345703, -6.473840236663818], "predictions": [217, 64, 402, 65, 218, 4], "target_tokens": ["[IN:GET_TRACK_INFO_MUSIC", "[SL:MUSIC_TYPE", "@ptr7", "SL:MUSIC_TYPE]", "IN:GET_TRACK_INFO_MUSIC]"], "predicted_tokens": ["[IN:GET_TRACK_INFO_MUSIC", "[SL:MUSIC_TYPE", "@ptr7", "SL:MUSIC_TYPE]", "IN:GET_TRACK_INFO_MUSIC]"]}
{"loss": 0.9842886924743652, "class_log_probabilities": [-0.43907856941223145, -4.128354549407959, -5.985574245452881, -6.081971645355225], "predictions": [347, 64, 401, 65, 348, 4], "target_tokens": ["[IN:DISLIKE_MUSIC", "[SL:MUSIC_TYPE", "@ptr6", "SL:MUSIC_TYPE]", "IN:DISLIKE_MUSIC]"], "predicted_tokens": ["[IN:DISLIKE_MUSIC", "[SL:MUSIC_TYPE", "@ptr6", "SL:MUSIC_TYPE]", "IN:DISLIKE_MUSIC]"]}
{"loss": 2.217222213745117, "class_log_probabilities": [-0.27525845170021057, -7.130454063415527, -7.239821910858154, -7.927260875701904], "predictions": [287, 64, 398, 65, 288, 4, 4], "target_tokens": ["[IN:PLAY_MUSIC", "[SL:MUSIC_TYPE", "@ptr3", "SL:MUSIC_TYPE]", "IN:PLAY_MUSIC]"], "predicted_tokens": ["[IN:REPLAY_MUSIC", "[SL:MUSIC_TYPE", "@ptr3", "SL:MUSIC_TYPE]", "IN:REPLAY_MUSIC]"]}
{"loss": 4.06675386428833, "class_log_probabilities": [-0.9808727502822876, -1.5965229272842407, -5.9998698234558105, -6.011534690856934], "predictions": [85, 64, 403, 65, 66, 405, 67, 88, 4], "target_tokens": ["[IN:CREATE_PLAYLIST_MUSIC", "[SL:MUSIC_PLAYLIST_TITLE", "@ptr8", "@ptr9", "@ptr10", "SL:MUSIC_PLAYLIST_TITLE]", "[SL:MUSIC_TYPE", "@ptr3", "@ptr4", "@ptr5", "SL:MUSIC_TYPE]", "IN:CREATE_PLAYLIST_MUSIC]"], "predicted_tokens": ["[IN:CREATE_PLAYLIST_MUSIC", "[SL:MUSIC_TYPE", "@ptr8", "SL:MUSIC_TYPE]", "[SL:MUSIC_ARTIST_NAME", "@ptr10", "SL:MUSIC_ARTIST_NAME]", "IN:CREATE_PLAYLIST_MUSIC]"]}
{"loss": 0.9909781813621521, "class_log_probabilities": [-0.5505051016807556, -2.9031147956848145, -4.633117198944092, -5.676444053649902], "predictions": [287, 64, 396, 65, 288, 4], "target_tokens": ["[IN:REPLAY_MUSIC", "[SL:MUSIC_TYPE", "@ptr1", "SL:MUSIC_TYPE]", "IN:REPLAY_MUSIC]"], "predicted_tokens": ["[IN:REPLAY_MUSIC", "[SL:MUSIC_TYPE", "@ptr1", "SL:MUSIC_TYPE]", "IN:REPLAY_MUSIC]"]}
{"loss": 4.134444713592529, "class_log_probabilities": [-0.6963938474655151, -2.906100273132324, -3.95763897895813, -4.677660942077637], "predictions": [63, 64, 395, 65, 151, 396, 152, 68, 4, 4, 4, 4], "target_tokens": ["[IN:START_SHUFFLE_MUSIC", "[SL:MUSIC_GENRE", "@ptr1", "SL:MUSIC_GENRE]", "[SL:MUSIC_TYPE", "@ptr0", "SL:MUSIC_TYPE]", "IN:START_SHUFFLE_MUSIC]"], "predicted_tokens": ["[IN:PLAY_MUSIC", "[SL:MUSIC_TYPE", "@ptr0", "SL:MUSIC_TYPE]", "[SL:MUSIC_GENRE", "@ptr1", "SL:MUSIC_GENRE]", "IN:PLAY_MUSIC]"]}
{"loss": 0.9780640602111816, "class_log_probabilities": [-0.40515419840812683, -5.218925476074219, -7.1736626625061035, -7.314279079437256], "predictions": [251, 66, 400, 401, 67, 252, 4, 4], "target_tokens": ["[IN:QUESTION_MUSIC", "[SL:MUSIC_ARTIST_NAME", "@ptr5", "@ptr6", "SL:MUSIC_ARTIST_NAME]", "IN:QUESTION_MUSIC]"], "predicted_tokens": ["[IN:QUESTION_MUSIC", "[SL:MUSIC_ARTIST_NAME", "@ptr5", "@ptr6", "SL:MUSIC_ARTIST_NAME]", "IN:QUESTION_MUSIC]"]}
{"loss": 2.3172998428344727, "class_log_probabilities": [-0.42005395889282227, -8.023472785949707, -8.073965072631836, -8.187039375305176], "predictions": [63, 64, 396, 65, 151, 397, 152, 68, 4], "target_tokens": ["[IN:PLAY_MUSIC", "[SL:MUSIC_GENRE", "@ptr2", "SL:MUSIC_GENRE]", "[SL:MUSIC_TYPE", "@ptr1", "SL:MUSIC_TYPE]", "IN:PLAY_MUSIC]"], "predicted_tokens": ["[IN:PLAY_MUSIC", "[SL:MUSIC_TYPE", "@ptr1", "SL:MUSIC_TYPE]", "[SL:MUSIC_GENRE", "@ptr2", "SL:MUSIC_GENRE]", "IN:PLAY_MUSIC]"]}
{"loss": 0.9797714948654175, "class_log_probabilities": [-0.7610286474227905, -6.697559833526611, -6.8549113273620605, -7.003551483154297], "predictions": [63, 101, 397, 398, 399, 102, 66, 401, 402, 67, 103, 404, 104, 68, 4, 4, 4, 4, 4], "target_tokens": ["[IN:PLAY_MUSIC", "[SL:MUSIC_TRACK_TITLE", "@ptr2", "@ptr3", "@ptr4", "SL:MUSIC_TRACK_TITLE]", "[SL:MUSIC_ARTIST_NAME", "@ptr6", "@ptr7", "SL:MUSIC_ARTIST_NAME]", "[SL:MUSIC_PROVIDER_NAME", "@ptr9", "SL:MUSIC_PROVIDER_NAME]", "IN:PLAY_MUSIC]"], "predicted_tokens": ["[IN:PLAY_MUSIC", "[SL:MUSIC_TRACK_TITLE", "@ptr2", "@ptr3", "@ptr4", "SL:MUSIC_TRACK_TITLE]", "[SL:MUSIC_ARTIST_NAME", "@ptr6", "@ptr7", "SL:MUSIC_ARTIST_NAME]", "[SL:MUSIC_PROVIDER_NAME", "@ptr9", "SL:MUSIC_PROVIDER_NAME]", "IN:PLAY_MUSIC]"]}
{"loss": 2.158714532852173, "class_log_probabilities": [-0.8113543391227722, -5.476415157318115, -5.6836676597595215, -7.018101215362549], "predictions": [63, 64, 396, 65, 151, 397, 152, 103, 399, 104, 68, 4], "target_tokens": ["[IN:PLAY_MUSIC", "[SL:MUSIC_GENRE", "@ptr2", "SL:MUSIC_GENRE]", "[SL:MUSIC_TYPE", "@ptr1", "SL:MUSIC_TYPE]", "[SL:MUSIC_PROVIDER_NAME", "@ptr4", "SL:MUSIC_PROVIDER_NAME]", "IN:PLAY_MUSIC]"], "predicted_tokens": ["[IN:PLAY_MUSIC", "[SL:MUSIC_TYPE", "@ptr1", "SL:MUSIC_TYPE]", "[SL:MUSIC_GENRE", "@ptr2", "SL:MUSIC_GENRE]", "[SL:MUSIC_PROVIDER_NAME", "@ptr4", "SL:MUSIC_PROVIDER_NAME]", "IN:PLAY_MUSIC]"]}
{"loss": 0.9815922379493713, "class_log_probabilities": [-0.28650662302970886, -6.22280216217041, -7.107115268707275, -7.300708293914795], "predictions": [123, 64, 397, 65, 124, 4], "target_tokens": ["[IN:PAUSE_MUSIC", "[SL:MUSIC_TYPE", "@ptr2", "SL:MUSIC_TYPE]", "IN:PAUSE_MUSIC]"], "predicted_tokens": ["[IN:PAUSE_MUSIC", "[SL:MUSIC_TYPE", "@ptr2", "SL:MUSIC_TYPE]", "IN:PAUSE_MUSIC]"]}
{"loss": 1.8912080526351929, "class_log_probabilities": [-0.7014536261558533, -4.39022970199585, -6.14596700668335, -6.259557247161865], "predictions": [63, 101, 397, 102, 66, 399, 400, 401, 67, 68, 4], "target_tokens": ["[IN:PLAY_MUSIC", "[SL:MUSIC_TRACK_TITLE", "@ptr2", "SL:MUSIC_TRACK_TITLE]", "[SL:MUSIC_ARTIST_NAME", "@ptr3", "@ptr4", "@ptr5", "@ptr6", "SL:MUSIC_ARTIST_NAME]", "IN:PLAY_MUSIC]"], "predicted_tokens": ["[IN:PLAY_MUSIC", "[SL:MUSIC_TRACK_TITLE", "@ptr2", "SL:MUSIC_TRACK_TITLE]", "[SL:MUSIC_ARTIST_NAME", "@ptr4", "@ptr5", "@ptr6", "SL:MUSIC_ARTIST_NAME]", "IN:PLAY_MUSIC]"]}
{"loss": 2.728571891784668, "class_log_probabilities": [-0.990747332572937, -3.4852309226989746, -4.169642925262451, -4.2133870124816895], "predictions": [63, 64, 397, 65, 151, 398, 152, 68, 4], "target_tokens": ["[IN:PLAY_MUSIC", "[SL:MUSIC_GENRE", "@ptr3", "SL:MUSIC_GENRE]", "[SL:MUSIC_TYPE", "@ptr2", "SL:MUSIC_TYPE]", "IN:PLAY_MUSIC]"], "predicted_tokens": ["[IN:PLAY_MUSIC", "[SL:MUSIC_TYPE", "@ptr2", "SL:MUSIC_TYPE]", "[SL:MUSIC_GENRE", "@ptr3", "SL:MUSIC_GENRE]", "IN:PLAY_MUSIC]"]}
{"loss": 3.681401491165161, "class_log_probabilities": [-0.48794886469841003, -6.306750774383545, -6.365184783935547, -7.038393020629883], "predictions": [63, 64, 399, 65, 66, 401, 67, 68, 4], "target_tokens": ["[IN:CREATE_PLAYLIST_MUSIC", "[SL:MUSIC_PLAYLIST_TITLE", "@ptr6", "SL:MUSIC_PLAYLIST_TITLE]", "[SL:MUSIC_TYPE", "@ptr4", "SL:MUSIC_TYPE]", "IN:CREATE_PLAYLIST_MUSIC]"], "predicted_tokens": ["[IN:PLAY_MUSIC", "[SL:MUSIC_TYPE", "@ptr4", "SL:MUSIC_TYPE]", "[SL:MUSIC_ARTIST_NAME", "@ptr6", "SL:MUSIC_ARTIST_NAME]", "IN:PLAY_MUSIC]"]}
{"loss": 1.9982119798660278, "class_log_probabilities": [-0.4972223937511444, -7.443234920501709, -7.83059549331665, -7.9058732986450195], "predictions": [39, 40, 397, 41, 133, 399, 400, 401, 134, 42, 4, 4], "target_tokens": ["[IN:GET_STORIES_NEWS", "[SL:NEWS_SOURCE", "@ptr4", "@ptr5", "@ptr6", "SL:NEWS_SOURCE]", "IN:GET_STORIES_NEWS]"], "predicted_tokens": ["[IN:GET_STORIES_NEWS", "[SL:NEWS_TYPE", "@ptr2", "SL:NEWS_TYPE]", "[SL:NEWS_SOURCE", "@ptr4", "@ptr5", "@ptr6", "SL:NEWS_SOURCE]", "IN:GET_STORIES_NEWS]"]}
{"loss": 3.080418109893799, "class_log_probabilities": [-0.46857160329818726, -5.592714786529541, -6.09567928314209, -7.159411430358887], "predictions": [39, 40, 396, 41, 131, 400, 401, 132, 42, 4], "target_tokens": ["[IN:GET_STORIES_NEWS", "[SL:NEWS_TYPE", "@ptr1", "SL:NEWS_TYPE]", "[SL:NEWS_CATEGORY", "@ptr5", "@ptr6", "SL:NEWS_CATEGORY]", "[SL:NEWS_TOPIC", "@ptr4", "SL:NEWS_TOPIC]", "IN:GET_STORIES_NEWS]"], "predicted_tokens": ["[IN:GET_STORIES_NEWS", "[SL:NEWS_TYPE", "@ptr1", "SL:NEWS_TYPE]", "[SL:NEWS_REFERENCE", "@ptr5", "@ptr6", "SL:NEWS_REFERENCE]", "IN:GET_STORIES_NEWS]"]}
{"loss": 1.7509403228759766, "class_log_probabilities": [-2.081439733505249, -3.561873435974121, -3.8917806148529053, -5.920881748199463], "predictions": [55, 56, 404, 405, 406, 15, 58, 4, 4, 4, 4, 4, 4], "target_tokens": ["[IN:QUESTION_NEWS", "[SL:NEWS_TOPIC", "@ptr5", "@ptr6", "@ptr7", "@ptr8", "@ptr9", "@ptr10", "@ptr11", "SL:NEWS_TOPIC]", "IN:QUESTION_NEWS]"], "predicted_tokens": ["[IN:QUESTION_NEWS", "[SL:NEWS_TOPIC", "@ptr9", "@ptr10", "@ptr11", "SL:LOCATION]", "IN:QUESTION_NEWS]"]}
{"loss": 2.972081184387207, "class_log_probabilities": [-0.2773515582084656, -8.552931785583496, -8.929360389709473, -8.97555923461914], "predictions": [39, 40, 397, 41, 42, 4, 4, 4], "target_tokens": ["[IN:GET_STORIES_NEWS", "[SL:NEWS_REFERENCE", "@ptr3", "SL:NEWS_REFERENCE]", "[SL:NEWS_TYPE", "@ptr2", "SL:NEWS_TYPE]", "IN:GET_STORIES_NEWS]"], "predicted_tokens": ["[IN:GET_STORIES_NEWS", "[SL:NEWS_TYPE", "@ptr2", "SL:NEWS_TYPE]", "IN:GET_STORIES_NEWS]"]}
{"loss": 2.3633015155792236, "class_log_probabilities": [-0.5619962215423584, -6.407100200653076, -7.858511924743652, -8.566437721252441], "predictions": [39, 40, 397, 41, 56, 400, 57, 16, 401, 17, 42, 4, 4, 4, 4], "target_tokens": ["[IN:GET_STORIES_NEWS", "[SL:NEWS_REFERENCE", "@ptr3", "SL:NEWS_REFERENCE]", "[SL:NEWS_TYPE", "@ptr2", "SL:NEWS_TYPE]", "[SL:NEWS_TOPIC", "@ptr5", "SL:NEWS_TOPIC]", "[SL:DATE_TIME", "@ptr6", "SL:DATE_TIME]", "IN:GET_STORIES_NEWS]"], "predicted_tokens": ["[IN:GET_STORIES_NEWS", "[SL:NEWS_TYPE", "@ptr2", "SL:NEWS_TYPE]", "[SL:NEWS_TOPIC", "@ptr5", "SL:NEWS_TOPIC]", "[SL:DATE_TIME", "@ptr6", "SL:DATE_TIME]", "IN:GET_STORIES_NEWS]"]}
{"loss": 1.1913321018218994, "class_log_probabilities": [-1.6390080451965332, -2.812452554702759, -4.9249444007873535, -5.108018398284912], "predictions": [39, 40, 398, 41, 56, 400, 401, 57, 56, 403, 404, 405, 406, 407, 408, 409, 57, 42, 4], "target_tokens": ["[IN:GET_STORIES_NEWS", "[SL:NEWS_TYPE", "@ptr3", "SL:NEWS_TYPE]", "[SL:NEWS_TOPIC", "@ptr5", "@ptr6", "@ptr7", "@ptr8", "@ptr9", "@ptr10", "@ptr11", "@ptr12", "@ptr13", "@ptr14", "SL:NEWS_TOPIC]", "IN:GET_STORIES_NEWS]"], "predicted_tokens": ["[IN:GET_STORIES_NEWS", "[SL:NEWS_TYPE", "@ptr3", "SL:NEWS_TYPE]", "[SL:NEWS_TOPIC", "@ptr5", "@ptr6", "SL:NEWS_TOPIC]", "[SL:NEWS_TOPIC", "@ptr8", "@ptr9", "@ptr10", "@ptr11", "@ptr12", "@ptr13", "@ptr14", "SL:NEWS_TOPIC]", "IN:GET_STORIES_NEWS]"]}
{"loss": 3.8518993854522705, "class_log_probabilities": [-0.6764137744903564, -4.470123767852783, -5.856632232666016, -6.309715747833252], "predictions": [13, 14, 401, 15, 18, 4], "target_tokens": ["[IN:QUESTION_NEWS", "[SL:NEWS_TOPIC", "@ptr6", "SL:NEWS_TOPIC]", "IN:QUESTION_NEWS]"], "predicted_tokens": ["[IN:GET_WEATHER", "[SL:LOCATION", "@ptr6", "SL:LOCATION]", "IN:GET_WEATHER]"]}
{"loss": 1.9963093996047974, "class_log_probabilities": [-0.7045869827270508, -7.718441009521484, -8.365646362304688, -8.414125442504883], "predictions": [39, 40, 397, 41, 56, 400, 401, 402, 57, 16, 403, 17, 42, 4], "target_tokens": ["[IN:QUESTION_NEWS", "[SL:NEWS_TYPE", "@ptr2", "SL:NEWS_TYPE]", "[SL:NEWS_TOPIC", "@ptr5", "@ptr6", "@ptr7", "SL:NEWS_TOPIC]", "[SL:DATE_TIME", "@ptr8", "SL:DATE_TIME]", "IN:QUESTION_NEWS]"], "predicted_tokens": ["[IN:GET_STORIES_NEWS", "[SL:NEWS_TYPE", "@ptr2", "SL:NEWS_TYPE]", "[SL:NEWS_TOPIC", "@ptr5", "@ptr6", "@ptr7", "SL:NEWS_TOPIC]", "[SL:DATE_TIME", "@ptr8", "SL:DATE_TIME]", "IN:GET_STORIES_NEWS]"]}
{"loss": 1.842538595199585, "class_log_probabilities": [-3.508805274963379, -3.827883005142212, -4.643739700317383, -7.503925323486328], "predictions": [55, 56, 405, 406, 407, 408, 409, 410, 411, 412, 57, 58, 4, 4, 4, 4], "target_tokens": ["[IN:QUESTION_NEWS", "[SL:NEWS_TOPIC", "@ptr3", "@ptr4", "@ptr5", "@ptr6", "@ptr7", "@ptr8", "@ptr9", "@ptr10", "@ptr11", "@ptr12", "@ptr13", "@ptr14", "@ptr15", "@ptr16", "@ptr17", "SL:NEWS_TOPIC]", "IN:QUESTION_NEWS]"], "predicted_tokens": ["[IN:QUESTION_NEWS", "[SL:NEWS_TOPIC", "@ptr10", "@ptr11", "@ptr12", "@ptr13", "@ptr14", "@ptr15", "@ptr16", "@ptr17", "SL:NEWS_TOPIC]", "IN:QUESTION_NEWS]"]}
{"loss": 1.350569248199463, "class_log_probabilities": [-0.6981772780418396, -6.096421241760254, -8.09992504119873, -8.160632133483887], "predictions": [39, 40, 397, 41, 56, 399, 400, 401, 402, 403, 404, 57, 42, 4], "target_tokens": ["[IN:GET_STORIES_NEWS", "[SL:NEWS_TYPE", "@ptr2", "SL:NEWS_TYPE]", "[SL:NEWS_TOPIC", "@ptr5", "@ptr6", "@ptr7", "@ptr8", "@ptr9", "SL:NEWS_TOPIC]", "IN:GET_STORIES_NEWS]"], "predicted_tokens": ["[IN:GET_STORIES_NEWS", "[SL:NEWS_TYPE", "@ptr2", "SL:NEWS_TYPE]", "[SL:NEWS_TOPIC", "@ptr4", "@ptr5", "@ptr6", "@ptr7", "@ptr8", "@ptr9", "SL:NEWS_TOPIC]", "IN:GET_STORIES_NEWS]"]}
{"loss": 0.9756926894187927, "class_log_probabilities": [-0.5052080154418945, -7.415592670440674, -7.459413051605225, -7.808238506317139], "predictions": [39, 40, 399, 41, 56, 401, 402, 403, 57, 42, 4], "target_tokens": ["[IN:GET_STORIES_NEWS", "[SL:NEWS_TYPE", "@ptr4", "SL:NEWS_TYPE]", "[SL:NEWS_TOPIC", "@ptr6", "@ptr7", "@ptr8", "SL:NEWS_TOPIC]", "IN:GET_STORIES_NEWS]"], "predicted_tokens": ["[IN:GET_STORIES_NEWS", "[SL:NEWS_TYPE", "@ptr4", "SL:NEWS_TYPE]", "[SL:NEWS_TOPIC", "@ptr6", "@ptr7", "@ptr8", "SL:NEWS_TOPIC]", "IN:GET_STORIES_NEWS]"]}
{"loss": 2.6861155033111572, "class_log_probabilities": [-1.7623300552368164, -2.309459924697876, -2.4685306549072266, -4.406243324279785], "predictions": [70, 133, 398, 399, 134, 73, 4], "target_tokens": ["[IN:QUESTION_NEWS", "[SL:NEWS_SOURCE", "@ptr3", "@ptr4", "SL:NEWS_SOURCE]", "IN:QUESTION_NEWS]"], "predicted_tokens": ["[IN:GET_CONTACT", "[SL:NEWS_SOURCE", "@ptr3", "@ptr4", "SL:NEWS_SOURCE]", "IN:GET_CONTACT]"]}
{"loss": 2.1112704277038574, "class_log_probabilities": [-0.6788480281829834, -8.17917251586914, -8.303631782531738, -8.316129684448242], "predictions": [39, 40, 396, 41, 56, 398, 399, 400, 401, 402, 403, 404, 57, 42, 4], "target_tokens": ["[IN:GET_STORIES_NEWS", "[SL:NEWS_TOPIC", "@ptr3", "@ptr4", "@ptr5", "@ptr6", "@ptr7", "@ptr8", "@ptr9", "SL:NEWS_TOPIC]", "[SL:NEWS_TYPE", "@ptr1", "SL:NEWS_TYPE]", "IN:GET_STORIES_NEWS]"], "predicted_tokens": ["[IN:GET_STORIES_NEWS", "[SL:NEWS_TYPE", "@ptr1", "SL:NEWS_TYPE]", "[SL:NEWS_TOPIC", "@ptr3", "@ptr4", "@ptr5", "@ptr6", "@ptr7", "@ptr8", "@ptr9", "SL:NEWS_TOPIC]", "IN:GET_STORIES_NEWS]"]}
{"loss": 3.723883867263794, "class_log_probabilities": [-0.3892665505409241, -5.734964847564697, -5.855258941650391, -6.370806694030762], "predictions": [55, 58, 4, 4, 4, 4, 4], "target_tokens": ["[IN:GET_STORIES_NEWS", "[SL:NEWS_TYPE", "@ptr4", "SL:NEWS_TYPE]", "[SL:NEWS_TOPIC", "@ptr7", "@ptr8", "@ptr9", "SL:NEWS_TOPIC]", "IN:GET_STORIES_NEWS]"], "predicted_tokens": ["[IN:QUESTION_NEWS", "IN:QUESTION_NEWS]"]}
{"loss": 2.8730854988098145, "class_log_probabilities": [-0.8740881681442261, -5.873697757720947, -6.365365505218506, -7.92807674407959], "predictions": [39, 40, 399, 41, 56, 401, 402, 57, 16, 403, 404, 17, 42, 4], "target_tokens": ["[IN:GET_STORIES_NEWS", "[SL:DATE_TIME", "@ptr8", "@ptr9", "SL:DATE_TIME]", "[SL:NEWS_TOPIC", "@ptr7", "SL:NEWS_TOPIC]", "[SL:NEWS_TYPE", "@ptr4", "SL:NEWS_TYPE]", "IN:GET_STORIES_NEWS]"], "predicted_tokens": ["[IN:GET_STORIES_NEWS", "[SL:NEWS_TYPE", "@ptr4", "SL:NEWS_TYPE]", "[SL:NEWS_TOPIC", "@ptr6", "@ptr7", "SL:NEWS_TOPIC]", "[SL:DATE_TIME", "@ptr8", "@ptr9", "SL:DATE_TIME]", "IN:GET_STORIES_NEWS]"]}
{"loss": 1.0442230701446533, "class_log_probabilities": [-1.7522661685943604, -2.226043701171875, -4.5316033363342285, -4.862090110778809], "predictions": [55, 56, 396, 397, 398, 57, 58, 4, 4, 4, 4, 4, 4, 4], "target_tokens": ["[IN:QUESTION_NEWS", "[SL:NEWS_TOPIC", "@ptr1", "@ptr2", "@ptr3", "@ptr4", "@ptr5", "@ptr6", "@ptr7", "@ptr8", "SL:NEWS_TOPIC]", "IN:QUESTION_NEWS]"], "predicted_tokens": ["[IN:QUESTION_NEWS", "[SL:NEWS_TOPIC", "@ptr1", "@ptr2", "@ptr3", "SL:NEWS_TOPIC]", "IN:QUESTION_NEWS]"]}
{"loss": 2.782916307449341, "class_log_probabilities": [-0.4538712799549103, -5.432099342346191, -6.129650115966797, -6.235331058502197], "predictions": [39, 40, 397, 41, 133, 399, 134, 42, 4, 4, 4, 4], "target_tokens": ["[IN:GET_STORIES_NEWS", "[SL:NEWS_SOURCE", "@ptr4", "SL:NEWS_SOURCE]", "[SL:NEWS_TYPE", "@ptr2", "SL:NEWS_TYPE]", "IN:GET_STORIES_NEWS]"], "predicted_tokens": ["[IN:GET_STORIES_NEWS", "[SL:NEWS_TYPE", "@ptr2", "SL:NEWS_TYPE]", "[SL:NEWS_SOURCE", "@ptr4", "SL:NEWS_SOURCE]", "IN:GET_STORIES_NEWS]"]}
{"loss": 1.7472374439239502, "class_log_probabilities": [-0.6695112586021423, -2.8215253353118896, -4.473258018493652, -6.586276054382324], "predictions": [39, 40, 400, 41, 16, 401, 402, 17, 42, 4, 4], "target_tokens": ["[IN:GET_STORIES_NEWS", "[SL:NEWS_REFERENCE", "@ptr4", "SL:NEWS_REFERENCE]", "[SL:NEWS_TYPE", "@ptr5", "SL:NEWS_TYPE]", "[SL:DATE_TIME", "@ptr6", "@ptr7", "SL:DATE_TIME]", "IN:GET_STORIES_NEWS]"], "predicted_tokens": ["[IN:GET_STORIES_NEWS", "[SL:NEWS_TYPE", "@ptr5", "SL:NEWS_TYPE]", "[SL:DATE_TIME", "@ptr6", "@ptr7", "SL:DATE_TIME]", "IN:GET_STORIES_NEWS]"]}
{"loss": 1.701560378074646, "class_log_probabilities": [-0.5706714391708374, -6.869171619415283, -7.590887069702148, -7.929034233093262], "predictions": [39, 43, 397, 44, 40, 400, 41, 16, 401, 17, 42, 4], "target_tokens": ["[IN:GET_STORIES_NEWS", "[SL:NEWS_TOPIC", "@ptr2", "SL:NEWS_TOPIC]", "[SL:NEWS_TYPE", "@ptr5", "SL:NEWS_TYPE]", "[SL:DATE_TIME", "@ptr6", "SL:DATE_TIME]", "IN:GET_STORIES_NEWS]"], "predicted_tokens": ["[IN:GET_STORIES_NEWS", "[SL:NEWS_CATEGORY", "@ptr2", "SL:NEWS_CATEGORY]", "[SL:NEWS_TYPE", "@ptr5", "SL:NEWS_TYPE]", "[SL:DATE_TIME", "@ptr6", "SL:DATE_TIME]", "IN:GET_STORIES_NEWS]"]}
{"loss": 3.5625932216644287, "class_log_probabilities": [-1.2228643894195557, -2.1059176921844482, -6.536551475524902, -6.765817642211914], "predictions": [39, 40, 400, 41, 16, 402, 403, 17, 42, 4, 4], "target_tokens": ["[IN:GET_STORIES_NEWS", "[SL:DATE_TIME", "@ptr7", "@ptr8", "SL:DATE_TIME]", "[SL:NEWS_REFERENCE", "@ptr4", "SL:NEWS_REFERENCE]", "[SL:NEWS_CATEGORY", "@ptr6", "SL:NEWS_CATEGORY]", "[SL:NEWS_TYPE", "@ptr5", "SL:NEWS_TYPE]", "IN:GET_STORIES_NEWS]"], "predicted_tokens": ["[IN:GET_STORIES_NEWS", "[SL:NEWS_TYPE", "@ptr5", "SL:NEWS_TYPE]", "[SL:DATE_TIME", "@ptr7", "@ptr8", "SL:DATE_TIME]", "IN:GET_STORIES_NEWS]"]}
{"loss": 2.9906747341156006, "class_log_probabilities": [-0.5251277685165405, -7.516911029815674, -7.6391377449035645, -7.818223476409912], "predictions": [39, 40, 398, 41, 133, 403, 404, 405, 134, 42, 4], "target_tokens": ["[IN:GET_STORIES_NEWS", "[SL:NEWS_REFERENCE", "@ptr4", "@ptr5", "SL:NEWS_REFERENCE]", "[SL:NEWS_TYPE", "@ptr3", "SL:NEWS_TYPE]", "[SL:NEWS_SOURCE", "@ptr8", "@ptr9", "@ptr10", "SL:NEWS_SOURCE]", "IN:GET_STORIES_NEWS]"], "predicted_tokens": ["[IN:GET_STORIES_NEWS", "[SL:NEWS_TYPE", "@ptr3", "SL:NEWS_TYPE]", "[SL:NEWS_SOURCE", "@ptr8", "@ptr9", "@ptr10", "SL:NEWS_SOURCE]", "IN:GET_STORIES_NEWS]"]}
{"loss": 3.4909493923187256, "class_log_probabilities": [-0.6206055879592896, -7.524826526641846, -7.559398174285889, -7.8859076499938965], "predictions": [39, 40, 396, 41, 56, 398, 399, 400, 401, 402, 57, 42, 4], "target_tokens": ["[IN:GET_STORIES_NEWS", "[SL:NEWS_TYPE", "@ptr1", "SL:NEWS_TYPE]", "[SL:NEWS_CATEGORY", "@ptr7", "SL:NEWS_CATEGORY]", "[SL:NEWS_TOPIC", "@ptr3", "@ptr4", "@ptr5", "@ptr6", "SL:NEWS_TOPIC]", "IN:GET_STORIES_NEWS]"], "predicted_tokens": ["[IN:GET_STORIES_NEWS", "[SL:NEWS_TYPE", "@ptr1", "SL:NEWS_TYPE]", "[SL:NEWS_TOPIC", "@ptr3", "@ptr4", "@ptr5", "@ptr6", "@ptr7", "SL:NEWS_TOPIC]", "IN:GET_STORIES_NEWS]"]}
{"loss": 1.4461021423339844, "class_log_probabilities": [-0.8774948716163635, -4.685244560241699, -4.94714879989624, -6.124984264373779], "predictions": [39, 16, 398, 17, 40, 399, 41, 133, 401, 402, 403, 134, 42, 4], "target_tokens": ["[IN:GET_STORIES_NEWS", "[SL:DATE_TIME", "@ptr3", "SL:DATE_TIME]", "[SL:NEWS_SOURCE", "@ptr6", "@ptr7", "@ptr8", "SL:NEWS_SOURCE]", "[SL:NEWS_TYPE", "@ptr4", "SL:NEWS_TYPE]", "IN:GET_STORIES_NEWS]"], "predicted_tokens": ["[IN:GET_STORIES_NEWS", "[SL:DATE_TIME", "@ptr3", "SL:DATE_TIME]", "[SL:NEWS_TYPE", "@ptr4", "SL:NEWS_TYPE]", "[SL:NEWS_SOURCE", "@ptr6", "@ptr7", "@ptr8", "SL:NEWS_SOURCE]", "IN:GET_STORIES_NEWS]"]}
{"loss": 1.1979975700378418, "class_log_probabilities": [-1.6609106063842773, -2.4111363887786865, -3.27022647857666, -4.004533767700195], "predictions": [39, 133, 399, 134, 56, 402, 57, 42, 4], "target_tokens": ["[IN:GET_STORIES_NEWS", "[SL:NEWS_TYPE", "@ptr4", "SL:NEWS_TYPE]", "[SL:NEWS_TOPIC", "@ptr7", "SL:NEWS_TOPIC]", "IN:GET_STORIES_NEWS]"], "predicted_tokens": ["[IN:GET_STORIES_NEWS", "[SL:NEWS_SOURCE", "@ptr4", "SL:NEWS_SOURCE]", "[SL:NEWS_TOPIC", "@ptr7", "SL:NEWS_TOPIC]", "IN:GET_STORIES_NEWS]"]}
{"loss": 3.8492817878723145, "class_log_probabilities": [-0.49421554803848267, -6.574687480926514, -7.532032489776611, -8.293313980102539], "predictions": [39, 40, 398, 41, 16, 401, 402, 17, 42, 4, 4], "target_tokens": ["[IN:GET_STORIES_NEWS", "[SL:DATE_TIME", "@ptr6", "@ptr7", "SL:DATE_TIME]", "[SL:NEWS_REFERENCE", "@ptr4", "@ptr5", "SL:NEWS_REFERENCE]", "[SL:NEWS_TYPE", "@ptr3", "SL:NEWS_TYPE]", "IN:GET_STORIES_NEWS]"], "predicted_tokens": ["[IN:GET_STORIES_NEWS", "[SL:NEWS_TYPE", "@ptr3", "SL:NEWS_TYPE]", "[SL:DATE_TIME", "@ptr6", "@ptr7", "SL:DATE_TIME]", "IN:GET_STORIES_NEWS]"]}
{"loss": 2.8569858074188232, "class_log_probabilities": [-0.6128095984458923, -3.6969358921051025, -6.23607063293457, -8.035085678100586], "predictions": [39, 40, 400, 41, 16, 402, 403, 17, 42, 4, 4, 4, 4], "target_tokens": ["[IN:GET_STORIES_NEWS", "[SL:DATE_TIME", "@ptr7", "@ptr8", "SL:DATE_TIME]", "[SL:NEWS_CATEGORY", "@ptr6", "SL:NEWS_CATEGORY]", "[SL:NEWS_TYPE", "@ptr5", "SL:NEWS_TYPE]", "IN:GET_STORIES_NEWS]"], "predicted_tokens": ["[IN:GET_STORIES_NEWS", "[SL:NEWS_TYPE", "@ptr5", "SL:NEWS_TYPE]", "[SL:DATE_TIME", "@ptr7", "@ptr8", "SL:DATE_TIME]", "IN:GET_STORIES_NEWS]"]}
{"loss": 4.825560569763184, "class_log_probabilities": [-0.4734111726284027, -6.97422456741333, -7.044895648956299, -7.406339168548584], "predictions": [137, 138, 399, 400, 401, 139, 140, 4], "target_tokens": ["[IN:QUESTION_NEWS", "[SL:NEWS_TOPIC", "@ptr2", "@ptr3", "@ptr4", "@ptr5", "@ptr6", "SL:NEWS_TOPIC]", "IN:QUESTION_NEWS]"], "predicted_tokens": ["[IN:GET_EMPLOYER", "[SL:EMPLOYER", "@ptr4", "@ptr5", "@ptr6", "SL:EMPLOYER]", "IN:GET_EMPLOYER]"]}
{"loss": 2.3837878704071045, "class_log_probabilities": [-0.4187223017215729, -7.114283561706543, -7.842682838439941, -7.92600679397583], "predictions": [39, 40, 397, 41, 133, 400, 134, 42, 4, 4], "target_tokens": ["[IN:GET_STORIES_NEWS", "[SL:NEWS_REFERENCE", "@ptr3", "SL:NEWS_REFERENCE]", "[SL:NEWS_TYPE", "@ptr2", "SL:NEWS_TYPE]", "[SL:NEWS_SOURCE", "@ptr5", "SL:NEWS_SOURCE]", "IN:GET_STORIES_NEWS]"], "predicted_tokens": ["[IN:GET_STORIES_NEWS", "[SL:NEWS_TYPE", "@ptr2", "SL:NEWS_TYPE]", "[SL:NEWS_SOURCE", "@ptr5", "SL:NEWS_SOURCE]", "IN:GET_STORIES_NEWS]"]}
{"loss": 4.539576530456543, "class_log_probabilities": [-0.8776087164878845, -4.574353218078613, -4.788628578186035, -7.766200542449951], "predictions": [55, 56, 396, 397, 398, 399, 400, 401, 402, 403, 404, 405, 57, 58, 4, 4], "target_tokens": ["[IN:QUESTION_NEWS", "[SL:NEWS_TOPIC", "@ptr2", "SL:NEWS_TOPIC]", "[SL:DATE_TIME", "@ptr4", "SL:DATE_TIME]", "[SL:NEWS_CATEGORY", "@ptr5", "@ptr6", "SL:NEWS_CATEGORY]", "[SL:NEWS_TOPIC", "@ptr9", "@ptr10", "SL:NEWS_TOPIC]", "IN:QUESTION_NEWS]"], "predicted_tokens": ["[IN:QUESTION_NEWS", "[SL:NEWS_TOPIC", "@ptr1", "@ptr2", "@ptr3", "@ptr4", "@ptr5", "@ptr6", "@ptr7", "@ptr8", "@ptr9", "@ptr10", "SL:NEWS_TOPIC]", "IN:QUESTION_NEWS]"]}
{"loss": 1.453832745552063, "class_log_probabilities": [-1.2410110235214233, -2.603511095046997, -5.355053424835205, -7.211423873901367], "predictions": [39, 40, 397, 41, 16, 400, 17, 56, 401, 402, 403, 404, 405, 406, 57, 42, 4, 4], "target_tokens": ["[IN:GET_STORIES_NEWS", "[SL:NEWS_TYPE", "@ptr2", "SL:NEWS_TYPE]", "[SL:DATE_TIME", "@ptr3", "@ptr4", "@ptr5", "SL:DATE_TIME]", "[SL:NEWS_TOPIC", "@ptr6", "@ptr7", "@ptr8", "@ptr9", "@ptr10", "@ptr11", "SL:NEWS_TOPIC]", "IN:GET_STORIES_NEWS]"], "predicted_tokens": ["[IN:GET_STORIES_NEWS", "[SL:NEWS_TYPE", "@ptr2", "SL:NEWS_TYPE]", "[SL:DATE_TIME", "@ptr5", "SL:DATE_TIME]", "[SL:NEWS_TOPIC", "@ptr6", "@ptr7", "@ptr8", "@ptr9", "@ptr10", "@ptr11", "SL:NEWS_TOPIC]", "IN:GET_STORIES_NEWS]"]}
{"loss": 0.9705856442451477, "class_log_probabilities": [-0.4878888726234436, -8.094478607177734, -8.226158142089844, -8.309026718139648], "predictions": [39, 40, 397, 41, 56, 400, 401, 57, 42, 4], "target_tokens": ["[IN:GET_STORIES_NEWS", "[SL:NEWS_TYPE", "@ptr2", "SL:NEWS_TYPE]", "[SL:NEWS_TOPIC", "@ptr5", "@ptr6", "SL:NEWS_TOPIC]", "IN:GET_STORIES_NEWS]"], "predicted_tokens": ["[IN:GET_STORIES_NEWS", "[SL:NEWS_TYPE", "@ptr2", "SL:NEWS_TYPE]", "[SL:NEWS_TOPIC", "@ptr5", "@ptr6", "SL:NEWS_TOPIC]", "IN:GET_STORIES_NEWS]"]}
{"loss": 1.3194032907485962, "class_log_probabilities": [-1.9728009700775146, -2.8686366081237793, -4.007480144500732, -6.006484031677246], "predictions": [55, 56, 398, 399, 57, 58, 4, 4], "target_tokens": ["[IN:QUESTION_NEWS", "[SL:NEWS_TOPIC", "@ptr4", "SL:NEWS_TOPIC]", "IN:QUESTION_NEWS]"], "predicted_tokens": ["[IN:QUESTION_NEWS", "[SL:NEWS_TOPIC", "@ptr3", "@ptr4", "SL:NEWS_TOPIC]", "IN:QUESTION_NEWS]"]}
{"loss": 3.570197820663452, "class_log_probabilities": [-1.5728001594543457, -3.8392231464385986, -4.185649871826172, -4.630064010620117], "predictions": [13, 79, 398, 399, 80, 18, 4], "target_tokens": ["[IN:QUESTION_NEWS", "[SL:NEWS_TOPIC", "@ptr3", "@ptr4", "SL:NEWS_TOPIC]", "IN:QUESTION_NEWS]"], "predicted_tokens": ["[IN:GET_WEATHER", "[SL:WEATHER_ATTRIBUTE", "@ptr3", "@ptr4", "SL:WEATHER_ATTRIBUTE]", "IN:GET_WEATHER]"]}
{"loss": 0.9697132110595703, "class_log_probabilities": [-0.5990843772888184, -8.112010955810547, -8.295641899108887, -8.365100860595703], "predictions": [39, 40, 396, 41, 56, 399, 400, 401, 402, 57, 42, 4, 4], "target_tokens": ["[IN:GET_STORIES_NEWS", "[SL:NEWS_TYPE", "@ptr1", "SL:NEWS_TYPE]", "[SL:NEWS_TOPIC", "@ptr4", "@ptr5", "@ptr6", "@ptr7", "SL:NEWS_TOPIC]", "IN:GET_STORIES_NEWS]"], "predicted_tokens": ["[IN:GET_STORIES_NEWS", "[SL:NEWS_TYPE", "@ptr1", "SL:NEWS_TYPE]", "[SL:NEWS_TOPIC", "@ptr4", "@ptr5", "@ptr6", "@ptr7", "SL:NEWS_TOPIC]", "IN:GET_STORIES_NEWS]"]}
{"loss": 0.973299503326416, "class_log_probabilities": [-0.28037989139556885, -8.601424217224121, -8.617925643920898, -8.730485916137695], "predictions": [39, 40, 398, 41, 42, 4], "target_tokens": ["[IN:GET_STORIES_NEWS", "[SL:NEWS_TYPE", "@ptr3", "SL:NEWS_TYPE]", "IN:GET_STORIES_NEWS]"], "predicted_tokens": ["[IN:GET_STORIES_NEWS", "[SL:NEWS_TYPE", "@ptr3", "SL:NEWS_TYPE]", "IN:GET_STORIES_NEWS]"]}
{"loss": 0.9769158363342285, "class_log_probabilities": [-0.2770744264125824, -8.39771842956543, -8.410730361938477, -8.505749702453613], "predictions": [39, 40, 395, 41, 42, 4], "target_tokens": ["[IN:GET_STORIES_NEWS", "[SL:NEWS_TYPE", "@ptr0", "SL:NEWS_TYPE]", "IN:GET_STORIES_NEWS]"], "predicted_tokens": ["[IN:GET_STORIES_NEWS", "[SL:NEWS_TYPE", "@ptr0", "SL:NEWS_TYPE]", "IN:GET_STORIES_NEWS]"]}
{"loss": 1.0356601476669312, "class_log_probabilities": [-1.3306559324264526, -1.3956286907196045, -6.721873760223389, -6.881400108337402], "predictions": [39, 40, 400, 41, 56, 402, 403, 404, 405, 57, 42, 4], "target_tokens": ["[IN:GET_STORIES_NEWS", "[SL:NEWS_TYPE", "@ptr5", "SL:NEWS_TYPE]", "[SL:NEWS_TOPIC", "@ptr8", "@ptr9", "@ptr10", "SL:NEWS_TOPIC]", "IN:GET_STORIES_NEWS]"], "predicted_tokens": ["[IN:GET_STORIES_NEWS", "[SL:NEWS_TYPE", "@ptr5", "SL:NEWS_TYPE]", "[SL:NEWS_TOPIC", "@ptr7", "@ptr8", "@ptr9", "@ptr10", "SL:NEWS_TOPIC]", "IN:GET_STORIES_NEWS]"]}
{"loss": 0.9720760583877563, "class_log_probabilities": [-0.48425495624542236, -7.628628730773926, -7.88685417175293, -8.061812400817871], "predictions": [39, 40, 398, 41, 56, 400, 401, 57, 42, 4], "target_tokens": ["[IN:GET_STORIES_NEWS", "[SL:NEWS_TYPE", "@ptr3", "SL:NEWS_TYPE]", "[SL:NEWS_TOPIC", "@ptr5", "@ptr6", "SL:NEWS_TOPIC]", "IN:GET_STORIES_NEWS]"], "predicted_tokens": ["[IN:GET_STORIES_NEWS", "[SL:NEWS_TYPE", "@ptr3", "SL:NEWS_TYPE]", "[SL:NEWS_TOPIC", "@ptr5", "@ptr6", "SL:NEWS_TOPIC]", "IN:GET_STORIES_NEWS]"]}
{"loss": 2.7216591835021973, "class_log_probabilities": [-0.42123475670814514, -8.001925468444824, -8.053407669067383, -8.083112716674805], "predictions": [39, 40, 395, 41, 133, 398, 134, 42, 4, 4, 4], "target_tokens": ["[IN:GET_STORIES_NEWS", "[SL:NEWS_SOURCE", "@ptr3", "SL:NEWS_SOURCE]", "[SL:NEWS_TYPE", "@ptr0", "SL:NEWS_TYPE]", "IN:GET_STORIES_NEWS]"], "predicted_tokens": ["[IN:GET_STORIES_NEWS", "[SL:NEWS_TYPE", "@ptr0", "SL:NEWS_TYPE]", "[SL:NEWS_SOURCE", "@ptr3", "SL:NEWS_SOURCE]", "IN:GET_STORIES_NEWS]"]}
{"loss": 2.163506507873535, "class_log_probabilities": [-0.5997440218925476, -7.1681013107299805, -7.259805202484131, -7.947913646697998], "predictions": [39, 40, 398, 41, 16, 399, 400, 17, 133, 402, 134, 42, 4], "target_tokens": ["[IN:GET_STORIES_NEWS", "[SL:DATE_TIME", "@ptr4", "@ptr5", "SL:DATE_TIME]", "[SL:NEWS_SOURCE", "@ptr7", "SL:NEWS_SOURCE]", "[SL:NEWS_TYPE", "@ptr3", "SL:NEWS_TYPE]", "IN:GET_STORIES_NEWS]"], "predicted_tokens": ["[IN:GET_STORIES_NEWS", "[SL:NEWS_TYPE", "@ptr3", "SL:NEWS_TYPE]", "[SL:DATE_TIME", "@ptr4", "@ptr5", "SL:DATE_TIME]", "[SL:NEWS_SOURCE", "@ptr7", "SL:NEWS_SOURCE]", "IN:GET_STORIES_NEWS]"]}
{"loss": 2.8378732204437256, "class_log_probabilities": [-1.9253801107406616, -2.0386130809783936, -4.26398229598999, -4.469496726989746], "predictions": [39, 40, 399, 41, 43, 401, 44, 16, 402, 17, 42, 4], "target_tokens": ["[IN:GET_STORIES_NEWS", "[SL:DATE_TIME", "@ptr7", "@ptr8", "SL:DATE_TIME]", "[SL:NEWS_CATEGORY", "@ptr6", "SL:NEWS_CATEGORY]", "[SL:NEWS_TYPE", "@ptr4", "SL:NEWS_TYPE]", "IN:GET_STORIES_NEWS]"], "predicted_tokens": ["[IN:GET_STORIES_NEWS", "[SL:NEWS_TYPE", "@ptr4", "SL:NEWS_TYPE]", "[SL:NEWS_CATEGORY", "@ptr6", "SL:NEWS_CATEGORY]", "[SL:DATE_TIME", "@ptr7", "SL:DATE_TIME]", "IN:GET_STORIES_NEWS]"]}
{"loss": 3.2216107845306396, "class_log_probabilities": [-0.5709047913551331, -6.964849472045898, -7.061972141265869, -7.793687343597412], "predictions": [39, 56, 395, 396, 57, 40, 399, 41, 56, 401, 57, 42, 4], "target_tokens": ["[IN:GET_STORIES_NEWS", "[SL:NEWS_TOPIC", "@ptr0", "@ptr1", "@ptr2", "@ptr6", "SL:NEWS_TOPIC]", "[SL:NEWS_TYPE", "@ptr4", "SL:NEWS_TYPE]", "IN:GET_STORIES_NEWS]"], "predicted_tokens": ["[IN:GET_STORIES_NEWS", "[SL:NEWS_TOPIC", "@ptr0", "@ptr1", "SL:NEWS_TOPIC]", "[SL:NEWS_TYPE", "@ptr4", "SL:NEWS_TYPE]", "[SL:NEWS_TOPIC", "@ptr6", "SL:NEWS_TOPIC]", "IN:GET_STORIES_NEWS]"]}
{"loss": 2.089320659637451, "class_log_probabilities": [-0.4088810682296753, -7.356581687927246, -7.714906692504883, -7.86242151260376], "predictions": [39, 40, 399, 41, 133, 402, 134, 42, 4], "target_tokens": ["[IN:GET_STORIES_NEWS", "[SL:NEWS_SOURCE", "@ptr7", "SL:NEWS_SOURCE]", "[SL:NEWS_TYPE", "@ptr4", "SL:NEWS_TYPE]", "IN:GET_STORIES_NEWS]"], "predicted_tokens": ["[IN:GET_STORIES_NEWS", "[SL:NEWS_TYPE", "@ptr4", "SL:NEWS_TYPE]", "[SL:NEWS_SOURCE", "@ptr7", "SL:NEWS_SOURCE]", "IN:GET_STORIES_NEWS]"]}
{"loss": 1.4907770156860352, "class_log_probabilities": [-0.9758276343345642, -3.1015050411224365, -4.409041404724121, -5.636443138122559], "predictions": [55, 56, 397, 398, 57, 16, 402, 403, 404, 17, 58, 4, 4], "target_tokens": ["[IN:QUESTION_NEWS", "[SL:NEWS_TOPIC", "@ptr2", "@ptr3", "SL:NEWS_TOPIC]", "[SL:DATE_TIME", "@ptr6", "SL:DATE_TIME]", "IN:QUESTION_NEWS]"], "predicted_tokens": ["[IN:QUESTION_NEWS", "[SL:NEWS_TOPIC", "@ptr2", "@ptr3", "SL:NEWS_TOPIC]", "[SL:DATE_TIME", "@ptr7", "@ptr8", "@ptr9", "SL:DATE_TIME]", "IN:QUESTION_NEWS]"]}
{"loss": 0.9682928323745728, "class_log_probabilities": [-0.6997414827346802, -7.588192939758301, -7.978888988494873, -8.062370300292969], "predictions": [39, 40, 399, 41, 56, 402, 403, 404, 405, 406, 57, 42, 4], "target_tokens": ["[IN:GET_STORIES_NEWS", "[SL:NEWS_TYPE", "@ptr4", "SL:NEWS_TYPE]", "[SL:NEWS_TOPIC", "@ptr7", "@ptr8", "@ptr9", "@ptr10", "@ptr11", "SL:NEWS_TOPIC]", "IN:GET_STORIES_NEWS]"], "predicted_tokens": ["[IN:GET_STORIES_NEWS", "[SL:NEWS_TYPE", "@ptr4", "SL:NEWS_TYPE]", "[SL:NEWS_TOPIC", "@ptr7", "@ptr8", "@ptr9", "@ptr10", "@ptr11", "SL:NEWS_TOPIC]", "IN:GET_STORIES_NEWS]"]}
{"loss": 0.9789226651191711, "class_log_probabilities": [-0.7467712163925171, -3.313122034072876, -6.653895378112793, -6.754628658294678], "predictions": [39, 40, 399, 41, 56, 401, 402, 403, 404, 57, 42, 4, 4], "target_tokens": ["[IN:GET_STORIES_NEWS", "[SL:NEWS_TYPE", "@ptr4", "SL:NEWS_TYPE]", "[SL:NEWS_TOPIC", "@ptr6", "@ptr7", "@ptr8", "@ptr9", "SL:NEWS_TOPIC]", "IN:GET_STORIES_NEWS]"], "predicted_tokens": ["[IN:GET_STORIES_NEWS", "[SL:NEWS_TYPE", "@ptr4", "SL:NEWS_TYPE]", "[SL:NEWS_TOPIC", "@ptr6", "@ptr7", "@ptr8", "@ptr9", "SL:NEWS_TOPIC]", "IN:GET_STORIES_NEWS]"]}
{"loss": 0.9736411571502686, "class_log_probabilities": [-0.41585370898246765, -8.55647087097168, -8.786754608154297, -8.876848220825195], "predictions": [39, 40, 398, 41, 16, 399, 17, 42, 4, 4], "target_tokens": ["[IN:GET_STORIES_NEWS", "[SL:NEWS_TYPE", "@ptr3", "SL:NEWS_TYPE]", "[SL:DATE_TIME", "@ptr4", "SL:DATE_TIME]", "IN:GET_STORIES_NEWS]"], "predicted_tokens": ["[IN:GET_STORIES_NEWS", "[SL:NEWS_TYPE", "@ptr3", "SL:NEWS_TYPE]", "[SL:DATE_TIME", "@ptr4", "SL:DATE_TIME]", "IN:GET_STORIES_NEWS]"]}
{"loss": 3.0248260498046875, "class_log_probabilities": [-0.6695112586021423, -2.8215253353118896, -4.473258018493652, -6.586276054382324], "predictions": [39, 40, 400, 41, 16, 401, 402, 17, 42, 4, 4], "target_tokens": ["[IN:GET_STORIES_NEWS", "[SL:DATE_TIME", "@ptr6", "@ptr7", "SL:DATE_TIME]", "[SL:NEWS_REFERENCE", "@ptr4", "SL:NEWS_REFERENCE]", "[SL:NEWS_TYPE", "@ptr5", "SL:NEWS_TYPE]", "IN:GET_STORIES_NEWS]"], "predicted_tokens": ["[IN:GET_STORIES_NEWS", "[SL:NEWS_TYPE", "@ptr5", "SL:NEWS_TYPE]", "[SL:DATE_TIME", "@ptr6", "@ptr7", "SL:DATE_TIME]", "IN:GET_STORIES_NEWS]"]}
{"loss": 0.9707324504852295, "class_log_probabilities": [-0.5312822461128235, -7.737710475921631, -8.0709810256958, -8.222635269165039], "predictions": [39, 40, 397, 41, 56, 399, 400, 401, 57, 42, 4], "target_tokens": ["[IN:GET_STORIES_NEWS", "[SL:NEWS_TYPE", "@ptr2", "SL:NEWS_TYPE]", "[SL:NEWS_TOPIC", "@ptr4", "@ptr5", "@ptr6", "SL:NEWS_TOPIC]", "IN:GET_STORIES_NEWS]"], "predicted_tokens": ["[IN:GET_STORIES_NEWS", "[SL:NEWS_TYPE", "@ptr2", "SL:NEWS_TYPE]", "[SL:NEWS_TOPIC", "@ptr4", "@ptr5", "@ptr6", "SL:NEWS_TOPIC]", "IN:GET_STORIES_NEWS]"]}
{"loss": 0.9731371998786926, "class_log_probabilities": [-0.28252261877059937, -8.529976844787598, -8.549407958984375, -8.686233520507812], "predictions": [39, 40, 398, 41, 42, 4], "target_tokens": ["[IN:GET_STORIES_NEWS", "[SL:NEWS_TYPE", "@ptr3", "SL:NEWS_TYPE]", "IN:GET_STORIES_NEWS]"], "predicted_tokens": ["[IN:GET_STORIES_NEWS", "[SL:NEWS_TYPE", "@ptr3", "SL:NEWS_TYPE]", "IN:GET_STORIES_NEWS]"]}
{"loss": 1.8031951189041138, "class_log_probabilities": [-0.7661324739456177, -6.402636528015137, -6.525873184204102, -7.147021293640137], "predictions": [39, 40, 397, 41, 133, 399, 400, 134, 16, 401, 17, 42, 4, 4], "target_tokens": ["[IN:GET_STORIES_NEWS", "[SL:NEWS_TYPE", "@ptr2", "SL:NEWS_TYPE]", "[SL:NEWS_TOPIC", "@ptr4", "@ptr5", "SL:NEWS_TOPIC]", "[SL:DATE_TIME", "@ptr6", "SL:DATE_TIME]", "IN:GET_STORIES_NEWS]"], "predicted_tokens": ["[IN:GET_STORIES_NEWS", "[SL:NEWS_TYPE", "@ptr2", "SL:NEWS_TYPE]", "[SL:NEWS_SOURCE", "@ptr4", "@ptr5", "SL:NEWS_SOURCE]", "[SL:DATE_TIME", "@ptr6", "SL:DATE_TIME]", "IN:GET_STORIES_NEWS]"]}
{"loss": 0.9720747470855713, "class_log_probabilities": [-0.42462044954299927, -8.618639945983887, -8.774558067321777, -9.083562850952148], "predictions": [39, 40, 397, 41, 16, 400, 17, 42, 4, 4, 4], "target_tokens": ["[IN:GET_STORIES_NEWS", "[SL:NEWS_TYPE", "@ptr2", "SL:NEWS_TYPE]", "[SL:DATE_TIME", "@ptr5", "SL:DATE_TIME]", "IN:GET_STORIES_NEWS]"], "predicted_tokens": ["[IN:GET_STORIES_NEWS", "[SL:NEWS_TYPE", "@ptr2", "SL:NEWS_TYPE]", "[SL:DATE_TIME", "@ptr5", "SL:DATE_TIME]", "IN:GET_STORIES_NEWS]"]}
{"loss": 0.9733951687812805, "class_log_probabilities": [-0.2803041338920593, -8.51799488067627, -8.57364273071289, -8.935909271240234], "predictions": [39, 40, 397, 41, 42, 4, 4, 4], "target_tokens": ["[IN:GET_STORIES_NEWS", "[SL:NEWS_TYPE", "@ptr2", "SL:NEWS_TYPE]", "IN:GET_STORIES_NEWS]"], "predicted_tokens": ["[IN:GET_STORIES_NEWS", "[SL:NEWS_TYPE", "@ptr2", "SL:NEWS_TYPE]", "IN:GET_STORIES_NEWS]"]}
{"loss": 3.7775795459747314, "class_log_probabilities": [-5.175093173980713, -5.653247833251953, -6.2497663497924805, -6.431483745574951], "predictions": [70, 269, 403, 404, 405, 270, 73, 4], "target_tokens": ["[IN:QUESTION_NEWS", "[SL:NEWS_TOPIC", "@ptr4", "@ptr5", "@ptr6", "@ptr7", "@ptr8", "@ptr9", "@ptr10", "SL:NEWS_TOPIC]", "IN:QUESTION_NEWS]"], "predicted_tokens": ["[IN:GET_CONTACT", "[SL:GROUP", "@ptr8", "@ptr9", "@ptr10", "SL:GROUP]", "IN:GET_CONTACT]"]}
{"loss": 2.111952543258667, "class_log_probabilities": [-0.41066476702690125, -5.0620222091674805, -7.209590435028076, -7.336752891540527], "predictions": [39, 40, 397, 41, 56, 399, 57, 42, 4, 4], "target_tokens": ["[IN:GET_STORIES_NEWS", "[SL:NEWS_TYPE", "@ptr1", "SL:NEWS_TYPE]", "[SL:NEWS_TOPIC", "@ptr3", "SL:NEWS_TOPIC]", "IN:GET_STORIES_NEWS]"], "predicted_tokens": ["[IN:GET_STORIES_NEWS", "[SL:NEWS_TYPE", "@ptr2", "SL:NEWS_TYPE]", "[SL:NEWS_TOPIC", "@ptr4", "SL:NEWS_TOPIC]", "IN:GET_STORIES_NEWS]"]}
{"loss": 0.973294734954834, "class_log_probabilities": [-0.5567623376846313, -8.158202171325684, -8.162069320678711, -8.27286434173584], "predictions": [39, 40, 397, 41, 56, 400, 401, 402, 403, 57, 42, 4], "target_tokens": ["[IN:GET_STORIES_NEWS", "[SL:NEWS_TYPE", "@ptr2", "SL:NEWS_TYPE]", "[SL:NEWS_TOPIC", "@ptr5", "@ptr6", "@ptr7", "@ptr8", "SL:NEWS_TOPIC]", "IN:GET_STORIES_NEWS]"], "predicted_tokens": ["[IN:GET_STORIES_NEWS", "[SL:NEWS_TYPE", "@ptr2", "SL:NEWS_TYPE]", "[SL:NEWS_TOPIC", "@ptr5", "@ptr6", "@ptr7", "@ptr8", "SL:NEWS_TOPIC]", "IN:GET_STORIES_NEWS]"]}
{"loss": 0.9677804112434387, "class_log_probabilities": [-0.6646309494972229, -7.961990833282471, -8.242106437683105, -8.34382438659668], "predictions": [39, 40, 399, 41, 16, 400, 401, 402, 403, 404, 17, 42, 4, 4], "target_tokens": ["[IN:GET_STORIES_NEWS", "[SL:NEWS_TYPE", "@ptr4", "SL:NEWS_TYPE]", "[SL:DATE_TIME", "@ptr5", "@ptr6", "@ptr7", "@ptr8", "@ptr9", "SL:DATE_TIME]", "IN:GET_STORIES_NEWS]"], "predicted_tokens": ["[IN:GET_STORIES_NEWS", "[SL:NEWS_TYPE", "@ptr4", "SL:NEWS_TYPE]", "[SL:DATE_TIME", "@ptr5", "@ptr6", "@ptr7", "@ptr8", "@ptr9", "SL:DATE_TIME]", "IN:GET_STORIES_NEWS]"]}
{"loss": 0.9724042415618896, "class_log_probabilities": [-0.625704824924469, -7.564985752105713, -7.683828830718994, -7.941498756408691], "predictions": [39, 40, 400, 41, 56, 402, 403, 404, 405, 406, 57, 42, 4], "target_tokens": ["[IN:GET_STORIES_NEWS", "[SL:NEWS_TYPE", "@ptr5", "SL:NEWS_TYPE]", "[SL:NEWS_TOPIC", "@ptr7", "@ptr8", "@ptr9", "@ptr10", "@ptr11", "SL:NEWS_TOPIC]", "IN:GET_STORIES_NEWS]"], "predicted_tokens": ["[IN:GET_STORIES_NEWS", "[SL:NEWS_TYPE", "@ptr5", "SL:NEWS_TYPE]", "[SL:NEWS_TOPIC", "@ptr7", "@ptr8", "@ptr9", "@ptr10", "@ptr11", "SL:NEWS_TOPIC]", "IN:GET_STORIES_NEWS]"]}
{"loss": 2.011972427368164, "class_log_probabilities": [-0.5142982602119446, -4.144610404968262, -6.086966037750244, -7.251664161682129], "predictions": [39, 40, 395, 41, 43, 397, 398, 44, 42, 4], "target_tokens": ["[IN:GET_STORIES_NEWS", "[SL:NEWS_TYPE", "@ptr0", "SL:NEWS_TYPE]", "[SL:NEWS_TOPIC", "@ptr2", "@ptr3", "SL:NEWS_TOPIC]", "IN:GET_STORIES_NEWS]"], "predicted_tokens": ["[IN:GET_STORIES_NEWS", "[SL:NEWS_TYPE", "@ptr0", "SL:NEWS_TYPE]", "[SL:NEWS_CATEGORY", "@ptr2", "@ptr3", "SL:NEWS_CATEGORY]", "IN:GET_STORIES_NEWS]"]}
{"loss": 2.99352765083313, "class_log_probabilities": [-0.6873289346694946, -4.080798625946045, -6.173092842102051, -6.392839431762695], "predictions": [39, 43, 399, 44, 16, 400, 17, 42, 4, 4], "target_tokens": ["[IN:GET_STORIES_NEWS", "[SL:DATE_TIME", "@ptr5", "SL:DATE_TIME]", "[SL:NEWS_CATEGORY", "@ptr4", "SL:NEWS_CATEGORY]", "[SL:NEWS_TYPE", "@ptr3", "SL:NEWS_TYPE]", "IN:GET_STORIES_NEWS]"], "predicted_tokens": ["[IN:GET_STORIES_NEWS", "[SL:NEWS_CATEGORY", "@ptr4", "SL:NEWS_CATEGORY]", "[SL:DATE_TIME", "@ptr5", "SL:DATE_TIME]", "IN:GET_STORIES_NEWS]"]}
{"loss": 2.7259020805358887, "class_log_probabilities": [-2.977687120437622, -3.002124547958374, -3.484438180923462, -3.5519304275512695], "predictions": [39, 40, 397, 41, 16, 400, 17, 42, 4, 4, 4, 4], "target_tokens": ["[IN:GET_STORIES_NEWS", "[SL:DATE_TIME", "@ptr5", "SL:DATE_TIME]", "[SL:NEWS_TYPE", "@ptr2", "SL:NEWS_TYPE]", "IN:GET_STORIES_NEWS]"], "predicted_tokens": ["[IN:GET_STORIES_NEWS", "[SL:NEWS_TYPE", "@ptr2", "SL:NEWS_TYPE]", "[SL:DATE_TIME", "@ptr5", "SL:DATE_TIME]", "IN:GET_STORIES_NEWS]"]}
{"loss": 1.895708441734314, "class_log_probabilities": [-3.3033862113952637, -3.589730739593506, -5.373826026916504, -5.803625583648682], "predictions": [55, 133, 398, 399, 134, 56, 401, 402, 57, 58, 4, 4], "target_tokens": ["[IN:QUESTION_NEWS", "[SL:NEWS_TOPIC", "@ptr2", "@ptr3", "@ptr4", "@ptr5", "@ptr6", "@ptr7", "SL:NEWS_TOPIC]", "IN:QUESTION_NEWS]"], "predicted_tokens": ["[IN:QUESTION_NEWS", "[SL:NEWS_SOURCE", "@ptr3", "@ptr4", "SL:NEWS_SOURCE]", "[SL:NEWS_TOPIC", "@ptr6", "@ptr7", "SL:NEWS_TOPIC]", "IN:QUESTION_NEWS]"]}
{"loss": 1.3601073026657104, "class_log_probabilities": [-0.509261429309845, -3.392066240310669, -5.8878278732299805, -6.907434463500977], "predictions": [39, 40, 400, 41, 133, 402, 134, 42, 4, 4, 4, 4], "target_tokens": ["[IN:GET_STORIES_NEWS", "[SL:NEWS_REFERENCE", "@ptr4", "SL:NEWS_REFERENCE]", "[SL:NEWS_TYPE", "@ptr5", "SL:NEWS_TYPE]", "[SL:NEWS_SOURCE", "@ptr7", "SL:NEWS_SOURCE]", "IN:GET_STORIES_NEWS]"], "predicted_tokens": ["[IN:GET_STORIES_NEWS", "[SL:NEWS_TYPE", "@ptr5", "SL:NEWS_TYPE]", "[SL:NEWS_SOURCE", "@ptr7", "SL:NEWS_SOURCE]", "IN:GET_STORIES_NEWS]"]}
{"loss": 2.6225192546844482, "class_log_probabilities": [-0.4801378548145294, -7.144015312194824, -7.794059753417969, -8.284027099609375], "predictions": [39, 40, 399, 41, 16, 401, 402, 17, 42, 4, 4], "target_tokens": ["[IN:GET_STORIES_NEWS", "[SL:NEWS_CATEGORY", "@ptr5", "SL:NEWS_CATEGORY]", "[SL:NEWS_TYPE", "@ptr4", "SL:NEWS_TYPE]", "[SL:DATE_TIME", "@ptr6", "@ptr7", "SL:DATE_TIME]", "IN:GET_STORIES_NEWS]"], "predicted_tokens": ["[IN:GET_STORIES_NEWS", "[SL:NEWS_TYPE", "@ptr4", "SL:NEWS_TYPE]", "[SL:DATE_TIME", "@ptr6", "@ptr7", "SL:DATE_TIME]", "IN:GET_STORIES_NEWS]"]}
{"loss": 1.1860851049423218, "class_log_probabilities": [-0.8211854696273804, -5.143764019012451, -6.749013423919678, -7.2318925857543945], "predictions": [301, 40, 396, 41, 56, 399, 400, 401, 402, 403, 404, 405, 406, 407, 408, 57, 302, 4], "target_tokens": ["[IN:GET_STORIES_NEWS", "[SL:NEWS_TYPE", "@ptr1", "SL:NEWS_TYPE]", "[SL:NEWS_TOPIC", "@ptr4", "@ptr5", "@ptr6", "@ptr7", "@ptr8", "@ptr9", "@ptr10", "@ptr11", "@ptr12", "@ptr13", "SL:NEWS_TOPIC]", "IN:GET_STORIES_NEWS]"], "predicted_tokens": ["[IN:GET_DETAILS_NEWS", "[SL:NEWS_TYPE", "@ptr1", "SL:NEWS_TYPE]", "[SL:NEWS_TOPIC", "@ptr4", "@ptr5", "@ptr6", "@ptr7", "@ptr8", "@ptr9", "@ptr10", "@ptr11", "@ptr12", "@ptr13", "SL:NEWS_TOPIC]", "IN:GET_DETAILS_NEWS]"]}
{"loss": 2.875208854675293, "class_log_probabilities": [-0.8096076846122742, -3.831573963165283, -4.748508930206299, -5.0037150382995605], "predictions": [39, 40, 399, 41, 40, 402, 41, 43, 403, 44, 42, 4], "target_tokens": ["[IN:GET_STORIES_NEWS", "[SL:NEWS_CATEGORY", "@ptr8", "SL:NEWS_CATEGORY]", "[SL:NEWS_TYPE", "@ptr4", "SL:NEWS_TYPE]", "IN:GET_STORIES_NEWS]"], "predicted_tokens": ["[IN:GET_STORIES_NEWS", "[SL:NEWS_TYPE", "@ptr4", "SL:NEWS_TYPE]", "[SL:NEWS_TYPE", "@ptr7", "SL:NEWS_TYPE]", "[SL:NEWS_CATEGORY", "@ptr8", "SL:NEWS_CATEGORY]", "IN:GET_STORIES_NEWS]"]}
{"loss": 2.6740827560424805, "class_log_probabilities": [-1.1204019784927368, -4.526827812194824, -5.143726348876953, -5.149417877197266], "predictions": [39, 16, 399, 17, 40, 400, 41, 43, 401, 44, 42, 4], "target_tokens": ["[IN:GET_STORIES_NEWS", "[SL:NEWS_CATEGORY", "@ptr6", "SL:NEWS_CATEGORY]", "[SL:NEWS_TYPE", "@ptr5", "SL:NEWS_TYPE]", "IN:GET_STORIES_NEWS]"], "predicted_tokens": ["[IN:GET_STORIES_NEWS", "[SL:DATE_TIME", "@ptr4", "SL:DATE_TIME]", "[SL:NEWS_TYPE", "@ptr5", "SL:NEWS_TYPE]", "[SL:NEWS_CATEGORY", "@ptr6", "SL:NEWS_CATEGORY]", "IN:GET_STORIES_NEWS]"]}
{"loss": 0.9760329723358154, "class_log_probabilities": [-0.8142212629318237, -3.749086380004883, -7.614692211151123, -7.9631876945495605], "predictions": [39, 40, 398, 41, 56, 400, 401, 402, 403, 404, 57, 16, 406, 17, 42, 4], "target_tokens": ["[IN:GET_STORIES_NEWS", "[SL:NEWS_TYPE", "@ptr3", "SL:NEWS_TYPE]", "[SL:NEWS_TOPIC", "@ptr5", "@ptr6", "@ptr7", "@ptr8", "@ptr9", "SL:NEWS_TOPIC]", "[SL:DATE_TIME", "@ptr11", "SL:DATE_TIME]", "IN:GET_STORIES_NEWS]"], "predicted_tokens": ["[IN:GET_STORIES_NEWS", "[SL:NEWS_TYPE", "@ptr3", "SL:NEWS_TYPE]", "[SL:NEWS_TOPIC", "@ptr5", "@ptr6", "@ptr7", "@ptr8", "@ptr9", "SL:NEWS_TOPIC]", "[SL:DATE_TIME", "@ptr11", "SL:DATE_TIME]", "IN:GET_STORIES_NEWS]"]}
{"loss": 3.364699125289917, "class_log_probabilities": [-1.0508592128753662, -2.3656845092773438, -5.002099990844727, -6.151976585388184], "predictions": [39, 40, 397, 41, 56, 403, 57, 42, 4, 4, 4, 4], "target_tokens": ["[IN:GET_STORIES_NEWS", "[SL:NEWS_REFERENCE", "@ptr3", "SL:NEWS_REFERENCE]", "[SL:NEWS_TYPE", "@ptr2", "SL:NEWS_TYPE]", "[SL:NEWS_TOPIC", "@ptr6", "@ptr7", "@ptr8", "SL:NEWS_TOPIC]", "IN:GET_STORIES_NEWS]"], "predicted_tokens": ["[IN:GET_STORIES_NEWS", "[SL:NEWS_TYPE", "@ptr2", "SL:NEWS_TYPE]", "[SL:NEWS_TOPIC", "@ptr8", "SL:NEWS_TOPIC]", "IN:GET_STORIES_NEWS]"]}
{"loss": 2.4399971961975098, "class_log_probabilities": [-0.6848204731941223, -2.3575661182403564, -5.723243713378906, -6.028031349182129], "predictions": [39, 16, 399, 17, 40, 400, 41, 42, 4, 4, 4], "target_tokens": ["[IN:GET_STORIES_NEWS", "[SL:NEWS_TYPE", "@ptr5", "@ptr6", "@ptr7", "SL:NEWS_TYPE]", "IN:GET_STORIES_NEWS]"], "predicted_tokens": ["[IN:GET_STORIES_NEWS", "[SL:DATE_TIME", "@ptr4", "SL:DATE_TIME]", "[SL:NEWS_TYPE", "@ptr5", "SL:NEWS_TYPE]", "IN:GET_STORIES_NEWS]"]}
{"loss": 2.4016504287719727, "class_log_probabilities": [-0.4419828951358795, -7.122615337371826, -7.2522735595703125, -9.156064987182617], "predictions": [39, 40, 397, 41, 43, 399, 44, 42, 4, 4, 4], "target_tokens": ["[IN:GET_STORIES_NEWS", "[SL:NEWS_CATEGORY", "@ptr4", "SL:NEWS_CATEGORY]", "[SL:NEWS_TYPE", "@ptr2", "SL:NEWS_TYPE]", "IN:GET_STORIES_NEWS]"], "predicted_tokens": ["[IN:GET_STORIES_NEWS", "[SL:NEWS_TYPE", "@ptr2", "SL:NEWS_TYPE]", "[SL:NEWS_CATEGORY", "@ptr4", "SL:NEWS_CATEGORY]", "IN:GET_STORIES_NEWS]"]}
{"loss": 0.9707315564155579, "class_log_probabilities": [-0.6320382952690125, -4.5772576332092285, -5.724997520446777, -6.35409688949585], "predictions": [39, 40, 399, 41, 56, 402, 403, 57, 42, 4], "target_tokens": ["[IN:GET_STORIES_NEWS", "[SL:NEWS_TYPE", "@ptr4", "SL:NEWS_TYPE]", "[SL:NEWS_TOPIC", "@ptr7", "@ptr8", "SL:NEWS_TOPIC]", "IN:GET_STORIES_NEWS]"], "predicted_tokens": ["[IN:GET_STORIES_NEWS", "[SL:NEWS_TYPE", "@ptr4", "SL:NEWS_TYPE]", "[SL:NEWS_TOPIC", "@ptr7", "@ptr8", "SL:NEWS_TOPIC]", "IN:GET_STORIES_NEWS]"]}
{"loss": 0.9708503484725952, "class_log_probabilities": [-0.5197909474372864, -5.8112473487854, -8.055585861206055, -8.248128890991211], "predictions": [39, 40, 397, 41, 56, 400, 401, 57, 42, 4, 4], "target_tokens": ["[IN:GET_STORIES_NEWS", "[SL:NEWS_TYPE", "@ptr2", "SL:NEWS_TYPE]", "[SL:NEWS_TOPIC", "@ptr5", "@ptr6", "SL:NEWS_TOPIC]", "IN:GET_STORIES_NEWS]"], "predicted_tokens": ["[IN:GET_STORIES_NEWS", "[SL:NEWS_TYPE", "@ptr2", "SL:NEWS_TYPE]", "[SL:NEWS_TOPIC", "@ptr5", "@ptr6", "SL:NEWS_TOPIC]", "IN:GET_STORIES_NEWS]"]}
{"loss": 2.7399165630340576, "class_log_probabilities": [-0.8706035614013672, -2.8451526165008545, -4.1509013175964355, -6.463181495666504], "predictions": [39, 40, 398, 41, 43, 400, 44, 42, 4, 4, 4, 4], "target_tokens": ["[IN:GET_STORIES_NEWS", "[SL:NEWS_CATEGORY", "@ptr4", "SL:NEWS_CATEGORY]", "[SL:NEWS_TYPE", "@ptr3", "SL:NEWS_TYPE]", "IN:GET_STORIES_NEWS]"], "predicted_tokens": ["[IN:GET_STORIES_NEWS", "[SL:NEWS_TYPE", "@ptr3", "SL:NEWS_TYPE]", "[SL:NEWS_CATEGORY", "@ptr5", "SL:NEWS_CATEGORY]", "IN:GET_STORIES_NEWS]"]}
{"loss": 0.9732539653778076, "class_log_probabilities": [-0.2790045440196991, -8.687533378601074, -8.692185401916504, -8.783432006835938], "predictions": [39, 40, 398, 41, 42, 4], "target_tokens": ["[IN:GET_STORIES_NEWS", "[SL:NEWS_TYPE", "@ptr3", "SL:NEWS_TYPE]", "IN:GET_STORIES_NEWS]"], "predicted_tokens": ["[IN:GET_STORIES_NEWS", "[SL:NEWS_TYPE", "@ptr3", "SL:NEWS_TYPE]", "IN:GET_STORIES_NEWS]"]}
{"loss": 1.2256304025650024, "class_log_probabilities": [-1.5502394437789917, -4.888307571411133, -4.961002826690674, -4.96397066116333], "predictions": [55, 56, 401, 402, 403, 404, 405, 406, 407, 408, 409, 410, 411, 412, 413, 414, 57, 58, 4, 4, 4, 4, 4, 4, 4, 4, 4, 4, 4, 4, 4], "target_tokens": ["[IN:QUESTION_NEWS", "[SL:NEWS_TOPIC", "@ptr4", "@ptr5", "@ptr6", "@ptr7", "@ptr8", "@ptr9", "@ptr10", "@ptr11", "@ptr12", "@ptr13", "@ptr14", "@ptr15", "@ptr16", "@ptr17", "@ptr18", "@ptr19", "SL:NEWS_TOPIC]", "IN:QUESTION_NEWS]"], "predicted_tokens": ["[IN:QUESTION_NEWS", "[SL:NEWS_TOPIC", "@ptr6", "@ptr7", "@ptr8", "@ptr9", "@ptr10", "@ptr11", "@ptr12", "@ptr13", "@ptr14", "@ptr15", "@ptr16", "@ptr17", "@ptr18", "@ptr19", "SL:NEWS_TOPIC]", "IN:QUESTION_NEWS]"]}
{"loss": 1.9744995832443237, "class_log_probabilities": [-0.8337786793708801, -4.1727519035339355, -5.032995223999023, -5.097578048706055], "predictions": [39, 40, 395, 41, 131, 396, 132, 42, 4], "target_tokens": ["[IN:GET_STORIES_NEWS", "[SL:NEWS_REFERENCE", "@ptr1", "SL:NEWS_REFERENCE]", "[SL:NEWS_TYPE", "@ptr0", "SL:NEWS_TYPE]", "IN:GET_STORIES_NEWS]"], "predicted_tokens": ["[IN:GET_STORIES_NEWS", "[SL:NEWS_TYPE", "@ptr0", "SL:NEWS_TYPE]", "[SL:NEWS_REFERENCE", "@ptr1", "SL:NEWS_REFERENCE]", "IN:GET_STORIES_NEWS]"]}
{"loss": 0.9805569052696228, "class_log_probabilities": [-0.398348331451416, -7.432703018188477, -7.8311262130737305, -7.945082187652588], "predictions": [39, 40, 399, 41, 133, 401, 134, 42, 4], "target_tokens": ["[IN:GET_STORIES_NEWS", "[SL:NEWS_TYPE", "@ptr4", "SL:NEWS_TYPE]", "[SL:NEWS_SOURCE", "@ptr6", "SL:NEWS_SOURCE]", "IN:GET_STORIES_NEWS]"], "predicted_tokens": ["[IN:GET_STORIES_NEWS", "[SL:NEWS_TYPE", "@ptr4", "SL:NEWS_TYPE]", "[SL:NEWS_SOURCE", "@ptr6", "SL:NEWS_SOURCE]", "IN:GET_STORIES_NEWS]"]}
{"loss": 2.691889762878418, "class_log_probabilities": [-0.6677691340446472, -4.282534122467041, -7.273539066314697, -8.20472526550293], "predictions": [39, 40, 397, 41, 56, 400, 401, 402, 403, 404, 57, 42, 4], "target_tokens": ["[IN:GET_STORIES_NEWS", "[SL:NEWS_TOPIC", "@ptr6", "@ptr7", "@ptr8", "@ptr9", "SL:NEWS_TOPIC]", "[SL:NEWS_TYPE", "@ptr2", "SL:NEWS_TYPE]", "IN:GET_STORIES_NEWS]"], "predicted_tokens": ["[IN:GET_STORIES_NEWS", "[SL:NEWS_TYPE", "@ptr2", "SL:NEWS_TYPE]", "[SL:NEWS_TOPIC", "@ptr5", "@ptr6", "@ptr7", "@ptr8", "@ptr9", "SL:NEWS_TOPIC]", "IN:GET_STORIES_NEWS]"]}
{"loss": 2.0455548763275146, "class_log_probabilities": [-0.7387325167655945, -5.598357677459717, -7.024583339691162, -7.069361686706543], "predictions": [39, 40, 399, 41, 16, 400, 401, 17, 133, 404, 405, 134, 42, 4], "target_tokens": ["[IN:GET_STORIES_NEWS", "[SL:DATE_TIME", "@ptr5", "@ptr6", "SL:DATE_TIME]", "[SL:NEWS_TYPE", "@ptr4", "SL:NEWS_TYPE]", "[SL:NEWS_SOURCE", "@ptr9", "@ptr10", "SL:NEWS_SOURCE]", "IN:GET_STORIES_NEWS]"], "predicted_tokens": ["[IN:GET_STORIES_NEWS", "[SL:NEWS_TYPE", "@ptr4", "SL:NEWS_TYPE]", "[SL:DATE_TIME", "@ptr5", "@ptr6", "SL:DATE_TIME]", "[SL:NEWS_SOURCE", "@ptr9", "@ptr10", "SL:NEWS_SOURCE]", "IN:GET_STORIES_NEWS]"]}
{"loss": 2.4872326850891113, "class_log_probabilities": [-0.48212146759033203, -7.465310096740723, -8.478630065917969, -8.587563514709473], "predictions": [39, 40, 401, 41, 16, 402, 403, 17, 42, 4], "target_tokens": ["[IN:GET_STORIES_NEWS", "[SL:DATE_TIME", "@ptr7", "@ptr8", "SL:DATE_TIME]", "[SL:NEWS_TYPE", "@ptr6", "SL:NEWS_TYPE]", "IN:GET_STORIES_NEWS]"], "predicted_tokens": ["[IN:GET_STORIES_NEWS", "[SL:NEWS_TYPE", "@ptr6", "SL:NEWS_TYPE]", "[SL:DATE_TIME", "@ptr7", "@ptr8", "SL:DATE_TIME]", "IN:GET_STORIES_NEWS]"]}
{"loss": 1.2859128713607788, "class_log_probabilities": [-1.958790898323059, -2.1404149532318115, -5.350743293762207, -6.06279182434082], "predictions": [39, 40, 400, 41, 56, 404, 405, 406, 407, 57, 42, 4, 4], "target_tokens": ["[IN:GET_STORIES_NEWS", "[SL:NEWS_TYPE", "@ptr5", "SL:NEWS_TYPE]", "[SL:NEWS_TOPIC", "@ptr8", "@ptr9", "@ptr10", "@ptr11", "@ptr12", "SL:NEWS_TOPIC]", "IN:GET_STORIES_NEWS]"], "predicted_tokens": ["[IN:GET_STORIES_NEWS", "[SL:NEWS_TYPE", "@ptr5", "SL:NEWS_TYPE]", "[SL:NEWS_TOPIC", "@ptr9", "@ptr10", "@ptr11", "@ptr12", "SL:NEWS_TOPIC]", "IN:GET_STORIES_NEWS]"]}
{"loss": 4.039449214935303, "class_log_probabilities": [-0.39675989747047424, -6.31946325302124, -6.596772193908691, -6.718592166900635], "predictions": [70, 73, 4, 4, 4, 4], "target_tokens": ["[IN:GET_STORIES_NEWS", "[SL:NEWS_TYPE", "@ptr0", "SL:NEWS_TYPE]", "IN:GET_STORIES_NEWS]"], "predicted_tokens": ["[IN:GET_CONTACT", "IN:GET_CONTACT]"]}
{"loss": 1.3183708190917969, "class_log_probabilities": [-1.251747727394104, -2.5207982063293457, -3.911747694015503, -4.066738128662109], "predictions": [39, 40, 401, 41, 40, 403, 41, 16, 404, 405, 17, 42, 4, 4, 4, 4], "target_tokens": ["[IN:GET_STORIES_NEWS", "[SL:NEWS_TYPE", "@ptr6", "SL:NEWS_TYPE]", "[SL:NEWS_TYPE", "@ptr8", "SL:NEWS_TYPE]", "IN:GET_STORIES_NEWS]"], "predicted_tokens": ["[IN:GET_STORIES_NEWS", "[SL:NEWS_TYPE", "@ptr6", "SL:NEWS_TYPE]", "[SL:NEWS_TYPE", "@ptr8", "SL:NEWS_TYPE]", "[SL:DATE_TIME", "@ptr9", "@ptr10", "SL:DATE_TIME]", "IN:GET_STORIES_NEWS]"]}
{"loss": 2.056225538253784, "class_log_probabilities": [-0.4269163906574249, -7.190474987030029, -7.396485805511475, -9.148658752441406], "predictions": [39, 40, 397, 41, 43, 398, 44, 42, 4, 4, 4], "target_tokens": ["[IN:GET_STORIES_NEWS", "[SL:NEWS_CATEGORY", "@ptr3", "SL:NEWS_CATEGORY]", "[SL:NEWS_TYPE", "@ptr2", "SL:NEWS_TYPE]", "IN:GET_STORIES_NEWS]"], "predicted_tokens": ["[IN:GET_STORIES_NEWS", "[SL:NEWS_TYPE", "@ptr2", "SL:NEWS_TYPE]", "[SL:NEWS_CATEGORY", "@ptr3", "SL:NEWS_CATEGORY]", "IN:GET_STORIES_NEWS]"]}
{"loss": 1.5584608316421509, "class_log_probabilities": [-0.746975302696228, -7.3738789558410645, -8.188509941101074, -8.709500312805176], "predictions": [39, 40, 398, 41, 56, 401, 402, 403, 57, 16, 404, 405, 406, 17, 42, 4, 4], "target_tokens": ["[IN:GET_STORIES_NEWS", "[SL:NEWS_TYPE", "@ptr3", "SL:NEWS_TYPE]", "[SL:NEWS_TOPIC", "@ptr6", "@ptr7", "@ptr8", "SL:NEWS_TOPIC]", "[SL:DATE_TIME", "@ptr10", "@ptr11", "SL:DATE_TIME]", "IN:GET_STORIES_NEWS]"], "predicted_tokens": ["[IN:GET_STORIES_NEWS", "[SL:NEWS_TYPE", "@ptr3", "SL:NEWS_TYPE]", "[SL:NEWS_TOPIC", "@ptr6", "@ptr7", "@ptr8", "SL:NEWS_TOPIC]", "[SL:DATE_TIME", "@ptr9", "@ptr10", "@ptr11", "SL:DATE_TIME]", "IN:GET_STORIES_NEWS]"]}
{"loss": 0.9746260643005371, "class_log_probabilities": [-0.7486243844032288, -7.776927947998047, -7.870124340057373, -8.407144546508789], "predictions": [39, 40, 396, 41, 56, 399, 400, 401, 402, 403, 404, 405, 406, 57, 42, 4], "target_tokens": ["[IN:GET_STORIES_NEWS", "[SL:NEWS_TYPE", "@ptr1", "SL:NEWS_TYPE]", "[SL:NEWS_TOPIC", "@ptr4", "@ptr5", "@ptr6", "@ptr7", "@ptr8", "@ptr9", "@ptr10", "@ptr11", "SL:NEWS_TOPIC]", "IN:GET_STORIES_NEWS]"], "predicted_tokens": ["[IN:GET_STORIES_NEWS", "[SL:NEWS_TYPE", "@ptr1", "SL:NEWS_TYPE]", "[SL:NEWS_TOPIC", "@ptr4", "@ptr5", "@ptr6", "@ptr7", "@ptr8", "@ptr9", "@ptr10", "@ptr11", "SL:NEWS_TOPIC]", "IN:GET_STORIES_NEWS]"]}
{"loss": 0.9765968322753906, "class_log_probabilities": [-0.3979140520095825, -8.45330810546875, -8.453568458557129, -8.538718223571777], "predictions": [39, 40, 396, 41, 56, 403, 57, 42, 4, 4, 4, 4], "target_tokens": ["[IN:GET_STORIES_NEWS", "[SL:NEWS_TYPE", "@ptr1", "SL:NEWS_TYPE]", "[SL:NEWS_TOPIC", "@ptr8", "SL:NEWS_TOPIC]", "IN:GET_STORIES_NEWS]"], "predicted_tokens": ["[IN:GET_STORIES_NEWS", "[SL:NEWS_TYPE", "@ptr1", "SL:NEWS_TYPE]", "[SL:NEWS_TOPIC", "@ptr8", "SL:NEWS_TOPIC]", "IN:GET_STORIES_NEWS]"]}
{"loss": 0.9724815487861633, "class_log_probabilities": [-0.6662957668304443, -8.292975425720215, -8.367019653320312, -8.402120590209961], "predictions": [39, 40, 396, 41, 56, 399, 400, 401, 402, 403, 404, 57, 42, 4, 4, 4, 4, 4], "target_tokens": ["[IN:GET_STORIES_NEWS", "[SL:NEWS_TYPE", "@ptr1", "SL:NEWS_TYPE]", "[SL:NEWS_TOPIC", "@ptr4", "@ptr5", "@ptr6", "@ptr7", "@ptr8", "@ptr9", "SL:NEWS_TOPIC]", "IN:GET_STORIES_NEWS]"], "predicted_tokens": ["[IN:GET_STORIES_NEWS", "[SL:NEWS_TYPE", "@ptr1", "SL:NEWS_TYPE]", "[SL:NEWS_TOPIC", "@ptr4", "@ptr5", "@ptr6", "@ptr7", "@ptr8", "@ptr9", "SL:NEWS_TOPIC]", "IN:GET_STORIES_NEWS]"]}
{"loss": 0.9662718772888184, "class_log_probabilities": [-0.5280623435974121, -8.462100982666016, -8.53469181060791, -8.554067611694336], "predictions": [89, 90, 397, 91, 16, 401, 402, 17, 92, 4], "target_tokens": ["[IN:CREATE_TIMER", "[SL:METHOD_TIMER", "@ptr2", "SL:METHOD_TIMER]", "[SL:DATE_TIME", "@ptr6", "@ptr7", "SL:DATE_TIME]", "IN:CREATE_TIMER]"], "predicted_tokens": ["[IN:CREATE_TIMER", "[SL:METHOD_TIMER", "@ptr2", "SL:METHOD_TIMER]", "[SL:DATE_TIME", "@ptr6", "@ptr7", "SL:DATE_TIME]", "IN:CREATE_TIMER]"]}
{"loss": 0.9791826009750366, "class_log_probabilities": [-0.4620228111743927, -5.385806083679199, -8.211183547973633, -8.241860389709473], "predictions": [183, 90, 397, 91, 16, 398, 399, 17, 184, 4, 4], "target_tokens": ["[IN:ADD_TIME_TIMER", "[SL:METHOD_TIMER", "@ptr2", "SL:METHOD_TIMER]", "[SL:DATE_TIME", "@ptr3", "@ptr4", "SL:DATE_TIME]", "IN:ADD_TIME_TIMER]"], "predicted_tokens": ["[IN:ADD_TIME_TIMER", "[SL:METHOD_TIMER", "@ptr2", "SL:METHOD_TIMER]", "[SL:DATE_TIME", "@ptr3", "@ptr4", "SL:DATE_TIME]", "IN:ADD_TIME_TIMER]"]}
{"loss": 0.9734262824058533, "class_log_probabilities": [-0.536267876625061, -8.219766616821289, -8.263476371765137, -8.759387016296387], "predictions": [183, 90, 397, 91, 16, 398, 399, 400, 17, 184, 4], "target_tokens": ["[IN:ADD_TIME_TIMER", "[SL:METHOD_TIMER", "@ptr2", "SL:METHOD_TIMER]", "[SL:DATE_TIME", "@ptr3", "@ptr4", "@ptr5", "SL:DATE_TIME]", "IN:ADD_TIME_TIMER]"], "predicted_tokens": ["[IN:ADD_TIME_TIMER", "[SL:METHOD_TIMER", "@ptr2", "SL:METHOD_TIMER]", "[SL:DATE_TIME", "@ptr3", "@ptr4", "@ptr5", "SL:DATE_TIME]", "IN:ADD_TIME_TIMER]"]}
{"loss": 1.525848388671875, "class_log_probabilities": [-0.8715732097625732, -6.758369445800781, -7.079616069793701, -7.144054889678955], "predictions": [89, 90, 397, 91, 16, 398, 399, 400, 17, 16, 403, 404, 405, 17, 92, 4, 4, 4, 4, 4, 4], "target_tokens": ["[IN:CREATE_TIMER", "[SL:METHOD_TIMER", "@ptr2", "SL:METHOD_TIMER]", "[SL:DATE_TIME", "@ptr3", "@ptr4", "@ptr5", "SL:DATE_TIME]", "[SL:AMOUNT", "@ptr7", "SL:AMOUNT]", "[SL:DATE_TIME", "@ptr8", "@ptr9", "@ptr10", "SL:DATE_TIME]", "IN:CREATE_TIMER]"], "predicted_tokens": ["[IN:CREATE_TIMER", "[SL:METHOD_TIMER", "@ptr2", "SL:METHOD_TIMER]", "[SL:DATE_TIME", "@ptr3", "@ptr4", "@ptr5", "SL:DATE_TIME]", "[SL:DATE_TIME", "@ptr8", "@ptr9", "@ptr10", "SL:DATE_TIME]", "IN:CREATE_TIMER]"]}
{"loss": 1.95075261592865, "class_log_probabilities": [-2.1841683387756348, -2.918520927429199, -7.92075777053833, -8.412702560424805], "predictions": [89, 90, 397, 91, 16, 398, 399, 400, 17, 20, 403, 21, 16, 406, 407, 408, 17, 92, 4, 4, 4, 4, 4, 4, 4], "target_tokens": ["[IN:CREATE_TIMER", "[SL:METHOD_TIMER", "@ptr2", "SL:METHOD_TIMER]", "[SL:DATE_TIME", "@ptr3", "@ptr4", "@ptr5", "SL:DATE_TIME]", "[SL:ORDINAL", "@ptr8", "SL:ORDINAL]", "[SL:METHOD_TIMER", "@ptr2", "SL:METHOD_TIMER]", "[SL:DATE_TIME", "@ptr10", "@ptr11", "@ptr12", "SL:DATE_TIME]", "IN:CREATE_TIMER]"], "predicted_tokens": ["[IN:CREATE_TIMER", "[SL:METHOD_TIMER", "@ptr2", "SL:METHOD_TIMER]", "[SL:DATE_TIME", "@ptr3", "@ptr4", "@ptr5", "SL:DATE_TIME]", "[SL:ORDINAL", "@ptr8", "SL:ORDINAL]", "[SL:DATE_TIME", "@ptr11", "@ptr12", "@ptr13", "SL:DATE_TIME]", "IN:CREATE_TIMER]"]}
{"loss": 3.8614501953125, "class_log_probabilities": [-1.1210315227508545, -3.7708239555358887, -4.513931751251221, -4.964649677276611], "predictions": [89, 90, 398, 399, 400, 91, 92, 4], "target_tokens": ["[IN:SUBTRACT_TIME_TIMER", "[SL:TIMER_NAME", "@ptr5", "SL:TIMER_NAME]", "[SL:METHOD_TIMER", "@ptr3", "SL:METHOD_TIMER]", "IN:SUBTRACT_TIME_TIMER]"], "predicted_tokens": ["[IN:CREATE_TIMER", "[SL:METHOD_TIMER", "@ptr3", "@ptr4", "@ptr5", "SL:METHOD_TIMER]", "IN:CREATE_TIMER]"]}
{"loss": 2.1493678092956543, "class_log_probabilities": [-0.6681201457977295, -7.465938568115234, -7.716655254364014, -7.989523887634277], "predictions": [89, 90, 399, 91, 16, 400, 401, 402, 403, 404, 17, 92, 4], "target_tokens": ["[IN:CREATE_TIMER", "[SL:DATE_TIME", "@ptr5", "@ptr6", "@ptr7", "@ptr8", "@ptr9", "SL:DATE_TIME]", "[SL:METHOD_TIMER", "@ptr4", "SL:METHOD_TIMER]", "IN:CREATE_TIMER]"], "predicted_tokens": ["[IN:CREATE_TIMER", "[SL:METHOD_TIMER", "@ptr4", "SL:METHOD_TIMER]", "[SL:DATE_TIME", "@ptr5", "@ptr6", "@ptr7", "@ptr8", "@ptr9", "SL:DATE_TIME]", "IN:CREATE_TIMER]"]}
{"loss": 1.8657828569412231, "class_log_probabilities": [-0.47136178612709045, -6.167350769042969, -6.403465270996094, -6.824100494384766], "predictions": [183, 90, 399, 91, 167, 400, 168, 184, 4], "target_tokens": ["[IN:ADD_TIME_TIMER", "[SL:TIMER_NAME", "@ptr5", "SL:TIMER_NAME]", "[SL:METHOD_TIMER", "@ptr4", "SL:METHOD_TIMER]", "IN:ADD_TIME_TIMER]"], "predicted_tokens": ["[IN:ADD_TIME_TIMER", "[SL:METHOD_TIMER", "@ptr4", "SL:METHOD_TIMER]", "[SL:TIMER_NAME", "@ptr5", "SL:TIMER_NAME]", "IN:ADD_TIME_TIMER]"]}
{"loss": 1.8042279481887817, "class_log_probabilities": [-1.8287005424499512, -3.2745301723480225, -4.505626678466797, -4.677440643310547], "predictions": [219, 16, 396, 397, 17, 90, 399, 91, 167, 402, 403, 404, 405, 406, 407, 408, 409, 168, 220, 4], "target_tokens": ["[IN:SUBTRACT_TIME_TIMER", "[SL:DATE_TIME", "@ptr1", "@ptr2", "SL:DATE_TIME]", "[SL:TIMER_NAME", "@ptr6", "@ptr7", "@ptr8", "@ptr9", "@ptr10", "@ptr11", "@ptr12", "@ptr13", "@ptr14", "SL:TIMER_NAME]", "[SL:METHOD_TIMER", "@ptr4", "SL:METHOD_TIMER]", "IN:SUBTRACT_TIME_TIMER]"], "predicted_tokens": ["[IN:SUBTRACT_TIME_TIMER", "[SL:DATE_TIME", "@ptr1", "@ptr2", "SL:DATE_TIME]", "[SL:METHOD_TIMER", "@ptr4", "SL:METHOD_TIMER]", "[SL:TIMER_NAME", "@ptr7", "@ptr8", "@ptr9", "@ptr10", "@ptr11", "@ptr12", "@ptr13", "@ptr14", "SL:TIMER_NAME]", "IN:SUBTRACT_TIME_TIMER]"]}
{"loss": 2.0004405975341797, "class_log_probabilities": [-0.8492830991744995, -2.0166680812835693, -4.353597640991211, -6.425958156585693], "predictions": [273, 90, 399, 91, 167, 401, 402, 403, 168, 274, 4], "target_tokens": ["[IN:RESUME_TIMER", "[SL:METHOD_TIMER", "@ptr4", "SL:METHOD_TIMER]", "[SL:TIMER_NAME", "@ptr6", "@ptr7", "SL:TIMER_NAME]", "IN:RESUME_TIMER]"], "predicted_tokens": ["[IN:RESTART_TIMER", "[SL:METHOD_TIMER", "@ptr4", "SL:METHOD_TIMER]", "[SL:TIMER_NAME", "@ptr6", "@ptr7", "@ptr8", "SL:TIMER_NAME]", "IN:RESTART_TIMER]"]}
{"loss": 0.9985074996948242, "class_log_probabilities": [-1.0993974208831787, -2.8535187244415283, -2.863713502883911, -4.689828872680664], "predictions": [227, 90, 397, 91, 167, 399, 400, 168, 228, 4, 4], "target_tokens": ["[IN:UPDATE_TIMER", "[SL:METHOD_TIMER", "@ptr2", "SL:METHOD_TIMER]", "[SL:TIMER_NAME", "@ptr4", "@ptr5", "SL:TIMER_NAME]", "IN:UPDATE_TIMER]"], "predicted_tokens": ["[IN:UPDATE_TIMER", "[SL:METHOD_TIMER", "@ptr2", "SL:METHOD_TIMER]", "[SL:TIMER_NAME", "@ptr4", "@ptr5", "SL:TIMER_NAME]", "IN:UPDATE_TIMER]"]}
{"loss": 0.9762184023857117, "class_log_probabilities": [-0.525573194026947, -6.549101829528809, -6.719573497772217, -6.82721471786499], "predictions": [89, 90, 398, 91, 167, 400, 401, 402, 168, 92, 4], "target_tokens": ["[IN:CREATE_TIMER", "[SL:METHOD_TIMER", "@ptr3", "SL:METHOD_TIMER]", "[SL:TIMER_NAME", "@ptr5", "@ptr6", "@ptr7", "SL:TIMER_NAME]", "IN:CREATE_TIMER]"], "predicted_tokens": ["[IN:CREATE_TIMER", "[SL:METHOD_TIMER", "@ptr3", "SL:METHOD_TIMER]", "[SL:TIMER_NAME", "@ptr5", "@ptr6", "@ptr7", "SL:TIMER_NAME]", "IN:CREATE_TIMER]"]}
{"loss": 2.54884934425354, "class_log_probabilities": [-0.5494468808174133, -7.858158588409424, -8.401220321655273, -8.749398231506348], "predictions": [89, 90, 397, 91, 16, 400, 401, 402, 17, 92, 4, 4, 4, 4, 4, 4], "target_tokens": ["[IN:CREATE_TIMER", "[SL:TIMER_NAME", "@ptr4", "SL:TIMER_NAME]", "[SL:METHOD_TIMER", "@ptr2", "SL:METHOD_TIMER]", "[SL:DATE_TIME", "@ptr5", "@ptr6", "@ptr7", "SL:DATE_TIME]", "IN:CREATE_TIMER]"], "predicted_tokens": ["[IN:CREATE_TIMER", "[SL:METHOD_TIMER", "@ptr2", "SL:METHOD_TIMER]", "[SL:DATE_TIME", "@ptr5", "@ptr6", "@ptr7", "SL:DATE_TIME]", "IN:CREATE_TIMER]"]}
{"loss": 2.2939202785491943, "class_log_probabilities": [-0.6790794134140015, -5.796811103820801, -6.2483930587768555, -6.8578290939331055], "predictions": [89, 90, 397, 91, 167, 400, 401, 402, 168, 92, 4, 4], "target_tokens": ["[IN:CREATE_TIMER", "[SL:TIMER_NAME", "@ptr5", "@ptr6", "@ptr7", "SL:TIMER_NAME]", "[SL:METHOD_TIMER", "@ptr2", "SL:METHOD_TIMER]", "IN:CREATE_TIMER]"], "predicted_tokens": ["[IN:CREATE_TIMER", "[SL:METHOD_TIMER", "@ptr2", "SL:METHOD_TIMER]", "[SL:TIMER_NAME", "@ptr5", "@ptr6", "@ptr7", "SL:TIMER_NAME]", "IN:CREATE_TIMER]"]}
{"loss": 4.266467571258545, "class_log_probabilities": [-0.29066213965415955, -6.663366794586182, -7.004874229431152, -7.625998497009277], "predictions": [227, 90, 397, 91, 228, 4, 4, 4, 4], "target_tokens": ["[IN:UPDATE_TIMER", "[SL:TIMER_NAME", "@ptr5", "SL:TIMER_NAME]", "[SL:DATE_TIME", "@ptr2", "SL:DATE_TIME]", "IN:UPDATE_TIMER]"], "predicted_tokens": ["[IN:UPDATE_TIMER", "[SL:METHOD_TIMER", "@ptr2", "SL:METHOD_TIMER]", "IN:UPDATE_TIMER]"]}
{"loss": 1.5316978693008423, "class_log_probabilities": [-0.9046275019645691, -4.512869834899902, -5.737183094024658, -6.394442081451416], "predictions": [183, 16, 396, 397, 17, 90, 401, 91, 167, 403, 404, 168, 184, 4, 4, 4, 4], "target_tokens": ["[IN:ADD_TIME_TIMER", "[SL:DATE_TIME", "@ptr1", "@ptr2", "SL:DATE_TIME]", "[SL:TIMER_NAME", "@ptr8", "@ptr9", "SL:TIMER_NAME]", "[SL:METHOD_TIMER", "@ptr6", "SL:METHOD_TIMER]", "IN:ADD_TIME_TIMER]"], "predicted_tokens": ["[IN:ADD_TIME_TIMER", "[SL:DATE_TIME", "@ptr1", "@ptr2", "SL:DATE_TIME]", "[SL:METHOD_TIMER", "@ptr6", "SL:METHOD_TIMER]", "[SL:TIMER_NAME", "@ptr8", "@ptr9", "SL:TIMER_NAME]", "IN:ADD_TIME_TIMER]"]}
{"loss": 3.7119174003601074, "class_log_probabilities": [-0.4765487313270569, -7.992021560668945, -8.1516695022583, -8.201443672180176], "predictions": [89, 90, 397, 91, 16, 398, 399, 17, 92, 4], "target_tokens": ["[IN:CREATE_TIMER", "[SL:DATE_TIME", "@ptr2", "SL:DATE_TIME]", "[SL:METHOD_TIMER", "@ptr3", "@ptr4", "SL:METHOD_TIMER]", "IN:CREATE_TIMER]"], "predicted_tokens": ["[IN:CREATE_TIMER", "[SL:METHOD_TIMER", "@ptr2", "SL:METHOD_TIMER]", "[SL:DATE_TIME", "@ptr3", "@ptr4", "SL:DATE_TIME]", "IN:CREATE_TIMER]"]}
{"loss": 3.8508942127227783, "class_log_probabilities": [-0.39927971363067627, -5.7964863777160645, -7.120469093322754, -7.139364242553711], "predictions": [259, 16, 396, 397, 17, 260, 4], "target_tokens": ["[IN:SUBTRACT_TIME_TIMER", "[SL:DATE_TIME", "@ptr1", "@ptr2", "SL:DATE_TIME]", "[SL:METHOD_TIMER", "@ptr5", "SL:METHOD_TIMER]", "IN:SUBTRACT_TIME_TIMER]"], "predicted_tokens": ["[IN:UPDATE_ALARM", "[SL:DATE_TIME", "@ptr1", "@ptr2", "SL:DATE_TIME]", "IN:UPDATE_ALARM]"]}
{"loss": 1.0472840070724487, "class_log_probabilities": [-1.3802539110183716, -1.938705563545227, -2.901582717895508, -3.6031887531280518], "predictions": [89, 90, 399, 91, 16, 401, 402, 403, 404, 17, 92, 4, 4, 4], "target_tokens": ["[IN:CREATE_TIMER", "[SL:METHOD_TIMER", "@ptr4", "SL:METHOD_TIMER]", "[SL:DATE_TIME", "@ptr5", "@ptr6", "@ptr7", "@ptr8", "@ptr9", "SL:DATE_TIME]", "IN:CREATE_TIMER]"], "predicted_tokens": ["[IN:CREATE_TIMER", "[SL:METHOD_TIMER", "@ptr4", "SL:METHOD_TIMER]", "[SL:DATE_TIME", "@ptr6", "@ptr7", "@ptr8", "@ptr9", "SL:DATE_TIME]", "IN:CREATE_TIMER]"]}
{"loss": 0.9691793322563171, "class_log_probabilities": [-0.30336663126945496, -7.963680267333984, -8.15365982055664, -8.156822204589844], "predictions": [89, 90, 398, 91, 92, 4], "target_tokens": ["[IN:CREATE_TIMER", "[SL:METHOD_TIMER", "@ptr3", "SL:METHOD_TIMER]", "IN:CREATE_TIMER]"], "predicted_tokens": ["[IN:CREATE_TIMER", "[SL:METHOD_TIMER", "@ptr3", "SL:METHOD_TIMER]", "IN:CREATE_TIMER]"]}
{"loss": 0.9705877304077148, "class_log_probabilities": [-0.5319772958755493, -7.9275407791137695, -8.24040412902832, -8.740317344665527], "predictions": [89, 90, 397, 91, 16, 400, 401, 402, 17, 92, 4, 4, 4, 4, 4, 4], "target_tokens": ["[IN:CREATE_TIMER", "[SL:METHOD_TIMER", "@ptr2", "SL:METHOD_TIMER]", "[SL:DATE_TIME", "@ptr5", "@ptr6", "@ptr7", "SL:DATE_TIME]", "IN:CREATE_TIMER]"], "predicted_tokens": ["[IN:CREATE_TIMER", "[SL:METHOD_TIMER", "@ptr2", "SL:METHOD_TIMER]", "[SL:DATE_TIME", "@ptr5", "@ptr6", "@ptr7", "SL:DATE_TIME]", "IN:CREATE_TIMER]"]}
{"loss": 1.6420091390609741, "class_log_probabilities": [-0.8083458542823792, -3.8063368797302246, -7.040030479431152, -7.383391857147217], "predictions": [183, 16, 396, 397, 17, 90, 399, 91, 16, 401, 402, 17, 184, 4, 4], "target_tokens": ["[IN:ADD_TIME_TIMER", "[SL:DATE_TIME", "@ptr1", "@ptr2", "SL:DATE_TIME]", "[SL:METHOD_TIMER", "@ptr4", "SL:METHOD_TIMER]", "IN:ADD_TIME_TIMER]"], "predicted_tokens": ["[IN:ADD_TIME_TIMER", "[SL:DATE_TIME", "@ptr1", "@ptr2", "SL:DATE_TIME]", "[SL:METHOD_TIMER", "@ptr4", "SL:METHOD_TIMER]", "[SL:DATE_TIME", "@ptr6", "@ptr7", "SL:DATE_TIME]", "IN:ADD_TIME_TIMER]"]}
{"loss": 0.9728450775146484, "class_log_probabilities": [-0.15373216569423676, -7.809353351593018, -7.89810848236084, -7.919802665710449], "predictions": [115, 116, 4, 4, 4, 4], "target_tokens": ["[IN:GET_TIMER", "IN:GET_TIMER]"], "predicted_tokens": ["[IN:GET_TIMER", "IN:GET_TIMER]"]}
{"loss": 2.761394500732422, "class_log_probabilities": [-0.15165168046951294, -6.839996337890625, -7.905284404754639, -8.068922996520996], "predictions": [115, 116, 4], "target_tokens": ["[IN:GET_TIMER", "[SL:METHOD_TIMER", "@ptr3", "SL:METHOD_TIMER]", "IN:GET_TIMER]"], "predicted_tokens": ["[IN:GET_TIMER", "IN:GET_TIMER]"]}
{"loss": 5.549858093261719, "class_log_probabilities": [-0.6310930252075195, -4.322861671447754, -5.808890342712402, -5.919740676879883], "predictions": [27, 113, 399, 114, 30, 4], "target_tokens": ["[IN:RESTART_TIMER", "[SL:METHOD_TIMER", "@ptr2", "SL:METHOD_TIMER]", "IN:RESTART_TIMER]"], "predicted_tokens": ["[IN:GET_INFO_RECIPES", "[SL:RECIPES_COOKING_METHOD", "@ptr4", "SL:RECIPES_COOKING_METHOD]", "IN:GET_INFO_RECIPES]"]}
{"loss": 1.4051671028137207, "class_log_probabilities": [-0.8634787797927856, -3.032346487045288, -4.835115432739258, -5.430558204650879], "predictions": [89, 90, 396, 91, 16, 401, 402, 17, 92, 4, 4], "target_tokens": ["[IN:CREATE_TIMER", "[SL:METHOD_TIMER", "@ptr1", "SL:METHOD_TIMER]", "[SL:DATE_TIME", "@ptr5", "@ptr6", "@ptr7", "SL:DATE_TIME]", "IN:CREATE_TIMER]"], "predicted_tokens": ["[IN:CREATE_TIMER", "[SL:METHOD_TIMER", "@ptr1", "SL:METHOD_TIMER]", "[SL:DATE_TIME", "@ptr6", "@ptr7", "SL:DATE_TIME]", "IN:CREATE_TIMER]"]}
{"loss": 2.0858538150787354, "class_log_probabilities": [-0.5204278826713562, -7.923976421356201, -8.128448486328125, -8.190195083618164], "predictions": [89, 16, 396, 397, 17, 90, 400, 91, 92, 4], "target_tokens": ["[IN:CREATE_TIMER", "[SL:METHOD_TIMER", "@ptr5", "SL:METHOD_TIMER]", "[SL:DATE_TIME", "@ptr1", "@ptr2", "SL:DATE_TIME]", "IN:CREATE_TIMER]"], "predicted_tokens": ["[IN:CREATE_TIMER", "[SL:DATE_TIME", "@ptr1", "@ptr2", "SL:DATE_TIME]", "[SL:METHOD_TIMER", "@ptr5", "SL:METHOD_TIMER]", "IN:CREATE_TIMER]"]}
{"loss": 0.9766352772712708, "class_log_probabilities": [-0.4722742736339569, -7.9785661697387695, -8.559917449951172, -8.605976104736328], "predictions": [183, 16, 398, 399, 17, 90, 401, 91, 184, 4], "target_tokens": ["[IN:ADD_TIME_TIMER", "[SL:DATE_TIME", "@ptr3", "@ptr4", "SL:DATE_TIME]", "[SL:METHOD_TIMER", "@ptr6", "SL:METHOD_TIMER]", "IN:ADD_TIME_TIMER]"], "predicted_tokens": ["[IN:ADD_TIME_TIMER", "[SL:DATE_TIME", "@ptr3", "@ptr4", "SL:DATE_TIME]", "[SL:METHOD_TIMER", "@ptr6", "SL:METHOD_TIMER]", "IN:ADD_TIME_TIMER]"]}
{"loss": 0.9702326059341431, "class_log_probabilities": [-0.5394317507743835, -6.830315113067627, -6.976607322692871, -7.032445907592773], "predictions": [219, 16, 396, 397, 17, 90, 399, 91, 220, 4], "target_tokens": ["[IN:SUBTRACT_TIME_TIMER", "[SL:DATE_TIME", "@ptr1", "@ptr2", "SL:DATE_TIME]", "[SL:METHOD_TIMER", "@ptr4", "SL:METHOD_TIMER]", "IN:SUBTRACT_TIME_TIMER]"], "predicted_tokens": ["[IN:SUBTRACT_TIME_TIMER", "[SL:DATE_TIME", "@ptr1", "@ptr2", "SL:DATE_TIME]", "[SL:METHOD_TIMER", "@ptr4", "SL:METHOD_TIMER]", "IN:SUBTRACT_TIME_TIMER]"]}
{"loss": 0.9726621508598328, "class_log_probabilities": [-0.5044236779212952, -7.7894062995910645, -8.174009323120117, -8.227082252502441], "predictions": [183, 16, 396, 397, 17, 90, 399, 91, 184, 4], "target_tokens": ["[IN:ADD_TIME_TIMER", "[SL:DATE_TIME", "@ptr1", "@ptr2", "SL:DATE_TIME]", "[SL:METHOD_TIMER", "@ptr4", "SL:METHOD_TIMER]", "IN:ADD_TIME_TIMER]"], "predicted_tokens": ["[IN:ADD_TIME_TIMER", "[SL:DATE_TIME", "@ptr1", "@ptr2", "SL:DATE_TIME]", "[SL:METHOD_TIMER", "@ptr4", "SL:METHOD_TIMER]", "IN:ADD_TIME_TIMER]"]}
{"loss": 0.9668598175048828, "class_log_probabilities": [-0.5650769472122192, -8.460680961608887, -8.555902481079102, -8.69931697845459], "predictions": [89, 90, 397, 91, 16, 398, 399, 400, 17, 92, 4], "target_tokens": ["[IN:CREATE_TIMER", "[SL:METHOD_TIMER", "@ptr2", "SL:METHOD_TIMER]", "[SL:DATE_TIME", "@ptr3", "@ptr4", "@ptr5", "SL:DATE_TIME]", "IN:CREATE_TIMER]"], "predicted_tokens": ["[IN:CREATE_TIMER", "[SL:METHOD_TIMER", "@ptr2", "SL:METHOD_TIMER]", "[SL:DATE_TIME", "@ptr3", "@ptr4", "@ptr5", "SL:DATE_TIME]", "IN:CREATE_TIMER]"]}
{"loss": 0.9746768474578857, "class_log_probabilities": [-0.42734038829803467, -7.623597621917725, -7.983898162841797, -8.099588394165039], "predictions": [89, 20, 397, 21, 90, 398, 91, 92, 4, 4, 4], "target_tokens": ["[IN:CREATE_TIMER", "[SL:ORDINAL", "@ptr2", "SL:ORDINAL]", "[SL:METHOD_TIMER", "@ptr3", "SL:METHOD_TIMER]", "IN:CREATE_TIMER]"], "predicted_tokens": ["[IN:CREATE_TIMER", "[SL:ORDINAL", "@ptr2", "SL:ORDINAL]", "[SL:METHOD_TIMER", "@ptr3", "SL:METHOD_TIMER]", "IN:CREATE_TIMER]"]}
{"loss": 1.7053673267364502, "class_log_probabilities": [-0.49330705404281616, -7.751297950744629, -8.091331481933594, -8.121987342834473], "predictions": [183, 16, 396, 397, 17, 90, 400, 91, 184, 4], "target_tokens": ["[IN:ADD_TIME_TIMER", "[SL:DATE_TIME", "@ptr1", "@ptr2", "@ptr3", "SL:DATE_TIME]", "[SL:METHOD_TIMER", "@ptr5", "SL:METHOD_TIMER]", "IN:ADD_TIME_TIMER]"], "predicted_tokens": ["[IN:ADD_TIME_TIMER", "[SL:DATE_TIME", "@ptr1", "@ptr2", "SL:DATE_TIME]", "[SL:METHOD_TIMER", "@ptr5", "SL:METHOD_TIMER]", "IN:ADD_TIME_TIMER]"]}
{"loss": 1.758840560913086, "class_log_probabilities": [-0.7415932416915894, -3.993114948272705, -4.595909118652344, -4.923069000244141], "predictions": [275, 90, 399, 91, 16, 400, 401, 402, 17, 276, 4], "target_tokens": ["[IN:CREATE_TIMER", "[SL:METHOD_TIMER", "@ptr4", "SL:METHOD_TIMER]", "[SL:DATE_TIME", "@ptr5", "@ptr6", "@ptr7", "SL:DATE_TIME]", "IN:CREATE_TIMER]"], "predicted_tokens": ["[IN:RESUME_TIMER", "[SL:METHOD_TIMER", "@ptr4", "SL:METHOD_TIMER]", "[SL:DATE_TIME", "@ptr5", "@ptr6", "@ptr7", "SL:DATE_TIME]", "IN:RESUME_TIMER]"]}
{"loss": 0.9666192531585693, "class_log_probabilities": [-0.5688875913619995, -8.488581657409668, -8.583341598510742, -8.836706161499023], "predictions": [89, 90, 397, 91, 16, 398, 399, 400, 17, 92, 4], "target_tokens": ["[IN:CREATE_TIMER", "[SL:METHOD_TIMER", "@ptr2", "SL:METHOD_TIMER]", "[SL:DATE_TIME", "@ptr3", "@ptr4", "@ptr5", "SL:DATE_TIME]", "IN:CREATE_TIMER]"], "predicted_tokens": ["[IN:CREATE_TIMER", "[SL:METHOD_TIMER", "@ptr2", "SL:METHOD_TIMER]", "[SL:DATE_TIME", "@ptr3", "@ptr4", "@ptr5", "SL:DATE_TIME]", "IN:CREATE_TIMER]"]}
{"loss": 0.9823620319366455, "class_log_probabilities": [-0.9484230279922485, -2.4244813919067383, -7.8419413566589355, -7.913876056671143], "predictions": [89, 90, 399, 91, 16, 402, 403, 404, 17, 92, 4, 4], "target_tokens": ["[IN:CREATE_TIMER", "[SL:METHOD_TIMER", "@ptr4", "SL:METHOD_TIMER]", "[SL:DATE_TIME", "@ptr7", "@ptr8", "@ptr9", "SL:DATE_TIME]", "IN:CREATE_TIMER]"], "predicted_tokens": ["[IN:CREATE_TIMER", "[SL:METHOD_TIMER", "@ptr4", "SL:METHOD_TIMER]", "[SL:DATE_TIME", "@ptr7", "@ptr8", "@ptr9", "SL:DATE_TIME]", "IN:CREATE_TIMER]"]}
{"loss": 3.115253210067749, "class_log_probabilities": [-0.30335643887519836, -7.307426452636719, -8.005729675292969, -8.4949369430542], "predictions": [115, 90, 396, 91, 116, 4, 4, 4, 4], "target_tokens": ["[IN:GET_TIMER", "IN:GET_TIMER]"], "predicted_tokens": ["[IN:GET_TIMER", "[SL:METHOD_TIMER", "@ptr1", "SL:METHOD_TIMER]", "IN:GET_TIMER]"]}
{"loss": 2.3630855083465576, "class_log_probabilities": [-1.4080530405044556, -1.7863035202026367, -3.521336317062378, -4.660139560699463], "predictions": [255, 90, 396, 91, 20, 399, 21, 256, 4], "target_tokens": ["[IN:PAUSE_TIMER", "[SL:ORDINAL", "@ptr4", "SL:ORDINAL]", "IN:PAUSE_TIMER]"], "predicted_tokens": ["[IN:PAUSE_TIMER", "[SL:METHOD_TIMER", "@ptr1", "SL:METHOD_TIMER]", "[SL:ORDINAL", "@ptr4", "SL:ORDINAL]", "IN:PAUSE_TIMER]"]}
{"loss": 0.969883918762207, "class_log_probabilities": [-0.29957830905914307, -8.293144226074219, -8.319198608398438, -8.904048919677734], "predictions": [89, 90, 398, 91, 92, 4, 4], "target_tokens": ["[IN:CREATE_TIMER", "[SL:METHOD_TIMER", "@ptr3", "SL:METHOD_TIMER]", "IN:CREATE_TIMER]"], "predicted_tokens": ["[IN:CREATE_TIMER", "[SL:METHOD_TIMER", "@ptr3", "SL:METHOD_TIMER]", "IN:CREATE_TIMER]"]}
{"loss": 0.9700472354888916, "class_log_probabilities": [-0.30287161469459534, -7.619340419769287, -7.896737575531006, -7.942653179168701], "predictions": [89, 90, 396, 91, 92, 4], "target_tokens": ["[IN:CREATE_TIMER", "[SL:METHOD_TIMER", "@ptr1", "SL:METHOD_TIMER]", "IN:CREATE_TIMER]"], "predicted_tokens": ["[IN:CREATE_TIMER", "[SL:METHOD_TIMER", "@ptr1", "SL:METHOD_TIMER]", "IN:CREATE_TIMER]"]}
{"loss": 0.9875823855400085, "class_log_probabilities": [-0.9051944613456726, -2.622398853302002, -4.583349704742432, -7.282922744750977], "predictions": [89, 16, 400, 401, 402, 17, 90, 405, 91, 92, 4], "target_tokens": ["[IN:CREATE_TIMER", "[SL:DATE_TIME", "@ptr5", "@ptr6", "@ptr7", "SL:DATE_TIME]", "[SL:METHOD_TIMER", "@ptr10", "SL:METHOD_TIMER]", "IN:CREATE_TIMER]"], "predicted_tokens": ["[IN:CREATE_TIMER", "[SL:DATE_TIME", "@ptr5", "@ptr6", "@ptr7", "SL:DATE_TIME]", "[SL:METHOD_TIMER", "@ptr10", "SL:METHOD_TIMER]", "IN:CREATE_TIMER]"]}
{"loss": 0.9726478457450867, "class_log_probabilities": [-0.285505473613739, -8.134288787841797, -8.511531829833984, -8.545968055725098], "predictions": [115, 90, 405, 91, 116, 4, 4], "target_tokens": ["[IN:GET_TIMER", "[SL:METHOD_TIMER", "@ptr10", "SL:METHOD_TIMER]", "IN:GET_TIMER]"], "predicted_tokens": ["[IN:GET_TIMER", "[SL:METHOD_TIMER", "@ptr10", "SL:METHOD_TIMER]", "IN:GET_TIMER]"]}
{"loss": 1.339937448501587, "class_log_probabilities": [-2.596799850463867, -2.7279508113861084, -2.75347638130188, -4.4596781730651855], "predictions": [115, 90, 400, 91, 116, 4, 4, 4, 4, 4], "target_tokens": ["[IN:GET_TIMER", "[SL:METHOD_TIMER", "@ptr5", "SL:METHOD_TIMER]", "[SL:ORDINAL", "@ptr7", "SL:ORDINAL]", "IN:GET_TIMER]"], "predicted_tokens": ["[IN:GET_TIMER", "[SL:METHOD_TIMER", "@ptr5", "SL:METHOD_TIMER]", "IN:GET_TIMER]"]}
{"loss": 1.683209776878357, "class_log_probabilities": [-0.6761601567268372, -7.276238918304443, -7.752135753631592, -7.893589973449707], "predictions": [227, 90, 397, 91, 16, 398, 399, 400, 401, 402, 403, 17, 228, 4], "target_tokens": ["[IN:CREATE_TIMER", "[SL:METHOD_TIMER", "@ptr2", "SL:METHOD_TIMER]", "[SL:DATE_TIME", "@ptr3", "@ptr4", "@ptr5", "@ptr6", "@ptr7", "@ptr8", "SL:DATE_TIME]", "IN:CREATE_TIMER]"], "predicted_tokens": ["[IN:UPDATE_TIMER", "[SL:METHOD_TIMER", "@ptr2", "SL:METHOD_TIMER]", "[SL:DATE_TIME", "@ptr3", "@ptr4", "@ptr5", "@ptr6", "@ptr7", "@ptr8", "SL:DATE_TIME]", "IN:UPDATE_TIMER]"]}
{"loss": 2.771409273147583, "class_log_probabilities": [-0.3190917670726776, -6.895939350128174, -7.059232711791992, -7.546505928039551], "predictions": [225, 90, 397, 91, 226, 4], "target_tokens": ["[IN:PAUSE_TIMER", "[SL:METHOD_TIMER", "@ptr2", "SL:METHOD_TIMER]", "IN:PAUSE_TIMER]"], "predicted_tokens": ["[IN:DELETE_TIMER", "[SL:METHOD_TIMER", "@ptr2", "SL:METHOD_TIMER]", "IN:DELETE_TIMER]"]}
{"loss": 0.971231997013092, "class_log_probabilities": [-0.2924292981624603, -8.228771209716797, -8.251999855041504, -8.444108009338379], "predictions": [115, 90, 404, 91, 116, 4, 4], "target_tokens": ["[IN:GET_TIMER", "[SL:METHOD_TIMER", "@ptr9", "SL:METHOD_TIMER]", "IN:GET_TIMER]"], "predicted_tokens": ["[IN:GET_TIMER", "[SL:METHOD_TIMER", "@ptr9", "SL:METHOD_TIMER]", "IN:GET_TIMER]"]}
{"loss": 0.9663248062133789, "class_log_probabilities": [-0.3146997094154358, -7.704472064971924, -7.882888317108154, -8.092698097229004], "predictions": [115, 90, 397, 91, 116, 4], "target_tokens": ["[IN:GET_TIMER", "[SL:METHOD_TIMER", "@ptr2", "SL:METHOD_TIMER]", "IN:GET_TIMER]"], "predicted_tokens": ["[IN:GET_TIMER", "[SL:METHOD_TIMER", "@ptr2", "SL:METHOD_TIMER]", "IN:GET_TIMER]"]}
{"loss": 0.9784342646598816, "class_log_probabilities": [-0.4758484661579132, -7.818789958953857, -8.076088905334473, -8.261483192443848], "predictions": [219, 16, 396, 397, 17, 90, 400, 91, 220, 4, 4], "target_tokens": ["[IN:SUBTRACT_TIME_TIMER", "[SL:DATE_TIME", "@ptr1", "@ptr2", "SL:DATE_TIME]", "[SL:METHOD_TIMER", "@ptr5", "SL:METHOD_TIMER]", "IN:SUBTRACT_TIME_TIMER]"], "predicted_tokens": ["[IN:SUBTRACT_TIME_TIMER", "[SL:DATE_TIME", "@ptr1", "@ptr2", "SL:DATE_TIME]", "[SL:METHOD_TIMER", "@ptr5", "SL:METHOD_TIMER]", "IN:SUBTRACT_TIME_TIMER]"]}
{"loss": 2.2464256286621094, "class_log_probabilities": [-0.4812769889831543, -6.749545574188232, -6.805999755859375, -7.412139892578125], "predictions": [89, 90, 397, 91, 167, 399, 168, 92, 4, 4], "target_tokens": ["[IN:CREATE_TIMER", "[SL:TIMER_NAME", "@ptr4", "SL:TIMER_NAME]", "[SL:METHOD_TIMER", "@ptr2", "SL:METHOD_TIMER]", "IN:CREATE_TIMER]"], "predicted_tokens": ["[IN:CREATE_TIMER", "[SL:METHOD_TIMER", "@ptr2", "SL:METHOD_TIMER]", "[SL:TIMER_NAME", "@ptr4", "SL:TIMER_NAME]", "IN:CREATE_TIMER]"]}
{"loss": 0.9711034893989563, "class_log_probabilities": [-0.5280578136444092, -7.956669330596924, -8.22368049621582, -8.372063636779785], "predictions": [89, 90, 400, 91, 16, 401, 402, 403, 17, 92, 4], "target_tokens": ["[IN:CREATE_TIMER", "[SL:METHOD_TIMER", "@ptr5", "SL:METHOD_TIMER]", "[SL:DATE_TIME", "@ptr6", "@ptr7", "@ptr8", "SL:DATE_TIME]", "IN:CREATE_TIMER]"], "predicted_tokens": ["[IN:CREATE_TIMER", "[SL:METHOD_TIMER", "@ptr5", "SL:METHOD_TIMER]", "[SL:DATE_TIME", "@ptr6", "@ptr7", "@ptr8", "SL:DATE_TIME]", "IN:CREATE_TIMER]"]}
{"loss": 0.9673555493354797, "class_log_probabilities": [-0.6295536756515503, -5.087825298309326, -6.263367652893066, -7.129580497741699], "predictions": [89, 90, 397, 91, 16, 398, 399, 400, 17, 92, 4, 4], "target_tokens": ["[IN:CREATE_TIMER", "[SL:METHOD_TIMER", "@ptr2", "SL:METHOD_TIMER]", "[SL:DATE_TIME", "@ptr3", "@ptr4", "@ptr5", "SL:DATE_TIME]", "IN:CREATE_TIMER]"], "predicted_tokens": ["[IN:CREATE_TIMER", "[SL:METHOD_TIMER", "@ptr2", "SL:METHOD_TIMER]", "[SL:DATE_TIME", "@ptr3", "@ptr4", "@ptr5", "SL:DATE_TIME]", "IN:CREATE_TIMER]"]}
{"loss": 1.1582108736038208, "class_log_probabilities": [-0.7446914911270142, -3.0583856105804443, -3.4464974403381348, -5.491742134094238], "predictions": [89, 90, 397, 91, 16, 399, 400, 17, 92, 4, 4, 4], "target_tokens": ["[IN:CREATE_TIMER", "[SL:METHOD_TIMER", "@ptr2", "SL:METHOD_TIMER]", "[SL:DATE_TIME", "@ptr3", "@ptr4", "@ptr5", "SL:DATE_TIME]", "IN:CREATE_TIMER]"], "predicted_tokens": ["[IN:CREATE_TIMER", "[SL:METHOD_TIMER", "@ptr2", "SL:METHOD_TIMER]", "[SL:DATE_TIME", "@ptr4", "@ptr5", "SL:DATE_TIME]", "IN:CREATE_TIMER]"]}
{"loss": 0.969547688961029, "class_log_probabilities": [-0.3030945658683777, -8.002618789672852, -8.363517761230469, -8.481168746948242], "predictions": [115, 90, 397, 91, 116, 4], "target_tokens": ["[IN:GET_TIMER", "[SL:METHOD_TIMER", "@ptr2", "SL:METHOD_TIMER]", "IN:GET_TIMER]"], "predicted_tokens": ["[IN:GET_TIMER", "[SL:METHOD_TIMER", "@ptr2", "SL:METHOD_TIMER]", "IN:GET_TIMER]"]}
{"loss": 0.9670186638832092, "class_log_probabilities": [-0.5741758346557617, -7.372705936431885, -7.483824253082275, -8.14602279663086], "predictions": [89, 90, 397, 91, 16, 398, 399, 400, 17, 92, 4, 4], "target_tokens": ["[IN:CREATE_TIMER", "[SL:METHOD_TIMER", "@ptr2", "SL:METHOD_TIMER]", "[SL:DATE_TIME", "@ptr3", "@ptr4", "@ptr5", "SL:DATE_TIME]", "IN:CREATE_TIMER]"], "predicted_tokens": ["[IN:CREATE_TIMER", "[SL:METHOD_TIMER", "@ptr2", "SL:METHOD_TIMER]", "[SL:DATE_TIME", "@ptr3", "@ptr4", "@ptr5", "SL:DATE_TIME]", "IN:CREATE_TIMER]"]}
{"loss": 0.9766085147857666, "class_log_probabilities": [-0.29824501276016235, -7.491777420043945, -7.8192973136901855, -8.293899536132812], "predictions": [273, 90, 398, 91, 274, 4, 4], "target_tokens": ["[IN:RESTART_TIMER", "[SL:METHOD_TIMER", "@ptr3", "SL:METHOD_TIMER]", "IN:RESTART_TIMER]"], "predicted_tokens": ["[IN:RESTART_TIMER", "[SL:METHOD_TIMER", "@ptr3", "SL:METHOD_TIMER]", "IN:RESTART_TIMER]"]}
{"loss": 0.9696375727653503, "class_log_probabilities": [-0.4926382303237915, -6.398098468780518, -6.8154778480529785, -6.827423095703125], "predictions": [115, 20, 401, 21, 90, 402, 91, 116, 4], "target_tokens": ["[IN:GET_TIMER", "[SL:ORDINAL", "@ptr6", "SL:ORDINAL]", "[SL:METHOD_TIMER", "@ptr7", "SL:METHOD_TIMER]", "IN:GET_TIMER]"], "predicted_tokens": ["[IN:GET_TIMER", "[SL:ORDINAL", "@ptr6", "SL:ORDINAL]", "[SL:METHOD_TIMER", "@ptr7", "SL:METHOD_TIMER]", "IN:GET_TIMER]"]}
{"loss": 0.9759659767150879, "class_log_probabilities": [-0.2826646566390991, -7.949664115905762, -8.20068073272705, -8.202652931213379], "predictions": [255, 90, 397, 91, 256, 4], "target_tokens": ["[IN:PAUSE_TIMER", "[SL:METHOD_TIMER", "@ptr2", "SL:METHOD_TIMER]", "IN:PAUSE_TIMER]"], "predicted_tokens": ["[IN:PAUSE_TIMER", "[SL:METHOD_TIMER", "@ptr2", "SL:METHOD_TIMER]", "IN:PAUSE_TIMER]"]}
{"loss": 0.9700548052787781, "class_log_probabilities": [-0.29802626371383667, -7.550929069519043, -8.440739631652832, -8.452159881591797], "predictions": [115, 90, 397, 91, 116, 4, 4, 4, 4], "target_tokens": ["[IN:GET_TIMER", "[SL:METHOD_TIMER", "@ptr2", "SL:METHOD_TIMER]", "IN:GET_TIMER]"], "predicted_tokens": ["[IN:GET_TIMER", "[SL:METHOD_TIMER", "@ptr2", "SL:METHOD_TIMER]", "IN:GET_TIMER]"]}
{"loss": 0.960586428642273, "class_log_probabilities": [-0.761836588382721, -6.955576419830322, -7.805382251739502, -8.031005859375], "predictions": [89, 90, 398, 91, 16, 399, 400, 401, 402, 403, 17, 92, 4, 4], "target_tokens": ["[IN:CREATE_TIMER", "[SL:METHOD_TIMER", "@ptr3", "SL:METHOD_TIMER]", "[SL:DATE_TIME", "@ptr4", "@ptr5", "@ptr6", "@ptr7", "@ptr8", "SL:DATE_TIME]", "IN:CREATE_TIMER]"], "predicted_tokens": ["[IN:CREATE_TIMER", "[SL:METHOD_TIMER", "@ptr3", "SL:METHOD_TIMER]", "[SL:DATE_TIME", "@ptr4", "@ptr5", "@ptr6", "@ptr7", "@ptr8", "SL:DATE_TIME]", "IN:CREATE_TIMER]"]}
{"loss": 0.9677430987358093, "class_log_probabilities": [-0.5852060914039612, -6.248993873596191, -6.40727424621582, -6.480459690093994], "predictions": [89, 90, 397, 91, 16, 398, 399, 400, 17, 92, 4], "target_tokens": ["[IN:CREATE_TIMER", "[SL:METHOD_TIMER", "@ptr2", "SL:METHOD_TIMER]", "[SL:DATE_TIME", "@ptr3", "@ptr4", "@ptr5", "SL:DATE_TIME]", "IN:CREATE_TIMER]"], "predicted_tokens": ["[IN:CREATE_TIMER", "[SL:METHOD_TIMER", "@ptr2", "SL:METHOD_TIMER]", "[SL:DATE_TIME", "@ptr3", "@ptr4", "@ptr5", "SL:DATE_TIME]", "IN:CREATE_TIMER]"]}
{"loss": 0.9701072573661804, "class_log_probabilities": [-0.3769513964653015, -4.274810791015625, -6.018080234527588, -6.6050238609313965], "predictions": [115, 90, 401, 91, 116, 4], "target_tokens": ["[IN:GET_TIMER", "[SL:METHOD_TIMER", "@ptr6", "SL:METHOD_TIMER]", "IN:GET_TIMER]"], "predicted_tokens": ["[IN:GET_TIMER", "[SL:METHOD_TIMER", "@ptr6", "SL:METHOD_TIMER]", "IN:GET_TIMER]"]}
{"loss": 0.9693202972412109, "class_log_probabilities": [-0.5163921117782593, -6.757730960845947, -7.231202602386475, -7.24459981918335], "predictions": [183, 16, 396, 397, 17, 90, 400, 91, 184, 4], "target_tokens": ["[IN:ADD_TIME_TIMER", "[SL:DATE_TIME", "@ptr1", "@ptr2", "SL:DATE_TIME]", "[SL:METHOD_TIMER", "@ptr5", "SL:METHOD_TIMER]", "IN:ADD_TIME_TIMER]"], "predicted_tokens": ["[IN:ADD_TIME_TIMER", "[SL:DATE_TIME", "@ptr1", "@ptr2", "SL:DATE_TIME]", "[SL:METHOD_TIMER", "@ptr5", "SL:METHOD_TIMER]", "IN:ADD_TIME_TIMER]"]}
{"loss": 0.9697861671447754, "class_log_probabilities": [-0.3040318489074707, -8.058928489685059, -8.247862815856934, -8.412822723388672], "predictions": [115, 90, 401, 91, 116, 4], "target_tokens": ["[IN:GET_TIMER", "[SL:METHOD_TIMER", "@ptr6", "SL:METHOD_TIMER]", "IN:GET_TIMER]"], "predicted_tokens": ["[IN:GET_TIMER", "[SL:METHOD_TIMER", "@ptr6", "SL:METHOD_TIMER]", "IN:GET_TIMER]"]}
{"loss": 0.9646614789962769, "class_log_probabilities": [-0.7836706042289734, -5.684265613555908, -7.522895336151123, -8.024715423583984], "predictions": [89, 90, 398, 91, 16, 399, 400, 401, 402, 403, 404, 17, 92, 4], "target_tokens": ["[IN:CREATE_TIMER", "[SL:METHOD_TIMER", "@ptr3", "SL:METHOD_TIMER]", "[SL:DATE_TIME", "@ptr4", "@ptr5", "@ptr6", "@ptr7", "@ptr8", "@ptr9", "SL:DATE_TIME]", "IN:CREATE_TIMER]"], "predicted_tokens": ["[IN:CREATE_TIMER", "[SL:METHOD_TIMER", "@ptr3", "SL:METHOD_TIMER]", "[SL:DATE_TIME", "@ptr4", "@ptr5", "@ptr6", "@ptr7", "@ptr8", "@ptr9", "SL:DATE_TIME]", "IN:CREATE_TIMER]"]}
{"loss": 0.9722251892089844, "class_log_probabilities": [-0.2883508801460266, -7.660376071929932, -8.392858505249023, -8.404804229736328], "predictions": [115, 90, 398, 91, 116, 4, 4], "target_tokens": ["[IN:GET_TIMER", "[SL:METHOD_TIMER", "@ptr3", "SL:METHOD_TIMER]", "IN:GET_TIMER]"], "predicted_tokens": ["[IN:GET_TIMER", "[SL:METHOD_TIMER", "@ptr3", "SL:METHOD_TIMER]", "IN:GET_TIMER]"]}
{"loss": 2.267860174179077, "class_log_probabilities": [-0.35603055357933044, -7.48038911819458, -8.010809898376465, -8.035518646240234], "predictions": [219, 16, 398, 399, 400, 17, 220, 4], "target_tokens": ["[IN:SUBTRACT_TIME_TIMER", "[SL:METHOD_TIMER", "@ptr2", "SL:METHOD_TIMER]", "[SL:DATE_TIME", "@ptr3", "@ptr4", "@ptr5", "SL:DATE_TIME]", "IN:SUBTRACT_TIME_TIMER]"], "predicted_tokens": ["[IN:SUBTRACT_TIME_TIMER", "[SL:DATE_TIME", "@ptr3", "@ptr4", "@ptr5", "SL:DATE_TIME]", "IN:SUBTRACT_TIME_TIMER]"]}
{"loss": 0.9681311249732971, "class_log_probabilities": [-0.553270161151886, -8.047614097595215, -8.414933204650879, -8.481167793273926], "predictions": [89, 90, 397, 91, 16, 399, 400, 401, 17, 92, 4, 4], "target_tokens": ["[IN:CREATE_TIMER", "[SL:METHOD_TIMER", "@ptr2", "SL:METHOD_TIMER]", "[SL:DATE_TIME", "@ptr4", "@ptr5", "@ptr6", "SL:DATE_TIME]", "IN:CREATE_TIMER]"], "predicted_tokens": ["[IN:CREATE_TIMER", "[SL:METHOD_TIMER", "@ptr2", "SL:METHOD_TIMER]", "[SL:DATE_TIME", "@ptr4", "@ptr5", "@ptr6", "SL:DATE_TIME]", "IN:CREATE_TIMER]"]}
{"loss": 0.9694919586181641, "class_log_probabilities": [-0.484209269285202, -4.227177143096924, -4.748610019683838, -5.177467346191406], "predictions": [255, 90, 397, 91, 256, 4], "target_tokens": ["[IN:PAUSE_TIMER", "[SL:METHOD_TIMER", "@ptr2", "SL:METHOD_TIMER]", "IN:PAUSE_TIMER]"], "predicted_tokens": ["[IN:PAUSE_TIMER", "[SL:METHOD_TIMER", "@ptr2", "SL:METHOD_TIMER]", "IN:PAUSE_TIMER]"]}
{"loss": 0.9694604277610779, "class_log_probabilities": [-0.5402476787567139, -8.115629196166992, -8.51651668548584, -8.761369705200195], "predictions": [89, 90, 397, 91, 16, 398, 399, 400, 17, 92, 4], "target_tokens": ["[IN:CREATE_TIMER", "[SL:METHOD_TIMER", "@ptr2", "SL:METHOD_TIMER]", "[SL:DATE_TIME", "@ptr3", "@ptr4", "@ptr5", "SL:DATE_TIME]", "IN:CREATE_TIMER]"], "predicted_tokens": ["[IN:CREATE_TIMER", "[SL:METHOD_TIMER", "@ptr2", "SL:METHOD_TIMER]", "[SL:DATE_TIME", "@ptr3", "@ptr4", "@ptr5", "SL:DATE_TIME]", "IN:CREATE_TIMER]"]}
{"loss": 0.9652722477912903, "class_log_probabilities": [-0.6453907489776611, -7.8330488204956055, -8.072856903076172, -8.470377922058105], "predictions": [89, 90, 397, 91, 16, 398, 399, 400, 401, 17, 92, 4, 4], "target_tokens": ["[IN:CREATE_TIMER", "[SL:METHOD_TIMER", "@ptr2", "SL:METHOD_TIMER]", "[SL:DATE_TIME", "@ptr3", "@ptr4", "@ptr5", "@ptr6", "SL:DATE_TIME]", "IN:CREATE_TIMER]"], "predicted_tokens": ["[IN:CREATE_TIMER", "[SL:METHOD_TIMER", "@ptr2", "SL:METHOD_TIMER]", "[SL:DATE_TIME", "@ptr3", "@ptr4", "@ptr5", "@ptr6", "SL:DATE_TIME]", "IN:CREATE_TIMER]"]}
{"loss": 0.9753785729408264, "class_log_probabilities": [-0.5007436275482178, -7.638026714324951, -8.216793060302734, -8.37445068359375], "predictions": [89, 16, 397, 398, 399, 17, 90, 405, 91, 92, 4, 4], "target_tokens": ["[IN:CREATE_TIMER", "[SL:DATE_TIME", "@ptr2", "@ptr3", "@ptr4", "SL:DATE_TIME]", "[SL:METHOD_TIMER", "@ptr10", "SL:METHOD_TIMER]", "IN:CREATE_TIMER]"], "predicted_tokens": ["[IN:CREATE_TIMER", "[SL:DATE_TIME", "@ptr2", "@ptr3", "@ptr4", "SL:DATE_TIME]", "[SL:METHOD_TIMER", "@ptr10", "SL:METHOD_TIMER]", "IN:CREATE_TIMER]"]}
{"loss": 2.1393959522247314, "class_log_probabilities": [-0.988556444644928, -4.14718770980835, -5.928033351898193, -6.524265766143799], "predictions": [89, 90, 397, 91, 16, 398, 399, 400, 17, 167, 403, 168, 92, 4], "target_tokens": ["[IN:CREATE_TIMER", "[SL:DATE_TIME", "@ptr3", "@ptr4", "@ptr5", "SL:DATE_TIME]", "[SL:METHOD_TIMER", "@ptr2", "SL:METHOD_TIMER]", "[SL:TIMER_NAME", "@ptr8", "SL:TIMER_NAME]", "IN:CREATE_TIMER]"], "predicted_tokens": ["[IN:CREATE_TIMER", "[SL:METHOD_TIMER", "@ptr2", "SL:METHOD_TIMER]", "[SL:DATE_TIME", "@ptr3", "@ptr4", "@ptr5", "SL:DATE_TIME]", "[SL:TIMER_NAME", "@ptr8", "SL:TIMER_NAME]", "IN:CREATE_TIMER]"]}
{"loss": 0.9779831767082214, "class_log_probabilities": [-0.434612900018692, -7.341550827026367, -7.356559753417969, -7.490708351135254], "predictions": [225, 120, 396, 121, 90, 398, 91, 226, 4], "target_tokens": ["[IN:DELETE_TIMER", "[SL:AMOUNT", "@ptr1", "SL:AMOUNT]", "[SL:METHOD_TIMER", "@ptr3", "SL:METHOD_TIMER]", "IN:DELETE_TIMER]"], "predicted_tokens": ["[IN:DELETE_TIMER", "[SL:AMOUNT", "@ptr1", "SL:AMOUNT]", "[SL:METHOD_TIMER", "@ptr3", "SL:METHOD_TIMER]", "IN:DELETE_TIMER]"]}
{"loss": 0.9707395434379578, "class_log_probabilities": [-0.3294510841369629, -5.770826816558838, -6.22639799118042, -6.689669132232666], "predictions": [225, 90, 396, 91, 226, 4], "target_tokens": ["[IN:DELETE_TIMER", "[SL:METHOD_TIMER", "@ptr1", "SL:METHOD_TIMER]", "IN:DELETE_TIMER]"], "predicted_tokens": ["[IN:DELETE_TIMER", "[SL:METHOD_TIMER", "@ptr1", "SL:METHOD_TIMER]", "IN:DELETE_TIMER]"]}
{"loss": 0.9660894274711609, "class_log_probabilities": [-0.6532530784606934, -4.359779357910156, -7.702352523803711, -7.7030792236328125], "predictions": [89, 90, 397, 91, 16, 400, 401, 402, 17, 92, 4, 4], "target_tokens": ["[IN:CREATE_TIMER", "[SL:METHOD_TIMER", "@ptr2", "SL:METHOD_TIMER]", "[SL:DATE_TIME", "@ptr5", "@ptr6", "@ptr7", "SL:DATE_TIME]", "IN:CREATE_TIMER]"], "predicted_tokens": ["[IN:CREATE_TIMER", "[SL:METHOD_TIMER", "@ptr2", "SL:METHOD_TIMER]", "[SL:DATE_TIME", "@ptr5", "@ptr6", "@ptr7", "SL:DATE_TIME]", "IN:CREATE_TIMER]"]}
{"loss": 1.4222040176391602, "class_log_probabilities": [-0.5339647531509399, -3.61708664894104, -4.447012901306152, -4.94058084487915], "predictions": [255, 90, 397, 91, 256, 4], "target_tokens": ["[IN:DELETE_TIMER", "[SL:METHOD_TIMER", "@ptr2", "SL:METHOD_TIMER]", "IN:DELETE_TIMER]"], "predicted_tokens": ["[IN:PAUSE_TIMER", "[SL:METHOD_TIMER", "@ptr2", "SL:METHOD_TIMER]", "IN:PAUSE_TIMER]"]}
{"loss": 1.8930585384368896, "class_log_probabilities": [-1.925460934638977, -3.639350414276123, -3.6443874835968018, -5.269981861114502], "predictions": [89, 16, 398, 399, 400, 17, 92, 4, 4, 4, 4], "target_tokens": ["[IN:CREATE_TIMER", "[SL:METHOD_TIMER", "@ptr0", "@ptr1", "SL:METHOD_TIMER]", "[SL:DATE_TIME", "@ptr2", "@ptr3", "@ptr4", "@ptr5", "SL:DATE_TIME]", "IN:CREATE_TIMER]"], "predicted_tokens": ["[IN:CREATE_TIMER", "[SL:DATE_TIME", "@ptr3", "@ptr4", "@ptr5", "SL:DATE_TIME]", "IN:CREATE_TIMER]"]}
{"loss": 1.131154179573059, "class_log_probabilities": [-1.391411304473877, -3.1034817695617676, -3.6090824604034424, -3.8590033054351807], "predictions": [227, 90, 397, 91, 16, 398, 399, 400, 17, 228, 4], "target_tokens": ["[IN:CREATE_TIMER", "[SL:METHOD_TIMER", "@ptr2", "SL:METHOD_TIMER]", "[SL:DATE_TIME", "@ptr3", "@ptr4", "@ptr5", "SL:DATE_TIME]", "IN:CREATE_TIMER]"], "predicted_tokens": ["[IN:UPDATE_TIMER", "[SL:METHOD_TIMER", "@ptr2", "SL:METHOD_TIMER]", "[SL:DATE_TIME", "@ptr3", "@ptr4", "@ptr5", "SL:DATE_TIME]", "IN:UPDATE_TIMER]"]}
{"loss": 0.9697861671447754, "class_log_probabilities": [-0.3040318489074707, -8.058928489685059, -8.247862815856934, -8.412822723388672], "predictions": [115, 90, 401, 91, 116, 4], "target_tokens": ["[IN:GET_TIMER", "[SL:METHOD_TIMER", "@ptr6", "SL:METHOD_TIMER]", "IN:GET_TIMER]"], "predicted_tokens": ["[IN:GET_TIMER", "[SL:METHOD_TIMER", "@ptr6", "SL:METHOD_TIMER]", "IN:GET_TIMER]"]}
{"loss": 0.9662674069404602, "class_log_probabilities": [-0.3340874910354614, -6.238781452178955, -6.787046909332275, -7.952545642852783], "predictions": [115, 90, 397, 91, 116, 4, 4], "target_tokens": ["[IN:GET_TIMER", "[SL:METHOD_TIMER", "@ptr2", "SL:METHOD_TIMER]", "IN:GET_TIMER]"], "predicted_tokens": ["[IN:GET_TIMER", "[SL:METHOD_TIMER", "@ptr2", "SL:METHOD_TIMER]", "IN:GET_TIMER]"]}
{"loss": 0.968121349811554, "class_log_probabilities": [-0.5071591138839722, -7.854349613189697, -7.877912521362305, -8.346243858337402], "predictions": [89, 16, 395, 396, 17, 90, 399, 91, 92, 4], "target_tokens": ["[IN:CREATE_TIMER", "[SL:DATE_TIME", "@ptr0", "@ptr1", "SL:DATE_TIME]", "[SL:METHOD_TIMER", "@ptr4", "SL:METHOD_TIMER]", "IN:CREATE_TIMER]"], "predicted_tokens": ["[IN:CREATE_TIMER", "[SL:DATE_TIME", "@ptr0", "@ptr1", "SL:DATE_TIME]", "[SL:METHOD_TIMER", "@ptr4", "SL:METHOD_TIMER]", "IN:CREATE_TIMER]"]}
{"loss": 0.9705951809883118, "class_log_probabilities": [-0.293844997882843, -7.3962225914001465, -8.400046348571777, -8.427010536193848], "predictions": [115, 90, 402, 91, 116, 4, 4], "target_tokens": ["[IN:GET_TIMER", "[SL:METHOD_TIMER", "@ptr7", "SL:METHOD_TIMER]", "IN:GET_TIMER]"], "predicted_tokens": ["[IN:GET_TIMER", "[SL:METHOD_TIMER", "@ptr7", "SL:METHOD_TIMER]", "IN:GET_TIMER]"]}
{"loss": 0.9714729189872742, "class_log_probabilities": [-0.31354132294654846, -7.297463893890381, -7.420984268188477, -7.425673961639404], "predictions": [225, 90, 397, 91, 226, 4], "target_tokens": ["[IN:DELETE_TIMER", "[SL:METHOD_TIMER", "@ptr2", "SL:METHOD_TIMER]", "IN:DELETE_TIMER]"], "predicted_tokens": ["[IN:DELETE_TIMER", "[SL:METHOD_TIMER", "@ptr2", "SL:METHOD_TIMER]", "IN:DELETE_TIMER]"]}
{"loss": 0.9895240664482117, "class_log_probabilities": [-1.1429128646850586, -1.9627567529678345, -5.039338111877441, -6.242193222045898], "predictions": [89, 90, 397, 91, 16, 398, 399, 400, 17, 92, 4, 4], "target_tokens": ["[IN:CREATE_TIMER", "[SL:METHOD_TIMER", "@ptr2", "SL:METHOD_TIMER]", "[SL:DATE_TIME", "@ptr3", "@ptr4", "@ptr5", "SL:DATE_TIME]", "IN:CREATE_TIMER]"], "predicted_tokens": ["[IN:CREATE_TIMER", "[SL:METHOD_TIMER", "@ptr2", "SL:METHOD_TIMER]", "[SL:DATE_TIME", "@ptr3", "@ptr4", "@ptr5", "SL:DATE_TIME]", "IN:CREATE_TIMER]"]}
{"loss": 0.9707884788513184, "class_log_probabilities": [-0.5847116708755493, -4.849802017211914, -7.989938259124756, -7.996457576751709], "predictions": [183, 16, 396, 397, 17, 90, 399, 91, 184, 4], "target_tokens": ["[IN:ADD_TIME_TIMER", "[SL:DATE_TIME", "@ptr1", "@ptr2", "SL:DATE_TIME]", "[SL:METHOD_TIMER", "@ptr4", "SL:METHOD_TIMER]", "IN:ADD_TIME_TIMER]"], "predicted_tokens": ["[IN:ADD_TIME_TIMER", "[SL:DATE_TIME", "@ptr1", "@ptr2", "SL:DATE_TIME]", "[SL:METHOD_TIMER", "@ptr4", "SL:METHOD_TIMER]", "IN:ADD_TIME_TIMER]"]}
{"loss": 1.8478367328643799, "class_log_probabilities": [-0.800182580947876, -3.7012507915496826, -4.040223598480225, -4.719150066375732], "predictions": [183, 16, 396, 397, 17, 90, 399, 91, 184, 4], "target_tokens": ["[IN:SUBTRACT_TIME_TIMER", "[SL:DATE_TIME", "@ptr1", "@ptr2", "SL:DATE_TIME]", "[SL:METHOD_TIMER", "@ptr4", "SL:METHOD_TIMER]", "IN:SUBTRACT_TIME_TIMER]"], "predicted_tokens": ["[IN:ADD_TIME_TIMER", "[SL:DATE_TIME", "@ptr1", "@ptr2", "SL:DATE_TIME]", "[SL:METHOD_TIMER", "@ptr4", "SL:METHOD_TIMER]", "IN:ADD_TIME_TIMER]"]}
{"loss": 0.9801559448242188, "class_log_probabilities": [-0.27752020955085754, -7.561568260192871, -7.791069984436035, -8.073705673217773], "predictions": [273, 90, 397, 91, 274, 4, 4, 4, 4, 4], "target_tokens": ["[IN:RESTART_TIMER", "[SL:METHOD_TIMER", "@ptr2", "SL:METHOD_TIMER]", "IN:RESTART_TIMER]"], "predicted_tokens": ["[IN:RESTART_TIMER", "[SL:METHOD_TIMER", "@ptr2", "SL:METHOD_TIMER]", "IN:RESTART_TIMER]"]}
{"loss": 0.9644687175750732, "class_log_probabilities": [-0.33617228269577026, -6.02263879776001, -7.302365303039551, -7.3024444580078125], "predictions": [89, 90, 398, 91, 92, 4], "target_tokens": ["[IN:CREATE_TIMER", "[SL:METHOD_TIMER", "@ptr3", "SL:METHOD_TIMER]", "IN:CREATE_TIMER]"], "predicted_tokens": ["[IN:CREATE_TIMER", "[SL:METHOD_TIMER", "@ptr3", "SL:METHOD_TIMER]", "IN:CREATE_TIMER]"]}
{"loss": 0.970463216304779, "class_log_probabilities": [-0.29741042852401733, -7.826363563537598, -7.899986743927002, -8.281890869140625], "predictions": [115, 90, 398, 91, 116, 4], "target_tokens": ["[IN:GET_TIMER", "[SL:METHOD_TIMER", "@ptr3", "SL:METHOD_TIMER]", "IN:GET_TIMER]"], "predicted_tokens": ["[IN:GET_TIMER", "[SL:METHOD_TIMER", "@ptr3", "SL:METHOD_TIMER]", "IN:GET_TIMER]"]}
{"loss": 1.0549046993255615, "class_log_probabilities": [-2.394381523132324, -3.2390410900115967, -4.721440315246582, -4.982790470123291], "predictions": [89, 90, 397, 91, 167, 399, 400, 401, 402, 168, 92, 4], "target_tokens": ["[IN:CREATE_TIMER", "[SL:METHOD_TIMER", "@ptr2", "SL:METHOD_TIMER]", "[SL:TIMER_NAME", "@ptr4", "@ptr5", "@ptr6", "@ptr7", "SL:TIMER_NAME]", "IN:CREATE_TIMER]"], "predicted_tokens": ["[IN:CREATE_TIMER", "[SL:METHOD_TIMER", "@ptr2", "SL:METHOD_TIMER]", "[SL:TIMER_NAME", "@ptr4", "@ptr5", "@ptr6", "@ptr7", "SL:TIMER_NAME]", "IN:CREATE_TIMER]"]}
{"loss": 0.970848560333252, "class_log_probabilities": [-0.2971823513507843, -7.145181655883789, -7.893683910369873, -8.22559928894043], "predictions": [115, 90, 396, 91, 116, 4, 4], "target_tokens": ["[IN:GET_TIMER", "[SL:METHOD_TIMER", "@ptr1", "SL:METHOD_TIMER]", "IN:GET_TIMER]"], "predicted_tokens": ["[IN:GET_TIMER", "[SL:METHOD_TIMER", "@ptr1", "SL:METHOD_TIMER]", "IN:GET_TIMER]"]}
{"loss": 2.319098472595215, "class_log_probabilities": [-0.5269074440002441, -7.023533821105957, -8.318896293640137, -8.44272518157959], "predictions": [89, 90, 396, 91, 16, 397, 398, 399, 17, 92, 4], "target_tokens": ["[IN:CREATE_TIMER", "[SL:DATE_TIME", "@ptr2", "@ptr3", "@ptr4", "SL:DATE_TIME]", "[SL:METHOD_TIMER", "@ptr1", "SL:METHOD_TIMER]", "IN:CREATE_TIMER]"], "predicted_tokens": ["[IN:CREATE_TIMER", "[SL:METHOD_TIMER", "@ptr1", "SL:METHOD_TIMER]", "[SL:DATE_TIME", "@ptr2", "@ptr3", "@ptr4", "SL:DATE_TIME]", "IN:CREATE_TIMER]"]}
{"loss": 0.9732895493507385, "class_log_probabilities": [-0.5291492938995361, -7.571075439453125, -7.84619140625, -7.881622314453125], "predictions": [183, 90, 397, 91, 16, 399, 400, 401, 17, 184, 4], "target_tokens": ["[IN:ADD_TIME_TIMER", "[SL:METHOD_TIMER", "@ptr2", "SL:METHOD_TIMER]", "[SL:DATE_TIME", "@ptr4", "@ptr5", "@ptr6", "SL:DATE_TIME]", "IN:ADD_TIME_TIMER]"], "predicted_tokens": ["[IN:ADD_TIME_TIMER", "[SL:METHOD_TIMER", "@ptr2", "SL:METHOD_TIMER]", "[SL:DATE_TIME", "@ptr4", "@ptr5", "@ptr6", "SL:DATE_TIME]", "IN:ADD_TIME_TIMER]"]}
{"loss": 0.9740888476371765, "class_log_probabilities": [-0.14772461354732513, -7.935377597808838, -8.028902053833008, -8.812848091125488], "predictions": [115, 116, 4, 4], "target_tokens": ["[IN:GET_TIMER", "IN:GET_TIMER]"], "predicted_tokens": ["[IN:GET_TIMER", "IN:GET_TIMER]"]}
{"loss": 0.9967177510261536, "class_log_probabilities": [-1.4491668939590454, -4.781374931335449, -4.817786693572998, -5.013164043426514], "predictions": [273, 120, 396, 121, 90, 398, 91, 16, 399, 400, 401, 17, 274, 4, 4], "target_tokens": ["[IN:RESTART_TIMER", "[SL:AMOUNT", "@ptr1", "SL:AMOUNT]", "[SL:METHOD_TIMER", "@ptr3", "SL:METHOD_TIMER]", "[SL:DATE_TIME", "@ptr4", "@ptr5", "@ptr6", "SL:DATE_TIME]", "IN:RESTART_TIMER]"], "predicted_tokens": ["[IN:RESTART_TIMER", "[SL:AMOUNT", "@ptr1", "SL:AMOUNT]", "[SL:METHOD_TIMER", "@ptr3", "SL:METHOD_TIMER]", "[SL:DATE_TIME", "@ptr4", "@ptr5", "@ptr6", "SL:DATE_TIME]", "IN:RESTART_TIMER]"]}
{"loss": 0.968137264251709, "class_log_probabilities": [-0.5280140042304993, -6.581460475921631, -6.668551445007324, -7.474681854248047], "predictions": [183, 16, 396, 397, 17, 90, 400, 91, 184, 4], "target_tokens": ["[IN:ADD_TIME_TIMER", "[SL:DATE_TIME", "@ptr1", "@ptr2", "SL:DATE_TIME]", "[SL:METHOD_TIMER", "@ptr5", "SL:METHOD_TIMER]", "IN:ADD_TIME_TIMER]"], "predicted_tokens": ["[IN:ADD_TIME_TIMER", "[SL:DATE_TIME", "@ptr1", "@ptr2", "SL:DATE_TIME]", "[SL:METHOD_TIMER", "@ptr5", "SL:METHOD_TIMER]", "IN:ADD_TIME_TIMER]"]}
{"loss": 0.9669260382652283, "class_log_probabilities": [-0.5645594596862793, -8.458170890808105, -8.5110502243042, -8.670622825622559], "predictions": [89, 90, 397, 91, 16, 398, 399, 400, 17, 92, 4], "target_tokens": ["[IN:CREATE_TIMER", "[SL:METHOD_TIMER", "@ptr2", "SL:METHOD_TIMER]", "[SL:DATE_TIME", "@ptr3", "@ptr4", "@ptr5", "SL:DATE_TIME]", "IN:CREATE_TIMER]"], "predicted_tokens": ["[IN:CREATE_TIMER", "[SL:METHOD_TIMER", "@ptr2", "SL:METHOD_TIMER]", "[SL:DATE_TIME", "@ptr3", "@ptr4", "@ptr5", "SL:DATE_TIME]", "IN:CREATE_TIMER]"]}
{"loss": 0.9697847962379456, "class_log_probabilities": [-0.5361607074737549, -8.219983100891113, -8.484020233154297, -9.191015243530273], "predictions": [89, 90, 397, 91, 16, 398, 399, 400, 17, 92, 4, 4], "target_tokens": ["[IN:CREATE_TIMER", "[SL:METHOD_TIMER", "@ptr2", "SL:METHOD_TIMER]", "[SL:DATE_TIME", "@ptr3", "@ptr4", "@ptr5", "SL:DATE_TIME]", "IN:CREATE_TIMER]"], "predicted_tokens": ["[IN:CREATE_TIMER", "[SL:METHOD_TIMER", "@ptr2", "SL:METHOD_TIMER]", "[SL:DATE_TIME", "@ptr3", "@ptr4", "@ptr5", "SL:DATE_TIME]", "IN:CREATE_TIMER]"]}
{"loss": 0.9776870608329773, "class_log_probabilities": [-0.2753039598464966, -8.1690673828125, -8.282398223876953, -8.37967586517334], "predictions": [255, 90, 398, 91, 256, 4, 4], "target_tokens": ["[IN:PAUSE_TIMER", "[SL:METHOD_TIMER", "@ptr3", "SL:METHOD_TIMER]", "IN:PAUSE_TIMER]"], "predicted_tokens": ["[IN:PAUSE_TIMER", "[SL:METHOD_TIMER", "@ptr3", "SL:METHOD_TIMER]", "IN:PAUSE_TIMER]"]}
{"loss": 0.9674794673919678, "class_log_probabilities": [-0.40914344787597656, -7.175516128540039, -7.198610782623291, -7.568099021911621], "predictions": [89, 16, 401, 402, 403, 17, 92, 4], "target_tokens": ["[IN:CREATE_TIMER", "[SL:DATE_TIME", "@ptr6", "@ptr7", "@ptr8", "SL:DATE_TIME]", "IN:CREATE_TIMER]"], "predicted_tokens": ["[IN:CREATE_TIMER", "[SL:DATE_TIME", "@ptr6", "@ptr7", "@ptr8", "SL:DATE_TIME]", "IN:CREATE_TIMER]"]}
{"loss": 0.9653729796409607, "class_log_probabilities": [-0.6970043182373047, -8.413883209228516, -8.78761100769043, -9.913914680480957], "predictions": [89, 90, 397, 91, 16, 398, 399, 400, 401, 402, 17, 92, 4, 4, 4, 4, 4, 4, 4, 4], "target_tokens": ["[IN:CREATE_TIMER", "[SL:METHOD_TIMER", "@ptr2", "SL:METHOD_TIMER]", "[SL:DATE_TIME", "@ptr3", "@ptr4", "@ptr5", "@ptr6", "@ptr7", "SL:DATE_TIME]", "IN:CREATE_TIMER]"], "predicted_tokens": ["[IN:CREATE_TIMER", "[SL:METHOD_TIMER", "@ptr2", "SL:METHOD_TIMER]", "[SL:DATE_TIME", "@ptr3", "@ptr4", "@ptr5", "@ptr6", "@ptr7", "SL:DATE_TIME]", "IN:CREATE_TIMER]"]}
{"loss": 0.9720474481582642, "class_log_probabilities": [-0.5260364413261414, -7.567519664764404, -7.95460319519043, -8.006584167480469], "predictions": [89, 90, 400, 91, 16, 404, 405, 406, 17, 92, 4, 4], "target_tokens": ["[IN:CREATE_TIMER", "[SL:METHOD_TIMER", "@ptr5", "SL:METHOD_TIMER]", "[SL:DATE_TIME", "@ptr9", "@ptr10", "@ptr11", "SL:DATE_TIME]", "IN:CREATE_TIMER]"], "predicted_tokens": ["[IN:CREATE_TIMER", "[SL:METHOD_TIMER", "@ptr5", "SL:METHOD_TIMER]", "[SL:DATE_TIME", "@ptr9", "@ptr10", "@ptr11", "SL:DATE_TIME]", "IN:CREATE_TIMER]"]}
{"loss": 0.977224588394165, "class_log_probabilities": [-0.27945035696029663, -8.245954513549805, -8.406547546386719, -8.479640007019043], "predictions": [255, 90, 397, 91, 256, 4, 4], "target_tokens": ["[IN:PAUSE_TIMER", "[SL:METHOD_TIMER", "@ptr2", "SL:METHOD_TIMER]", "IN:PAUSE_TIMER]"], "predicted_tokens": ["[IN:PAUSE_TIMER", "[SL:METHOD_TIMER", "@ptr2", "SL:METHOD_TIMER]", "IN:PAUSE_TIMER]"]}
{"loss": 0.9718778133392334, "class_log_probabilities": [-0.29283466935157776, -7.638631343841553, -7.657086372375488, -8.024884223937988], "predictions": [115, 90, 401, 91, 116, 4], "target_tokens": ["[IN:GET_TIMER", "[SL:METHOD_TIMER", "@ptr6", "SL:METHOD_TIMER]", "IN:GET_TIMER]"], "predicted_tokens": ["[IN:GET_TIMER", "[SL:METHOD_TIMER", "@ptr6", "SL:METHOD_TIMER]", "IN:GET_TIMER]"]}
{"loss": 5.139618396759033, "class_log_probabilities": [-1.7463247776031494, -1.7625645399093628, -6.529771327972412, -6.747035026550293], "predictions": [13, 16, 400, 401, 17, 18, 4], "target_tokens": ["[IN:GET_SUNSET", "IN:GET_SUNSET]"], "predicted_tokens": ["[IN:GET_WEATHER", "[SL:DATE_TIME", "@ptr5", "@ptr6", "SL:DATE_TIME]", "IN:GET_WEATHER]"]}
{"loss": 0.9682489633560181, "class_log_probabilities": [-0.40210336446762085, -6.627194881439209, -7.577606678009033, -7.588097095489502], "predictions": [13, 14, 401, 402, 403, 15, 18, 4], "target_tokens": ["[IN:GET_WEATHER", "[SL:LOCATION", "@ptr6", "@ptr7", "@ptr8", "SL:LOCATION]", "IN:GET_WEATHER]"], "predicted_tokens": ["[IN:GET_WEATHER", "[SL:LOCATION", "@ptr6", "@ptr7", "@ptr8", "SL:LOCATION]", "IN:GET_WEATHER]"]}
{"loss": 0.9683151245117188, "class_log_probabilities": [-0.3991948068141937, -7.116804599761963, -7.591639041900635, -7.66860818862915], "predictions": [13, 14, 399, 400, 401, 15, 18, 4, 4], "target_tokens": ["[IN:GET_WEATHER", "[SL:LOCATION", "@ptr4", "@ptr5", "@ptr6", "SL:LOCATION]", "IN:GET_WEATHER]"], "predicted_tokens": ["[IN:GET_WEATHER", "[SL:LOCATION", "@ptr4", "@ptr5", "@ptr6", "SL:LOCATION]", "IN:GET_WEATHER]"]}
{"loss": 0.9663112759590149, "class_log_probabilities": [-0.5129707455635071, -8.659317016601562, -8.664896965026855, -8.7774019241333], "predictions": [13, 79, 398, 80, 16, 399, 400, 17, 18, 4], "target_tokens": ["[IN:GET_WEATHER", "[SL:WEATHER_ATTRIBUTE", "@ptr3", "SL:WEATHER_ATTRIBUTE]", "[SL:DATE_TIME", "@ptr4", "@ptr5", "SL:DATE_TIME]", "IN:GET_WEATHER]"], "predicted_tokens": ["[IN:GET_WEATHER", "[SL:WEATHER_ATTRIBUTE", "@ptr3", "SL:WEATHER_ATTRIBUTE]", "[SL:DATE_TIME", "@ptr4", "@ptr5", "SL:DATE_TIME]", "IN:GET_WEATHER]"]}
{"loss": 4.242544651031494, "class_log_probabilities": [-0.6061782836914062, -4.221965789794922, -5.0373215675354, -6.223233222961426], "predictions": [13, 79, 397, 80, 14, 399, 15, 18, 4], "target_tokens": ["[IN:GET_SUNSET", "[SL:LOCATION", "@ptr4", "SL:LOCATION]", "IN:GET_SUNSET]"], "predicted_tokens": ["[IN:GET_WEATHER", "[SL:WEATHER_ATTRIBUTE", "@ptr2", "SL:WEATHER_ATTRIBUTE]", "[SL:LOCATION", "@ptr4", "SL:LOCATION]", "IN:GET_WEATHER]"]}
{"loss": 0.977929413318634, "class_log_probabilities": [-0.2776060104370117, -7.210457801818848, -7.5362372398376465, -7.574428081512451], "predictions": [13, 135, 402, 136, 18, 4], "target_tokens": ["[IN:GET_WEATHER", "[SL:WEATHER_TEMPERATURE_UNIT", "@ptr7", "SL:WEATHER_TEMPERATURE_UNIT]", "IN:GET_WEATHER]"], "predicted_tokens": ["[IN:GET_WEATHER", "[SL:WEATHER_TEMPERATURE_UNIT", "@ptr7", "SL:WEATHER_TEMPERATURE_UNIT]", "IN:GET_WEATHER]"]}
{"loss": 0.9663384556770325, "class_log_probabilities": [-0.6104015111923218, -8.158690452575684, -8.373244285583496, -8.481683731079102], "predictions": [13, 79, 398, 80, 16, 399, 400, 401, 402, 17, 18, 4, 4], "target_tokens": ["[IN:GET_WEATHER", "[SL:WEATHER_ATTRIBUTE", "@ptr3", "SL:WEATHER_ATTRIBUTE]", "[SL:DATE_TIME", "@ptr4", "@ptr5", "@ptr6", "@ptr7", "SL:DATE_TIME]", "IN:GET_WEATHER]"], "predicted_tokens": ["[IN:GET_WEATHER", "[SL:WEATHER_ATTRIBUTE", "@ptr3", "SL:WEATHER_ATTRIBUTE]", "[SL:DATE_TIME", "@ptr4", "@ptr5", "@ptr6", "@ptr7", "SL:DATE_TIME]", "IN:GET_WEATHER]"]}
{"loss": 0.9689469933509827, "class_log_probabilities": [-0.7206903696060181, -5.056195259094238, -5.5295729637146, -5.589413166046143], "predictions": [13, 16, 401, 402, 403, 404, 17, 18, 4], "target_tokens": ["[IN:GET_WEATHER", "[SL:DATE_TIME", "@ptr6", "@ptr7", "@ptr8", "@ptr9", "SL:DATE_TIME]", "IN:GET_WEATHER]"], "predicted_tokens": ["[IN:GET_WEATHER", "[SL:DATE_TIME", "@ptr6", "@ptr7", "@ptr8", "@ptr9", "SL:DATE_TIME]", "IN:GET_WEATHER]"]}
{"loss": 0.9704859256744385, "class_log_probabilities": [-0.3804795742034912, -8.21275520324707, -8.65743637084961, -9.056781768798828], "predictions": [13, 16, 397, 398, 399, 17, 18, 4, 4], "target_tokens": ["[IN:GET_WEATHER", "[SL:DATE_TIME", "@ptr2", "@ptr3", "@ptr4", "SL:DATE_TIME]", "IN:GET_WEATHER]"], "predicted_tokens": ["[IN:GET_WEATHER", "[SL:DATE_TIME", "@ptr2", "@ptr3", "@ptr4", "SL:DATE_TIME]", "IN:GET_WEATHER]"]}
{"loss": 0.9638000130653381, "class_log_probabilities": [-0.4841533303260803, -8.716714859008789, -8.7396879196167, -8.821159362792969], "predictions": [13, 16, 399, 400, 401, 402, 17, 18, 4, 4], "target_tokens": ["[IN:GET_WEATHER", "[SL:DATE_TIME", "@ptr4", "@ptr5", "@ptr6", "@ptr7", "SL:DATE_TIME]", "IN:GET_WEATHER]"], "predicted_tokens": ["[IN:GET_WEATHER", "[SL:DATE_TIME", "@ptr4", "@ptr5", "@ptr6", "@ptr7", "SL:DATE_TIME]", "IN:GET_WEATHER]"]}
{"loss": 0.9654447436332703, "class_log_probabilities": [-0.6233499646186829, -7.150302410125732, -7.77038049697876, -7.948318004608154], "predictions": [13, 16, 398, 399, 400, 401, 402, 403, 404, 17, 18, 4], "target_tokens": ["[IN:GET_WEATHER", "[SL:DATE_TIME", "@ptr3", "@ptr4", "@ptr5", "@ptr6", "@ptr7", "@ptr8", "@ptr9", "SL:DATE_TIME]", "IN:GET_WEATHER]"], "predicted_tokens": ["[IN:GET_WEATHER", "[SL:DATE_TIME", "@ptr3", "@ptr4", "@ptr5", "@ptr6", "@ptr7", "@ptr8", "@ptr9", "SL:DATE_TIME]", "IN:GET_WEATHER]"]}
{"loss": 2.7224316596984863, "class_log_probabilities": [-0.4381294846534729, -8.583986282348633, -8.598342895507812, -8.699827194213867], "predictions": [13, 16, 400, 401, 402, 403, 17, 18, 4, 4], "target_tokens": ["[IN:GET_WEATHER", "[SL:DATE_TIME", "@ptr6", "@ptr7", "@ptr8", "@ptr9", "SL:DATE_TIME]", "IN:GET_WEATHER]"], "predicted_tokens": ["[IN:GET_WEATHER", "[SL:DATE_TIME", "@ptr5", "@ptr6", "@ptr7", "@ptr8", "SL:DATE_TIME]", "IN:GET_WEATHER]"]}
{"loss": 0.9661452770233154, "class_log_probabilities": [-0.564361572265625, -7.92910099029541, -7.988111972808838, -8.520377159118652], "predictions": [13, 16, 398, 399, 400, 401, 402, 403, 17, 18, 4, 4], "target_tokens": ["[IN:GET_WEATHER", "[SL:DATE_TIME", "@ptr3", "@ptr4", "@ptr5", "@ptr6", "@ptr7", "@ptr8", "SL:DATE_TIME]", "IN:GET_WEATHER]"], "predicted_tokens": ["[IN:GET_WEATHER", "[SL:DATE_TIME", "@ptr3", "@ptr4", "@ptr5", "@ptr6", "@ptr7", "@ptr8", "SL:DATE_TIME]", "IN:GET_WEATHER]"]}
{"loss": 3.736967086791992, "class_log_probabilities": [-1.4173176288604736, -2.6633737087249756, -3.843748092651367, -5.377673625946045], "predictions": [27, 52, 398, 53, 30, 4], "target_tokens": ["[IN:GET_WEATHER", "[SL:WEATHER_ATTRIBUTE", "@ptr2", "SL:WEATHER_ATTRIBUTE]", "IN:GET_WEATHER]"], "predicted_tokens": ["[IN:GET_INFO_RECIPES", "[SL:RECIPES_DISH", "@ptr3", "SL:RECIPES_DISH]", "IN:GET_INFO_RECIPES]"]}
{"loss": 0.9706158638000488, "class_log_probabilities": [-0.14560706913471222, -8.74080753326416, -8.805595397949219, -8.846742630004883], "predictions": [13, 18, 4, 4], "target_tokens": ["[IN:GET_WEATHER", "IN:GET_WEATHER]"], "predicted_tokens": ["[IN:GET_WEATHER", "IN:GET_WEATHER]"]}
{"loss": 0.9711418151855469, "class_log_probabilities": [-0.14427325129508972, -8.725066184997559, -8.77640151977539, -8.827506065368652], "predictions": [13, 18, 4, 4], "target_tokens": ["[IN:GET_WEATHER", "IN:GET_WEATHER]"], "predicted_tokens": ["[IN:GET_WEATHER", "IN:GET_WEATHER]"]}
{"loss": 0.9667994379997253, "class_log_probabilities": [-0.7171272039413452, -7.946072578430176, -8.072064399719238, -8.09384822845459], "predictions": [13, 14, 398, 15, 16, 399, 400, 401, 402, 403, 404, 17, 18, 4, 4, 4, 4, 4], "target_tokens": ["[IN:GET_WEATHER", "[SL:LOCATION", "@ptr3", "SL:LOCATION]", "[SL:DATE_TIME", "@ptr4", "@ptr5", "@ptr6", "@ptr7", "@ptr8", "@ptr9", "SL:DATE_TIME]", "IN:GET_WEATHER]"], "predicted_tokens": ["[IN:GET_WEATHER", "[SL:LOCATION", "@ptr3", "SL:LOCATION]", "[SL:DATE_TIME", "@ptr4", "@ptr5", "@ptr6", "@ptr7", "@ptr8", "@ptr9", "SL:DATE_TIME]", "IN:GET_WEATHER]"]}
{"loss": 0.9688102006912231, "class_log_probabilities": [-0.6896624565124512, -8.489501953125, -8.600379943847656, -8.91144847869873], "predictions": [13, 14, 400, 15, 16, 401, 402, 403, 404, 405, 406, 17, 18, 4, 4, 4, 4, 4], "target_tokens": ["[IN:GET_WEATHER", "[SL:LOCATION", "@ptr5", "SL:LOCATION]", "[SL:DATE_TIME", "@ptr6", "@ptr7", "@ptr8", "@ptr9", "@ptr10", "@ptr11", "SL:DATE_TIME]", "IN:GET_WEATHER]"], "predicted_tokens": ["[IN:GET_WEATHER", "[SL:LOCATION", "@ptr5", "SL:LOCATION]", "[SL:DATE_TIME", "@ptr6", "@ptr7", "@ptr8", "@ptr9", "@ptr10", "@ptr11", "SL:DATE_TIME]", "IN:GET_WEATHER]"]}
{"loss": 0.9680255651473999, "class_log_probabilities": [-0.4940423369407654, -8.370501518249512, -8.545723915100098, -8.672122955322266], "predictions": [13, 16, 398, 399, 17, 14, 401, 15, 18, 4], "target_tokens": ["[IN:GET_WEATHER", "[SL:DATE_TIME", "@ptr3", "@ptr4", "SL:DATE_TIME]", "[SL:LOCATION", "@ptr6", "SL:LOCATION]", "IN:GET_WEATHER]"], "predicted_tokens": ["[IN:GET_WEATHER", "[SL:DATE_TIME", "@ptr3", "@ptr4", "SL:DATE_TIME]", "[SL:LOCATION", "@ptr6", "SL:LOCATION]", "IN:GET_WEATHER]"]}
{"loss": 1.5399190187454224, "class_log_probabilities": [-0.6600401997566223, -7.264186382293701, -7.564150810241699, -8.02759075164795], "predictions": [13, 14, 401, 15, 16, 402, 403, 404, 405, 406, 407, 17, 18, 4], "target_tokens": ["[IN:GET_WEATHER", "[SL:LOCATION", "@ptr6", "SL:LOCATION]", "[SL:DATE_TIME", "@ptr8", "@ptr9", "@ptr10", "@ptr11", "@ptr12", "SL:DATE_TIME]", "IN:GET_WEATHER]"], "predicted_tokens": ["[IN:GET_WEATHER", "[SL:LOCATION", "@ptr6", "SL:LOCATION]", "[SL:DATE_TIME", "@ptr7", "@ptr8", "@ptr9", "@ptr10", "@ptr11", "@ptr12", "SL:DATE_TIME]", "IN:GET_WEATHER]"]}
{"loss": 0.9686861038208008, "class_log_probabilities": [-0.4470169246196747, -7.346377372741699, -7.716904640197754, -7.801551342010498], "predictions": [13, 14, 399, 400, 401, 402, 15, 18, 4, 4], "target_tokens": ["[IN:GET_WEATHER", "[SL:LOCATION", "@ptr4", "@ptr5", "@ptr6", "@ptr7", "SL:LOCATION]", "IN:GET_WEATHER]"], "predicted_tokens": ["[IN:GET_WEATHER", "[SL:LOCATION", "@ptr4", "@ptr5", "@ptr6", "@ptr7", "SL:LOCATION]", "IN:GET_WEATHER]"]}
{"loss": 4.637390613555908, "class_log_probabilities": [-1.2751775979995728, -4.199885368347168, -6.460300445556641, -6.494373798370361], "predictions": [115, 116, 4], "target_tokens": ["[IN:GET_WEATHER", "[SL:DATE_TIME", "@ptr5", "@ptr6", "@ptr7", "SL:DATE_TIME]", "IN:GET_WEATHER]"], "predicted_tokens": ["[IN:GET_TIMER", "IN:GET_TIMER]"]}
{"loss": 0.9665957689285278, "class_log_probabilities": [-0.40595024824142456, -8.091273307800293, -8.649776458740234, -8.681163787841797], "predictions": [13, 16, 400, 401, 402, 17, 18, 4, 4], "target_tokens": ["[IN:GET_WEATHER", "[SL:DATE_TIME", "@ptr5", "@ptr6", "@ptr7", "SL:DATE_TIME]", "IN:GET_WEATHER]"], "predicted_tokens": ["[IN:GET_WEATHER", "[SL:DATE_TIME", "@ptr5", "@ptr6", "@ptr7", "SL:DATE_TIME]", "IN:GET_WEATHER]"]}
{"loss": 0.9666513800621033, "class_log_probabilities": [-0.36092424392700195, -8.007699966430664, -8.428945541381836, -8.484844207763672], "predictions": [13, 14, 399, 400, 15, 18, 4], "target_tokens": ["[IN:GET_WEATHER", "[SL:LOCATION", "@ptr4", "@ptr5", "SL:LOCATION]", "IN:GET_WEATHER]"], "predicted_tokens": ["[IN:GET_WEATHER", "[SL:LOCATION", "@ptr4", "@ptr5", "SL:LOCATION]", "IN:GET_WEATHER]"]}
{"loss": 0.9643831253051758, "class_log_probabilities": [-0.316302627325058, -8.555093765258789, -8.616034507751465, -8.63416862487793], "predictions": [13, 14, 399, 15, 18, 4], "target_tokens": ["[IN:GET_WEATHER", "[SL:LOCATION", "@ptr4", "SL:LOCATION]", "IN:GET_WEATHER]"], "predicted_tokens": ["[IN:GET_WEATHER", "[SL:LOCATION", "@ptr4", "SL:LOCATION]", "IN:GET_WEATHER]"]}
{"loss": 0.968252956867218, "class_log_probabilities": [-0.29789239168167114, -8.322880744934082, -8.422697067260742, -8.591897010803223], "predictions": [13, 14, 400, 15, 18, 4], "target_tokens": ["[IN:GET_WEATHER", "[SL:LOCATION", "@ptr5", "SL:LOCATION]", "IN:GET_WEATHER]"], "predicted_tokens": ["[IN:GET_WEATHER", "[SL:LOCATION", "@ptr5", "SL:LOCATION]", "IN:GET_WEATHER]"]}
{"loss": 0.9682342410087585, "class_log_probabilities": [-0.29841721057891846, -8.516237258911133, -8.533731460571289, -8.577319145202637], "predictions": [13, 14, 399, 15, 18, 4], "target_tokens": ["[IN:GET_WEATHER", "[SL:LOCATION", "@ptr4", "SL:LOCATION]", "IN:GET_WEATHER]"], "predicted_tokens": ["[IN:GET_WEATHER", "[SL:LOCATION", "@ptr4", "SL:LOCATION]", "IN:GET_WEATHER]"]}
{"loss": 0.9671002626419067, "class_log_probabilities": [-0.3563252389431, -7.752597808837891, -8.188523292541504, -8.553428649902344], "predictions": [13, 14, 402, 403, 15, 18, 4, 4], "target_tokens": ["[IN:GET_WEATHER", "[SL:LOCATION", "@ptr7", "@ptr8", "SL:LOCATION]", "IN:GET_WEATHER]"], "predicted_tokens": ["[IN:GET_WEATHER", "[SL:LOCATION", "@ptr7", "@ptr8", "SL:LOCATION]", "IN:GET_WEATHER]"]}
{"loss": 0.9673195481300354, "class_log_probabilities": [-0.30255192518234253, -8.382390975952148, -8.566716194152832, -8.636699676513672], "predictions": [13, 14, 402, 15, 18, 4], "target_tokens": ["[IN:GET_WEATHER", "[SL:LOCATION", "@ptr7", "SL:LOCATION]", "IN:GET_WEATHER]"], "predicted_tokens": ["[IN:GET_WEATHER", "[SL:LOCATION", "@ptr7", "SL:LOCATION]", "IN:GET_WEATHER]"]}
{"loss": 0.9680073261260986, "class_log_probabilities": [-0.4029752016067505, -5.787840843200684, -7.930811405181885, -7.936530113220215], "predictions": [13, 16, 402, 403, 404, 17, 18, 4, 4], "target_tokens": ["[IN:GET_WEATHER", "[SL:DATE_TIME", "@ptr7", "@ptr8", "@ptr9", "SL:DATE_TIME]", "IN:GET_WEATHER]"], "predicted_tokens": ["[IN:GET_WEATHER", "[SL:DATE_TIME", "@ptr7", "@ptr8", "@ptr9", "SL:DATE_TIME]", "IN:GET_WEATHER]"]}
{"loss": 0.9688413143157959, "class_log_probabilities": [-0.638983964920044, -7.842833995819092, -8.158994674682617, -8.385988235473633], "predictions": [13, 16, 398, 399, 400, 401, 402, 403, 404, 405, 17, 18, 4], "target_tokens": ["[IN:GET_WEATHER", "[SL:DATE_TIME", "@ptr3", "@ptr4", "@ptr5", "@ptr6", "@ptr7", "@ptr8", "@ptr9", "@ptr10", "SL:DATE_TIME]", "IN:GET_WEATHER]"], "predicted_tokens": ["[IN:GET_WEATHER", "[SL:DATE_TIME", "@ptr3", "@ptr4", "@ptr5", "@ptr6", "@ptr7", "@ptr8", "@ptr9", "@ptr10", "SL:DATE_TIME]", "IN:GET_WEATHER]"]}
{"loss": 0.9689692258834839, "class_log_probabilities": [-0.39147722721099854, -7.818431854248047, -7.922783851623535, -7.958062171936035], "predictions": [13, 14, 400, 401, 402, 15, 18, 4, 4], "target_tokens": ["[IN:GET_WEATHER", "[SL:LOCATION", "@ptr5", "@ptr6", "@ptr7", "SL:LOCATION]", "IN:GET_WEATHER]"], "predicted_tokens": ["[IN:GET_WEATHER", "[SL:LOCATION", "@ptr5", "@ptr6", "@ptr7", "SL:LOCATION]", "IN:GET_WEATHER]"]}
{"loss": 0.966503381729126, "class_log_probabilities": [-0.4248078465461731, -7.150884628295898, -7.6791510581970215, -7.813364028930664], "predictions": [13, 14, 400, 401, 402, 15, 18, 4, 4, 4, 4], "target_tokens": ["[IN:GET_WEATHER", "[SL:LOCATION", "@ptr5", "@ptr6", "@ptr7", "SL:LOCATION]", "IN:GET_WEATHER]"], "predicted_tokens": ["[IN:GET_WEATHER", "[SL:LOCATION", "@ptr5", "@ptr6", "@ptr7", "SL:LOCATION]", "IN:GET_WEATHER]"]}
{"loss": 0.9678964018821716, "class_log_probabilities": [-0.2996070683002472, -8.750110626220703, -8.807425498962402, -8.847184181213379], "predictions": [13, 16, 400, 17, 18, 4], "target_tokens": ["[IN:GET_WEATHER", "[SL:DATE_TIME", "@ptr5", "SL:DATE_TIME]", "IN:GET_WEATHER]"], "predicted_tokens": ["[IN:GET_WEATHER", "[SL:DATE_TIME", "@ptr5", "SL:DATE_TIME]", "IN:GET_WEATHER]"]}
{"loss": 0.971024751663208, "class_log_probabilities": [-0.1444953978061676, -8.736125946044922, -8.841710090637207, -8.842902183532715], "predictions": [13, 18, 4, 4], "target_tokens": ["[IN:GET_WEATHER", "IN:GET_WEATHER]"], "predicted_tokens": ["[IN:GET_WEATHER", "IN:GET_WEATHER]"]}
{"loss": 0.9674670100212097, "class_log_probabilities": [-0.4541572630405426, -7.759016036987305, -8.289867401123047, -8.321194648742676], "predictions": [13, 79, 399, 80, 16, 400, 17, 18, 4], "target_tokens": ["[IN:GET_WEATHER", "[SL:WEATHER_ATTRIBUTE", "@ptr4", "SL:WEATHER_ATTRIBUTE]", "[SL:DATE_TIME", "@ptr5", "SL:DATE_TIME]", "IN:GET_WEATHER]"], "predicted_tokens": ["[IN:GET_WEATHER", "[SL:WEATHER_ATTRIBUTE", "@ptr4", "SL:WEATHER_ATTRIBUTE]", "[SL:DATE_TIME", "@ptr5", "SL:DATE_TIME]", "IN:GET_WEATHER]"]}
{"loss": 0.9669079184532166, "class_log_probabilities": [-0.477012574672699, -5.331576824188232, -8.391280174255371, -8.442646980285645], "predictions": [13, 79, 398, 80, 16, 399, 17, 18, 4], "target_tokens": ["[IN:GET_WEATHER", "[SL:WEATHER_ATTRIBUTE", "@ptr3", "SL:WEATHER_ATTRIBUTE]", "[SL:DATE_TIME", "@ptr4", "SL:DATE_TIME]", "IN:GET_WEATHER]"], "predicted_tokens": ["[IN:GET_WEATHER", "[SL:WEATHER_ATTRIBUTE", "@ptr3", "SL:WEATHER_ATTRIBUTE]", "[SL:DATE_TIME", "@ptr4", "SL:DATE_TIME]", "IN:GET_WEATHER]"]}
{"loss": 0.9669821262359619, "class_log_probabilities": [-0.843977689743042, -8.002963066101074, -8.262070655822754, -8.342296600341797], "predictions": [13, 16, 398, 399, 400, 401, 402, 403, 404, 405, 17, 14, 407, 15, 18, 4], "target_tokens": ["[IN:GET_WEATHER", "[SL:DATE_TIME", "@ptr3", "@ptr4", "@ptr5", "@ptr6", "@ptr7", "@ptr8", "@ptr9", "@ptr10", "SL:DATE_TIME]", "[SL:LOCATION", "@ptr12", "SL:LOCATION]", "IN:GET_WEATHER]"], "predicted_tokens": ["[IN:GET_WEATHER", "[SL:DATE_TIME", "@ptr3", "@ptr4", "@ptr5", "@ptr6", "@ptr7", "@ptr8", "@ptr9", "@ptr10", "SL:DATE_TIME]", "[SL:LOCATION", "@ptr12", "SL:LOCATION]", "IN:GET_WEATHER]"]}
{"loss": 0.9673382043838501, "class_log_probabilities": [-0.7716140151023865, -8.549201965332031, -8.565845489501953, -8.61789321899414], "predictions": [13, 79, 397, 80, 16, 398, 399, 400, 401, 17, 14, 405, 15, 18, 4], "target_tokens": ["[IN:GET_WEATHER", "[SL:WEATHER_ATTRIBUTE", "@ptr2", "SL:WEATHER_ATTRIBUTE]", "[SL:DATE_TIME", "@ptr3", "@ptr4", "@ptr5", "@ptr6", "SL:DATE_TIME]", "[SL:LOCATION", "@ptr10", "SL:LOCATION]", "IN:GET_WEATHER]"], "predicted_tokens": ["[IN:GET_WEATHER", "[SL:WEATHER_ATTRIBUTE", "@ptr2", "SL:WEATHER_ATTRIBUTE]", "[SL:DATE_TIME", "@ptr3", "@ptr4", "@ptr5", "@ptr6", "SL:DATE_TIME]", "[SL:LOCATION", "@ptr10", "SL:LOCATION]", "IN:GET_WEATHER]"]}
{"loss": 0.9689947962760925, "class_log_probabilities": [-0.5925437808036804, -7.226021766662598, -7.524721622467041, -8.059125900268555], "predictions": [13, 14, 402, 15, 16, 403, 404, 405, 406, 17, 18, 4, 4], "target_tokens": ["[IN:GET_WEATHER", "[SL:LOCATION", "@ptr7", "SL:LOCATION]", "[SL:DATE_TIME", "@ptr8", "@ptr9", "@ptr10", "@ptr11", "SL:DATE_TIME]", "IN:GET_WEATHER]"], "predicted_tokens": ["[IN:GET_WEATHER", "[SL:LOCATION", "@ptr7", "SL:LOCATION]", "[SL:DATE_TIME", "@ptr8", "@ptr9", "@ptr10", "@ptr11", "SL:DATE_TIME]", "IN:GET_WEATHER]"]}
{"loss": 0.9679103493690491, "class_log_probabilities": [-0.6523834466934204, -8.268394470214844, -8.330594062805176, -8.362682342529297], "predictions": [13, 79, 398, 80, 14, 401, 15, 16, 402, 403, 17, 18, 4, 4], "target_tokens": ["[IN:GET_WEATHER", "[SL:WEATHER_ATTRIBUTE", "@ptr3", "SL:WEATHER_ATTRIBUTE]", "[SL:LOCATION", "@ptr6", "SL:LOCATION]", "[SL:DATE_TIME", "@ptr7", "@ptr8", "SL:DATE_TIME]", "IN:GET_WEATHER]"], "predicted_tokens": ["[IN:GET_WEATHER", "[SL:WEATHER_ATTRIBUTE", "@ptr3", "SL:WEATHER_ATTRIBUTE]", "[SL:LOCATION", "@ptr6", "SL:LOCATION]", "[SL:DATE_TIME", "@ptr7", "@ptr8", "SL:DATE_TIME]", "IN:GET_WEATHER]"]}
{"loss": 1.4633255004882812, "class_log_probabilities": [-0.7792544960975647, -7.98844575881958, -8.241316795349121, -8.434542655944824], "predictions": [13, 79, 398, 80, 16, 399, 400, 401, 402, 17, 14, 404, 15, 18, 4], "target_tokens": ["[IN:GET_WEATHER", "[SL:WEATHER_ATTRIBUTE", "@ptr3", "SL:WEATHER_ATTRIBUTE]", "[SL:DATE_TIME", "@ptr5", "@ptr6", "@ptr7", "SL:DATE_TIME]", "[SL:LOCATION", "@ptr9", "SL:LOCATION]", "IN:GET_WEATHER]"], "predicted_tokens": ["[IN:GET_WEATHER", "[SL:WEATHER_ATTRIBUTE", "@ptr3", "SL:WEATHER_ATTRIBUTE]", "[SL:DATE_TIME", "@ptr4", "@ptr5", "@ptr6", "@ptr7", "SL:DATE_TIME]", "[SL:LOCATION", "@ptr9", "SL:LOCATION]", "IN:GET_WEATHER]"]}
{"loss": 0.9671473503112793, "class_log_probabilities": [-0.5082765817642212, -8.304210662841797, -8.397819519042969, -8.435388565063477], "predictions": [13, 16, 399, 400, 17, 14, 402, 15, 18, 4], "target_tokens": ["[IN:GET_WEATHER", "[SL:DATE_TIME", "@ptr4", "@ptr5", "SL:DATE_TIME]", "[SL:LOCATION", "@ptr7", "SL:LOCATION]", "IN:GET_WEATHER]"], "predicted_tokens": ["[IN:GET_WEATHER", "[SL:DATE_TIME", "@ptr4", "@ptr5", "SL:DATE_TIME]", "[SL:LOCATION", "@ptr7", "SL:LOCATION]", "IN:GET_WEATHER]"]}
{"loss": 0.9652387499809265, "class_log_probabilities": [-0.6613171100616455, -5.1771650314331055, -7.194294452667236, -7.489416122436523], "predictions": [13, 79, 397, 80, 16, 399, 400, 401, 402, 17, 18, 4, 4], "target_tokens": ["[IN:GET_WEATHER", "[SL:WEATHER_ATTRIBUTE", "@ptr2", "SL:WEATHER_ATTRIBUTE]", "[SL:DATE_TIME", "@ptr4", "@ptr5", "@ptr6", "@ptr7", "SL:DATE_TIME]", "IN:GET_WEATHER]"], "predicted_tokens": ["[IN:GET_WEATHER", "[SL:WEATHER_ATTRIBUTE", "@ptr2", "SL:WEATHER_ATTRIBUTE]", "[SL:DATE_TIME", "@ptr4", "@ptr5", "@ptr6", "@ptr7", "SL:DATE_TIME]", "IN:GET_WEATHER]"]}
{"loss": 2.140744924545288, "class_log_probabilities": [-0.6452504396438599, -8.325654983520508, -8.446499824523926, -8.626561164855957], "predictions": [13, 14, 396, 15, 79, 398, 80, 16, 399, 400, 17, 18, 4, 4, 4, 4], "target_tokens": ["[IN:GET_WEATHER", "[SL:WEATHER_ATTRIBUTE", "@ptr3", "SL:WEATHER_ATTRIBUTE]", "[SL:LOCATION", "@ptr1", "SL:LOCATION]", "[SL:DATE_TIME", "@ptr4", "@ptr5", "SL:DATE_TIME]", "IN:GET_WEATHER]"], "predicted_tokens": ["[IN:GET_WEATHER", "[SL:LOCATION", "@ptr1", "SL:LOCATION]", "[SL:WEATHER_ATTRIBUTE", "@ptr3", "SL:WEATHER_ATTRIBUTE]", "[SL:DATE_TIME", "@ptr4", "@ptr5", "SL:DATE_TIME]", "IN:GET_WEATHER]"]}
{"loss": 1.0077048540115356, "class_log_probabilities": [-1.0009852647781372, -1.7419401407241821, -5.882453441619873, -6.679072380065918], "predictions": [13, 14, 401, 15, 16, 404, 405, 406, 407, 408, 17, 18, 4, 4], "target_tokens": ["[IN:GET_WEATHER", "[SL:LOCATION", "@ptr6", "SL:LOCATION]", "[SL:DATE_TIME", "@ptr9", "@ptr10", "@ptr11", "@ptr12", "@ptr13", "SL:DATE_TIME]", "IN:GET_WEATHER]"], "predicted_tokens": ["[IN:GET_WEATHER", "[SL:LOCATION", "@ptr6", "SL:LOCATION]", "[SL:DATE_TIME", "@ptr9", "@ptr10", "@ptr11", "@ptr12", "@ptr13", "SL:DATE_TIME]", "IN:GET_WEATHER]"]}
{"loss": 1.0199040174484253, "class_log_probabilities": [-0.9318430423736572, -1.40164053440094, -4.798321723937988, -8.25623893737793], "predictions": [13, 79, 399, 80, 16, 401, 17, 18, 4, 4], "target_tokens": ["[IN:GET_WEATHER", "[SL:WEATHER_ATTRIBUTE", "@ptr4", "SL:WEATHER_ATTRIBUTE]", "[SL:DATE_TIME", "@ptr6", "SL:DATE_TIME]", "IN:GET_WEATHER]"], "predicted_tokens": ["[IN:GET_WEATHER", "[SL:WEATHER_ATTRIBUTE", "@ptr4", "SL:WEATHER_ATTRIBUTE]", "[SL:DATE_TIME", "@ptr6", "SL:DATE_TIME]", "IN:GET_WEATHER]"]}
{"loss": 0.967657744884491, "class_log_probabilities": [-0.3704063296318054, -5.088315486907959, -6.427171230316162, -8.099753379821777], "predictions": [13, 135, 398, 136, 18, 4, 4, 4, 4], "target_tokens": ["[IN:GET_WEATHER", "[SL:WEATHER_TEMPERATURE_UNIT", "@ptr3", "SL:WEATHER_TEMPERATURE_UNIT]", "IN:GET_WEATHER]"], "predicted_tokens": ["[IN:GET_WEATHER", "[SL:WEATHER_TEMPERATURE_UNIT", "@ptr3", "SL:WEATHER_TEMPERATURE_UNIT]", "IN:GET_WEATHER]"]}
{"loss": 0.9702154994010925, "class_log_probabilities": [-0.43713250756263733, -6.830812931060791, -7.45842981338501, -7.552418231964111], "predictions": [13, 79, 399, 80, 16, 401, 17, 18, 4, 4], "target_tokens": ["[IN:GET_WEATHER", "[SL:WEATHER_ATTRIBUTE", "@ptr4", "SL:WEATHER_ATTRIBUTE]", "[SL:DATE_TIME", "@ptr6", "SL:DATE_TIME]", "IN:GET_WEATHER]"], "predicted_tokens": ["[IN:GET_WEATHER", "[SL:WEATHER_ATTRIBUTE", "@ptr4", "SL:WEATHER_ATTRIBUTE]", "[SL:DATE_TIME", "@ptr6", "SL:DATE_TIME]", "IN:GET_WEATHER]"]}
{"loss": 0.966403067111969, "class_log_probabilities": [-0.555595338344574, -8.055354118347168, -8.06834888458252, -8.428946495056152], "predictions": [13, 16, 399, 400, 401, 402, 403, 404, 17, 18, 4, 4, 4, 4, 4], "target_tokens": ["[IN:GET_WEATHER", "[SL:DATE_TIME", "@ptr4", "@ptr5", "@ptr6", "@ptr7", "@ptr8", "@ptr9", "SL:DATE_TIME]", "IN:GET_WEATHER]"], "predicted_tokens": ["[IN:GET_WEATHER", "[SL:DATE_TIME", "@ptr4", "@ptr5", "@ptr6", "@ptr7", "@ptr8", "@ptr9", "SL:DATE_TIME]", "IN:GET_WEATHER]"]}
{"loss": 0.965319037437439, "class_log_probabilities": [-0.3657178282737732, -8.41358470916748, -8.476365089416504, -8.60168743133545], "predictions": [13, 16, 401, 402, 17, 18, 4, 4], "target_tokens": ["[IN:GET_WEATHER", "[SL:DATE_TIME", "@ptr6", "@ptr7", "SL:DATE_TIME]", "IN:GET_WEATHER]"], "predicted_tokens": ["[IN:GET_WEATHER", "[SL:DATE_TIME", "@ptr6", "@ptr7", "SL:DATE_TIME]", "IN:GET_WEATHER]"]}
{"loss": 0.9695122241973877, "class_log_probabilities": [-0.5309082865715027, -7.696734428405762, -7.812234878540039, -8.135971069335938], "predictions": [13, 16, 400, 401, 402, 403, 404, 405, 17, 18, 4], "target_tokens": ["[IN:GET_WEATHER", "[SL:DATE_TIME", "@ptr5", "@ptr6", "@ptr7", "@ptr8", "@ptr9", "@ptr10", "SL:DATE_TIME]", "IN:GET_WEATHER]"], "predicted_tokens": ["[IN:GET_WEATHER", "[SL:DATE_TIME", "@ptr5", "@ptr6", "@ptr7", "@ptr8", "@ptr9", "@ptr10", "SL:DATE_TIME]", "IN:GET_WEATHER]"]}
{"loss": 0.9719477295875549, "class_log_probabilities": [-0.5169657468795776, -7.847135066986084, -7.968883037567139, -8.070451736450195], "predictions": [13, 16, 402, 403, 404, 405, 406, 407, 17, 18, 4], "target_tokens": ["[IN:GET_WEATHER", "[SL:DATE_TIME", "@ptr7", "@ptr8", "@ptr9", "@ptr10", "@ptr11", "@ptr12", "SL:DATE_TIME]", "IN:GET_WEATHER]"], "predicted_tokens": ["[IN:GET_WEATHER", "[SL:DATE_TIME", "@ptr7", "@ptr8", "@ptr9", "@ptr10", "@ptr11", "@ptr12", "SL:DATE_TIME]", "IN:GET_WEATHER]"]}
{"loss": 0.968437135219574, "class_log_probabilities": [-0.2972274720668793, -8.501994132995605, -8.547060012817383, -8.621275901794434], "predictions": [13, 14, 401, 15, 18, 4], "target_tokens": ["[IN:GET_WEATHER", "[SL:LOCATION", "@ptr6", "SL:LOCATION]", "IN:GET_WEATHER]"], "predicted_tokens": ["[IN:GET_WEATHER", "[SL:LOCATION", "@ptr6", "SL:LOCATION]", "IN:GET_WEATHER]"]}
{"loss": 0.9678882956504822, "class_log_probabilities": [-0.3001154661178589, -8.532395362854004, -8.537936210632324, -8.575416564941406], "predictions": [13, 14, 405, 15, 18, 4, 4], "target_tokens": ["[IN:GET_WEATHER", "[SL:LOCATION", "@ptr10", "SL:LOCATION]", "IN:GET_WEATHER]"], "predicted_tokens": ["[IN:GET_WEATHER", "[SL:LOCATION", "@ptr10", "SL:LOCATION]", "IN:GET_WEATHER]"]}
{"loss": 0.9653222560882568, "class_log_probabilities": [-0.44043105840682983, -6.378418922424316, -6.422958850860596, -7.350358486175537], "predictions": [13, 14, 402, 403, 404, 15, 18, 4, 4], "target_tokens": ["[IN:GET_WEATHER", "[SL:LOCATION", "@ptr7", "@ptr8", "@ptr9", "SL:LOCATION]", "IN:GET_WEATHER]"], "predicted_tokens": ["[IN:GET_WEATHER", "[SL:LOCATION", "@ptr7", "@ptr8", "@ptr9", "SL:LOCATION]", "IN:GET_WEATHER]"]}
{"loss": 0.9684988856315613, "class_log_probabilities": [-0.2966868579387665, -8.5458345413208, -8.561962127685547, -8.641287803649902], "predictions": [13, 14, 401, 15, 18, 4], "target_tokens": ["[IN:GET_WEATHER", "[SL:LOCATION", "@ptr6", "SL:LOCATION]", "IN:GET_WEATHER]"], "predicted_tokens": ["[IN:GET_WEATHER", "[SL:LOCATION", "@ptr6", "SL:LOCATION]", "IN:GET_WEATHER]"]}
{"loss": 1.872262954711914, "class_log_probabilities": [-0.5758184194564819, -6.5176682472229, -7.569746017456055, -7.697327613830566], "predictions": [13, 79, 395, 80, 14, 396, 397, 15, 18, 4], "target_tokens": ["[IN:GET_WEATHER", "[SL:LOCATION", "@ptr1", "@ptr2", "SL:LOCATION]", "IN:GET_WEATHER]"], "predicted_tokens": ["[IN:GET_WEATHER", "[SL:WEATHER_ATTRIBUTE", "@ptr0", "SL:WEATHER_ATTRIBUTE]", "[SL:LOCATION", "@ptr1", "@ptr2", "SL:LOCATION]", "IN:GET_WEATHER]"]}
{"loss": 1.9588031768798828, "class_log_probabilities": [-0.4588196575641632, -7.5290846824646, -7.879782676696777, -8.00306224822998], "predictions": [13, 16, 403, 404, 405, 406, 17, 18, 4, 4], "target_tokens": ["[IN:GET_WEATHER", "[SL:DATE_TIME", "@ptr9", "@ptr10", "@ptr11", "SL:DATE_TIME]", "IN:GET_WEATHER]"], "predicted_tokens": ["[IN:GET_WEATHER", "[SL:DATE_TIME", "@ptr8", "@ptr9", "@ptr10", "@ptr11", "SL:DATE_TIME]", "IN:GET_WEATHER]"]}
{"loss": 1.107971429824829, "class_log_probabilities": [-0.8200850486755371, -2.5007402896881104, -7.8920817375183105, -8.690414428710938], "predictions": [13, 79, 397, 80, 16, 399, 400, 17, 18, 4, 4, 4], "target_tokens": ["[IN:GET_WEATHER", "[SL:WEATHER_ATTRIBUTE", "@ptr2", "SL:WEATHER_ATTRIBUTE]", "[SL:DATE_TIME", "@ptr3", "@ptr4", "@ptr5", "SL:DATE_TIME]", "IN:GET_WEATHER]"], "predicted_tokens": ["[IN:GET_WEATHER", "[SL:WEATHER_ATTRIBUTE", "@ptr2", "SL:WEATHER_ATTRIBUTE]", "[SL:DATE_TIME", "@ptr4", "@ptr5", "SL:DATE_TIME]", "IN:GET_WEATHER]"]}
{"loss": 2.240886926651001, "class_log_probabilities": [-0.3581651449203491, -8.644558906555176, -8.823042869567871, -8.841708183288574], "predictions": [13, 16, 399, 400, 17, 18, 4], "target_tokens": ["[IN:GET_WEATHER", "[SL:DATE_TIME", "@ptr5", "SL:DATE_TIME]", "IN:GET_WEATHER]"], "predicted_tokens": ["[IN:GET_WEATHER", "[SL:DATE_TIME", "@ptr4", "@ptr5", "SL:DATE_TIME]", "IN:GET_WEATHER]"]}
{"loss": 0.9692368507385254, "class_log_probabilities": [-0.48532164096832275, -7.640036582946777, -8.440484046936035, -8.619487762451172], "predictions": [13, 16, 400, 401, 402, 403, 404, 17, 18, 4, 4], "target_tokens": ["[IN:GET_WEATHER", "[SL:DATE_TIME", "@ptr5", "@ptr6", "@ptr7", "@ptr8", "@ptr9", "SL:DATE_TIME]", "IN:GET_WEATHER]"], "predicted_tokens": ["[IN:GET_WEATHER", "[SL:DATE_TIME", "@ptr5", "@ptr6", "@ptr7", "@ptr8", "@ptr9", "SL:DATE_TIME]", "IN:GET_WEATHER]"]}
{"loss": 0.9695315361022949, "class_log_probabilities": [-0.2906654179096222, -8.304208755493164, -8.536402702331543, -8.595683097839355], "predictions": [13, 14, 403, 15, 18, 4], "target_tokens": ["[IN:GET_WEATHER", "[SL:LOCATION", "@ptr8", "SL:LOCATION]", "IN:GET_WEATHER]"], "predicted_tokens": ["[IN:GET_WEATHER", "[SL:LOCATION", "@ptr8", "SL:LOCATION]", "IN:GET_WEATHER]"]}
{"loss": 0.9658370614051819, "class_log_probabilities": [-0.5118957757949829, -6.28984260559082, -7.926705360412598, -8.4507417678833], "predictions": [13, 79, 399, 80, 14, 402, 15, 18, 4], "target_tokens": ["[IN:GET_WEATHER", "[SL:WEATHER_ATTRIBUTE", "@ptr4", "SL:WEATHER_ATTRIBUTE]", "[SL:LOCATION", "@ptr7", "SL:LOCATION]", "IN:GET_WEATHER]"], "predicted_tokens": ["[IN:GET_WEATHER", "[SL:WEATHER_ATTRIBUTE", "@ptr4", "SL:WEATHER_ATTRIBUTE]", "[SL:LOCATION", "@ptr7", "SL:LOCATION]", "IN:GET_WEATHER]"]}
{"loss": 0.9692448973655701, "class_log_probabilities": [-0.29296445846557617, -8.391642570495605, -8.681076049804688, -8.693161964416504], "predictions": [13, 14, 398, 15, 18, 4], "target_tokens": ["[IN:GET_WEATHER", "[SL:LOCATION", "@ptr3", "SL:LOCATION]", "IN:GET_WEATHER]"], "predicted_tokens": ["[IN:GET_WEATHER", "[SL:LOCATION", "@ptr3", "SL:LOCATION]", "IN:GET_WEATHER]"]}
{"loss": 0.9687442779541016, "class_log_probabilities": [-0.4502832293510437, -7.419785022735596, -7.734635353088379, -7.983174800872803], "predictions": [13, 14, 401, 402, 403, 404, 15, 18, 4], "target_tokens": ["[IN:GET_WEATHER", "[SL:LOCATION", "@ptr6", "@ptr7", "@ptr8", "@ptr9", "SL:LOCATION]", "IN:GET_WEATHER]"], "predicted_tokens": ["[IN:GET_WEATHER", "[SL:LOCATION", "@ptr6", "@ptr7", "@ptr8", "@ptr9", "SL:LOCATION]", "IN:GET_WEATHER]"]}
{"loss": 0.9674708843231201, "class_log_probabilities": [-0.4492282271385193, -8.4114408493042, -8.536158561706543, -8.719404220581055], "predictions": [13, 16, 401, 17, 14, 403, 15, 18, 4], "target_tokens": ["[IN:GET_WEATHER", "[SL:DATE_TIME", "@ptr6", "SL:DATE_TIME]", "[SL:LOCATION", "@ptr8", "SL:LOCATION]", "IN:GET_WEATHER]"], "predicted_tokens": ["[IN:GET_WEATHER", "[SL:DATE_TIME", "@ptr6", "SL:DATE_TIME]", "[SL:LOCATION", "@ptr8", "SL:LOCATION]", "IN:GET_WEATHER]"]}
{"loss": 1.7199634313583374, "class_log_probabilities": [-1.7960008382797241, -2.7383856773376465, -3.887885808944702, -4.188414096832275], "predictions": [13, 135, 398, 136, 14, 400, 53, 18, 4], "target_tokens": ["[IN:GET_WEATHER", "[SL:WEATHER_TEMPERATURE_UNIT", "@ptr3", "SL:WEATHER_TEMPERATURE_UNIT]", "IN:GET_WEATHER]"], "predicted_tokens": ["[IN:GET_WEATHER", "[SL:WEATHER_TEMPERATURE_UNIT", "@ptr3", "SL:WEATHER_TEMPERATURE_UNIT]", "[SL:LOCATION", "@ptr5", "SL:RECIPES_DISH]", "IN:GET_WEATHER]"]}
{"loss": 0.9652056097984314, "class_log_probabilities": [-0.5818403959274292, -8.1187105178833, -8.444479942321777, -8.54100227355957], "predictions": [13, 14, 397, 398, 399, 15, 16, 400, 17, 18, 4], "target_tokens": ["[IN:GET_WEATHER", "[SL:LOCATION", "@ptr2", "@ptr3", "@ptr4", "SL:LOCATION]", "[SL:DATE_TIME", "@ptr5", "SL:DATE_TIME]", "IN:GET_WEATHER]"], "predicted_tokens": ["[IN:GET_WEATHER", "[SL:LOCATION", "@ptr2", "@ptr3", "@ptr4", "SL:LOCATION]", "[SL:DATE_TIME", "@ptr5", "SL:DATE_TIME]", "IN:GET_WEATHER]"]}
{"loss": 0.9689371585845947, "class_log_probabilities": [-0.3934503197669983, -7.76811408996582, -7.968423366546631, -8.02968692779541], "predictions": [13, 14, 400, 401, 402, 15, 18, 4], "target_tokens": ["[IN:GET_WEATHER", "[SL:LOCATION", "@ptr5", "@ptr6", "@ptr7", "SL:LOCATION]", "IN:GET_WEATHER]"], "predicted_tokens": ["[IN:GET_WEATHER", "[SL:LOCATION", "@ptr5", "@ptr6", "@ptr7", "SL:LOCATION]", "IN:GET_WEATHER]"]}
{"loss": 0.9783802032470703, "class_log_probabilities": [-0.8328531384468079, -7.348313331604004, -7.632071495056152, -7.767971038818359], "predictions": [13, 79, 397, 80, 14, 400, 15, 16, 401, 402, 403, 404, 17, 135, 407, 136, 18, 4], "target_tokens": ["[IN:GET_WEATHER", "[SL:WEATHER_ATTRIBUTE", "@ptr2", "SL:WEATHER_ATTRIBUTE]", "[SL:LOCATION", "@ptr5", "SL:LOCATION]", "[SL:DATE_TIME", "@ptr6", "@ptr7", "@ptr8", "@ptr9", "SL:DATE_TIME]", "[SL:WEATHER_TEMPERATURE_UNIT", "@ptr12", "SL:WEATHER_TEMPERATURE_UNIT]", "IN:GET_WEATHER]"], "predicted_tokens": ["[IN:GET_WEATHER", "[SL:WEATHER_ATTRIBUTE", "@ptr2", "SL:WEATHER_ATTRIBUTE]", "[SL:LOCATION", "@ptr5", "SL:LOCATION]", "[SL:DATE_TIME", "@ptr6", "@ptr7", "@ptr8", "@ptr9", "SL:DATE_TIME]", "[SL:WEATHER_TEMPERATURE_UNIT", "@ptr12", "SL:WEATHER_TEMPERATURE_UNIT]", "IN:GET_WEATHER]"]}
{"loss": 1.178721308708191, "class_log_probabilities": [-1.077617883682251, -4.474748611450195, -4.655982971191406, -5.431325435638428], "predictions": [13, 79, 399, 400, 80, 79, 402, 80, 135, 404, 136, 14, 406, 15, 16, 407, 17, 18, 4, 4, 4, 4], "target_tokens": ["[IN:GET_WEATHER", "[SL:WEATHER_ATTRIBUTE", "@ptr5", "SL:WEATHER_ATTRIBUTE]", "[SL:WEATHER_ATTRIBUTE", "@ptr7", "SL:WEATHER_ATTRIBUTE]", "[SL:WEATHER_TEMPERATURE_UNIT", "@ptr9", "SL:WEATHER_TEMPERATURE_UNIT]", "[SL:LOCATION", "@ptr11", "SL:LOCATION]", "[SL:DATE_TIME", "@ptr12", "SL:DATE_TIME]", "IN:GET_WEATHER]"], "predicted_tokens": ["[IN:GET_WEATHER", "[SL:WEATHER_ATTRIBUTE", "@ptr4", "@ptr5", "SL:WEATHER_ATTRIBUTE]", "[SL:WEATHER_ATTRIBUTE", "@ptr7", "SL:WEATHER_ATTRIBUTE]", "[SL:WEATHER_TEMPERATURE_UNIT", "@ptr9", "SL:WEATHER_TEMPERATURE_UNIT]", "[SL:LOCATION", "@ptr11", "SL:LOCATION]", "[SL:DATE_TIME", "@ptr12", "SL:DATE_TIME]", "IN:GET_WEATHER]"]}
{"loss": 0.9872117638587952, "class_log_probabilities": [-1.0189220905303955, -4.001480579376221, -6.153719902038574, -6.435601234436035], "predictions": [13, 79, 398, 80, 79, 400, 80, 135, 401, 136, 14, 402, 403, 15, 16, 404, 405, 406, 407, 17, 18, 4], "target_tokens": ["[IN:GET_WEATHER", "[SL:WEATHER_ATTRIBUTE", "@ptr3", "SL:WEATHER_ATTRIBUTE]", "[SL:WEATHER_ATTRIBUTE", "@ptr5", "SL:WEATHER_ATTRIBUTE]", "[SL:WEATHER_TEMPERATURE_UNIT", "@ptr6", "SL:WEATHER_TEMPERATURE_UNIT]", "[SL:LOCATION", "@ptr7", "@ptr8", "SL:LOCATION]", "[SL:DATE_TIME", "@ptr9", "@ptr10", "@ptr11", "@ptr12", "SL:DATE_TIME]", "IN:GET_WEATHER]"], "predicted_tokens": ["[IN:GET_WEATHER", "[SL:WEATHER_ATTRIBUTE", "@ptr3", "SL:WEATHER_ATTRIBUTE]", "[SL:WEATHER_ATTRIBUTE", "@ptr5", "SL:WEATHER_ATTRIBUTE]", "[SL:WEATHER_TEMPERATURE_UNIT", "@ptr6", "SL:WEATHER_TEMPERATURE_UNIT]", "[SL:LOCATION", "@ptr7", "@ptr8", "SL:LOCATION]", "[SL:DATE_TIME", "@ptr9", "@ptr10", "@ptr11", "@ptr12", "SL:DATE_TIME]", "IN:GET_WEATHER]"]}
{"loss": 0.9743881225585938, "class_log_probabilities": [-0.5199719667434692, -6.547614574432373, -7.305798530578613, -7.3569488525390625], "predictions": [13, 14, 396, 15, 135, 397, 136, 18, 4, 4, 4, 4], "target_tokens": ["[IN:GET_WEATHER", "[SL:LOCATION", "@ptr1", "SL:LOCATION]", "[SL:WEATHER_TEMPERATURE_UNIT", "@ptr2", "SL:WEATHER_TEMPERATURE_UNIT]", "IN:GET_WEATHER]"], "predicted_tokens": ["[IN:GET_WEATHER", "[SL:LOCATION", "@ptr1", "SL:LOCATION]", "[SL:WEATHER_TEMPERATURE_UNIT", "@ptr2", "SL:WEATHER_TEMPERATURE_UNIT]", "IN:GET_WEATHER]"]}
{"loss": 2.1344854831695557, "class_log_probabilities": [-1.5896992683410645, -2.5846192836761475, -2.8071212768554688, -3.297245502471924], "predictions": [13, 79, 396, 80, 14, 399, 15, 16, 401, 402, 403, 17, 135, 406, 136, 18, 4], "target_tokens": ["[IN:GET_WEATHER", "[SL:WEATHER_ATTRIBUTE", "@ptr1", "SL:WEATHER_ATTRIBUTE]", "[SL:DATE_TIME", "@ptr6", "@ptr7", "@ptr8", "SL:DATE_TIME]", "[SL:LOCATION", "@ptr4", "SL:LOCATION]", "[SL:WEATHER_TEMPERATURE_UNIT", "@ptr11", "SL:WEATHER_TEMPERATURE_UNIT]", "IN:GET_WEATHER]"], "predicted_tokens": ["[IN:GET_WEATHER", "[SL:WEATHER_ATTRIBUTE", "@ptr1", "SL:WEATHER_ATTRIBUTE]", "[SL:LOCATION", "@ptr4", "SL:LOCATION]", "[SL:DATE_TIME", "@ptr6", "@ptr7", "@ptr8", "SL:DATE_TIME]", "[SL:WEATHER_TEMPERATURE_UNIT", "@ptr11", "SL:WEATHER_TEMPERATURE_UNIT]", "IN:GET_WEATHER]"]}
{"loss": 0.9758874773979187, "class_log_probabilities": [-0.577092707157135, -7.278252601623535, -7.8562846183776855, -7.8949971199035645], "predictions": [13, 16, 397, 17, 14, 399, 15, 135, 400, 136, 18, 4], "target_tokens": ["[IN:GET_WEATHER", "[SL:DATE_TIME", "@ptr2", "SL:DATE_TIME]", "[SL:LOCATION", "@ptr4", "SL:LOCATION]", "[SL:WEATHER_TEMPERATURE_UNIT", "@ptr5", "SL:WEATHER_TEMPERATURE_UNIT]", "IN:GET_WEATHER]"], "predicted_tokens": ["[IN:GET_WEATHER", "[SL:DATE_TIME", "@ptr2", "SL:DATE_TIME]", "[SL:LOCATION", "@ptr4", "SL:LOCATION]", "[SL:WEATHER_TEMPERATURE_UNIT", "@ptr5", "SL:WEATHER_TEMPERATURE_UNIT]", "IN:GET_WEATHER]"]}
{"loss": 0.975344181060791, "class_log_probabilities": [-0.5643745064735413, -8.053590774536133, -8.194040298461914, -8.205854415893555], "predictions": [13, 14, 396, 15, 16, 397, 17, 135, 399, 136, 18, 4, 4, 4, 4], "target_tokens": ["[IN:GET_WEATHER", "[SL:LOCATION", "@ptr1", "SL:LOCATION]", "[SL:DATE_TIME", "@ptr2", "SL:DATE_TIME]", "[SL:WEATHER_TEMPERATURE_UNIT", "@ptr4", "SL:WEATHER_TEMPERATURE_UNIT]", "IN:GET_WEATHER]"], "predicted_tokens": ["[IN:GET_WEATHER", "[SL:LOCATION", "@ptr1", "SL:LOCATION]", "[SL:DATE_TIME", "@ptr2", "SL:DATE_TIME]", "[SL:WEATHER_TEMPERATURE_UNIT", "@ptr4", "SL:WEATHER_TEMPERATURE_UNIT]", "IN:GET_WEATHER]"]}
{"loss": 1.2422873973846436, "class_log_probabilities": [-1.1167101860046387, -4.721029281616211, -5.069723129272461, -6.544634819030762], "predictions": [13, 14, 397, 398, 399, 400, 15, 16, 401, 402, 403, 404, 17, 135, 406, 136, 18, 4, 4, 4], "target_tokens": ["[IN:GET_WEATHER", "[SL:LOCATION", "@ptr5", "SL:LOCATION]", "[SL:DATE_TIME", "@ptr6", "@ptr7", "@ptr8", "@ptr9", "SL:DATE_TIME]", "[SL:WEATHER_TEMPERATURE_UNIT", "@ptr11", "SL:WEATHER_TEMPERATURE_UNIT]", "IN:GET_WEATHER]"], "predicted_tokens": ["[IN:GET_WEATHER", "[SL:LOCATION", "@ptr2", "@ptr3", "@ptr4", "@ptr5", "SL:LOCATION]", "[SL:DATE_TIME", "@ptr6", "@ptr7", "@ptr8", "@ptr9", "SL:DATE_TIME]", "[SL:WEATHER_TEMPERATURE_UNIT", "@ptr11", "SL:WEATHER_TEMPERATURE_UNIT]", "IN:GET_WEATHER]"]}
{"loss": 1.5878888368606567, "class_log_probabilities": [-0.703788697719574, -7.221344947814941, -7.635884761810303, -7.992929935455322], "predictions": [13, 16, 396, 397, 398, 399, 17, 14, 402, 15, 135, 403, 136, 18, 4], "target_tokens": ["[IN:GET_WEATHER", "[SL:DATE_TIME", "@ptr3", "@ptr4", "SL:DATE_TIME]", "[SL:LOCATION", "@ptr7", "SL:LOCATION]", "[SL:WEATHER_TEMPERATURE_UNIT", "@ptr8", "SL:WEATHER_TEMPERATURE_UNIT]", "IN:GET_WEATHER]"], "predicted_tokens": ["[IN:GET_WEATHER", "[SL:DATE_TIME", "@ptr1", "@ptr2", "@ptr3", "@ptr4", "SL:DATE_TIME]", "[SL:LOCATION", "@ptr7", "SL:LOCATION]", "[SL:WEATHER_TEMPERATURE_UNIT", "@ptr8", "SL:WEATHER_TEMPERATURE_UNIT]", "IN:GET_WEATHER]"]}
{"loss": 0.9773043394088745, "class_log_probabilities": [-0.5883907675743103, -8.019241333007812, -8.266176223754883, -8.372499465942383], "predictions": [13, 14, 397, 15, 16, 398, 399, 17, 135, 400, 136, 18, 4], "target_tokens": ["[IN:GET_WEATHER", "[SL:LOCATION", "@ptr2", "SL:LOCATION]", "[SL:DATE_TIME", "@ptr3", "@ptr4", "SL:DATE_TIME]", "[SL:WEATHER_TEMPERATURE_UNIT", "@ptr5", "SL:WEATHER_TEMPERATURE_UNIT]", "IN:GET_WEATHER]"], "predicted_tokens": ["[IN:GET_WEATHER", "[SL:LOCATION", "@ptr2", "SL:LOCATION]", "[SL:DATE_TIME", "@ptr3", "@ptr4", "SL:DATE_TIME]", "[SL:WEATHER_TEMPERATURE_UNIT", "@ptr5", "SL:WEATHER_TEMPERATURE_UNIT]", "IN:GET_WEATHER]"]}
{"loss": 1.211583137512207, "class_log_probabilities": [-0.9304742813110352, -5.214230060577393, -7.092811107635498, -7.329282760620117], "predictions": [13, 79, 397, 80, 16, 399, 400, 401, 17, 14, 402, 403, 15, 135, 407, 136, 18, 4], "target_tokens": ["[IN:GET_WEATHER", "[SL:WEATHER_ATTRIBUTE", "@ptr2", "SL:WEATHER_ATTRIBUTE]", "[SL:DATE_TIME", "@ptr5", "@ptr6", "SL:DATE_TIME]", "[SL:LOCATION", "@ptr7", "@ptr8", "SL:LOCATION]", "[SL:WEATHER_TEMPERATURE_UNIT", "@ptr12", "SL:WEATHER_TEMPERATURE_UNIT]", "IN:GET_WEATHER]"], "predicted_tokens": ["[IN:GET_WEATHER", "[SL:WEATHER_ATTRIBUTE", "@ptr2", "SL:WEATHER_ATTRIBUTE]", "[SL:DATE_TIME", "@ptr4", "@ptr5", "@ptr6", "SL:DATE_TIME]", "[SL:LOCATION", "@ptr7", "@ptr8", "SL:LOCATION]", "[SL:WEATHER_TEMPERATURE_UNIT", "@ptr12", "SL:WEATHER_TEMPERATURE_UNIT]", "IN:GET_WEATHER]"]}
{"loss": 0.9744897484779358, "class_log_probabilities": [-0.5698896646499634, -6.885492324829102, -7.640529632568359, -7.799183368682861], "predictions": [13, 79, 397, 80, 16, 399, 17, 135, 401, 136, 18, 4, 4, 4], "target_tokens": ["[IN:GET_WEATHER", "[SL:WEATHER_ATTRIBUTE", "@ptr2", "SL:WEATHER_ATTRIBUTE]", "[SL:DATE_TIME", "@ptr4", "SL:DATE_TIME]", "[SL:WEATHER_TEMPERATURE_UNIT", "@ptr6", "SL:WEATHER_TEMPERATURE_UNIT]", "IN:GET_WEATHER]"], "predicted_tokens": ["[IN:GET_WEATHER", "[SL:WEATHER_ATTRIBUTE", "@ptr2", "SL:WEATHER_ATTRIBUTE]", "[SL:DATE_TIME", "@ptr4", "SL:DATE_TIME]", "[SL:WEATHER_TEMPERATURE_UNIT", "@ptr6", "SL:WEATHER_TEMPERATURE_UNIT]", "IN:GET_WEATHER]"]}
{"loss": 0.967644453048706, "class_log_probabilities": [-0.450591504573822, -8.492430686950684, -8.503129005432129, -8.53053092956543], "predictions": [13, 79, 400, 80, 16, 401, 17, 18, 4], "target_tokens": ["[IN:GET_WEATHER", "[SL:WEATHER_ATTRIBUTE", "@ptr5", "SL:WEATHER_ATTRIBUTE]", "[SL:DATE_TIME", "@ptr6", "SL:DATE_TIME]", "IN:GET_WEATHER]"], "predicted_tokens": ["[IN:GET_WEATHER", "[SL:WEATHER_ATTRIBUTE", "@ptr5", "SL:WEATHER_ATTRIBUTE]", "[SL:DATE_TIME", "@ptr6", "SL:DATE_TIME]", "IN:GET_WEATHER]"]}
{"loss": 2.1437392234802246, "class_log_probabilities": [-0.7301492094993591, -7.506795883178711, -7.804802894592285, -7.913010597229004], "predictions": [45, 14, 397, 398, 15, 16, 399, 400, 401, 402, 17, 46, 4, 4], "target_tokens": ["[IN:GET_WEATHER", "[SL:LOCATION", "@ptr2", "@ptr3", "SL:LOCATION]", "[SL:DATE_TIME", "@ptr4", "@ptr5", "@ptr6", "@ptr7", "SL:DATE_TIME]", "IN:GET_WEATHER]"], "predicted_tokens": ["[IN:CREATE_ALARM", "[SL:LOCATION", "@ptr2", "@ptr3", "SL:LOCATION]", "[SL:DATE_TIME", "@ptr4", "@ptr5", "@ptr6", "@ptr7", "SL:DATE_TIME]", "IN:CREATE_ALARM]"]}
{"loss": 0.9660636186599731, "class_log_probabilities": [-0.4674217104911804, -8.691306114196777, -8.699734687805176, -8.743095397949219], "predictions": [13, 79, 396, 80, 16, 398, 17, 18, 4], "target_tokens": ["[IN:GET_WEATHER", "[SL:WEATHER_ATTRIBUTE", "@ptr1", "SL:WEATHER_ATTRIBUTE]", "[SL:DATE_TIME", "@ptr3", "SL:DATE_TIME]", "IN:GET_WEATHER]"], "predicted_tokens": ["[IN:GET_WEATHER", "[SL:WEATHER_ATTRIBUTE", "@ptr1", "SL:WEATHER_ATTRIBUTE]", "[SL:DATE_TIME", "@ptr3", "SL:DATE_TIME]", "IN:GET_WEATHER]"]}
{"loss": 0.9674885272979736, "class_log_probabilities": [-0.3047952651977539, -8.239005088806152, -8.38245677947998, -8.47537612915039], "predictions": [13, 79, 398, 80, 18, 4], "target_tokens": ["[IN:GET_WEATHER", "[SL:WEATHER_ATTRIBUTE", "@ptr3", "SL:WEATHER_ATTRIBUTE]", "IN:GET_WEATHER]"], "predicted_tokens": ["[IN:GET_WEATHER", "[SL:WEATHER_ATTRIBUTE", "@ptr3", "SL:WEATHER_ATTRIBUTE]", "IN:GET_WEATHER]"]}
{"loss": 1.9882549047470093, "class_log_probabilities": [-0.42917579412460327, -6.292792797088623, -7.284311294555664, -7.315847873687744], "predictions": [127, 16, 402, 403, 404, 405, 17, 128, 4], "target_tokens": ["[IN:GET_SUNRISE", "[SL:DATE_TIME", "@ptr8", "@ptr9", "@ptr10", "SL:DATE_TIME]", "IN:GET_SUNRISE]"], "predicted_tokens": ["[IN:GET_SUNRISE", "[SL:DATE_TIME", "@ptr7", "@ptr8", "@ptr9", "@ptr10", "SL:DATE_TIME]", "IN:GET_SUNRISE]"]}
{"loss": 3.7650506496429443, "class_log_probabilities": [-0.44359681010246277, -7.492557048797607, -7.594542980194092, -8.043286323547363], "predictions": [13, 79, 401, 80, 14, 405, 15, 18, 4], "target_tokens": ["[IN:GET_WEATHER", "[SL:LOCATION", "@ptr9", "@ptr10", "SL:LOCATION]", "IN:GET_WEATHER]"], "predicted_tokens": ["[IN:GET_WEATHER", "[SL:WEATHER_ATTRIBUTE", "@ptr6", "SL:WEATHER_ATTRIBUTE]", "[SL:LOCATION", "@ptr10", "SL:LOCATION]", "IN:GET_WEATHER]"]}
{"loss": 0.9651023149490356, "class_log_probabilities": [-0.5278534293174744, -8.408456802368164, -8.450292587280273, -8.618515014648438], "predictions": [13, 79, 399, 80, 16, 400, 401, 17, 18, 4], "target_tokens": ["[IN:GET_WEATHER", "[SL:WEATHER_ATTRIBUTE", "@ptr4", "SL:WEATHER_ATTRIBUTE]", "[SL:DATE_TIME", "@ptr5", "@ptr6", "SL:DATE_TIME]", "IN:GET_WEATHER]"], "predicted_tokens": ["[IN:GET_WEATHER", "[SL:WEATHER_ATTRIBUTE", "@ptr4", "SL:WEATHER_ATTRIBUTE]", "[SL:DATE_TIME", "@ptr5", "@ptr6", "SL:DATE_TIME]", "IN:GET_WEATHER]"]}
{"loss": 1.103453278541565, "class_log_probabilities": [-1.014892816543579, -2.799923896789551, -3.5741500854492188, -4.372500896453857], "predictions": [13, 18, 4], "target_tokens": ["[IN:GET_WEATHER", "IN:GET_WEATHER]"], "predicted_tokens": ["[IN:GET_WEATHER", "IN:GET_WEATHER]"]}
{"loss": 0.9667757749557495, "class_log_probabilities": [-0.4729597568511963, -7.968446731567383, -8.235261917114258, -8.360135078430176], "predictions": [13, 79, 399, 80, 14, 403, 15, 18, 4], "target_tokens": ["[IN:GET_WEATHER", "[SL:WEATHER_ATTRIBUTE", "@ptr4", "SL:WEATHER_ATTRIBUTE]", "[SL:LOCATION", "@ptr8", "SL:LOCATION]", "IN:GET_WEATHER]"], "predicted_tokens": ["[IN:GET_WEATHER", "[SL:WEATHER_ATTRIBUTE", "@ptr4", "SL:WEATHER_ATTRIBUTE]", "[SL:LOCATION", "@ptr8", "SL:LOCATION]", "IN:GET_WEATHER]"]}
{"loss": 0.9687719941139221, "class_log_probabilities": [-0.29425933957099915, -8.55987548828125, -8.566085815429688, -8.602121353149414], "predictions": [13, 14, 400, 15, 18, 4], "target_tokens": ["[IN:GET_WEATHER", "[SL:LOCATION", "@ptr5", "SL:LOCATION]", "IN:GET_WEATHER]"], "predicted_tokens": ["[IN:GET_WEATHER", "[SL:LOCATION", "@ptr5", "SL:LOCATION]", "IN:GET_WEATHER]"]}
{"loss": 0.9703436493873596, "class_log_probabilities": [-0.1459169089794159, -8.70274829864502, -8.814297676086426, -8.886899948120117], "predictions": [13, 18, 4, 4], "target_tokens": ["[IN:GET_WEATHER", "IN:GET_WEATHER]"], "predicted_tokens": ["[IN:GET_WEATHER", "IN:GET_WEATHER]"]}
{"loss": 0.9675823450088501, "class_log_probabilities": [-0.3496066927909851, -8.895605087280273, -8.900047302246094, -8.935975074768066], "predictions": [13, 16, 400, 401, 17, 18, 4, 4], "target_tokens": ["[IN:GET_WEATHER", "[SL:DATE_TIME", "@ptr5", "@ptr6", "SL:DATE_TIME]", "IN:GET_WEATHER]"], "predicted_tokens": ["[IN:GET_WEATHER", "[SL:DATE_TIME", "@ptr5", "@ptr6", "SL:DATE_TIME]", "IN:GET_WEATHER]"]}
{"loss": 0.9691265821456909, "class_log_probabilities": [-0.4880005121231079, -8.118974685668945, -8.470643997192383, -8.609847068786621], "predictions": [13, 79, 401, 80, 16, 402, 403, 17, 18, 4], "target_tokens": ["[IN:GET_WEATHER", "[SL:WEATHER_ATTRIBUTE", "@ptr6", "SL:WEATHER_ATTRIBUTE]", "[SL:DATE_TIME", "@ptr7", "@ptr8", "SL:DATE_TIME]", "IN:GET_WEATHER]"], "predicted_tokens": ["[IN:GET_WEATHER", "[SL:WEATHER_ATTRIBUTE", "@ptr6", "SL:WEATHER_ATTRIBUTE]", "[SL:DATE_TIME", "@ptr7", "@ptr8", "SL:DATE_TIME]", "IN:GET_WEATHER]"]}
{"loss": 0.9658436179161072, "class_log_probabilities": [-0.3691386580467224, -7.4511942863464355, -8.225910186767578, -8.399328231811523], "predictions": [13, 14, 403, 404, 15, 18, 4], "target_tokens": ["[IN:GET_WEATHER", "[SL:LOCATION", "@ptr8", "@ptr9", "SL:LOCATION]", "IN:GET_WEATHER]"], "predicted_tokens": ["[IN:GET_WEATHER", "[SL:LOCATION", "@ptr8", "@ptr9", "SL:LOCATION]", "IN:GET_WEATHER]"]}
{"loss": 0.9686734080314636, "class_log_probabilities": [-0.3414033055305481, -8.640785217285156, -8.778467178344727, -9.001749038696289], "predictions": [13, 16, 400, 401, 17, 18, 4, 4], "target_tokens": ["[IN:GET_WEATHER", "[SL:DATE_TIME", "@ptr5", "@ptr6", "SL:DATE_TIME]", "IN:GET_WEATHER]"], "predicted_tokens": ["[IN:GET_WEATHER", "[SL:DATE_TIME", "@ptr5", "@ptr6", "SL:DATE_TIME]", "IN:GET_WEATHER]"]}
{"loss": 0.9646879434585571, "class_log_probabilities": [-0.5342071056365967, -8.084609985351562, -8.327022552490234, -8.408007621765137], "predictions": [13, 79, 397, 80, 16, 401, 402, 17, 18, 4, 4], "target_tokens": ["[IN:GET_WEATHER", "[SL:WEATHER_ATTRIBUTE", "@ptr2", "SL:WEATHER_ATTRIBUTE]", "[SL:DATE_TIME", "@ptr6", "@ptr7", "SL:DATE_TIME]", "IN:GET_WEATHER]"], "predicted_tokens": ["[IN:GET_WEATHER", "[SL:WEATHER_ATTRIBUTE", "@ptr2", "SL:WEATHER_ATTRIBUTE]", "[SL:DATE_TIME", "@ptr6", "@ptr7", "SL:DATE_TIME]", "IN:GET_WEATHER]"]}
{"loss": 0.9676204323768616, "class_log_probabilities": [-0.45208975672721863, -8.511722564697266, -8.5852632522583, -8.600117683410645], "predictions": [13, 79, 397, 80, 14, 399, 15, 18, 4], "target_tokens": ["[IN:GET_WEATHER", "[SL:WEATHER_ATTRIBUTE", "@ptr2", "SL:WEATHER_ATTRIBUTE]", "[SL:LOCATION", "@ptr4", "SL:LOCATION]", "IN:GET_WEATHER]"], "predicted_tokens": ["[IN:GET_WEATHER", "[SL:WEATHER_ATTRIBUTE", "@ptr2", "SL:WEATHER_ATTRIBUTE]", "[SL:LOCATION", "@ptr4", "SL:LOCATION]", "IN:GET_WEATHER]"]}
{"loss": 0.9663025140762329, "class_log_probabilities": [-0.4080275595188141, -8.39413070678711, -8.639196395874023, -8.808237075805664], "predictions": [13, 16, 400, 401, 402, 17, 18, 4, 4], "target_tokens": ["[IN:GET_WEATHER", "[SL:DATE_TIME", "@ptr5", "@ptr6", "@ptr7", "SL:DATE_TIME]", "IN:GET_WEATHER]"], "predicted_tokens": ["[IN:GET_WEATHER", "[SL:DATE_TIME", "@ptr5", "@ptr6", "@ptr7", "SL:DATE_TIME]", "IN:GET_WEATHER]"]}
{"loss": 2.162465810775757, "class_log_probabilities": [-0.3520030379295349, -5.518848896026611, -8.729681015014648, -8.853581428527832], "predictions": [13, 16, 400, 17, 18, 4, 4, 4], "target_tokens": ["[IN:GET_WEATHER", "[SL:DATE_TIME", "@ptr4", "@ptr5", "SL:DATE_TIME]", "IN:GET_WEATHER]"], "predicted_tokens": ["[IN:GET_WEATHER", "[SL:DATE_TIME", "@ptr5", "SL:DATE_TIME]", "IN:GET_WEATHER]"]}
{"loss": 0.964562714099884, "class_log_probabilities": [-0.48396241664886475, -8.014708518981934, -8.41073226928711, -8.412849426269531], "predictions": [13, 79, 397, 80, 16, 401, 17, 18, 4, 4], "target_tokens": ["[IN:GET_WEATHER", "[SL:WEATHER_ATTRIBUTE", "@ptr2", "SL:WEATHER_ATTRIBUTE]", "[SL:DATE_TIME", "@ptr6", "SL:DATE_TIME]", "IN:GET_WEATHER]"], "predicted_tokens": ["[IN:GET_WEATHER", "[SL:WEATHER_ATTRIBUTE", "@ptr2", "SL:WEATHER_ATTRIBUTE]", "[SL:DATE_TIME", "@ptr6", "SL:DATE_TIME]", "IN:GET_WEATHER]"]}
{"loss": 0.9661445617675781, "class_log_probabilities": [-0.6194466352462769, -8.04960823059082, -8.285026550292969, -8.366983413696289], "predictions": [13, 79, 397, 80, 16, 399, 400, 401, 402, 17, 18, 4, 4], "target_tokens": ["[IN:GET_WEATHER", "[SL:WEATHER_ATTRIBUTE", "@ptr2", "SL:WEATHER_ATTRIBUTE]", "[SL:DATE_TIME", "@ptr4", "@ptr5", "@ptr6", "@ptr7", "SL:DATE_TIME]", "IN:GET_WEATHER]"], "predicted_tokens": ["[IN:GET_WEATHER", "[SL:WEATHER_ATTRIBUTE", "@ptr2", "SL:WEATHER_ATTRIBUTE]", "[SL:DATE_TIME", "@ptr4", "@ptr5", "@ptr6", "@ptr7", "SL:DATE_TIME]", "IN:GET_WEATHER]"]}
{"loss": 1.3530124425888062, "class_log_probabilities": [-1.6834728717803955, -1.9535067081451416, -2.136445999145508, -4.832546710968018], "predictions": [13, 79, 399, 80, 16, 400, 17, 18, 4, 4, 4], "target_tokens": ["[IN:GET_WEATHER", "[SL:WEATHER_ATTRIBUTE", "@ptr3", "@ptr4", "SL:WEATHER_ATTRIBUTE]", "[SL:DATE_TIME", "@ptr6", "SL:DATE_TIME]", "IN:GET_WEATHER]"], "predicted_tokens": ["[IN:GET_WEATHER", "[SL:WEATHER_ATTRIBUTE", "@ptr4", "SL:WEATHER_ATTRIBUTE]", "[SL:DATE_TIME", "@ptr5", "SL:DATE_TIME]", "IN:GET_WEATHER]"]}
{"loss": 0.9653137922286987, "class_log_probabilities": [-0.5252077579498291, -8.613991737365723, -8.639638900756836, -8.757869720458984], "predictions": [13, 79, 399, 80, 16, 400, 401, 17, 18, 4], "target_tokens": ["[IN:GET_WEATHER", "[SL:WEATHER_ATTRIBUTE", "@ptr4", "SL:WEATHER_ATTRIBUTE]", "[SL:DATE_TIME", "@ptr5", "@ptr6", "SL:DATE_TIME]", "IN:GET_WEATHER]"], "predicted_tokens": ["[IN:GET_WEATHER", "[SL:WEATHER_ATTRIBUTE", "@ptr4", "SL:WEATHER_ATTRIBUTE]", "[SL:DATE_TIME", "@ptr5", "@ptr6", "SL:DATE_TIME]", "IN:GET_WEATHER]"]}
{"loss": 0.9671965837478638, "class_log_probabilities": [-0.35601478815078735, -7.76942253112793, -7.769615173339844, -8.531076431274414], "predictions": [13, 16, 401, 402, 17, 18, 4, 4], "target_tokens": ["[IN:GET_WEATHER", "[SL:DATE_TIME", "@ptr6", "@ptr7", "SL:DATE_TIME]", "IN:GET_WEATHER]"], "predicted_tokens": ["[IN:GET_WEATHER", "[SL:DATE_TIME", "@ptr6", "@ptr7", "SL:DATE_TIME]", "IN:GET_WEATHER]"]}
{"loss": 2.589482307434082, "class_log_probabilities": [-0.41507506370544434, -4.012035846710205, -4.970941543579102, -7.8950605392456055], "predictions": [13, 79, 401, 80, 18, 4], "target_tokens": ["[IN:GET_WEATHER", "[SL:WEATHER_ATTRIBUTE", "@ptr4", "@ptr5", "@ptr6", "SL:WEATHER_ATTRIBUTE]", "IN:GET_WEATHER]"], "predicted_tokens": ["[IN:GET_WEATHER", "[SL:WEATHER_ATTRIBUTE", "@ptr6", "SL:WEATHER_ATTRIBUTE]", "IN:GET_WEATHER]"]}
{"loss": 1.0336108207702637, "class_log_probabilities": [-1.3234448432922363, -1.979901909828186, -3.5343332290649414, -6.467252731323242], "predictions": [13, 79, 397, 80, 79, 399, 80, 16, 402, 17, 18, 4, 4, 4, 4], "target_tokens": ["[IN:GET_WEATHER", "[SL:WEATHER_ATTRIBUTE", "@ptr2", "SL:WEATHER_ATTRIBUTE]", "[SL:WEATHER_ATTRIBUTE", "@ptr4", "SL:WEATHER_ATTRIBUTE]", "[SL:WEATHER_ATTRIBUTE", "@ptr6", "SL:WEATHER_ATTRIBUTE]", "[SL:DATE_TIME", "@ptr7", "SL:DATE_TIME]", "IN:GET_WEATHER]"], "predicted_tokens": ["[IN:GET_WEATHER", "[SL:WEATHER_ATTRIBUTE", "@ptr2", "SL:WEATHER_ATTRIBUTE]", "[SL:WEATHER_ATTRIBUTE", "@ptr4", "SL:WEATHER_ATTRIBUTE]", "[SL:DATE_TIME", "@ptr7", "SL:DATE_TIME]", "IN:GET_WEATHER]"]}
{"loss": 0.9688658714294434, "class_log_probabilities": [-0.2970975637435913, -8.327188491821289, -8.501869201660156, -8.616268157958984], "predictions": [13, 79, 397, 80, 18, 4], "target_tokens": ["[IN:GET_WEATHER", "[SL:WEATHER_ATTRIBUTE", "@ptr2", "SL:WEATHER_ATTRIBUTE]", "IN:GET_WEATHER]"], "predicted_tokens": ["[IN:GET_WEATHER", "[SL:WEATHER_ATTRIBUTE", "@ptr2", "SL:WEATHER_ATTRIBUTE]", "IN:GET_WEATHER]"]}
{"loss": 0.9679024815559387, "class_log_probabilities": [-0.4535641372203827, -8.351799964904785, -8.496194839477539, -8.615175247192383], "predictions": [13, 79, 398, 80, 14, 400, 15, 18, 4], "target_tokens": ["[IN:GET_WEATHER", "[SL:WEATHER_ATTRIBUTE", "@ptr3", "SL:WEATHER_ATTRIBUTE]", "[SL:LOCATION", "@ptr5", "SL:LOCATION]", "IN:GET_WEATHER]"], "predicted_tokens": ["[IN:GET_WEATHER", "[SL:WEATHER_ATTRIBUTE", "@ptr3", "SL:WEATHER_ATTRIBUTE]", "[SL:LOCATION", "@ptr5", "SL:LOCATION]", "IN:GET_WEATHER]"]}
{"loss": 2.43801212310791, "class_log_probabilities": [-0.547569990158081, -7.86524772644043, -8.165013313293457, -8.307583808898926], "predictions": [13, 16, 399, 17, 14, 401, 402, 403, 15, 18, 4], "target_tokens": ["[IN:GET_WEATHER", "[SL:LOCATION", "@ptr6", "@ptr7", "@ptr8", "SL:LOCATION]", "[SL:DATE_TIME", "@ptr4", "SL:DATE_TIME]", "IN:GET_WEATHER]"], "predicted_tokens": ["[IN:GET_WEATHER", "[SL:DATE_TIME", "@ptr4", "SL:DATE_TIME]", "[SL:LOCATION", "@ptr6", "@ptr7", "@ptr8", "SL:LOCATION]", "IN:GET_WEATHER]"]}
{"loss": 0.9676132202148438, "class_log_probabilities": [-0.5119173526763916, -7.506036281585693, -8.426021575927734, -8.457274436950684], "predictions": [13, 79, 399, 80, 16, 405, 406, 17, 18, 4, 4], "target_tokens": ["[IN:GET_WEATHER", "[SL:WEATHER_ATTRIBUTE", "@ptr4", "SL:WEATHER_ATTRIBUTE]", "[SL:DATE_TIME", "@ptr10", "@ptr11", "SL:DATE_TIME]", "IN:GET_WEATHER]"], "predicted_tokens": ["[IN:GET_WEATHER", "[SL:WEATHER_ATTRIBUTE", "@ptr4", "SL:WEATHER_ATTRIBUTE]", "[SL:DATE_TIME", "@ptr10", "@ptr11", "SL:DATE_TIME]", "IN:GET_WEATHER]"]}
{"loss": 0.9691082835197449, "class_log_probabilities": [-0.2955266833305359, -8.394718170166016, -8.606306076049805, -8.70529842376709], "predictions": [13, 79, 396, 80, 18, 4, 4, 4], "target_tokens": ["[IN:GET_WEATHER", "[SL:WEATHER_ATTRIBUTE", "@ptr1", "SL:WEATHER_ATTRIBUTE]", "IN:GET_WEATHER]"], "predicted_tokens": ["[IN:GET_WEATHER", "[SL:WEATHER_ATTRIBUTE", "@ptr1", "SL:WEATHER_ATTRIBUTE]", "IN:GET_WEATHER]"]}
{"loss": 0.9822140336036682, "class_log_probabilities": [-1.1432077884674072, -3.1371912956237793, -6.132686138153076, -6.464137077331543], "predictions": [13, 79, 399, 80, 14, 401, 15, 16, 402, 17, 18, 4], "target_tokens": ["[IN:GET_WEATHER", "[SL:WEATHER_ATTRIBUTE", "@ptr4", "SL:WEATHER_ATTRIBUTE]", "[SL:LOCATION", "@ptr6", "SL:LOCATION]", "[SL:DATE_TIME", "@ptr7", "SL:DATE_TIME]", "IN:GET_WEATHER]"], "predicted_tokens": ["[IN:GET_WEATHER", "[SL:WEATHER_ATTRIBUTE", "@ptr4", "SL:WEATHER_ATTRIBUTE]", "[SL:LOCATION", "@ptr6", "SL:LOCATION]", "[SL:DATE_TIME", "@ptr7", "SL:DATE_TIME]", "IN:GET_WEATHER]"]}
{"loss": 0.9682132601737976, "class_log_probabilities": [-0.30202993750572205, -8.368494033813477, -8.48160457611084, -8.562823295593262], "predictions": [13, 79, 400, 80, 18, 4], "target_tokens": ["[IN:GET_WEATHER", "[SL:WEATHER_ATTRIBUTE", "@ptr5", "SL:WEATHER_ATTRIBUTE]", "IN:GET_WEATHER]"], "predicted_tokens": ["[IN:GET_WEATHER", "[SL:WEATHER_ATTRIBUTE", "@ptr5", "SL:WEATHER_ATTRIBUTE]", "IN:GET_WEATHER]"]}
{"loss": 0.9672778248786926, "class_log_probabilities": [-0.5032172203063965, -8.728338241577148, -8.763664245605469, -8.775110244750977], "predictions": [13, 79, 398, 80, 16, 399, 400, 17, 18, 4], "target_tokens": ["[IN:GET_WEATHER", "[SL:WEATHER_ATTRIBUTE", "@ptr3", "SL:WEATHER_ATTRIBUTE]", "[SL:DATE_TIME", "@ptr4", "@ptr5", "SL:DATE_TIME]", "IN:GET_WEATHER]"], "predicted_tokens": ["[IN:GET_WEATHER", "[SL:WEATHER_ATTRIBUTE", "@ptr3", "SL:WEATHER_ATTRIBUTE]", "[SL:DATE_TIME", "@ptr4", "@ptr5", "SL:DATE_TIME]", "IN:GET_WEATHER]"]}
{"loss": 0.9697848558425903, "class_log_probabilities": [-0.3359610438346863, -8.077549934387207, -8.699487686157227, -8.711379051208496], "predictions": [13, 14, 402, 403, 15, 18, 4, 4], "target_tokens": ["[IN:GET_WEATHER", "[SL:LOCATION", "@ptr7", "@ptr8", "SL:LOCATION]", "IN:GET_WEATHER]"], "predicted_tokens": ["[IN:GET_WEATHER", "[SL:LOCATION", "@ptr7", "@ptr8", "SL:LOCATION]", "IN:GET_WEATHER]"]}
{"loss": 0.9604367613792419, "class_log_probabilities": [-0.9658318758010864, -5.443869590759277, -6.323132514953613, -6.335785865783691], "predictions": [13, 79, 398, 80, 16, 399, 400, 401, 402, 403, 404, 405, 17, 18, 4], "target_tokens": ["[IN:GET_WEATHER", "[SL:WEATHER_ATTRIBUTE", "@ptr3", "SL:WEATHER_ATTRIBUTE]", "[SL:DATE_TIME", "@ptr4", "@ptr5", "@ptr6", "@ptr7", "@ptr8", "@ptr9", "@ptr10", "SL:DATE_TIME]", "IN:GET_WEATHER]"], "predicted_tokens": ["[IN:GET_WEATHER", "[SL:WEATHER_ATTRIBUTE", "@ptr3", "SL:WEATHER_ATTRIBUTE]", "[SL:DATE_TIME", "@ptr4", "@ptr5", "@ptr6", "@ptr7", "@ptr8", "@ptr9", "@ptr10", "SL:DATE_TIME]", "IN:GET_WEATHER]"]}
{"loss": 0.970720112323761, "class_log_probabilities": [-0.28597018122673035, -8.54117202758789, -8.546594619750977, -8.901857376098633], "predictions": [13, 79, 402, 80, 18, 4, 4], "target_tokens": ["[IN:GET_WEATHER", "[SL:WEATHER_ATTRIBUTE", "@ptr7", "SL:WEATHER_ATTRIBUTE]", "IN:GET_WEATHER]"], "predicted_tokens": ["[IN:GET_WEATHER", "[SL:WEATHER_ATTRIBUTE", "@ptr7", "SL:WEATHER_ATTRIBUTE]", "IN:GET_WEATHER]"]}
{"loss": 0.9686799645423889, "class_log_probabilities": [-0.44866496324539185, -6.275737762451172, -8.17608642578125, -8.345817565917969], "predictions": [13, 79, 399, 80, 16, 401, 17, 18, 4], "target_tokens": ["[IN:GET_WEATHER", "[SL:WEATHER_ATTRIBUTE", "@ptr4", "SL:WEATHER_ATTRIBUTE]", "[SL:DATE_TIME", "@ptr6", "SL:DATE_TIME]", "IN:GET_WEATHER]"], "predicted_tokens": ["[IN:GET_WEATHER", "[SL:WEATHER_ATTRIBUTE", "@ptr4", "SL:WEATHER_ATTRIBUTE]", "[SL:DATE_TIME", "@ptr6", "SL:DATE_TIME]", "IN:GET_WEATHER]"]}
{"loss": 0.9696430563926697, "class_log_probabilities": [-0.5798215270042419, -8.189218521118164, -8.542251586914062, -8.575433731079102], "predictions": [13, 79, 397, 80, 14, 399, 15, 16, 400, 17, 18, 4, 4], "target_tokens": ["[IN:GET_WEATHER", "[SL:WEATHER_ATTRIBUTE", "@ptr2", "SL:WEATHER_ATTRIBUTE]", "[SL:LOCATION", "@ptr4", "SL:LOCATION]", "[SL:DATE_TIME", "@ptr5", "SL:DATE_TIME]", "IN:GET_WEATHER]"], "predicted_tokens": ["[IN:GET_WEATHER", "[SL:WEATHER_ATTRIBUTE", "@ptr2", "SL:WEATHER_ATTRIBUTE]", "[SL:LOCATION", "@ptr4", "SL:LOCATION]", "[SL:DATE_TIME", "@ptr5", "SL:DATE_TIME]", "IN:GET_WEATHER]"]}
{"loss": 0.9684527516365051, "class_log_probabilities": [-0.2944389581680298, -8.517395973205566, -8.774593353271484, -8.8290433883667], "predictions": [13, 16, 405, 17, 18, 4, 4], "target_tokens": ["[IN:GET_WEATHER", "[SL:DATE_TIME", "@ptr10", "SL:DATE_TIME]", "IN:GET_WEATHER]"], "predicted_tokens": ["[IN:GET_WEATHER", "[SL:DATE_TIME", "@ptr10", "SL:DATE_TIME]", "IN:GET_WEATHER]"]}
{"loss": 0.9665674567222595, "class_log_probabilities": [-0.5656270980834961, -7.719268321990967, -8.515467643737793, -8.80688762664795], "predictions": [13, 79, 397, 80, 16, 401, 402, 403, 17, 18, 4], "target_tokens": ["[IN:GET_WEATHER", "[SL:WEATHER_ATTRIBUTE", "@ptr2", "SL:WEATHER_ATTRIBUTE]", "[SL:DATE_TIME", "@ptr6", "@ptr7", "@ptr8", "SL:DATE_TIME]", "IN:GET_WEATHER]"], "predicted_tokens": ["[IN:GET_WEATHER", "[SL:WEATHER_ATTRIBUTE", "@ptr2", "SL:WEATHER_ATTRIBUTE]", "[SL:DATE_TIME", "@ptr6", "@ptr7", "@ptr8", "SL:DATE_TIME]", "IN:GET_WEATHER]"]}
{"loss": 0.966974675655365, "class_log_probabilities": [-0.3071702718734741, -8.054436683654785, -8.187673568725586, -8.209424018859863], "predictions": [13, 79, 401, 80, 18, 4], "target_tokens": ["[IN:GET_WEATHER", "[SL:WEATHER_ATTRIBUTE", "@ptr6", "SL:WEATHER_ATTRIBUTE]", "IN:GET_WEATHER]"], "predicted_tokens": ["[IN:GET_WEATHER", "[SL:WEATHER_ATTRIBUTE", "@ptr6", "SL:WEATHER_ATTRIBUTE]", "IN:GET_WEATHER]"]}
{"loss": 0.9681574106216431, "class_log_probabilities": [-0.39358413219451904, -8.32699966430664, -8.606048583984375, -8.770042419433594], "predictions": [13, 16, 400, 401, 402, 17, 18, 4, 4], "target_tokens": ["[IN:GET_WEATHER", "[SL:DATE_TIME", "@ptr5", "@ptr6", "@ptr7", "SL:DATE_TIME]", "IN:GET_WEATHER]"], "predicted_tokens": ["[IN:GET_WEATHER", "[SL:DATE_TIME", "@ptr5", "@ptr6", "@ptr7", "SL:DATE_TIME]", "IN:GET_WEATHER]"]}
{"loss": 1.5036852359771729, "class_log_probabilities": [-0.5233904719352722, -2.598400592803955, -5.431337356567383, -5.9022088050842285], "predictions": [13, 16, 402, 403, 17, 18, 4, 4], "target_tokens": ["[IN:GET_WEATHER", "[SL:DATE_TIME", "@ptr6", "@ptr7", "@ptr8", "SL:DATE_TIME]", "IN:GET_WEATHER]"], "predicted_tokens": ["[IN:GET_WEATHER", "[SL:DATE_TIME", "@ptr7", "@ptr8", "SL:DATE_TIME]", "IN:GET_WEATHER]"]}
{"loss": 0.9647288918495178, "class_log_probabilities": [-0.4124387502670288, -5.177610397338867, -7.3187150955200195, -8.563241958618164], "predictions": [13, 16, 401, 402, 17, 18, 4, 4], "target_tokens": ["[IN:GET_WEATHER", "[SL:DATE_TIME", "@ptr6", "@ptr7", "SL:DATE_TIME]", "IN:GET_WEATHER]"], "predicted_tokens": ["[IN:GET_WEATHER", "[SL:DATE_TIME", "@ptr6", "@ptr7", "SL:DATE_TIME]", "IN:GET_WEATHER]"]}
{"loss": 3.2465367317199707, "class_log_probabilities": [-1.2782671451568604, -1.7056081295013428, -4.645889759063721, -5.481019973754883], "predictions": [45, 16, 398, 17, 46, 4], "target_tokens": ["[IN:GET_WEATHER", "[SL:WEATHER_ATTRIBUTE", "@ptr2", "SL:WEATHER_ATTRIBUTE]", "[SL:DATE_TIME", "@ptr3", "SL:DATE_TIME]", "IN:GET_WEATHER]"], "predicted_tokens": ["[IN:CREATE_ALARM", "[SL:DATE_TIME", "@ptr3", "SL:DATE_TIME]", "IN:CREATE_ALARM]"]}
{"loss": 0.968876838684082, "class_log_probabilities": [-0.6472840309143066, -7.166385650634766, -8.154607772827148, -8.159427642822266], "predictions": [13, 79, 397, 80, 14, 400, 401, 15, 16, 402, 17, 18, 4, 4], "target_tokens": ["[IN:GET_WEATHER", "[SL:WEATHER_ATTRIBUTE", "@ptr2", "SL:WEATHER_ATTRIBUTE]", "[SL:LOCATION", "@ptr5", "@ptr6", "SL:LOCATION]", "[SL:DATE_TIME", "@ptr7", "SL:DATE_TIME]", "IN:GET_WEATHER]"], "predicted_tokens": ["[IN:GET_WEATHER", "[SL:WEATHER_ATTRIBUTE", "@ptr2", "SL:WEATHER_ATTRIBUTE]", "[SL:LOCATION", "@ptr5", "@ptr6", "SL:LOCATION]", "[SL:DATE_TIME", "@ptr7", "SL:DATE_TIME]", "IN:GET_WEATHER]"]}
{"loss": 3.144057035446167, "class_log_probabilities": [-0.34747815132141113, -7.520814418792725, -8.509058952331543, -8.614087104797363], "predictions": [61, 16, 397, 398, 17, 62, 4, 4], "target_tokens": ["[IN:GET_WEATHER", "[SL:DATE_TIME", "@ptr2", "@ptr3", "SL:DATE_TIME]", "IN:GET_WEATHER]"], "predicted_tokens": ["[IN:GET_EVENT", "[SL:DATE_TIME", "@ptr2", "@ptr3", "SL:DATE_TIME]", "IN:GET_EVENT]"]}
{"loss": 0.967012345790863, "class_log_probabilities": [-0.37291598320007324, -7.65139102935791, -8.14704704284668, -8.308931350708008], "predictions": [13, 14, 402, 403, 15, 18, 4, 4, 4, 4], "target_tokens": ["[IN:GET_WEATHER", "[SL:LOCATION", "@ptr7", "@ptr8", "SL:LOCATION]", "IN:GET_WEATHER]"], "predicted_tokens": ["[IN:GET_WEATHER", "[SL:LOCATION", "@ptr7", "@ptr8", "SL:LOCATION]", "IN:GET_WEATHER]"]}
{"loss": 5.599608898162842, "class_log_probabilities": [-0.5404080152511597, -5.579782009124756, -6.550193786621094, -6.649019718170166], "predictions": [105, 6, 396, 397, 7, 106, 4], "target_tokens": ["[IN:GET_WEATHER", "[SL:WEATHER_ATTRIBUTE", "@ptr1", "SL:WEATHER_ATTRIBUTE]", "IN:GET_WEATHER]"], "predicted_tokens": ["[IN:GET_INFO_CONTACT", "[SL:CONTACT", "@ptr1", "@ptr2", "SL:CONTACT]", "IN:GET_INFO_CONTACT]"]}
{"loss": 0.9693036675453186, "class_log_probabilities": [-0.29382023215293884, -8.456184387207031, -8.560927391052246, -8.684016227722168], "predictions": [13, 79, 398, 80, 18, 4, 4, 4], "target_tokens": ["[IN:GET_WEATHER", "[SL:WEATHER_ATTRIBUTE", "@ptr3", "SL:WEATHER_ATTRIBUTE]", "IN:GET_WEATHER]"], "predicted_tokens": ["[IN:GET_WEATHER", "[SL:WEATHER_ATTRIBUTE", "@ptr3", "SL:WEATHER_ATTRIBUTE]", "IN:GET_WEATHER]"]}
{"loss": 2.6285459995269775, "class_log_probabilities": [-0.453649640083313, -8.379207611083984, -8.58515739440918, -8.680216789245605], "predictions": [13, 16, 399, 17, 14, 401, 15, 18, 4], "target_tokens": ["[IN:GET_WEATHER", "[SL:LOCATION", "@ptr6", "SL:LOCATION]", "[SL:DATE_TIME", "@ptr4", "SL:DATE_TIME]", "IN:GET_WEATHER]"], "predicted_tokens": ["[IN:GET_WEATHER", "[SL:DATE_TIME", "@ptr4", "SL:DATE_TIME]", "[SL:LOCATION", "@ptr6", "SL:LOCATION]", "IN:GET_WEATHER]"]}
{"loss": 1.5430498123168945, "class_log_probabilities": [-1.4540610313415527, -4.1011857986450195, -4.241830825805664, -4.452181339263916], "predictions": [13, 79, 397, 80, 52, 400, 53, 18, 4], "target_tokens": ["[IN:GET_WEATHER", "[SL:WEATHER_ATTRIBUTE", "@ptr2", "SL:WEATHER_ATTRIBUTE]", "IN:GET_WEATHER]"], "predicted_tokens": ["[IN:GET_WEATHER", "[SL:WEATHER_ATTRIBUTE", "@ptr2", "SL:WEATHER_ATTRIBUTE]", "[SL:RECIPES_DISH", "@ptr5", "SL:RECIPES_DISH]", "IN:GET_WEATHER]"]}
{"loss": 1.6363853216171265, "class_log_probabilities": [-1.3141472339630127, -2.177281379699707, -4.143971920013428, -4.680636405944824], "predictions": [13, 79, 399, 400, 80, 16, 403, 17, 14, 405, 406, 407, 15, 18, 4], "target_tokens": ["[IN:GET_WEATHER", "[SL:WEATHER_ATTRIBUTE", "@ptr4", "@ptr5", "SL:WEATHER_ATTRIBUTE]", "[SL:LOCATION", "@ptr10", "@ptr11", "@ptr12", "SL:LOCATION]", "[SL:DATE_TIME", "@ptr8", "SL:DATE_TIME]", "IN:GET_WEATHER]"], "predicted_tokens": ["[IN:GET_WEATHER", "[SL:WEATHER_ATTRIBUTE", "@ptr4", "@ptr5", "SL:WEATHER_ATTRIBUTE]", "[SL:DATE_TIME", "@ptr8", "SL:DATE_TIME]", "[SL:LOCATION", "@ptr10", "@ptr11", "@ptr12", "SL:LOCATION]", "IN:GET_WEATHER]"]}
{"loss": 1.9983257055282593, "class_log_probabilities": [-0.34719783067703247, -7.169450283050537, -7.838070392608643, -8.32181167602539], "predictions": [13, 79, 398, 399, 80, 18, 4], "target_tokens": ["[IN:GET_WEATHER", "[SL:WEATHER_ATTRIBUTE", "@ptr4", "SL:WEATHER_ATTRIBUTE]", "IN:GET_WEATHER]"], "predicted_tokens": ["[IN:GET_WEATHER", "[SL:WEATHER_ATTRIBUTE", "@ptr3", "@ptr4", "SL:WEATHER_ATTRIBUTE]", "IN:GET_WEATHER]"]}
{"loss": 1.7159767150878906, "class_log_probabilities": [-1.1852340698242188, -2.1029250621795654, -4.544978141784668, -5.770038604736328], "predictions": [13, 79, 398, 80, 14, 401, 402, 403, 15, 16, 404, 405, 17, 18, 4, 4], "target_tokens": ["[IN:GET_WEATHER", "[SL:WEATHER_ATTRIBUTE", "@ptr3", "SL:WEATHER_ATTRIBUTE]", "[SL:LOCATION", "@ptr5", "@ptr6", "@ptr7", "SL:LOCATION]", "[SL:DATE_TIME", "@ptr9", "SL:DATE_TIME]", "IN:GET_WEATHER]"], "predicted_tokens": ["[IN:GET_WEATHER", "[SL:WEATHER_ATTRIBUTE", "@ptr3", "SL:WEATHER_ATTRIBUTE]", "[SL:LOCATION", "@ptr6", "@ptr7", "@ptr8", "SL:LOCATION]", "[SL:DATE_TIME", "@ptr9", "@ptr10", "SL:DATE_TIME]", "IN:GET_WEATHER]"]}
{"loss": 0.9649730324745178, "class_log_probabilities": [-0.5802528858184814, -7.1755852699279785, -7.614165782928467, -8.278858184814453], "predictions": [13, 79, 398, 80, 16, 399, 400, 401, 17, 18, 4, 4], "target_tokens": ["[IN:GET_WEATHER", "[SL:WEATHER_ATTRIBUTE", "@ptr3", "SL:WEATHER_ATTRIBUTE]", "[SL:DATE_TIME", "@ptr4", "@ptr5", "@ptr6", "SL:DATE_TIME]", "IN:GET_WEATHER]"], "predicted_tokens": ["[IN:GET_WEATHER", "[SL:WEATHER_ATTRIBUTE", "@ptr3", "SL:WEATHER_ATTRIBUTE]", "[SL:DATE_TIME", "@ptr4", "@ptr5", "@ptr6", "SL:DATE_TIME]", "IN:GET_WEATHER]"]}
{"loss": 1.731764793395996, "class_log_probabilities": [-0.5345436334609985, -8.049337387084961, -8.304359436035156, -8.565690994262695], "predictions": [13, 14, 401, 15, 16, 402, 403, 404, 17, 18, 4, 4], "target_tokens": ["[IN:GET_WEATHER", "[SL:LOCATION", "@ptr6", "SL:LOCATION]", "[SL:DATE_TIME", "@ptr8", "@ptr9", "SL:DATE_TIME]", "IN:GET_WEATHER]"], "predicted_tokens": ["[IN:GET_WEATHER", "[SL:LOCATION", "@ptr6", "SL:LOCATION]", "[SL:DATE_TIME", "@ptr7", "@ptr8", "@ptr9", "SL:DATE_TIME]", "IN:GET_WEATHER]"]}
{"loss": 0.9696112871170044, "class_log_probabilities": [-0.43779152631759644, -8.189508438110352, -8.349370956420898, -8.43514633178711], "predictions": [13, 79, 398, 80, 14, 400, 15, 18, 4], "target_tokens": ["[IN:GET_WEATHER", "[SL:WEATHER_ATTRIBUTE", "@ptr3", "SL:WEATHER_ATTRIBUTE]", "[SL:LOCATION", "@ptr5", "SL:LOCATION]", "IN:GET_WEATHER]"], "predicted_tokens": ["[IN:GET_WEATHER", "[SL:WEATHER_ATTRIBUTE", "@ptr3", "SL:WEATHER_ATTRIBUTE]", "[SL:LOCATION", "@ptr5", "SL:LOCATION]", "IN:GET_WEATHER]"]}
{"loss": 0.9673261642456055, "class_log_probabilities": [-0.30653849244117737, -8.3004789352417, -8.505850791931152, -8.697412490844727], "predictions": [13, 79, 399, 80, 18, 4, 4, 4], "target_tokens": ["[IN:GET_WEATHER", "[SL:WEATHER_ATTRIBUTE", "@ptr4", "SL:WEATHER_ATTRIBUTE]", "IN:GET_WEATHER]"], "predicted_tokens": ["[IN:GET_WEATHER", "[SL:WEATHER_ATTRIBUTE", "@ptr4", "SL:WEATHER_ATTRIBUTE]", "IN:GET_WEATHER]"]}
{"loss": 0.9681527018547058, "class_log_probabilities": [-0.49767404794692993, -8.605578422546387, -8.63709831237793, -8.662442207336426], "predictions": [13, 79, 401, 80, 16, 402, 403, 17, 18, 4], "target_tokens": ["[IN:GET_WEATHER", "[SL:WEATHER_ATTRIBUTE", "@ptr6", "SL:WEATHER_ATTRIBUTE]", "[SL:DATE_TIME", "@ptr7", "@ptr8", "SL:DATE_TIME]", "IN:GET_WEATHER]"], "predicted_tokens": ["[IN:GET_WEATHER", "[SL:WEATHER_ATTRIBUTE", "@ptr6", "SL:WEATHER_ATTRIBUTE]", "[SL:DATE_TIME", "@ptr7", "@ptr8", "SL:DATE_TIME]", "IN:GET_WEATHER]"]}
{"loss": 0.9720287322998047, "class_log_probabilities": [-0.5752406716346741, -6.01049280166626, -7.146411418914795, -7.359750270843506], "predictions": [13, 14, 401, 15, 16, 402, 403, 404, 405, 17, 18, 4], "target_tokens": ["[IN:GET_WEATHER", "[SL:LOCATION", "@ptr6", "SL:LOCATION]", "[SL:DATE_TIME", "@ptr7", "@ptr8", "@ptr9", "@ptr10", "SL:DATE_TIME]", "IN:GET_WEATHER]"], "predicted_tokens": ["[IN:GET_WEATHER", "[SL:LOCATION", "@ptr6", "SL:LOCATION]", "[SL:DATE_TIME", "@ptr7", "@ptr8", "@ptr9", "@ptr10", "SL:DATE_TIME]", "IN:GET_WEATHER]"]}
{"loss": 0.9680159091949463, "class_log_probabilities": [-0.5509234666824341, -6.9344377517700195, -7.835055828094482, -8.465977668762207], "predictions": [13, 79, 399, 400, 80, 16, 401, 402, 17, 18, 4], "target_tokens": ["[IN:GET_WEATHER", "[SL:WEATHER_ATTRIBUTE", "@ptr4", "@ptr5", "SL:WEATHER_ATTRIBUTE]", "[SL:DATE_TIME", "@ptr6", "@ptr7", "SL:DATE_TIME]", "IN:GET_WEATHER]"], "predicted_tokens": ["[IN:GET_WEATHER", "[SL:WEATHER_ATTRIBUTE", "@ptr4", "@ptr5", "SL:WEATHER_ATTRIBUTE]", "[SL:DATE_TIME", "@ptr6", "@ptr7", "SL:DATE_TIME]", "IN:GET_WEATHER]"]}
{"loss": 0.9670822024345398, "class_log_probabilities": [-0.307466059923172, -7.835875988006592, -8.095877647399902, -8.160881996154785], "predictions": [13, 79, 399, 80, 18, 4], "target_tokens": ["[IN:GET_WEATHER", "[SL:WEATHER_ATTRIBUTE", "@ptr4", "SL:WEATHER_ATTRIBUTE]", "IN:GET_WEATHER]"], "predicted_tokens": ["[IN:GET_WEATHER", "[SL:WEATHER_ATTRIBUTE", "@ptr4", "SL:WEATHER_ATTRIBUTE]", "IN:GET_WEATHER]"]}
{"loss": 0.9662179946899414, "class_log_probabilities": [-0.6229158639907837, -7.418168544769287, -7.812225341796875, -8.16378402709961], "predictions": [13, 79, 396, 80, 16, 398, 399, 400, 401, 17, 18, 4, 4], "target_tokens": ["[IN:GET_WEATHER", "[SL:WEATHER_ATTRIBUTE", "@ptr1", "SL:WEATHER_ATTRIBUTE]", "[SL:DATE_TIME", "@ptr3", "@ptr4", "@ptr5", "@ptr6", "SL:DATE_TIME]", "IN:GET_WEATHER]"], "predicted_tokens": ["[IN:GET_WEATHER", "[SL:WEATHER_ATTRIBUTE", "@ptr1", "SL:WEATHER_ATTRIBUTE]", "[SL:DATE_TIME", "@ptr3", "@ptr4", "@ptr5", "@ptr6", "SL:DATE_TIME]", "IN:GET_WEATHER]"]}
{"loss": 0.9675781726837158, "class_log_probabilities": [-0.6722142696380615, -6.838903427124023, -7.192783355712891, -7.518897533416748], "predictions": [13, 16, 396, 397, 398, 17, 14, 400, 401, 402, 15, 18, 4], "target_tokens": ["[IN:GET_WEATHER", "[SL:DATE_TIME", "@ptr1", "@ptr2", "@ptr3", "SL:DATE_TIME]", "[SL:LOCATION", "@ptr5", "@ptr6", "@ptr7", "SL:LOCATION]", "IN:GET_WEATHER]"], "predicted_tokens": ["[IN:GET_WEATHER", "[SL:DATE_TIME", "@ptr1", "@ptr2", "@ptr3", "SL:DATE_TIME]", "[SL:LOCATION", "@ptr5", "@ptr6", "@ptr7", "SL:LOCATION]", "IN:GET_WEATHER]"]}
{"loss": 0.9665805697441101, "class_log_probabilities": [-0.6004836559295654, -4.808072566986084, -7.383126258850098, -7.633418083190918], "predictions": [13, 79, 399, 80, 16, 402, 403, 404, 17, 18, 4, 4], "target_tokens": ["[IN:GET_WEATHER", "[SL:WEATHER_ATTRIBUTE", "@ptr4", "SL:WEATHER_ATTRIBUTE]", "[SL:DATE_TIME", "@ptr7", "@ptr8", "@ptr9", "SL:DATE_TIME]", "IN:GET_WEATHER]"], "predicted_tokens": ["[IN:GET_WEATHER", "[SL:WEATHER_ATTRIBUTE", "@ptr4", "SL:WEATHER_ATTRIBUTE]", "[SL:DATE_TIME", "@ptr7", "@ptr8", "@ptr9", "SL:DATE_TIME]", "IN:GET_WEATHER]"]}
{"loss": 0.9703875780105591, "class_log_probabilities": [-0.43156158924102783, -7.883216857910156, -8.285012245178223, -8.531211853027344], "predictions": [13, 16, 398, 399, 400, 401, 17, 18, 4], "target_tokens": ["[IN:GET_WEATHER", "[SL:DATE_TIME", "@ptr3", "@ptr4", "@ptr5", "@ptr6", "SL:DATE_TIME]", "IN:GET_WEATHER]"], "predicted_tokens": ["[IN:GET_WEATHER", "[SL:DATE_TIME", "@ptr3", "@ptr4", "@ptr5", "@ptr6", "SL:DATE_TIME]", "IN:GET_WEATHER]"]}
{"loss": 0.964709460735321, "class_log_probabilities": [-0.6169366836547852, -5.052964687347412, -7.008036136627197, -7.986838340759277], "predictions": [13, 79, 399, 80, 16, 400, 401, 402, 17, 18, 4, 4], "target_tokens": ["[IN:GET_WEATHER", "[SL:WEATHER_ATTRIBUTE", "@ptr4", "SL:WEATHER_ATTRIBUTE]", "[SL:DATE_TIME", "@ptr5", "@ptr6", "@ptr7", "SL:DATE_TIME]", "IN:GET_WEATHER]"], "predicted_tokens": ["[IN:GET_WEATHER", "[SL:WEATHER_ATTRIBUTE", "@ptr4", "SL:WEATHER_ATTRIBUTE]", "[SL:DATE_TIME", "@ptr5", "@ptr6", "@ptr7", "SL:DATE_TIME]", "IN:GET_WEATHER]"]}
{"loss": 0.972452700138092, "class_log_probabilities": [-0.6462428569793701, -7.924510955810547, -8.713011741638184, -8.72891902923584], "predictions": [13, 79, 397, 80, 16, 398, 399, 17, 14, 401, 402, 15, 18, 4], "target_tokens": ["[IN:GET_WEATHER", "[SL:WEATHER_ATTRIBUTE", "@ptr2", "SL:WEATHER_ATTRIBUTE]", "[SL:DATE_TIME", "@ptr3", "@ptr4", "SL:DATE_TIME]", "[SL:LOCATION", "@ptr6", "@ptr7", "SL:LOCATION]", "IN:GET_WEATHER]"], "predicted_tokens": ["[IN:GET_WEATHER", "[SL:WEATHER_ATTRIBUTE", "@ptr2", "SL:WEATHER_ATTRIBUTE]", "[SL:DATE_TIME", "@ptr3", "@ptr4", "SL:DATE_TIME]", "[SL:LOCATION", "@ptr6", "@ptr7", "SL:LOCATION]", "IN:GET_WEATHER]"]}
{"loss": 1.7953811883926392, "class_log_probabilities": [-0.6420722007751465, -8.124789237976074, -8.55431842803955, -8.661687850952148], "predictions": [13, 79, 397, 80, 16, 401, 17, 14, 403, 15, 18, 4], "target_tokens": ["[IN:GET_WEATHER", "[SL:WEATHER_ATTRIBUTE", "@ptr2", "SL:WEATHER_ATTRIBUTE]", "[SL:LOCATION", "@ptr8", "SL:LOCATION]", "[SL:DATE_TIME", "@ptr6", "SL:DATE_TIME]", "IN:GET_WEATHER]"], "predicted_tokens": ["[IN:GET_WEATHER", "[SL:WEATHER_ATTRIBUTE", "@ptr2", "SL:WEATHER_ATTRIBUTE]", "[SL:DATE_TIME", "@ptr6", "SL:DATE_TIME]", "[SL:LOCATION", "@ptr8", "SL:LOCATION]", "IN:GET_WEATHER]"]}
{"loss": 1.4515645503997803, "class_log_probabilities": [-0.6685804724693298, -7.532552719116211, -7.875878810882568, -8.118014335632324], "predictions": [13, 79, 397, 80, 14, 400, 15, 16, 401, 402, 403, 17, 18, 4], "target_tokens": ["[IN:GET_WEATHER", "[SL:WEATHER_ATTRIBUTE", "@ptr2", "SL:WEATHER_ATTRIBUTE]", "[SL:LOCATION", "@ptr5", "SL:LOCATION]", "[SL:DATE_TIME", "@ptr7", "@ptr8", "SL:DATE_TIME]", "IN:GET_WEATHER]"], "predicted_tokens": ["[IN:GET_WEATHER", "[SL:WEATHER_ATTRIBUTE", "@ptr2", "SL:WEATHER_ATTRIBUTE]", "[SL:LOCATION", "@ptr5", "SL:LOCATION]", "[SL:DATE_TIME", "@ptr6", "@ptr7", "@ptr8", "SL:DATE_TIME]", "IN:GET_WEATHER]"]}
{"loss": 0.9645029902458191, "class_log_probabilities": [-0.3704441487789154, -7.797926902770996, -7.869830131530762, -8.302767753601074], "predictions": [13, 79, 396, 80, 18, 4], "target_tokens": ["[IN:GET_WEATHER", "[SL:WEATHER_ATTRIBUTE", "@ptr1", "SL:WEATHER_ATTRIBUTE]", "IN:GET_WEATHER]"], "predicted_tokens": ["[IN:GET_WEATHER", "[SL:WEATHER_ATTRIBUTE", "@ptr1", "SL:WEATHER_ATTRIBUTE]", "IN:GET_WEATHER]"]}
{"loss": 2.9134442806243896, "class_log_probabilities": [-1.0716443061828613, -2.9883830547332764, -4.816717624664307, -5.468747615814209], "predictions": [13, 14, 396, 15, 79, 398, 399, 80, 16, 401, 17, 18, 4, 4], "target_tokens": ["[IN:GET_WEATHER", "[SL:DATE_TIME", "@ptr6", "SL:DATE_TIME]", "IN:GET_WEATHER]"], "predicted_tokens": ["[IN:GET_WEATHER", "[SL:LOCATION", "@ptr1", "SL:LOCATION]", "[SL:WEATHER_ATTRIBUTE", "@ptr3", "@ptr4", "SL:WEATHER_ATTRIBUTE]", "[SL:DATE_TIME", "@ptr6", "SL:DATE_TIME]", "IN:GET_WEATHER]"]}
{"loss": 0.9671308994293213, "class_log_probabilities": [-0.45486214756965637, -8.377963066101074, -8.424188613891602, -8.583165168762207], "predictions": [13, 79, 400, 80, 16, 401, 17, 18, 4], "target_tokens": ["[IN:GET_WEATHER", "[SL:WEATHER_ATTRIBUTE", "@ptr5", "SL:WEATHER_ATTRIBUTE]", "[SL:DATE_TIME", "@ptr6", "SL:DATE_TIME]", "IN:GET_WEATHER]"], "predicted_tokens": ["[IN:GET_WEATHER", "[SL:WEATHER_ATTRIBUTE", "@ptr5", "SL:WEATHER_ATTRIBUTE]", "[SL:DATE_TIME", "@ptr6", "SL:DATE_TIME]", "IN:GET_WEATHER]"]}
{"loss": 0.969887375831604, "class_log_probabilities": [-0.47951894998550415, -7.499935626983643, -8.464522361755371, -8.658196449279785], "predictions": [13, 14, 404, 405, 15, 16, 406, 17, 18, 4, 4], "target_tokens": ["[IN:GET_WEATHER", "[SL:LOCATION", "@ptr9", "@ptr10", "SL:LOCATION]", "[SL:DATE_TIME", "@ptr11", "SL:DATE_TIME]", "IN:GET_WEATHER]"], "predicted_tokens": ["[IN:GET_WEATHER", "[SL:LOCATION", "@ptr9", "@ptr10", "SL:LOCATION]", "[SL:DATE_TIME", "@ptr11", "SL:DATE_TIME]", "IN:GET_WEATHER]"]}
{"loss": 0.9690876007080078, "class_log_probabilities": [-0.5095134973526001, -5.614474773406982, -7.861834526062012, -8.056676864624023], "predictions": [13, 16, 400, 401, 402, 403, 404, 17, 18, 4], "target_tokens": ["[IN:GET_WEATHER", "[SL:DATE_TIME", "@ptr5", "@ptr6", "@ptr7", "@ptr8", "@ptr9", "SL:DATE_TIME]", "IN:GET_WEATHER]"], "predicted_tokens": ["[IN:GET_WEATHER", "[SL:DATE_TIME", "@ptr5", "@ptr6", "@ptr7", "@ptr8", "@ptr9", "SL:DATE_TIME]", "IN:GET_WEATHER]"]}
{"loss": 0.9672440886497498, "class_log_probabilities": [-0.30828535556793213, -8.340970039367676, -8.388961791992188, -8.559656143188477], "predictions": [13, 79, 401, 80, 18, 4], "target_tokens": ["[IN:GET_WEATHER", "[SL:WEATHER_ATTRIBUTE", "@ptr6", "SL:WEATHER_ATTRIBUTE]", "IN:GET_WEATHER]"], "predicted_tokens": ["[IN:GET_WEATHER", "[SL:WEATHER_ATTRIBUTE", "@ptr6", "SL:WEATHER_ATTRIBUTE]", "IN:GET_WEATHER]"]}
{"loss": 2.0161197185516357, "class_log_probabilities": [-0.6372921466827393, -5.453363418579102, -6.0208845138549805, -6.308081150054932], "predictions": [13, 79, 398, 80, 16, 399, 400, 17, 18, 4, 4, 4, 4, 4, 4], "target_tokens": ["[IN:GET_WEATHER", "[SL:WEATHER_ATTRIBUTE", "@ptr3", "SL:WEATHER_ATTRIBUTE]", "[SL:DATE_TIME", "@ptr5", "@ptr6", "@ptr7", "@ptr8", "SL:DATE_TIME]", "IN:GET_WEATHER]"], "predicted_tokens": ["[IN:GET_WEATHER", "[SL:WEATHER_ATTRIBUTE", "@ptr3", "SL:WEATHER_ATTRIBUTE]", "[SL:DATE_TIME", "@ptr4", "@ptr5", "SL:DATE_TIME]", "IN:GET_WEATHER]"]}
{"loss": 0.9684870839118958, "class_log_probabilities": [-0.2965729236602783, -8.411409378051758, -8.530412673950195, -8.594265937805176], "predictions": [13, 14, 400, 15, 18, 4], "target_tokens": ["[IN:GET_WEATHER", "[SL:LOCATION", "@ptr5", "SL:LOCATION]", "IN:GET_WEATHER]"], "predicted_tokens": ["[IN:GET_WEATHER", "[SL:LOCATION", "@ptr5", "SL:LOCATION]", "IN:GET_WEATHER]"]}
{"loss": 0.9688242077827454, "class_log_probabilities": [-0.2929324507713318, -8.8275728225708, -8.87814998626709, -8.950928688049316], "predictions": [13, 16, 402, 17, 18, 4, 4, 4], "target_tokens": ["[IN:GET_WEATHER", "[SL:DATE_TIME", "@ptr7", "SL:DATE_TIME]", "IN:GET_WEATHER]"], "predicted_tokens": ["[IN:GET_WEATHER", "[SL:DATE_TIME", "@ptr7", "SL:DATE_TIME]", "IN:GET_WEATHER]"]}
{"loss": 0.9684536457061768, "class_log_probabilities": [-0.4409440755844116, -8.46980094909668, -8.597753524780273, -8.641740798950195], "predictions": [13, 14, 400, 15, 16, 401, 17, 18, 4, 4], "target_tokens": ["[IN:GET_WEATHER", "[SL:LOCATION", "@ptr5", "SL:LOCATION]", "[SL:DATE_TIME", "@ptr6", "SL:DATE_TIME]", "IN:GET_WEATHER]"], "predicted_tokens": ["[IN:GET_WEATHER", "[SL:LOCATION", "@ptr5", "SL:LOCATION]", "[SL:DATE_TIME", "@ptr6", "SL:DATE_TIME]", "IN:GET_WEATHER]"]}
{"loss": 1.1109541654586792, "class_log_probabilities": [-1.5145210027694702, -2.545996904373169, -3.1763253211975098, -3.3435654640197754], "predictions": [13, 79, 398, 80, 14, 400, 15, 16, 402, 403, 404, 17, 18, 4, 4], "target_tokens": ["[IN:GET_WEATHER", "[SL:WEATHER_ATTRIBUTE", "@ptr3", "SL:WEATHER_ATTRIBUTE]", "[SL:LOCATION", "@ptr5", "SL:LOCATION]", "[SL:DATE_TIME", "@ptr6", "@ptr7", "@ptr8", "@ptr9", "SL:DATE_TIME]", "IN:GET_WEATHER]"], "predicted_tokens": ["[IN:GET_WEATHER", "[SL:WEATHER_ATTRIBUTE", "@ptr3", "SL:WEATHER_ATTRIBUTE]", "[SL:LOCATION", "@ptr5", "SL:LOCATION]", "[SL:DATE_TIME", "@ptr7", "@ptr8", "@ptr9", "SL:DATE_TIME]", "IN:GET_WEATHER]"]}
{"loss": 0.9641527533531189, "class_log_probabilities": [-0.6426864266395569, -7.358901500701904, -8.288002014160156, -8.506842613220215], "predictions": [13, 79, 397, 80, 16, 399, 400, 401, 402, 17, 18, 4, 4], "target_tokens": ["[IN:GET_WEATHER", "[SL:WEATHER_ATTRIBUTE", "@ptr2", "SL:WEATHER_ATTRIBUTE]", "[SL:DATE_TIME", "@ptr4", "@ptr5", "@ptr6", "@ptr7", "SL:DATE_TIME]", "IN:GET_WEATHER]"], "predicted_tokens": ["[IN:GET_WEATHER", "[SL:WEATHER_ATTRIBUTE", "@ptr2", "SL:WEATHER_ATTRIBUTE]", "[SL:DATE_TIME", "@ptr4", "@ptr5", "@ptr6", "@ptr7", "SL:DATE_TIME]", "IN:GET_WEATHER]"]}
{"loss": 2.6767807006835938, "class_log_probabilities": [-1.1745223999023438, -2.354930877685547, -5.0075883865356445, -5.4810261726379395], "predictions": [13, 14, 399, 15, 18, 4], "target_tokens": ["[IN:GET_WEATHER", "IN:GET_WEATHER]"], "predicted_tokens": ["[IN:GET_WEATHER", "[SL:LOCATION", "@ptr4", "SL:LOCATION]", "IN:GET_WEATHER]"]}
{"loss": 0.9686638712882996, "class_log_probabilities": [-0.4665391445159912, -4.40535306930542, -7.958799362182617, -8.086996078491211], "predictions": [13, 14, 401, 402, 15, 18, 4, 4, 4], "target_tokens": ["[IN:GET_WEATHER", "[SL:LOCATION", "@ptr6", "@ptr7", "SL:LOCATION]", "IN:GET_WEATHER]"], "predicted_tokens": ["[IN:GET_WEATHER", "[SL:LOCATION", "@ptr6", "@ptr7", "SL:LOCATION]", "IN:GET_WEATHER]"]}
{"loss": 2.086667060852051, "class_log_probabilities": [-0.6963014602661133, -7.31527853012085, -7.588895797729492, -7.73487663269043], "predictions": [13, 79, 397, 80, 14, 398, 15, 16, 399, 400, 17, 18, 4], "target_tokens": ["[IN:GET_WEATHER", "[SL:LOCATION", "@ptr3", "SL:LOCATION]", "[SL:WEATHER_ATTRIBUTE", "@ptr2", "SL:WEATHER_ATTRIBUTE]", "[SL:DATE_TIME", "@ptr4", "@ptr5", "SL:DATE_TIME]", "IN:GET_WEATHER]"], "predicted_tokens": ["[IN:GET_WEATHER", "[SL:WEATHER_ATTRIBUTE", "@ptr2", "SL:WEATHER_ATTRIBUTE]", "[SL:LOCATION", "@ptr3", "SL:LOCATION]", "[SL:DATE_TIME", "@ptr4", "@ptr5", "SL:DATE_TIME]", "IN:GET_WEATHER]"]}
{"loss": 0.9702168107032776, "class_log_probabilities": [-0.1463039070367813, -8.672821044921875, -8.768611907958984, -8.86820125579834], "predictions": [13, 18, 4, 4], "target_tokens": ["[IN:GET_WEATHER", "IN:GET_WEATHER]"], "predicted_tokens": ["[IN:GET_WEATHER", "IN:GET_WEATHER]"]}
{"loss": 1.0126051902770996, "class_log_probabilities": [-0.9589112997055054, -1.5043909549713135, -5.690116882324219, -6.028345108032227], "predictions": [13, 79, 399, 80, 16, 400, 17, 18, 4], "target_tokens": ["[IN:GET_WEATHER", "[SL:WEATHER_ATTRIBUTE", "@ptr4", "SL:WEATHER_ATTRIBUTE]", "[SL:DATE_TIME", "@ptr5", "SL:DATE_TIME]", "IN:GET_WEATHER]"], "predicted_tokens": ["[IN:GET_WEATHER", "[SL:WEATHER_ATTRIBUTE", "@ptr4", "SL:WEATHER_ATTRIBUTE]", "[SL:DATE_TIME", "@ptr5", "SL:DATE_TIME]", "IN:GET_WEATHER]"]}
{"loss": 1.4378679990768433, "class_log_probabilities": [-0.5861876010894775, -6.212985515594482, -7.475977897644043, -7.822185039520264], "predictions": [13, 14, 400, 15, 16, 401, 402, 403, 404, 17, 18, 4, 4], "target_tokens": ["[IN:GET_WEATHER", "[SL:LOCATION", "@ptr5", "SL:LOCATION]", "[SL:DATE_TIME", "@ptr7", "@ptr8", "@ptr9", "SL:DATE_TIME]", "IN:GET_WEATHER]"], "predicted_tokens": ["[IN:GET_WEATHER", "[SL:LOCATION", "@ptr5", "SL:LOCATION]", "[SL:DATE_TIME", "@ptr6", "@ptr7", "@ptr8", "@ptr9", "SL:DATE_TIME]", "IN:GET_WEATHER]"]}
{"loss": 0.968537449836731, "class_log_probabilities": [-0.3493901193141937, -8.059124946594238, -8.356083869934082, -8.63545036315918], "predictions": [13, 14, 397, 398, 15, 18, 4], "target_tokens": ["[IN:GET_WEATHER", "[SL:LOCATION", "@ptr2", "@ptr3", "SL:LOCATION]", "IN:GET_WEATHER]"], "predicted_tokens": ["[IN:GET_WEATHER", "[SL:LOCATION", "@ptr2", "@ptr3", "SL:LOCATION]", "IN:GET_WEATHER]"]}
{"loss": 0.9698277711868286, "class_log_probabilities": [-0.4352877140045166, -7.0660576820373535, -8.49902057647705, -8.547782897949219], "predictions": [13, 79, 398, 80, 16, 399, 17, 18, 4], "target_tokens": ["[IN:GET_WEATHER", "[SL:WEATHER_ATTRIBUTE", "@ptr3", "SL:WEATHER_ATTRIBUTE]", "[SL:DATE_TIME", "@ptr4", "SL:DATE_TIME]", "IN:GET_WEATHER]"], "predicted_tokens": ["[IN:GET_WEATHER", "[SL:WEATHER_ATTRIBUTE", "@ptr3", "SL:WEATHER_ATTRIBUTE]", "[SL:DATE_TIME", "@ptr4", "SL:DATE_TIME]", "IN:GET_WEATHER]"]}
{"loss": 0.9699699878692627, "class_log_probabilities": [-0.43358656764030457, -8.085442543029785, -8.44256591796875, -8.611329078674316], "predictions": [13, 16, 400, 401, 402, 403, 17, 18, 4, 4], "target_tokens": ["[IN:GET_WEATHER", "[SL:DATE_TIME", "@ptr5", "@ptr6", "@ptr7", "@ptr8", "SL:DATE_TIME]", "IN:GET_WEATHER]"], "predicted_tokens": ["[IN:GET_WEATHER", "[SL:DATE_TIME", "@ptr5", "@ptr6", "@ptr7", "@ptr8", "SL:DATE_TIME]", "IN:GET_WEATHER]"]}
{"loss": 1.1034318208694458, "class_log_probabilities": [-1.8704285621643066, -3.776646137237549, -4.412384033203125, -4.5165019035339355], "predictions": [13, 79, 397, 80, 18, 4], "target_tokens": ["[IN:GET_WEATHER", "[SL:WEATHER_ATTRIBUTE", "@ptr2", "SL:WEATHER_ATTRIBUTE]", "IN:GET_WEATHER]"], "predicted_tokens": ["[IN:GET_WEATHER", "[SL:WEATHER_ATTRIBUTE", "@ptr2", "SL:WEATHER_ATTRIBUTE]", "IN:GET_WEATHER]"]}
{"loss": 0.9705314040184021, "class_log_probabilities": [-0.14545011520385742, -8.731388092041016, -8.838227272033691, -8.977693557739258], "predictions": [13, 18, 4, 4, 4], "target_tokens": ["[IN:GET_WEATHER", "IN:GET_WEATHER]"], "predicted_tokens": ["[IN:GET_WEATHER", "IN:GET_WEATHER]"]}
{"loss": 0.9685834050178528, "class_log_probabilities": [-0.34816476702690125, -7.837906360626221, -7.959759712219238, -8.058040618896484], "predictions": [13, 79, 401, 402, 80, 18, 4], "target_tokens": ["[IN:GET_WEATHER", "[SL:WEATHER_ATTRIBUTE", "@ptr6", "@ptr7", "SL:WEATHER_ATTRIBUTE]", "IN:GET_WEATHER]"], "predicted_tokens": ["[IN:GET_WEATHER", "[SL:WEATHER_ATTRIBUTE", "@ptr6", "@ptr7", "SL:WEATHER_ATTRIBUTE]", "IN:GET_WEATHER]"]}
{"loss": 0.967441976070404, "class_log_probabilities": [-0.4518527388572693, -8.466730117797852, -8.524503707885742, -8.563304901123047], "predictions": [13, 79, 400, 80, 16, 401, 17, 18, 4], "target_tokens": ["[IN:GET_WEATHER", "[SL:WEATHER_ATTRIBUTE", "@ptr5", "SL:WEATHER_ATTRIBUTE]", "[SL:DATE_TIME", "@ptr6", "SL:DATE_TIME]", "IN:GET_WEATHER]"], "predicted_tokens": ["[IN:GET_WEATHER", "[SL:WEATHER_ATTRIBUTE", "@ptr5", "SL:WEATHER_ATTRIBUTE]", "[SL:DATE_TIME", "@ptr6", "SL:DATE_TIME]", "IN:GET_WEATHER]"]}
{"loss": 0.9676602482795715, "class_log_probabilities": [-0.30326712131500244, -8.153037071228027, -8.386130332946777, -8.48569107055664], "predictions": [13, 79, 401, 80, 18, 4], "target_tokens": ["[IN:GET_WEATHER", "[SL:WEATHER_ATTRIBUTE", "@ptr6", "SL:WEATHER_ATTRIBUTE]", "IN:GET_WEATHER]"], "predicted_tokens": ["[IN:GET_WEATHER", "[SL:WEATHER_ATTRIBUTE", "@ptr6", "SL:WEATHER_ATTRIBUTE]", "IN:GET_WEATHER]"]}
{"loss": 0.9668207168579102, "class_log_probabilities": [-0.5084382891654968, -8.540969848632812, -8.690950393676758, -8.757808685302734], "predictions": [13, 16, 400, 401, 17, 14, 403, 15, 18, 4], "target_tokens": ["[IN:GET_WEATHER", "[SL:DATE_TIME", "@ptr5", "@ptr6", "SL:DATE_TIME]", "[SL:LOCATION", "@ptr8", "SL:LOCATION]", "IN:GET_WEATHER]"], "predicted_tokens": ["[IN:GET_WEATHER", "[SL:DATE_TIME", "@ptr5", "@ptr6", "SL:DATE_TIME]", "[SL:LOCATION", "@ptr8", "SL:LOCATION]", "IN:GET_WEATHER]"]}
{"loss": 0.9664587378501892, "class_log_probabilities": [-0.46038687229156494, -8.606932640075684, -8.696982383728027, -8.765813827514648], "predictions": [13, 79, 399, 80, 16, 400, 17, 18, 4], "target_tokens": ["[IN:GET_WEATHER", "[SL:WEATHER_ATTRIBUTE", "@ptr4", "SL:WEATHER_ATTRIBUTE]", "[SL:DATE_TIME", "@ptr5", "SL:DATE_TIME]", "IN:GET_WEATHER]"], "predicted_tokens": ["[IN:GET_WEATHER", "[SL:WEATHER_ATTRIBUTE", "@ptr4", "SL:WEATHER_ATTRIBUTE]", "[SL:DATE_TIME", "@ptr5", "SL:DATE_TIME]", "IN:GET_WEATHER]"]}
{"loss": 2.0783963203430176, "class_log_probabilities": [-0.3167608082294464, -8.450472831726074, -9.093391418457031, -12.587919235229492], "predictions": [13, 79, 397, 80, 18, 4, 4, 4], "target_tokens": ["[IN:GET_WEATHER", "[SL:WEATHER_ATTRIBUTE", "@ptr2", "@ptr3", "SL:WEATHER_ATTRIBUTE]", "IN:GET_WEATHER]"], "predicted_tokens": ["[IN:GET_WEATHER", "[SL:WEATHER_ATTRIBUTE", "@ptr2", "SL:WEATHER_ATTRIBUTE]", "IN:GET_WEATHER]"]}
{"loss": 0.9776048064231873, "class_log_probabilities": [-0.527855396270752, -5.745577335357666, -7.125117301940918, -7.172957897186279], "predictions": [13, 79, 398, 80, 16, 405, 406, 407, 17, 18, 4, 4], "target_tokens": ["[IN:GET_WEATHER", "[SL:WEATHER_ATTRIBUTE", "@ptr3", "SL:WEATHER_ATTRIBUTE]", "[SL:DATE_TIME", "@ptr10", "@ptr11", "@ptr12", "SL:DATE_TIME]", "IN:GET_WEATHER]"], "predicted_tokens": ["[IN:GET_WEATHER", "[SL:WEATHER_ATTRIBUTE", "@ptr3", "SL:WEATHER_ATTRIBUTE]", "[SL:DATE_TIME", "@ptr10", "@ptr11", "@ptr12", "SL:DATE_TIME]", "IN:GET_WEATHER]"]}
{"loss": 1.5517961978912354, "class_log_probabilities": [-0.6766682267189026, -2.5567409992218018, -5.014885902404785, -7.635664939880371], "predictions": [13, 16, 399, 400, 401, 17, 18, 4, 4, 4, 4], "target_tokens": ["[IN:GET_WEATHER", "[SL:DATE_TIME", "@ptr5", "@ptr6", "SL:DATE_TIME]", "IN:GET_WEATHER]"], "predicted_tokens": ["[IN:GET_WEATHER", "[SL:DATE_TIME", "@ptr4", "@ptr5", "@ptr6", "SL:DATE_TIME]", "IN:GET_WEATHER]"]}
{"loss": 0.9746547341346741, "class_log_probabilities": [-0.600208580493927, -7.21632194519043, -7.7133588790893555, -7.967826843261719], "predictions": [13, 16, 401, 402, 403, 404, 405, 406, 407, 408, 17, 18, 4, 4], "target_tokens": ["[IN:GET_WEATHER", "[SL:DATE_TIME", "@ptr6", "@ptr7", "@ptr8", "@ptr9", "@ptr10", "@ptr11", "@ptr12", "@ptr13", "SL:DATE_TIME]", "IN:GET_WEATHER]"], "predicted_tokens": ["[IN:GET_WEATHER", "[SL:DATE_TIME", "@ptr6", "@ptr7", "@ptr8", "@ptr9", "@ptr10", "@ptr11", "@ptr12", "@ptr13", "SL:DATE_TIME]", "IN:GET_WEATHER]"]}
{"loss": 0.9681448340415955, "class_log_probabilities": [-0.3000304400920868, -8.447807312011719, -8.552041053771973, -9.109830856323242], "predictions": [13, 79, 397, 80, 18, 4, 4, 4], "target_tokens": ["[IN:GET_WEATHER", "[SL:WEATHER_ATTRIBUTE", "@ptr2", "SL:WEATHER_ATTRIBUTE]", "IN:GET_WEATHER]"], "predicted_tokens": ["[IN:GET_WEATHER", "[SL:WEATHER_ATTRIBUTE", "@ptr2", "SL:WEATHER_ATTRIBUTE]", "IN:GET_WEATHER]"]}
{"loss": 0.9730789661407471, "class_log_probabilities": [-0.7112027406692505, -7.160145282745361, -7.411822319030762, -7.4416890144348145], "predictions": [13, 14, 401, 402, 15, 16, 403, 404, 405, 406, 407, 408, 17, 18, 4, 4], "target_tokens": ["[IN:GET_WEATHER", "[SL:LOCATION", "@ptr6", "@ptr7", "SL:LOCATION]", "[SL:DATE_TIME", "@ptr8", "@ptr9", "@ptr10", "@ptr11", "@ptr12", "@ptr13", "SL:DATE_TIME]", "IN:GET_WEATHER]"], "predicted_tokens": ["[IN:GET_WEATHER", "[SL:LOCATION", "@ptr6", "@ptr7", "SL:LOCATION]", "[SL:DATE_TIME", "@ptr8", "@ptr9", "@ptr10", "@ptr11", "@ptr12", "@ptr13", "SL:DATE_TIME]", "IN:GET_WEATHER]"]}
{"loss": 0.9836957454681396, "class_log_probabilities": [-0.5663382411003113, -7.316457271575928, -7.387134552001953, -7.639440536499023], "predictions": [75, 231, 398, 399, 400, 401, 402, 232, 76, 404, 77, 78, 4], "target_tokens": ["[IN:CREATE_CALL", "[SL:PHONE_NUMBER", "@ptr3", "@ptr4", "@ptr5", "@ptr6", "@ptr7", "SL:PHONE_NUMBER]", "[SL:NAME_APP", "@ptr9", "SL:NAME_APP]", "IN:CREATE_CALL]"], "predicted_tokens": ["[IN:CREATE_CALL", "[SL:PHONE_NUMBER", "@ptr3", "@ptr4", "@ptr5", "@ptr6", "@ptr7", "SL:PHONE_NUMBER]", "[SL:NAME_APP", "@ptr9", "SL:NAME_APP]", "IN:CREATE_CALL]"]}
{"loss": 0.9691848158836365, "class_log_probabilities": [-0.29156655073165894, -8.678194046020508, -8.814364433288574, -9.063475608825684], "predictions": [75, 6, 399, 7, 78, 4, 4, 4], "target_tokens": ["[IN:CREATE_CALL", "[SL:CONTACT", "@ptr4", "SL:CONTACT]", "IN:CREATE_CALL]"], "predicted_tokens": ["[IN:CREATE_CALL", "[SL:CONTACT", "@ptr4", "SL:CONTACT]", "IN:CREATE_CALL]"]}
{"loss": 0.9691612720489502, "class_log_probabilities": [-0.2916128635406494, -8.73157787322998, -8.807241439819336, -9.067949295043945], "predictions": [75, 6, 399, 7, 78, 4, 4, 4], "target_tokens": ["[IN:CREATE_CALL", "[SL:CONTACT", "@ptr4", "SL:CONTACT]", "IN:CREATE_CALL]"], "predicted_tokens": ["[IN:CREATE_CALL", "[SL:CONTACT", "@ptr4", "SL:CONTACT]", "IN:CREATE_CALL]"]}
{"loss": 0.971235990524292, "class_log_probabilities": [-0.5214434862136841, -7.181177139282227, -8.019627571105957, -8.699541091918945], "predictions": [75, 6, 399, 400, 7, 6, 402, 403, 7, 78, 4, 4, 4, 4, 4], "target_tokens": ["[IN:CREATE_CALL", "[SL:CONTACT", "@ptr4", "@ptr5", "SL:CONTACT]", "[SL:CONTACT", "@ptr7", "@ptr8", "SL:CONTACT]", "IN:CREATE_CALL]"], "predicted_tokens": ["[IN:CREATE_CALL", "[SL:CONTACT", "@ptr4", "@ptr5", "SL:CONTACT]", "[SL:CONTACT", "@ptr7", "@ptr8", "SL:CONTACT]", "IN:CREATE_CALL]"]}
{"loss": 0.9729294180870056, "class_log_probabilities": [-0.4137462377548218, -7.69389009475708, -8.373120307922363, -8.42104434967041], "predictions": [75, 6, 400, 7, 6, 403, 7, 78, 4, 4, 4], "target_tokens": ["[IN:CREATE_CALL", "[SL:CONTACT", "@ptr5", "SL:CONTACT]", "[SL:CONTACT", "@ptr8", "SL:CONTACT]", "IN:CREATE_CALL]"], "predicted_tokens": ["[IN:CREATE_CALL", "[SL:CONTACT", "@ptr5", "SL:CONTACT]", "[SL:CONTACT", "@ptr8", "SL:CONTACT]", "IN:CREATE_CALL]"]}
{"loss": 0.9700957536697388, "class_log_probabilities": [-0.43018364906311035, -7.619260787963867, -8.093505859375, -8.266687393188477], "predictions": [75, 6, 398, 7, 6, 400, 7, 78, 4, 4, 4], "target_tokens": ["[IN:CREATE_CALL", "[SL:CONTACT", "@ptr3", "SL:CONTACT]", "[SL:CONTACT", "@ptr5", "SL:CONTACT]", "IN:CREATE_CALL]"], "predicted_tokens": ["[IN:CREATE_CALL", "[SL:CONTACT", "@ptr3", "SL:CONTACT]", "[SL:CONTACT", "@ptr5", "SL:CONTACT]", "IN:CREATE_CALL]"]}
{"loss": 3.9317173957824707, "class_log_probabilities": [-0.3374668061733246, -5.4222731590271, -7.185240745544434, -7.294624328613281], "predictions": [75, 269, 408, 270, 78, 4, 4, 4, 4], "target_tokens": ["[IN:CREATE_CALL", "[SL:GROUP", "@ptr11", "@ptr12", "@ptr13", "SL:GROUP]", "IN:CREATE_CALL]"], "predicted_tokens": ["[IN:CREATE_CALL", "[SL:GROUP", "@ptr13", "SL:GROUP]", "IN:CREATE_CALL]"]}
{"loss": 2.7153332233428955, "class_log_probabilities": [-4.07270622253418, -5.382681846618652, -5.775394916534424, -7.043780326843262], "predictions": [63, 86, 397, 87, 68, 4, 4, 4, 4], "target_tokens": ["[IN:CREATE_CALL", "[SL:GROUP", "@ptr2", "SL:GROUP]", "IN:CREATE_CALL]"], "predicted_tokens": ["[IN:PLAY_MUSIC", "[SL:MUSIC_PLAYLIST_TITLE", "@ptr2", "SL:MUSIC_PLAYLIST_TITLE]", "IN:PLAY_MUSIC]"]}
{"loss": 1.4141312837600708, "class_log_probabilities": [-0.6540889739990234, -6.394781112670898, -6.49861478805542, -6.886523723602295], "predictions": [75, 269, 402, 403, 404, 405, 406, 270, 76, 408, 77, 78, 4], "target_tokens": ["[IN:CREATE_CALL", "[SL:GROUP", "@ptr8", "@ptr9", "@ptr10", "@ptr11", "SL:GROUP]", "[SL:NAME_APP", "@ptr13", "SL:NAME_APP]", "IN:CREATE_CALL]"], "predicted_tokens": ["[IN:CREATE_CALL", "[SL:GROUP", "@ptr7", "@ptr8", "@ptr9", "@ptr10", "@ptr11", "SL:GROUP]", "[SL:NAME_APP", "@ptr13", "SL:NAME_APP]", "IN:CREATE_CALL]"]}
{"loss": 5.507696628570557, "class_log_probabilities": [-1.0211880207061768, -2.5146090984344482, -4.388945579528809, -5.2815260887146], "predictions": [51, 52, 395, 53, 54, 4, 4, 4, 4], "target_tokens": ["[IN:CREATE_CALL", "[SL:GROUP", "@ptr2", "SL:GROUP]", "IN:CREATE_CALL]"], "predicted_tokens": ["[IN:GET_RECIPES", "[SL:RECIPES_DISH", "@ptr0", "SL:RECIPES_DISH]", "IN:GET_RECIPES]"]}
{"loss": 1.4158960580825806, "class_log_probabilities": [-0.528351366519928, -5.069380760192871, -6.440788745880127, -7.554925441741943], "predictions": [75, 6, 401, 7, 76, 403, 77, 78, 4], "target_tokens": ["[IN:CREATE_CALL", "[SL:GROUP", "@ptr6", "SL:GROUP]", "[SL:NAME_APP", "@ptr8", "SL:NAME_APP]", "IN:CREATE_CALL]"], "predicted_tokens": ["[IN:CREATE_CALL", "[SL:CONTACT", "@ptr6", "SL:CONTACT]", "[SL:NAME_APP", "@ptr8", "SL:NAME_APP]", "IN:CREATE_CALL]"]}
{"loss": 0.9730746150016785, "class_log_probabilities": [-0.312894344329834, -7.2369489669799805, -7.267551898956299, -7.411800384521484], "predictions": [75, 269, 403, 270, 78, 4], "target_tokens": ["[IN:CREATE_CALL", "[SL:GROUP", "@ptr8", "SL:GROUP]", "IN:CREATE_CALL]"], "predicted_tokens": ["[IN:CREATE_CALL", "[SL:GROUP", "@ptr8", "SL:GROUP]", "IN:CREATE_CALL]"]}
{"loss": 0.9770057797431946, "class_log_probabilities": [-0.28033125400543213, -7.077752590179443, -7.468203067779541, -7.835493087768555], "predictions": [75, 269, 402, 270, 78, 4, 4, 4], "target_tokens": ["[IN:CREATE_CALL", "[SL:GROUP", "@ptr7", "SL:GROUP]", "IN:CREATE_CALL]"], "predicted_tokens": ["[IN:CREATE_CALL", "[SL:GROUP", "@ptr7", "SL:GROUP]", "IN:CREATE_CALL]"]}
{"loss": 0.9761360883712769, "class_log_probabilities": [-0.6317367553710938, -3.5180282592773438, -5.131838798522949, -6.171016693115234], "predictions": [75, 6, 399, 400, 7, 78, 4], "target_tokens": ["[IN:CREATE_CALL", "[SL:CONTACT", "@ptr4", "@ptr5", "SL:CONTACT]", "IN:CREATE_CALL]"], "predicted_tokens": ["[IN:CREATE_CALL", "[SL:CONTACT", "@ptr4", "@ptr5", "SL:CONTACT]", "IN:CREATE_CALL]"]}
{"loss": 1.541014313697815, "class_log_probabilities": [-0.7797307968139648, -5.462088584899902, -6.8043951988220215, -6.819897651672363], "predictions": [75, 6, 70, 93, 399, 94, 71, 400, 401, 402, 72, 73, 7, 78, 4, 4], "target_tokens": ["[IN:CREATE_CALL", "[SL:CONTACT", "[IN:GET_CONTACT", "[SL:TYPE_RELATION", "@ptr5", "@ptr6", "@ptr7", "SL:TYPE_RELATION]", "IN:GET_CONTACT]", "SL:CONTACT]", "IN:CREATE_CALL]"], "predicted_tokens": ["[IN:CREATE_CALL", "[SL:CONTACT", "[IN:GET_CONTACT", "[SL:CONTACT_RELATED", "@ptr4", "SL:CONTACT_RELATED]", "[SL:TYPE_RELATION", "@ptr5", "@ptr6", "@ptr7", "SL:TYPE_RELATION]", "IN:GET_CONTACT]", "SL:CONTACT]", "IN:CREATE_CALL]"]}
{"loss": 2.2599008083343506, "class_log_probabilities": [-0.6758391261100769, -7.1247382164001465, -7.1576337814331055, -7.716833591461182], "predictions": [75, 6, 70, 71, 397, 72, 93, 399, 400, 94, 73, 7, 78, 4], "target_tokens": ["[IN:CREATE_CALL", "[SL:CONTACT", "[IN:GET_CONTACT", "[SL:CONTACT_RELATED", "@ptr4", "@ptr5", "SL:CONTACT_RELATED]", "[SL:TYPE_RELATION", "@ptr2", "SL:TYPE_RELATION]", "IN:GET_CONTACT]", "SL:CONTACT]", "IN:CREATE_CALL]"], "predicted_tokens": ["[IN:CREATE_CALL", "[SL:CONTACT", "[IN:GET_CONTACT", "[SL:TYPE_RELATION", "@ptr2", "SL:TYPE_RELATION]", "[SL:CONTACT_RELATED", "@ptr4", "@ptr5", "SL:CONTACT_RELATED]", "IN:GET_CONTACT]", "SL:CONTACT]", "IN:CREATE_CALL]"]}
{"loss": 1.3569068908691406, "class_log_probabilities": [-0.822374165058136, -5.203652858734131, -6.218944549560547, -6.575294017791748], "predictions": [75, 76, 400, 77, 6, 70, 93, 402, 94, 71, 403, 72, 73, 7, 78, 4], "target_tokens": ["[IN:CREATE_CALL", "[SL:NAME_APP", "@ptr5", "SL:NAME_APP]", "[SL:CONTACT", "[IN:GET_CONTACT", "[SL:TYPE_RELATION", "@ptr8", "SL:TYPE_RELATION]", "IN:GET_CONTACT]", "SL:CONTACT]", "IN:CREATE_CALL]"], "predicted_tokens": ["[IN:CREATE_CALL", "[SL:NAME_APP", "@ptr5", "SL:NAME_APP]", "[SL:CONTACT", "[IN:GET_CONTACT", "[SL:CONTACT_RELATED", "@ptr7", "SL:CONTACT_RELATED]", "[SL:TYPE_RELATION", "@ptr8", "SL:TYPE_RELATION]", "IN:GET_CONTACT]", "SL:CONTACT]", "IN:CREATE_CALL]"]}
{"loss": 0.9702427983283997, "class_log_probabilities": [-0.487517774105072, -7.540299892425537, -8.24194049835205, -8.525676727294922], "predictions": [75, 76, 399, 77, 6, 401, 402, 7, 78, 4, 4], "target_tokens": ["[IN:CREATE_CALL", "[SL:NAME_APP", "@ptr4", "SL:NAME_APP]", "[SL:CONTACT", "@ptr6", "@ptr7", "SL:CONTACT]", "IN:CREATE_CALL]"], "predicted_tokens": ["[IN:CREATE_CALL", "[SL:NAME_APP", "@ptr4", "SL:NAME_APP]", "[SL:CONTACT", "@ptr6", "@ptr7", "SL:CONTACT]", "IN:CREATE_CALL]"]}
{"loss": 0.9711000919342041, "class_log_probabilities": [-0.4279346466064453, -8.439939498901367, -8.505095481872559, -8.567829132080078], "predictions": [75, 76, 396, 77, 6, 401, 7, 78, 4], "target_tokens": ["[IN:CREATE_CALL", "[SL:NAME_APP", "@ptr1", "SL:NAME_APP]", "[SL:CONTACT", "@ptr6", "SL:CONTACT]", "IN:CREATE_CALL]"], "predicted_tokens": ["[IN:CREATE_CALL", "[SL:NAME_APP", "@ptr1", "SL:NAME_APP]", "[SL:CONTACT", "@ptr6", "SL:CONTACT]", "IN:CREATE_CALL]"]}
{"loss": 0.9733719825744629, "class_log_probabilities": [-0.14659059047698975, -8.116474151611328, -8.484691619873047, -8.505725860595703], "predictions": [81, 82, 4, 4], "target_tokens": ["[IN:END_CALL", "IN:END_CALL]"], "predicted_tokens": ["[IN:END_CALL", "IN:END_CALL]"]}
{"loss": 0.9720840454101562, "class_log_probabilities": [-0.42465224862098694, -7.9760966300964355, -8.388748168945312, -8.538225173950195], "predictions": [75, 6, 397, 7, 76, 399, 77, 78, 4, 4, 4], "target_tokens": ["[IN:CREATE_CALL", "[SL:CONTACT", "@ptr2", "SL:CONTACT]", "[SL:NAME_APP", "@ptr4", "SL:NAME_APP]", "IN:CREATE_CALL]"], "predicted_tokens": ["[IN:CREATE_CALL", "[SL:CONTACT", "@ptr2", "SL:CONTACT]", "[SL:NAME_APP", "@ptr4", "SL:NAME_APP]", "IN:CREATE_CALL]"]}
{"loss": 0.9668911695480347, "class_log_probabilities": [-0.46206581592559814, -7.6330180168151855, -7.770423412322998, -8.429256439208984], "predictions": [75, 6, 397, 7, 6, 400, 7, 78, 4, 4, 4, 4], "target_tokens": ["[IN:CREATE_CALL", "[SL:CONTACT", "@ptr2", "SL:CONTACT]", "[SL:CONTACT", "@ptr5", "SL:CONTACT]", "IN:CREATE_CALL]"], "predicted_tokens": ["[IN:CREATE_CALL", "[SL:CONTACT", "@ptr2", "SL:CONTACT]", "[SL:CONTACT", "@ptr5", "SL:CONTACT]", "IN:CREATE_CALL]"]}
{"loss": 0.9732392430305481, "class_log_probabilities": [-0.6290567517280579, -6.931737422943115, -7.087368965148926, -7.265460014343262], "predictions": [171, 6, 70, 93, 398, 94, 71, 399, 72, 73, 7, 172, 4], "target_tokens": ["[IN:GET_AVAILABILITY", "[SL:CONTACT", "[IN:GET_CONTACT", "[SL:CONTACT_RELATED", "@ptr3", "SL:CONTACT_RELATED]", "[SL:TYPE_RELATION", "@ptr4", "SL:TYPE_RELATION]", "IN:GET_CONTACT]", "SL:CONTACT]", "IN:GET_AVAILABILITY]"], "predicted_tokens": ["[IN:GET_AVAILABILITY", "[SL:CONTACT", "[IN:GET_CONTACT", "[SL:CONTACT_RELATED", "@ptr3", "SL:CONTACT_RELATED]", "[SL:TYPE_RELATION", "@ptr4", "SL:TYPE_RELATION]", "IN:GET_CONTACT]", "SL:CONTACT]", "IN:GET_AVAILABILITY]"]}
{"loss": 1.7459992170333862, "class_log_probabilities": [-0.8053217530250549, -3.758558750152588, -4.9095377922058105, -4.923262596130371], "predictions": [107, 6, 396, 7, 110, 4], "target_tokens": ["[IN:UPDATE_CALL", "[SL:CONTACT_REMOVED", "@ptr1", "SL:CONTACT_REMOVED]", "IN:UPDATE_CALL]"], "predicted_tokens": ["[IN:UPDATE_CALL", "[SL:CONTACT", "@ptr1", "SL:CONTACT]", "IN:UPDATE_CALL]"]}
{"loss": 0.9869352579116821, "class_log_probabilities": [-0.31278181076049805, -5.5866827964782715, -6.072781085968018, -7.310645580291748], "predictions": [107, 203, 397, 398, 204, 110, 4, 4, 4], "target_tokens": ["[IN:UPDATE_CALL", "[SL:CONTACT_REMOVED", "@ptr2", "@ptr3", "SL:CONTACT_REMOVED]", "IN:UPDATE_CALL]"], "predicted_tokens": ["[IN:UPDATE_CALL", "[SL:CONTACT_REMOVED", "@ptr2", "@ptr3", "SL:CONTACT_REMOVED]", "IN:UPDATE_CALL]"]}
{"loss": 0.9679294228553772, "class_log_probabilities": [-0.34668511152267456, -7.960326194763184, -8.677812576293945, -9.05749225616455], "predictions": [75, 6, 397, 398, 7, 78, 4, 4, 4], "target_tokens": ["[IN:CREATE_CALL", "[SL:CONTACT", "@ptr2", "@ptr3", "SL:CONTACT]", "IN:CREATE_CALL]"], "predicted_tokens": ["[IN:CREATE_CALL", "[SL:CONTACT", "@ptr2", "@ptr3", "SL:CONTACT]", "IN:CREATE_CALL]"]}
{"loss": 0.9668529033660889, "class_log_probabilities": [-0.3106187582015991, -8.312226295471191, -8.366908073425293, -9.005499839782715], "predictions": [75, 6, 397, 7, 78, 4, 4, 4], "target_tokens": ["[IN:CREATE_CALL", "[SL:CONTACT", "@ptr2", "SL:CONTACT]", "IN:CREATE_CALL]"], "predicted_tokens": ["[IN:CREATE_CALL", "[SL:CONTACT", "@ptr2", "SL:CONTACT]", "IN:CREATE_CALL]"]}
{"loss": 0.9582653641700745, "class_log_probabilities": [-0.3610353171825409, -7.243963241577148, -7.5970025062561035, -7.837909698486328], "predictions": [75, 6, 397, 7, 78, 4], "target_tokens": ["[IN:CREATE_CALL", "[SL:CONTACT", "@ptr2", "SL:CONTACT]", "IN:CREATE_CALL]"], "predicted_tokens": ["[IN:CREATE_CALL", "[SL:CONTACT", "@ptr2", "SL:CONTACT]", "IN:CREATE_CALL]"]}
{"loss": 2.5639612674713135, "class_log_probabilities": [-0.8021628260612488, -2.758880853652954, -5.42047119140625, -8.395129203796387], "predictions": [75, 6, 397, 7, 78, 4, 4, 4, 4, 4], "target_tokens": ["[IN:CREATE_CALL", "[SL:CONTACT", "@ptr2", "SL:CONTACT]", "[SL:ORDINAL", "@ptr4", "SL:ORDINAL]", "IN:CREATE_CALL]"], "predicted_tokens": ["[IN:CREATE_CALL", "[SL:CONTACT", "@ptr2", "SL:CONTACT]", "IN:CREATE_CALL]"]}
{"loss": 1.737714409828186, "class_log_probabilities": [-1.153635025024414, -2.4331016540527344, -3.0501174926757812, -5.227667808532715], "predictions": [75, 78, 4], "target_tokens": ["[IN:ANSWER_CALL", "IN:ANSWER_CALL]"], "predicted_tokens": ["[IN:CREATE_CALL", "IN:CREATE_CALL]"]}
{"loss": 0.9667844176292419, "class_log_probabilities": [-0.4054710865020752, -7.006567001342773, -7.989323616027832, -8.136492729187012], "predictions": [75, 6, 398, 399, 400, 7, 78, 4, 4], "target_tokens": ["[IN:CREATE_CALL", "[SL:CONTACT", "@ptr3", "@ptr4", "@ptr5", "SL:CONTACT]", "IN:CREATE_CALL]"], "predicted_tokens": ["[IN:CREATE_CALL", "[SL:CONTACT", "@ptr3", "@ptr4", "@ptr5", "SL:CONTACT]", "IN:CREATE_CALL]"]}
{"loss": 0.984423816204071, "class_log_probabilities": [-0.45832887291908264, -5.8167548179626465, -6.007512092590332, -6.14433479309082], "predictions": [237, 238, 4], "target_tokens": ["[IN:HOLD_CALL", "IN:HOLD_CALL]"], "predicted_tokens": ["[IN:HOLD_CALL", "IN:HOLD_CALL]"]}
{"loss": 0.9726837277412415, "class_log_probabilities": [-0.14798450469970703, -8.063509941101074, -8.525694847106934, -8.526732444763184], "predictions": [81, 82, 4, 4], "target_tokens": ["[IN:END_CALL", "IN:END_CALL]"], "predicted_tokens": ["[IN:END_CALL", "IN:END_CALL]"]}
{"loss": 6.362649917602539, "class_log_probabilities": [-0.2892687916755676, -8.762375831604004, -8.7919340133667, -9.783319473266602], "predictions": [75, 6, 395, 7, 78, 4, 4, 4, 4, 4], "target_tokens": ["[IN:HOLD_CALL", "IN:HOLD_CALL]"], "predicted_tokens": ["[IN:CREATE_CALL", "[SL:CONTACT", "@ptr0", "SL:CONTACT]", "IN:CREATE_CALL]"]}
{"loss": 0.9744078516960144, "class_log_probabilities": [-0.8120277523994446, -4.473829746246338, -5.701138019561768, -5.847749710083008], "predictions": [107, 108, 70, 93, 397, 94, 71, 398, 72, 73, 109, 110, 4], "target_tokens": ["[IN:UPDATE_CALL", "[SL:CONTACT_ADDED", "[IN:GET_CONTACT", "[SL:CONTACT_RELATED", "@ptr2", "SL:CONTACT_RELATED]", "[SL:TYPE_RELATION", "@ptr3", "SL:TYPE_RELATION]", "IN:GET_CONTACT]", "SL:CONTACT_ADDED]", "IN:UPDATE_CALL]"], "predicted_tokens": ["[IN:UPDATE_CALL", "[SL:CONTACT_ADDED", "[IN:GET_CONTACT", "[SL:CONTACT_RELATED", "@ptr2", "SL:CONTACT_RELATED]", "[SL:TYPE_RELATION", "@ptr3", "SL:TYPE_RELATION]", "IN:GET_CONTACT]", "SL:CONTACT_ADDED]", "IN:UPDATE_CALL]"]}
{"loss": 3.836130142211914, "class_log_probabilities": [-0.12906146049499512, -8.302510261535645, -8.41484546661377, -8.534595489501953], "predictions": [245, 246, 4, 4], "target_tokens": ["[IN:UPDATE_CALL", "IN:UPDATE_CALL]"], "predicted_tokens": ["[IN:UPDATE_METHOD_CALL", "IN:UPDATE_METHOD_CALL]"]}
{"loss": 0.9762346148490906, "class_log_probabilities": [-0.28257817029953003, -7.971477031707764, -8.007298469543457, -8.435523986816406], "predictions": [107, 108, 397, 109, 110, 4, 4, 4, 4], "target_tokens": ["[IN:UPDATE_CALL", "[SL:CONTACT_ADDED", "@ptr2", "SL:CONTACT_ADDED]", "IN:UPDATE_CALL]"], "predicted_tokens": ["[IN:UPDATE_CALL", "[SL:CONTACT_ADDED", "@ptr2", "SL:CONTACT_ADDED]", "IN:UPDATE_CALL]"]}
{"loss": 0.9679206013679504, "class_log_probabilities": [-0.16239583492279053, -7.945983409881592, -8.390457153320312, -8.59577465057373], "predictions": [31, 32, 4], "target_tokens": ["[IN:SET_UNAVAILABLE", "IN:SET_UNAVAILABLE]"], "predicted_tokens": ["[IN:SET_UNAVAILABLE", "IN:SET_UNAVAILABLE]"]}
{"loss": 0.9676305651664734, "class_log_probabilities": [-0.16156286001205444, -7.904388904571533, -8.44955062866211, -8.523307800292969], "predictions": [31, 32, 4], "target_tokens": ["[IN:SET_UNAVAILABLE", "IN:SET_UNAVAILABLE]"], "predicted_tokens": ["[IN:SET_UNAVAILABLE", "IN:SET_UNAVAILABLE]"]}
{"loss": 0.9746322631835938, "class_log_probabilities": [-0.3493915796279907, -7.554180145263672, -7.592987537384033, -7.7859416007995605], "predictions": [185, 16, 404, 405, 17, 186, 4], "target_tokens": ["[IN:GET_CALL", "[SL:DATE_TIME", "@ptr9", "@ptr10", "SL:DATE_TIME]", "IN:GET_CALL]"], "predicted_tokens": ["[IN:GET_CALL", "[SL:DATE_TIME", "@ptr9", "@ptr10", "SL:DATE_TIME]", "IN:GET_CALL]"]}
{"loss": 1.5393438339233398, "class_log_probabilities": [-3.28414249420166, -4.627535820007324, -4.987076759338379, -5.124354362487793], "predictions": [105, 6, 398, 7, 106, 4], "target_tokens": ["[IN:GET_CALL_TIME", "[SL:CONTACT", "@ptr3", "SL:CONTACT]", "IN:GET_CALL_TIME]"], "predicted_tokens": ["[IN:GET_INFO_CONTACT", "[SL:CONTACT", "@ptr3", "SL:CONTACT]", "IN:GET_INFO_CONTACT]"]}
{"loss": 0.9681517481803894, "class_log_probabilities": [-0.30597972869873047, -7.611323833465576, -7.721469402313232, -8.170517921447754], "predictions": [171, 6, 397, 7, 172, 4], "target_tokens": ["[IN:GET_AVAILABILITY", "[SL:CONTACT", "@ptr2", "SL:CONTACT]", "IN:GET_AVAILABILITY]"], "predicted_tokens": ["[IN:GET_AVAILABILITY", "[SL:CONTACT", "@ptr2", "SL:CONTACT]", "IN:GET_AVAILABILITY]"]}
{"loss": 0.9844403266906738, "class_log_probabilities": [-0.26644957065582275, -8.211732864379883, -8.243085861206055, -8.308304786682129], "predictions": [185, 16, 402, 17, 186, 4, 4], "target_tokens": ["[IN:GET_CALL", "[SL:DATE_TIME", "@ptr7", "SL:DATE_TIME]", "IN:GET_CALL]"], "predicted_tokens": ["[IN:GET_CALL", "[SL:DATE_TIME", "@ptr7", "SL:DATE_TIME]", "IN:GET_CALL]"]}
{"loss": 1.3383818864822388, "class_log_probabilities": [-1.2000144720077515, -3.9714975357055664, -4.209197521209717, -4.5054402351379395], "predictions": [153, 6, 70, 93, 399, 94, 71, 400, 72, 73, 7, 154, 4], "target_tokens": ["[IN:GET_CALL", "[SL:CONTACT", "[IN:GET_CONTACT", "[SL:CONTACT_RELATED", "@ptr4", "SL:CONTACT_RELATED]", "[SL:TYPE_RELATION", "@ptr5", "SL:TYPE_RELATION]", "IN:GET_CONTACT]", "SL:CONTACT]", "IN:GET_CALL]"], "predicted_tokens": ["[IN:ANSWER_CALL", "[SL:CONTACT", "[IN:GET_CONTACT", "[SL:CONTACT_RELATED", "@ptr4", "SL:CONTACT_RELATED]", "[SL:TYPE_RELATION", "@ptr5", "SL:TYPE_RELATION]", "IN:GET_CONTACT]", "SL:CONTACT]", "IN:ANSWER_CALL]"]}
{"loss": 0.9765400290489197, "class_log_probabilities": [-0.4546864926815033, -6.465084075927734, -6.735621929168701, -6.85813570022583], "predictions": [69, 6, 399, 7, 16, 400, 17, 74, 4], "target_tokens": ["[IN:GET_CALL_TIME", "[SL:CONTACT", "@ptr4", "SL:CONTACT]", "[SL:DATE_TIME", "@ptr5", "SL:DATE_TIME]", "IN:GET_CALL_TIME]"], "predicted_tokens": ["[IN:GET_CALL_TIME", "[SL:CONTACT", "@ptr4", "SL:CONTACT]", "[SL:DATE_TIME", "@ptr5", "SL:DATE_TIME]", "IN:GET_CALL_TIME]"]}
{"loss": 0.993837296962738, "class_log_probabilities": [-0.13920679688453674, -6.685575485229492, -7.169991970062256, -7.327022552490234], "predictions": [209, 210, 4], "target_tokens": ["[IN:GET_CALL_CONTACT", "IN:GET_CALL_CONTACT]"], "predicted_tokens": ["[IN:GET_CALL_CONTACT", "IN:GET_CALL_CONTACT]"]}
{"loss": 1.3947027921676636, "class_log_probabilities": [-1.091888666152954, -3.572000026702881, -3.604680061340332, -5.892809867858887], "predictions": [63, 66, 397, 67, 68, 4], "target_tokens": ["[IN:CREATE_CALL", "[SL:CONTACT", "@ptr2", "SL:CONTACT]", "IN:CREATE_CALL]"], "predicted_tokens": ["[IN:PLAY_MUSIC", "[SL:MUSIC_ARTIST_NAME", "@ptr2", "SL:MUSIC_ARTIST_NAME]", "IN:PLAY_MUSIC]"]}
{"loss": 0.9683647155761719, "class_log_probabilities": [-0.29604512453079224, -8.631654739379883, -8.854077339172363, -8.916767120361328], "predictions": [75, 6, 397, 7, 78, 4, 4, 4], "target_tokens": ["[IN:CREATE_CALL", "[SL:CONTACT", "@ptr2", "SL:CONTACT]", "IN:CREATE_CALL]"], "predicted_tokens": ["[IN:CREATE_CALL", "[SL:CONTACT", "@ptr2", "SL:CONTACT]", "IN:CREATE_CALL]"]}
{"loss": 0.9756349921226501, "class_log_probabilities": [-0.44848307967185974, -6.299856185913086, -7.54781436920166, -7.737142562866211], "predictions": [69, 6, 400, 7, 16, 401, 17, 74, 4], "target_tokens": ["[IN:GET_CALL_TIME", "[SL:CONTACT", "@ptr5", "SL:CONTACT]", "[SL:DATE_TIME", "@ptr6", "SL:DATE_TIME]", "IN:GET_CALL_TIME]"], "predicted_tokens": ["[IN:GET_CALL_TIME", "[SL:CONTACT", "@ptr5", "SL:CONTACT]", "[SL:DATE_TIME", "@ptr6", "SL:DATE_TIME]", "IN:GET_CALL_TIME]"]}
{"loss": 0.9762091040611267, "class_log_probabilities": [-0.6945942044258118, -4.696476936340332, -6.472215175628662, -6.823723793029785], "predictions": [69, 6, 401, 7, 16, 402, 17, 74, 4, 4], "target_tokens": ["[IN:GET_CALL_TIME", "[SL:CONTACT", "@ptr6", "SL:CONTACT]", "[SL:DATE_TIME", "@ptr7", "SL:DATE_TIME]", "IN:GET_CALL_TIME]"], "predicted_tokens": ["[IN:GET_CALL_TIME", "[SL:CONTACT", "@ptr6", "SL:CONTACT]", "[SL:DATE_TIME", "@ptr7", "SL:DATE_TIME]", "IN:GET_CALL_TIME]"]}
{"loss": 0.9730761647224426, "class_log_probabilities": [-0.14770162105560303, -8.121160507202148, -8.415872573852539, -8.442177772521973], "predictions": [81, 82, 4, 4], "target_tokens": ["[IN:END_CALL", "IN:END_CALL]"], "predicted_tokens": ["[IN:END_CALL", "IN:END_CALL]"]}
{"loss": 0.9718983769416809, "class_log_probabilities": [-0.2883113920688629, -7.559850215911865, -7.594130039215088, -7.836920261383057], "predictions": [81, 6, 399, 7, 82, 4, 4], "target_tokens": ["[IN:END_CALL", "[SL:CONTACT", "@ptr4", "SL:CONTACT]", "IN:END_CALL]"], "predicted_tokens": ["[IN:END_CALL", "[SL:CONTACT", "@ptr4", "SL:CONTACT]", "IN:END_CALL]"]}
{"loss": 1.6860027313232422, "class_log_probabilities": [-3.3080103397369385, -3.310004949569702, -3.4163615703582764, -4.838306903839111], "predictions": [301, 6, 398, 399, 7, 302, 4], "target_tokens": ["[IN:UPDATE_CALL", "[SL:CONTACT_ADDED", "@ptr3", "@ptr4", "SL:CONTACT_ADDED]", "IN:UPDATE_CALL]"], "predicted_tokens": ["[IN:GET_DETAILS_NEWS", "[SL:CONTACT", "@ptr3", "@ptr4", "SL:CONTACT]", "IN:GET_DETAILS_NEWS]"]}
{"loss": 0.9752735495567322, "class_log_probabilities": [-0.3210977613925934, -5.9778547286987305, -6.035879135131836, -6.2230753898620605], "predictions": [185, 6, 400, 7, 186, 4], "target_tokens": ["[IN:GET_CALL", "[SL:CONTACT", "@ptr5", "SL:CONTACT]", "IN:GET_CALL]"], "predicted_tokens": ["[IN:GET_CALL", "[SL:CONTACT", "@ptr5", "SL:CONTACT]", "IN:GET_CALL]"]}
{"loss": 0.9741578698158264, "class_log_probabilities": [-0.2892764210700989, -8.027406692504883, -8.12325668334961, -8.791747093200684], "predictions": [107, 108, 397, 109, 110, 4, 4, 4, 4], "target_tokens": ["[IN:UPDATE_CALL", "[SL:CONTACT_ADDED", "@ptr2", "SL:CONTACT_ADDED]", "IN:UPDATE_CALL]"], "predicted_tokens": ["[IN:UPDATE_CALL", "[SL:CONTACT_ADDED", "@ptr2", "SL:CONTACT_ADDED]", "IN:UPDATE_CALL]"]}
{"loss": 0.9725584983825684, "class_log_probabilities": [-0.14888864755630493, -8.172586441040039, -8.325928688049316, -8.431910514831543], "predictions": [81, 82, 4, 4], "target_tokens": ["[IN:END_CALL", "IN:END_CALL]"], "predicted_tokens": ["[IN:END_CALL", "IN:END_CALL]"]}
{"loss": 5.709585666656494, "class_log_probabilities": [-0.4813005328178406, -5.002575874328613, -5.350368976593018, -5.377973556518555], "predictions": [75, 6, 395, 7, 78, 4], "target_tokens": ["[IN:HOLD_CALL", "IN:HOLD_CALL]"], "predicted_tokens": ["[IN:CREATE_CALL", "[SL:CONTACT", "@ptr0", "SL:CONTACT]", "IN:CREATE_CALL]"]}
{"loss": 0.9807714223861694, "class_log_probabilities": [-0.43762505054473877, -7.5563788414001465, -7.689310073852539, -8.2650728225708], "predictions": [107, 108, 70, 71, 397, 72, 73, 109, 110, 4], "target_tokens": ["[IN:UPDATE_CALL", "[SL:CONTACT_ADDED", "[IN:GET_CONTACT", "[SL:TYPE_RELATION", "@ptr2", "SL:TYPE_RELATION]", "IN:GET_CONTACT]", "SL:CONTACT_ADDED]", "IN:UPDATE_CALL]"], "predicted_tokens": ["[IN:UPDATE_CALL", "[SL:CONTACT_ADDED", "[IN:GET_CONTACT", "[SL:TYPE_RELATION", "@ptr2", "SL:TYPE_RELATION]", "IN:GET_CONTACT]", "SL:CONTACT_ADDED]", "IN:UPDATE_CALL]"]}
{"loss": 0.9975230693817139, "class_log_probabilities": [-0.23303861916065216, -7.107088088989258, -7.374855995178223, -7.691521167755127], "predictions": [107, 203, 397, 204, 110, 4, 4, 4, 4], "target_tokens": ["[IN:UPDATE_CALL", "[SL:CONTACT_REMOVED", "@ptr2", "SL:CONTACT_REMOVED]", "IN:UPDATE_CALL]"], "predicted_tokens": ["[IN:UPDATE_CALL", "[SL:CONTACT_REMOVED", "@ptr2", "SL:CONTACT_REMOVED]", "IN:UPDATE_CALL]"]}
{"loss": 0.974659264087677, "class_log_probabilities": [-0.14578679203987122, -8.15932846069336, -8.337910652160645, -8.467252731323242], "predictions": [81, 82, 4, 4], "target_tokens": ["[IN:END_CALL", "IN:END_CALL]"], "predicted_tokens": ["[IN:END_CALL", "IN:END_CALL]"]}
{"loss": 0.9763545989990234, "class_log_probabilities": [-0.14351314306259155, -8.38521957397461, -8.391914367675781, -8.488025665283203], "predictions": [189, 190, 4, 4], "target_tokens": ["[IN:SET_AVAILABLE", "IN:SET_AVAILABLE]"], "predicted_tokens": ["[IN:SET_AVAILABLE", "IN:SET_AVAILABLE]"]}
{"loss": 0.9624895453453064, "class_log_probabilities": [-0.3415979743003845, -7.346170425415039, -7.487386703491211, -7.792845726013184], "predictions": [171, 6, 396, 7, 172, 4], "target_tokens": ["[IN:GET_AVAILABILITY", "[SL:CONTACT", "@ptr1", "SL:CONTACT]", "IN:GET_AVAILABILITY]"], "predicted_tokens": ["[IN:GET_AVAILABILITY", "[SL:CONTACT", "@ptr1", "SL:CONTACT]", "IN:GET_AVAILABILITY]"]}
{"loss": 0.9681754112243652, "class_log_probabilities": [-0.30493637919425964, -7.7319793701171875, -7.799262046813965, -8.138487815856934], "predictions": [171, 6, 396, 7, 172, 4], "target_tokens": ["[IN:GET_AVAILABILITY", "[SL:CONTACT", "@ptr1", "SL:CONTACT]", "IN:GET_AVAILABILITY]"], "predicted_tokens": ["[IN:GET_AVAILABILITY", "[SL:CONTACT", "@ptr1", "SL:CONTACT]", "IN:GET_AVAILABILITY]"]}
{"loss": 0.9794562458992004, "class_log_probabilities": [-0.33936503529548645, -6.397143840789795, -6.435564041137695, -6.571337699890137], "predictions": [185, 16, 401, 402, 17, 186, 4], "target_tokens": ["[IN:GET_CALL", "[SL:DATE_TIME", "@ptr6", "@ptr7", "SL:DATE_TIME]", "IN:GET_CALL]"], "predicted_tokens": ["[IN:GET_CALL", "[SL:DATE_TIME", "@ptr6", "@ptr7", "SL:DATE_TIME]", "IN:GET_CALL]"]}
{"loss": 0.9815539717674255, "class_log_probabilities": [-0.27210402488708496, -8.080491065979004, -8.238456726074219, -8.279999732971191], "predictions": [185, 16, 402, 17, 186, 4], "target_tokens": ["[IN:GET_CALL", "[SL:DATE_TIME", "@ptr7", "SL:DATE_TIME]", "IN:GET_CALL]"], "predicted_tokens": ["[IN:GET_CALL", "[SL:DATE_TIME", "@ptr7", "SL:DATE_TIME]", "IN:GET_CALL]"]}
{"loss": 0.9861480593681335, "class_log_probabilities": [-0.2838307023048401, -7.554467678070068, -7.810805320739746, -8.005972862243652], "predictions": [69, 6, 401, 7, 74, 4], "target_tokens": ["[IN:GET_CALL_TIME", "[SL:CONTACT", "@ptr6", "SL:CONTACT]", "IN:GET_CALL_TIME]"], "predicted_tokens": ["[IN:GET_CALL_TIME", "[SL:CONTACT", "@ptr6", "SL:CONTACT]", "IN:GET_CALL_TIME]"]}
{"loss": 0.9676129221916199, "class_log_probabilities": [-0.30700647830963135, -7.536003112792969, -7.7251739501953125, -8.314016342163086], "predictions": [171, 6, 398, 7, 172, 4, 4], "target_tokens": ["[IN:GET_AVAILABILITY", "[SL:CONTACT", "@ptr3", "SL:CONTACT]", "IN:GET_AVAILABILITY]"], "predicted_tokens": ["[IN:GET_AVAILABILITY", "[SL:CONTACT", "@ptr3", "SL:CONTACT]", "IN:GET_AVAILABILITY]"]}
{"loss": 0.986315906047821, "class_log_probabilities": [-0.25813376903533936, -7.9092183113098145, -8.042295455932617, -8.252811431884766], "predictions": [185, 16, 399, 17, 186, 4], "target_tokens": ["[IN:GET_CALL", "[SL:DATE_TIME", "@ptr4", "SL:DATE_TIME]", "IN:GET_CALL]"], "predicted_tokens": ["[IN:GET_CALL", "[SL:DATE_TIME", "@ptr4", "SL:DATE_TIME]", "IN:GET_CALL]"]}
{"loss": 0.9723411202430725, "class_log_probabilities": [-0.14870339632034302, -8.118258476257324, -8.467634201049805, -8.4860258102417], "predictions": [81, 82, 4, 4], "target_tokens": ["[IN:END_CALL", "IN:END_CALL]"], "predicted_tokens": ["[IN:END_CALL", "IN:END_CALL]"]}
{"loss": 0.9772273898124695, "class_log_probabilities": [-0.14042669534683228, -8.160452842712402, -8.472831726074219, -8.572970390319824], "predictions": [81, 82, 4, 4], "target_tokens": ["[IN:END_CALL", "IN:END_CALL]"], "predicted_tokens": ["[IN:END_CALL", "IN:END_CALL]"]}
{"loss": 0.9735927581787109, "class_log_probabilities": [-0.14667482674121857, -8.201446533203125, -8.496315956115723, -8.497954368591309], "predictions": [81, 82, 4, 4], "target_tokens": ["[IN:END_CALL", "IN:END_CALL]"], "predicted_tokens": ["[IN:END_CALL", "IN:END_CALL]"]}
{"loss": 0.9697839617729187, "class_log_probabilities": [-0.28829771280288696, -8.811347007751465, -8.957538604736328, -9.022689819335938], "predictions": [75, 6, 398, 7, 78, 4, 4, 4], "target_tokens": ["[IN:CREATE_CALL", "[SL:CONTACT", "@ptr3", "SL:CONTACT]", "IN:CREATE_CALL]"], "predicted_tokens": ["[IN:CREATE_CALL", "[SL:CONTACT", "@ptr3", "SL:CONTACT]", "IN:CREATE_CALL]"]}
{"loss": 0.969693124294281, "class_log_probabilities": [-0.28848811984062195, -8.935737609863281, -9.032441139221191, -10.05887222290039], "predictions": [75, 6, 399, 7, 78, 4, 4, 4, 4, 4], "target_tokens": ["[IN:CREATE_CALL", "[SL:CONTACT", "@ptr4", "SL:CONTACT]", "IN:CREATE_CALL]"], "predicted_tokens": ["[IN:CREATE_CALL", "[SL:CONTACT", "@ptr4", "SL:CONTACT]", "IN:CREATE_CALL]"]}
{"loss": 0.9857559204101562, "class_log_probabilities": [-0.13073869049549103, -8.239276885986328, -8.360264778137207, -8.483060836791992], "predictions": [245, 246, 4], "target_tokens": ["[IN:UPDATE_METHOD_CALL", "IN:UPDATE_METHOD_CALL]"], "predicted_tokens": ["[IN:UPDATE_METHOD_CALL", "IN:UPDATE_METHOD_CALL]"]}
{"loss": 0.9884190559387207, "class_log_probabilities": [-0.12721741199493408, -8.235492706298828, -8.494606018066406, -8.574301719665527], "predictions": [245, 246, 4, 4], "target_tokens": ["[IN:UPDATE_METHOD_CALL", "IN:UPDATE_METHOD_CALL]"], "predicted_tokens": ["[IN:UPDATE_METHOD_CALL", "IN:UPDATE_METHOD_CALL]"]}
{"loss": 0.9743570685386658, "class_log_probabilities": [-0.15068989992141724, -7.702995300292969, -7.720934867858887, -8.21423053741455], "predictions": [245, 246, 4], "target_tokens": ["[IN:UPDATE_METHOD_CALL", "IN:UPDATE_METHOD_CALL]"], "predicted_tokens": ["[IN:UPDATE_METHOD_CALL", "IN:UPDATE_METHOD_CALL]"]}
{"loss": 0.9910152554512024, "class_log_probabilities": [-0.12429122626781464, -8.075016975402832, -8.222933769226074, -8.510578155517578], "predictions": [245, 246, 4], "target_tokens": ["[IN:UPDATE_METHOD_CALL", "IN:UPDATE_METHOD_CALL]"], "predicted_tokens": ["[IN:UPDATE_METHOD_CALL", "IN:UPDATE_METHOD_CALL]"]}
{"loss": 0.9911544322967529, "class_log_probabilities": [-1.014325499534607, -2.6571576595306396, -4.138347625732422, -4.9254631996154785], "predictions": [107, 203, 70, 71, 398, 72, 6, 399, 7, 73, 204, 110, 4], "target_tokens": ["[IN:UPDATE_CALL", "[SL:CONTACT_REMOVED", "[IN:GET_CONTACT", "[SL:TYPE_RELATION", "@ptr3", "SL:TYPE_RELATION]", "[SL:CONTACT", "@ptr4", "SL:CONTACT]", "IN:GET_CONTACT]", "SL:CONTACT_REMOVED]", "IN:UPDATE_CALL]"], "predicted_tokens": ["[IN:UPDATE_CALL", "[SL:CONTACT_REMOVED", "[IN:GET_CONTACT", "[SL:TYPE_RELATION", "@ptr3", "SL:TYPE_RELATION]", "[SL:CONTACT", "@ptr4", "SL:CONTACT]", "IN:GET_CONTACT]", "SL:CONTACT_REMOVED]", "IN:UPDATE_CALL]"]}
{"loss": 0.9878577589988708, "class_log_probabilities": [-0.5924915075302124, -5.987239837646484, -6.239016056060791, -6.305968761444092], "predictions": [107, 203, 70, 93, 397, 94, 71, 398, 72, 73, 204, 110, 4], "target_tokens": ["[IN:UPDATE_CALL", "[SL:CONTACT_REMOVED", "[IN:GET_CONTACT", "[SL:CONTACT_RELATED", "@ptr2", "SL:CONTACT_RELATED]", "[SL:TYPE_RELATION", "@ptr3", "SL:TYPE_RELATION]", "IN:GET_CONTACT]", "SL:CONTACT_REMOVED]", "IN:UPDATE_CALL]"], "predicted_tokens": ["[IN:UPDATE_CALL", "[SL:CONTACT_REMOVED", "[IN:GET_CONTACT", "[SL:CONTACT_RELATED", "@ptr2", "SL:CONTACT_RELATED]", "[SL:TYPE_RELATION", "@ptr3", "SL:TYPE_RELATION]", "IN:GET_CONTACT]", "SL:CONTACT_REMOVED]", "IN:UPDATE_CALL]"]}
{"loss": 0.9877772331237793, "class_log_probabilities": [-0.6152997612953186, -3.2593679428100586, -3.4971954822540283, -4.802614688873291], "predictions": [107, 203, 398, 204, 110, 4], "target_tokens": ["[IN:UPDATE_CALL", "[SL:CONTACT_REMOVED", "@ptr3", "SL:CONTACT_REMOVED]", "IN:UPDATE_CALL]"], "predicted_tokens": ["[IN:UPDATE_CALL", "[SL:CONTACT_REMOVED", "@ptr3", "SL:CONTACT_REMOVED]", "IN:UPDATE_CALL]"]}
{"loss": 3.2027249336242676, "class_log_probabilities": [-3.3128597736358643, -4.016397476196289, -5.25875186920166, -7.433753490447998], "predictions": [63, 66, 399, 400, 67, 68, 4], "target_tokens": ["[IN:CREATE_CALL", "[SL:CONTACT", "[IN:GET_CONTACT", "[SL:CONTACT_RELATED", "@ptr4", "@ptr5", "SL:CONTACT_RELATED]", "[SL:TYPE_RELATION", "@ptr2", "SL:TYPE_RELATION]", "IN:GET_CONTACT]", "SL:CONTACT]", "IN:CREATE_CALL]"], "predicted_tokens": ["[IN:PLAY_MUSIC", "[SL:MUSIC_ARTIST_NAME", "@ptr4", "@ptr5", "SL:MUSIC_ARTIST_NAME]", "IN:PLAY_MUSIC]"]}
{"loss": 3.7595977783203125, "class_log_probabilities": [-3.6797683238983154, -3.7514851093292236, -3.860011577606201, -4.364497661590576], "predictions": [63, 66, 399, 67, 68, 4, 4, 4, 4, 4, 4], "target_tokens": ["[IN:CREATE_CALL", "[SL:CONTACT", "[IN:GET_CONTACT", "[SL:CONTACT_RELATED", "@ptr4", "SL:CONTACT_RELATED]", "[SL:TYPE_RELATION", "@ptr3", "SL:TYPE_RELATION]", "IN:GET_CONTACT]", "SL:CONTACT]", "IN:CREATE_CALL]"], "predicted_tokens": ["[IN:PLAY_MUSIC", "[SL:MUSIC_ARTIST_NAME", "@ptr4", "SL:MUSIC_ARTIST_NAME]", "IN:PLAY_MUSIC]"]}
{"loss": 2.2805228233337402, "class_log_probabilities": [-0.7091870307922363, -4.0072340965271, -6.286546230316162, -6.973709583282471], "predictions": [75, 6, 70, 71, 398, 72, 93, 400, 401, 94, 73, 7, 78, 4], "target_tokens": ["[IN:CREATE_CALL", "[SL:CONTACT", "[IN:GET_CONTACT", "[SL:CONTACT_RELATED", "@ptr5", "@ptr6", "SL:CONTACT_RELATED]", "[SL:TYPE_RELATION", "@ptr3", "SL:TYPE_RELATION]", "IN:GET_CONTACT]", "SL:CONTACT]", "IN:CREATE_CALL]"], "predicted_tokens": ["[IN:CREATE_CALL", "[SL:CONTACT", "[IN:GET_CONTACT", "[SL:TYPE_RELATION", "@ptr3", "SL:TYPE_RELATION]", "[SL:CONTACT_RELATED", "@ptr5", "@ptr6", "SL:CONTACT_RELATED]", "IN:GET_CONTACT]", "SL:CONTACT]", "IN:CREATE_CALL]"]}
{"loss": 2.2848832607269287, "class_log_probabilities": [-0.661524772644043, -7.327925682067871, -7.421728134155273, -8.016068458557129], "predictions": [75, 6, 70, 71, 397, 72, 93, 399, 400, 94, 73, 7, 78, 4], "target_tokens": ["[IN:CREATE_CALL", "[SL:CONTACT", "[IN:GET_CONTACT", "[SL:CONTACT_RELATED", "@ptr4", "@ptr5", "SL:CONTACT_RELATED]", "[SL:TYPE_RELATION", "@ptr2", "SL:TYPE_RELATION]", "IN:GET_CONTACT]", "SL:CONTACT]", "IN:CREATE_CALL]"], "predicted_tokens": ["[IN:CREATE_CALL", "[SL:CONTACT", "[IN:GET_CONTACT", "[SL:TYPE_RELATION", "@ptr2", "SL:TYPE_RELATION]", "[SL:CONTACT_RELATED", "@ptr4", "@ptr5", "SL:CONTACT_RELATED]", "IN:GET_CONTACT]", "SL:CONTACT]", "IN:CREATE_CALL]"]}
{"loss": 2.3744821548461914, "class_log_probabilities": [-0.6385579705238342, -6.381528377532959, -6.873043537139893, -8.104074478149414], "predictions": [75, 6, 70, 71, 398, 72, 93, 400, 94, 73, 7, 78, 4], "target_tokens": ["[IN:CREATE_CALL", "[SL:CONTACT", "[IN:GET_CONTACT", "[SL:CONTACT_RELATED", "@ptr5", "SL:CONTACT_RELATED]", "[SL:TYPE_RELATION", "@ptr3", "SL:TYPE_RELATION]", "IN:GET_CONTACT]", "SL:CONTACT]", "IN:CREATE_CALL]"], "predicted_tokens": ["[IN:CREATE_CALL", "[SL:CONTACT", "[IN:GET_CONTACT", "[SL:TYPE_RELATION", "@ptr3", "SL:TYPE_RELATION]", "[SL:CONTACT_RELATED", "@ptr5", "SL:CONTACT_RELATED]", "IN:GET_CONTACT]", "SL:CONTACT]", "IN:CREATE_CALL]"]}
{"loss": 2.232659339904785, "class_log_probabilities": [-0.6893849968910217, -4.448834419250488, -4.842865467071533, -7.9335198402404785], "predictions": [75, 6, 70, 71, 398, 72, 93, 400, 94, 73, 7, 78, 4], "target_tokens": ["[IN:CREATE_CALL", "[SL:CONTACT", "[IN:GET_CONTACT", "[SL:CONTACT_RELATED", "@ptr5", "SL:CONTACT_RELATED]", "[SL:TYPE_RELATION", "@ptr3", "SL:TYPE_RELATION]", "IN:GET_CONTACT]", "SL:CONTACT]", "IN:CREATE_CALL]"], "predicted_tokens": ["[IN:CREATE_CALL", "[SL:CONTACT", "[IN:GET_CONTACT", "[SL:TYPE_RELATION", "@ptr3", "SL:TYPE_RELATION]", "[SL:CONTACT_RELATED", "@ptr5", "SL:CONTACT_RELATED]", "IN:GET_CONTACT]", "SL:CONTACT]", "IN:CREATE_CALL]"]}
{"loss": 2.8931455612182617, "class_log_probabilities": [-3.167903423309326, -4.352663516998291, -5.254698276519775, -6.135359764099121], "predictions": [63, 66, 70, 71, 397, 72, 93, 399, 94, 73, 4, 4, 4], "target_tokens": ["[IN:CREATE_CALL", "[SL:CONTACT", "[IN:GET_CONTACT", "[SL:CONTACT_RELATED", "@ptr4", "SL:CONTACT_RELATED]", "[SL:TYPE_RELATION", "@ptr2", "SL:TYPE_RELATION]", "IN:GET_CONTACT]", "SL:CONTACT]", "IN:CREATE_CALL]"], "predicted_tokens": ["[IN:PLAY_MUSIC", "[SL:MUSIC_ARTIST_NAME", "[IN:GET_CONTACT", "[SL:TYPE_RELATION", "@ptr2", "SL:TYPE_RELATION]", "[SL:CONTACT_RELATED", "@ptr4", "SL:CONTACT_RELATED]", "IN:GET_CONTACT]"]}
{"loss": 2.53900146484375, "class_log_probabilities": [-1.267626166343689, -3.7465109825134277, -5.518864631652832, -5.756755352020264], "predictions": [75, 6, 70, 71, 398, 72, 93, 400, 94, 73, 7, 78, 4], "target_tokens": ["[IN:CREATE_CALL", "[SL:CONTACT", "[IN:GET_CONTACT", "[SL:CONTACT_RELATED", "@ptr5", "SL:CONTACT_RELATED]", "[SL:TYPE_RELATION", "@ptr3", "SL:TYPE_RELATION]", "IN:GET_CONTACT]", "SL:CONTACT]", "IN:CREATE_CALL]"], "predicted_tokens": ["[IN:CREATE_CALL", "[SL:CONTACT", "[IN:GET_CONTACT", "[SL:TYPE_RELATION", "@ptr3", "SL:TYPE_RELATION]", "[SL:CONTACT_RELATED", "@ptr5", "SL:CONTACT_RELATED]", "IN:GET_CONTACT]", "SL:CONTACT]", "IN:CREATE_CALL]"]}
{"loss": 2.428302526473999, "class_log_probabilities": [-0.6601079106330872, -4.555516242980957, -5.029579162597656, -8.054791450500488], "predictions": [75, 6, 70, 71, 398, 72, 93, 400, 94, 73, 7, 78, 4], "target_tokens": ["[IN:CREATE_CALL", "[SL:CONTACT", "[IN:GET_CONTACT", "[SL:CONTACT_RELATED", "@ptr5", "SL:CONTACT_RELATED]", "[SL:TYPE_RELATION", "@ptr3", "SL:TYPE_RELATION]", "IN:GET_CONTACT]", "SL:CONTACT]", "IN:CREATE_CALL]"], "predicted_tokens": ["[IN:CREATE_CALL", "[SL:CONTACT", "[IN:GET_CONTACT", "[SL:TYPE_RELATION", "@ptr3", "SL:TYPE_RELATION]", "[SL:CONTACT_RELATED", "@ptr5", "SL:CONTACT_RELATED]", "IN:GET_CONTACT]", "SL:CONTACT]", "IN:CREATE_CALL]"]}
{"loss": 0.9788675308227539, "class_log_probabilities": [-1.124654769897461, -4.645788669586182, -5.171905994415283, -5.449511528015137], "predictions": [107, 108, 397, 109, 108, 400, 109, 6, 405, 7, 110, 4], "target_tokens": ["[IN:UPDATE_CALL", "[SL:CONTACT_ADDED", "@ptr2", "SL:CONTACT_ADDED]", "[SL:CONTACT_ADDED", "@ptr5", "SL:CONTACT_ADDED]", "[SL:CONTACT", "@ptr10", "SL:CONTACT]", "IN:UPDATE_CALL]"], "predicted_tokens": ["[IN:UPDATE_CALL", "[SL:CONTACT_ADDED", "@ptr2", "SL:CONTACT_ADDED]", "[SL:CONTACT_ADDED", "@ptr5", "SL:CONTACT_ADDED]", "[SL:CONTACT", "@ptr10", "SL:CONTACT]", "IN:UPDATE_CALL]"]}
{"loss": 0.9838941097259521, "class_log_probabilities": [-0.1467275619506836, -6.0753912925720215, -7.167364120483398, -7.673968315124512], "predictions": [95, 96, 4], "target_tokens": ["[IN:IGNORE_CALL", "IN:IGNORE_CALL]"], "predicted_tokens": ["[IN:IGNORE_CALL", "IN:IGNORE_CALL]"]}
{"loss": 0.9829372763633728, "class_log_probabilities": [-0.3254661560058594, -3.9111006259918213, -4.203059196472168, -6.647782325744629], "predictions": [95, 96, 4], "target_tokens": ["[IN:IGNORE_CALL", "IN:IGNORE_CALL]"], "predicted_tokens": ["[IN:IGNORE_CALL", "IN:IGNORE_CALL]"]}
{"loss": 0.9940239787101746, "class_log_probabilities": [-0.12639901041984558, -7.191956996917725, -7.742465496063232, -8.114039421081543], "predictions": [153, 154, 4], "target_tokens": ["[IN:ANSWER_CALL", "IN:ANSWER_CALL]"], "predicted_tokens": ["[IN:ANSWER_CALL", "IN:ANSWER_CALL]"]}
{"loss": 0.9928053021430969, "class_log_probabilities": [-0.12691077589988708, -7.6182332038879395, -8.262309074401855, -8.267367362976074], "predictions": [153, 154, 4], "target_tokens": ["[IN:ANSWER_CALL", "IN:ANSWER_CALL]"], "predicted_tokens": ["[IN:ANSWER_CALL", "IN:ANSWER_CALL]"]}
{"loss": 0.9689378142356873, "class_log_probabilities": [-0.3405582904815674, -8.11839485168457, -8.63866901397705, -8.819665908813477], "predictions": [75, 6, 399, 400, 7, 78, 4, 4, 4], "target_tokens": ["[IN:CREATE_CALL", "[SL:CONTACT", "@ptr4", "@ptr5", "SL:CONTACT]", "IN:CREATE_CALL]"], "predicted_tokens": ["[IN:CREATE_CALL", "[SL:CONTACT", "@ptr4", "@ptr5", "SL:CONTACT]", "IN:CREATE_CALL]"]}
{"loss": 0.9695034623146057, "class_log_probabilities": [-0.28970247507095337, -8.848426818847656, -9.024785041809082, -9.896228790283203], "predictions": [75, 6, 399, 7, 78, 4, 4, 4, 4, 4], "target_tokens": ["[IN:CREATE_CALL", "[SL:CONTACT", "@ptr4", "SL:CONTACT]", "IN:CREATE_CALL]"], "predicted_tokens": ["[IN:CREATE_CALL", "[SL:CONTACT", "@ptr4", "SL:CONTACT]", "IN:CREATE_CALL]"]}
{"loss": 0.9673142433166504, "class_log_probabilities": [-0.3145318627357483, -6.773568153381348, -7.521702766418457, -8.06283187866211], "predictions": [171, 6, 397, 7, 172, 4], "target_tokens": ["[IN:GET_AVAILABILITY", "[SL:CONTACT", "@ptr2", "SL:CONTACT]", "IN:GET_AVAILABILITY]"], "predicted_tokens": ["[IN:GET_AVAILABILITY", "[SL:CONTACT", "@ptr2", "SL:CONTACT]", "IN:GET_AVAILABILITY]"]}
{"loss": 0.9718772768974304, "class_log_probabilities": [-0.14962497353553772, -8.075653076171875, -8.455888748168945, -8.477066040039062], "predictions": [81, 82, 4, 4], "target_tokens": ["[IN:END_CALL", "IN:END_CALL]"], "predicted_tokens": ["[IN:END_CALL", "IN:END_CALL]"]}
{"loss": 0.9658217430114746, "class_log_probabilities": [-0.16144496202468872, -8.544048309326172, -8.544233322143555, -8.55447769165039], "predictions": [171, 172, 4], "target_tokens": ["[IN:GET_AVAILABILITY", "IN:GET_AVAILABILITY]"], "predicted_tokens": ["[IN:GET_AVAILABILITY", "IN:GET_AVAILABILITY]"]}
{"loss": 0.9908487200737, "class_log_probabilities": [-0.41857486963272095, -2.867579698562622, -6.335405349731445, -6.737812042236328], "predictions": [189, 190, 4], "target_tokens": ["[IN:SET_AVAILABLE", "IN:SET_AVAILABLE]"], "predicted_tokens": ["[IN:SET_AVAILABLE", "IN:SET_AVAILABLE]"]}
{"loss": 0.9652525782585144, "class_log_probabilities": [-0.16412103176116943, -8.422337532043457, -8.470349311828613, -8.502725601196289], "predictions": [171, 172, 4], "target_tokens": ["[IN:GET_AVAILABILITY", "IN:GET_AVAILABILITY]"], "predicted_tokens": ["[IN:GET_AVAILABILITY", "IN:GET_AVAILABILITY]"]}
{"loss": 2.0722622871398926, "class_log_probabilities": [-0.1685747653245926, -8.162958145141602, -8.574179649353027, -8.794234275817871], "predictions": [171, 172, 4, 4, 4], "target_tokens": ["[IN:GET_AVAILABILITY", "[SL:CONTACT", "[IN:GET_CONTACT", "[SL:TYPE_RELATION", "@ptr3", "SL:TYPE_RELATION]", "IN:GET_CONTACT]", "SL:CONTACT]", "IN:GET_AVAILABILITY]"], "predicted_tokens": ["[IN:GET_AVAILABILITY", "IN:GET_AVAILABILITY]"]}
{"loss": 1.8042101860046387, "class_log_probabilities": [-3.5345802307128906, -4.03995418548584, -4.0884294509887695, -5.8598313331604], "predictions": [13, 6, 399, 7, 106, 4], "target_tokens": ["[IN:GET_AVAILABILITY", "[SL:CONTACT", "@ptr4", "SL:CONTACT]", "IN:GET_AVAILABILITY]"], "predicted_tokens": ["[IN:GET_WEATHER", "[SL:CONTACT", "@ptr4", "SL:CONTACT]", "IN:GET_INFO_CONTACT]"]}
{"loss": 0.9650716781616211, "class_log_probabilities": [-0.16302533447742462, -8.451383590698242, -8.475500106811523, -8.630017280578613], "predictions": [171, 172, 4, 4], "target_tokens": ["[IN:GET_AVAILABILITY", "IN:GET_AVAILABILITY]"], "predicted_tokens": ["[IN:GET_AVAILABILITY", "IN:GET_AVAILABILITY]"]}
{"loss": 0.972935140132904, "class_log_probabilities": [-0.6428769826889038, -6.945060729980469, -7.049951553344727, -7.363786220550537], "predictions": [171, 6, 70, 93, 398, 94, 71, 399, 72, 73, 7, 172, 4], "target_tokens": ["[IN:GET_AVAILABILITY", "[SL:CONTACT", "[IN:GET_CONTACT", "[SL:CONTACT_RELATED", "@ptr3", "SL:CONTACT_RELATED]", "[SL:TYPE_RELATION", "@ptr4", "SL:TYPE_RELATION]", "IN:GET_CONTACT]", "SL:CONTACT]", "IN:GET_AVAILABILITY]"], "predicted_tokens": ["[IN:GET_AVAILABILITY", "[SL:CONTACT", "[IN:GET_CONTACT", "[SL:CONTACT_RELATED", "@ptr3", "SL:CONTACT_RELATED]", "[SL:TYPE_RELATION", "@ptr4", "SL:TYPE_RELATION]", "IN:GET_CONTACT]", "SL:CONTACT]", "IN:GET_AVAILABILITY]"]}
{"loss": 0.9676046371459961, "class_log_probabilities": [-0.30513685941696167, -7.674262523651123, -8.009906768798828, -8.45649242401123], "predictions": [171, 6, 397, 7, 172, 4, 4], "target_tokens": ["[IN:GET_AVAILABILITY", "[SL:CONTACT", "@ptr2", "SL:CONTACT]", "IN:GET_AVAILABILITY]"], "predicted_tokens": ["[IN:GET_AVAILABILITY", "[SL:CONTACT", "@ptr2", "SL:CONTACT]", "IN:GET_AVAILABILITY]"]}
{"loss": 0.9695599675178528, "class_log_probabilities": [-0.44891101121902466, -6.5801615715026855, -7.322922706604004, -7.702186584472656], "predictions": [171, 6, 396, 7, 6, 398, 7, 172, 4, 4, 4, 4], "target_tokens": ["[IN:GET_AVAILABILITY", "[SL:CONTACT", "@ptr1", "SL:CONTACT]", "[SL:CONTACT", "@ptr3", "SL:CONTACT]", "IN:GET_AVAILABILITY]"], "predicted_tokens": ["[IN:GET_AVAILABILITY", "[SL:CONTACT", "@ptr1", "SL:CONTACT]", "[SL:CONTACT", "@ptr3", "SL:CONTACT]", "IN:GET_AVAILABILITY]"]}
{"loss": 2.2814667224884033, "class_log_probabilities": [-2.0257346630096436, -2.5833933353424072, -4.65082311630249, -5.017332553863525], "predictions": [31, 6, 395, 7, 32, 4, 4], "target_tokens": ["[IN:SET_UNAVAILABLE", "IN:SET_UNAVAILABLE]"], "predicted_tokens": ["[IN:SET_UNAVAILABLE", "[SL:CONTACT", "@ptr0", "SL:CONTACT]", "IN:SET_UNAVAILABLE]"]}
{"loss": 0.9817586541175842, "class_log_probabilities": [-0.1353568136692047, -8.364116668701172, -8.439391136169434, -8.581095695495605], "predictions": [189, 190, 4, 4], "target_tokens": ["[IN:SET_AVAILABLE", "IN:SET_AVAILABLE]"], "predicted_tokens": ["[IN:SET_AVAILABLE", "IN:SET_AVAILABLE]"]}
{"loss": 0.9659785628318787, "class_log_probabilities": [-0.16086336970329285, -8.506303787231445, -8.537821769714355, -8.62918758392334], "predictions": [171, 172, 4, 4], "target_tokens": ["[IN:GET_AVAILABILITY", "IN:GET_AVAILABILITY]"], "predicted_tokens": ["[IN:GET_AVAILABILITY", "IN:GET_AVAILABILITY]"]}
{"loss": 1.7620502710342407, "class_log_probabilities": [-0.9438267946243286, -3.1234474182128906, -3.3058199882507324, -3.8185887336730957], "predictions": [70, 93, 403, 94, 73, 4], "target_tokens": ["[IN:GET_AVAILABILITY", "IN:GET_AVAILABILITY]"], "predicted_tokens": ["[IN:GET_CONTACT", "[SL:CONTACT_RELATED", "@ptr8", "SL:CONTACT_RELATED]", "IN:GET_CONTACT]"]}
{"loss": 0.9650394916534424, "class_log_probabilities": [-0.1626875102519989, -8.501381874084473, -8.559675216674805, -8.625447273254395], "predictions": [171, 172, 4, 4], "target_tokens": ["[IN:GET_AVAILABILITY", "IN:GET_AVAILABILITY]"], "predicted_tokens": ["[IN:GET_AVAILABILITY", "IN:GET_AVAILABILITY]"]}
{"loss": 0.9642534255981445, "class_log_probabilities": [-0.1653955578804016, -8.462538719177246, -8.466201782226562, -8.521368026733398], "predictions": [171, 172, 4, 4], "target_tokens": ["[IN:GET_AVAILABILITY", "IN:GET_AVAILABILITY]"], "predicted_tokens": ["[IN:GET_AVAILABILITY", "IN:GET_AVAILABILITY]"]}
{"loss": 0.9737104773521423, "class_log_probabilities": [-0.14613555371761322, -8.093067169189453, -8.381046295166016, -8.444294929504395], "predictions": [81, 82, 4, 4], "target_tokens": ["[IN:END_CALL", "IN:END_CALL]"], "predicted_tokens": ["[IN:END_CALL", "IN:END_CALL]"]}
{"loss": 0.9841402173042297, "class_log_probabilities": [-0.2592819333076477, -7.6758012771606445, -7.80208683013916, -8.810544967651367], "predictions": [107, 108, 397, 109, 110, 4, 4, 4], "target_tokens": ["[IN:UPDATE_CALL", "[SL:CONTACT_ADDED", "@ptr2", "SL:CONTACT_ADDED]", "IN:UPDATE_CALL]"], "predicted_tokens": ["[IN:UPDATE_CALL", "[SL:CONTACT_ADDED", "@ptr2", "SL:CONTACT_ADDED]", "IN:UPDATE_CALL]"]}
{"loss": 0.965750515460968, "class_log_probabilities": [-0.1598891317844391, -8.499789237976074, -8.560587882995605, -8.6790189743042], "predictions": [171, 172, 4, 4], "target_tokens": ["[IN:GET_AVAILABILITY", "IN:GET_AVAILABILITY]"], "predicted_tokens": ["[IN:GET_AVAILABILITY", "IN:GET_AVAILABILITY]"]}
{"loss": 1.3447240591049194, "class_log_probabilities": [-0.983421266078949, -3.310441493988037, -5.117817401885986, -6.128547191619873], "predictions": [63, 66, 397, 67, 68, 4], "target_tokens": ["[IN:CREATE_CALL", "[SL:CONTACT", "@ptr2", "SL:CONTACT]", "IN:CREATE_CALL]"], "predicted_tokens": ["[IN:PLAY_MUSIC", "[SL:MUSIC_ARTIST_NAME", "@ptr2", "SL:MUSIC_ARTIST_NAME]", "IN:PLAY_MUSIC]"]}
{"loss": 0.967297375202179, "class_log_probabilities": [-0.1624985635280609, -7.899379730224609, -8.176370620727539, -8.386340141296387], "predictions": [31, 32, 4], "target_tokens": ["[IN:SET_UNAVAILABLE", "IN:SET_UNAVAILABLE]"], "predicted_tokens": ["[IN:SET_UNAVAILABLE", "IN:SET_UNAVAILABLE]"]}
{"loss": 0.9961237907409668, "class_log_probabilities": [-0.12323199957609177, -7.736784934997559, -8.223929405212402, -8.330819129943848], "predictions": [153, 154, 4], "target_tokens": ["[IN:ANSWER_CALL", "IN:ANSWER_CALL]"], "predicted_tokens": ["[IN:ANSWER_CALL", "IN:ANSWER_CALL]"]}
{"loss": 0.9759974479675293, "class_log_probabilities": [-0.15736013650894165, -6.944631576538086, -7.266311168670654, -7.789639949798584], "predictions": [215, 216, 4, 4, 4, 4], "target_tokens": ["[IN:SWITCH_CALL", "IN:SWITCH_CALL]"], "predicted_tokens": ["[IN:SWITCH_CALL", "IN:SWITCH_CALL]"]}
{"loss": 0.9909774661064148, "class_log_probabilities": [-0.13004176318645477, -7.399796962738037, -8.02856159210205, -8.120011329650879], "predictions": [153, 154, 4], "target_tokens": ["[IN:ANSWER_CALL", "IN:ANSWER_CALL]"], "predicted_tokens": ["[IN:ANSWER_CALL", "IN:ANSWER_CALL]"]}
{"loss": 0.9656628966331482, "class_log_probabilities": [-0.16198313236236572, -8.461997032165527, -8.566810607910156, -8.625797271728516], "predictions": [171, 172, 4, 4], "target_tokens": ["[IN:GET_AVAILABILITY", "IN:GET_AVAILABILITY]"], "predicted_tokens": ["[IN:GET_AVAILABILITY", "IN:GET_AVAILABILITY]"]}
{"loss": 0.9592704772949219, "class_log_probabilities": [-0.20685246586799622, -9.09763240814209, -9.160743713378906, -10.751077651977539], "predictions": [31, 32, 4, 4, 4, 4, 4, 4], "target_tokens": ["[IN:SET_UNAVAILABLE", "IN:SET_UNAVAILABLE]"], "predicted_tokens": ["[IN:SET_UNAVAILABLE", "IN:SET_UNAVAILABLE]"]}
{"loss": 2.481274366378784, "class_log_probabilities": [-0.24220149219036102, -5.478372573852539, -5.9286956787109375, -6.902411937713623], "predictions": [81, 82, 4], "target_tokens": ["[IN:SWITCH_CALL", "IN:SWITCH_CALL]"], "predicted_tokens": ["[IN:END_CALL", "IN:END_CALL]"]}
{"loss": 0.9726777076721191, "class_log_probabilities": [-0.14158497750759125, -8.244396209716797, -8.54859447479248, -8.571794509887695], "predictions": [75, 78, 4, 4], "target_tokens": ["[IN:CREATE_CALL", "IN:CREATE_CALL]"], "predicted_tokens": ["[IN:CREATE_CALL", "IN:CREATE_CALL]"]}
{"loss": 0.975804328918457, "class_log_probabilities": [-0.14789603650569916, -7.491199016571045, -7.941196918487549, -8.098719596862793], "predictions": [215, 216, 4, 4], "target_tokens": ["[IN:SWITCH_CALL", "IN:SWITCH_CALL]"], "predicted_tokens": ["[IN:SWITCH_CALL", "IN:SWITCH_CALL]"]}
{"loss": 0.9731064438819885, "class_log_probabilities": [-0.1476852148771286, -8.157499313354492, -8.462974548339844, -8.476194381713867], "predictions": [81, 82, 4, 4], "target_tokens": ["[IN:END_CALL", "IN:END_CALL]"], "predicted_tokens": ["[IN:END_CALL", "IN:END_CALL]"]}
{"loss": 0.9656628966331482, "class_log_probabilities": [-0.16198313236236572, -8.461997032165527, -8.566810607910156, -8.625797271728516], "predictions": [171, 172, 4, 4], "target_tokens": ["[IN:GET_AVAILABILITY", "IN:GET_AVAILABILITY]"], "predicted_tokens": ["[IN:GET_AVAILABILITY", "IN:GET_AVAILABILITY]"]}
{"loss": 0.9642465710639954, "class_log_probabilities": [-0.1647106409072876, -8.476309776306152, -8.485815048217773, -8.550033569335938], "predictions": [171, 172, 4, 4], "target_tokens": ["[IN:GET_AVAILABILITY", "IN:GET_AVAILABILITY]"], "predicted_tokens": ["[IN:GET_AVAILABILITY", "IN:GET_AVAILABILITY]"]}
{"loss": 1.0853179693222046, "class_log_probabilities": [-0.8103259801864624, -1.5377529859542847, -7.51485013961792, -7.633594036102295], "predictions": [171, 172, 4], "target_tokens": ["[IN:GET_AVAILABILITY", "IN:GET_AVAILABILITY]"], "predicted_tokens": ["[IN:GET_AVAILABILITY", "IN:GET_AVAILABILITY]"]}
{"loss": 0.9642409682273865, "class_log_probabilities": [-0.1642671376466751, -8.494104385375977, -8.534036636352539, -8.586605072021484], "predictions": [171, 172, 4, 4], "target_tokens": ["[IN:GET_AVAILABILITY", "IN:GET_AVAILABILITY]"], "predicted_tokens": ["[IN:GET_AVAILABILITY", "IN:GET_AVAILABILITY]"]}
{"loss": 0.9790220260620117, "class_log_probabilities": [-0.13919685781002045, -8.456084251403809, -8.491863250732422, -8.502819061279297], "predictions": [189, 190, 4, 4], "target_tokens": ["[IN:SET_AVAILABLE", "IN:SET_AVAILABLE]"], "predicted_tokens": ["[IN:SET_AVAILABLE", "IN:SET_AVAILABLE]"]}
{"loss": 6.45136022567749, "class_log_probabilities": [-0.28008943796157837, -8.777337074279785, -8.982308387756348, -9.496582984924316], "predictions": [75, 6, 395, 7, 78, 4, 4, 4, 4, 4], "target_tokens": ["[IN:SWITCH_CALL", "IN:SWITCH_CALL]"], "predicted_tokens": ["[IN:CREATE_CALL", "[SL:CONTACT", "@ptr0", "SL:CONTACT]", "IN:CREATE_CALL]"]}
{"loss": 0.9647133946418762, "class_log_probabilities": [-0.16381867229938507, -8.452295303344727, -8.553293228149414, -8.554314613342285], "predictions": [171, 172, 4], "target_tokens": ["[IN:GET_AVAILABILITY", "IN:GET_AVAILABILITY]"], "predicted_tokens": ["[IN:GET_AVAILABILITY", "IN:GET_AVAILABILITY]"]}
{"loss": 0.9650342464447021, "class_log_probabilities": [-0.16360321640968323, -8.419281005859375, -8.446606636047363, -8.615835189819336], "predictions": [171, 172, 4, 4], "target_tokens": ["[IN:GET_AVAILABILITY", "IN:GET_AVAILABILITY]"], "predicted_tokens": ["[IN:GET_AVAILABILITY", "IN:GET_AVAILABILITY]"]}
{"loss": 0.9652782082557678, "class_log_probabilities": [-0.162204772233963, -8.382227897644043, -8.49146842956543, -8.505386352539062], "predictions": [171, 172, 4], "target_tokens": ["[IN:GET_AVAILABILITY", "IN:GET_AVAILABILITY]"], "predicted_tokens": ["[IN:GET_AVAILABILITY", "IN:GET_AVAILABILITY]"]}
{"loss": 0.9744493365287781, "class_log_probabilities": [-0.29080426692962646, -7.804326057434082, -7.957841873168945, -8.018186569213867], "predictions": [107, 108, 399, 109, 110, 4], "target_tokens": ["[IN:UPDATE_CALL", "[SL:CONTACT_ADDED", "@ptr4", "SL:CONTACT_ADDED]", "IN:UPDATE_CALL]"], "predicted_tokens": ["[IN:UPDATE_CALL", "[SL:CONTACT_ADDED", "@ptr4", "SL:CONTACT_ADDED]", "IN:UPDATE_CALL]"]}
{"loss": 0.9760899543762207, "class_log_probabilities": [-0.2835547924041748, -7.969416618347168, -8.061367988586426, -8.550785064697266], "predictions": [107, 108, 397, 109, 110, 4, 4, 4, 4], "target_tokens": ["[IN:UPDATE_CALL", "[SL:CONTACT_ADDED", "@ptr2", "SL:CONTACT_ADDED]", "IN:UPDATE_CALL]"], "predicted_tokens": ["[IN:UPDATE_CALL", "[SL:CONTACT_ADDED", "@ptr2", "SL:CONTACT_ADDED]", "IN:UPDATE_CALL]"]}
{"loss": 0.9750645160675049, "class_log_probabilities": [-0.28675609827041626, -7.950412750244141, -7.9965057373046875, -8.408523559570312], "predictions": [107, 108, 397, 109, 110, 4, 4, 4, 4], "target_tokens": ["[IN:UPDATE_CALL", "[SL:CONTACT_ADDED", "@ptr2", "SL:CONTACT_ADDED]", "IN:UPDATE_CALL]"], "predicted_tokens": ["[IN:UPDATE_CALL", "[SL:CONTACT_ADDED", "@ptr2", "SL:CONTACT_ADDED]", "IN:UPDATE_CALL]"]}
{"loss": 3.2569637298583984, "class_log_probabilities": [-0.5322060585021973, -5.7230072021484375, -6.631575584411621, -6.6737141609191895], "predictions": [70, 6, 395, 7, 93, 397, 94, 71, 398, 72, 73, 4, 4, 4], "target_tokens": ["[IN:CREATE_CALL", "[SL:CONTACT", "[IN:GET_CONTACT", "[SL:TYPE_RELATION", "@ptr3", "SL:TYPE_RELATION]", "IN:GET_CONTACT]", "SL:CONTACT]", "IN:CREATE_CALL]"], "predicted_tokens": ["[IN:GET_CONTACT", "[SL:CONTACT", "@ptr0", "SL:CONTACT]", "[SL:CONTACT_RELATED", "@ptr2", "SL:CONTACT_RELATED]", "[SL:TYPE_RELATION", "@ptr3", "SL:TYPE_RELATION]", "IN:GET_CONTACT]"]}
{"loss": 0.9803134799003601, "class_log_probabilities": [-0.2642306387424469, -7.686376571655273, -7.808383941650391, -7.970411777496338], "predictions": [107, 108, 397, 109, 110, 4], "target_tokens": ["[IN:UPDATE_CALL", "[SL:CONTACT_ADDED", "@ptr2", "SL:CONTACT_ADDED]", "IN:UPDATE_CALL]"], "predicted_tokens": ["[IN:UPDATE_CALL", "[SL:CONTACT_ADDED", "@ptr2", "SL:CONTACT_ADDED]", "IN:UPDATE_CALL]"]}
{"loss": 0.975817084312439, "class_log_probabilities": [-0.7965353727340698, -5.391232967376709, -5.719724178314209, -5.840864181518555], "predictions": [107, 108, 70, 93, 397, 94, 71, 398, 72, 73, 109, 110, 4], "target_tokens": ["[IN:UPDATE_CALL", "[SL:CONTACT_ADDED", "[IN:GET_CONTACT", "[SL:CONTACT_RELATED", "@ptr2", "SL:CONTACT_RELATED]", "[SL:TYPE_RELATION", "@ptr3", "SL:TYPE_RELATION]", "IN:GET_CONTACT]", "SL:CONTACT_ADDED]", "IN:UPDATE_CALL]"], "predicted_tokens": ["[IN:UPDATE_CALL", "[SL:CONTACT_ADDED", "[IN:GET_CONTACT", "[SL:CONTACT_RELATED", "@ptr2", "SL:CONTACT_RELATED]", "[SL:TYPE_RELATION", "@ptr3", "SL:TYPE_RELATION]", "IN:GET_CONTACT]", "SL:CONTACT_ADDED]", "IN:UPDATE_CALL]"]}
{"loss": 0.9702088236808777, "class_log_probabilities": [-0.2860654890537262, -8.838088035583496, -8.903010368347168, -8.99016284942627], "predictions": [75, 6, 398, 7, 78, 4, 4, 4], "target_tokens": ["[IN:CREATE_CALL", "[SL:CONTACT", "@ptr3", "SL:CONTACT]", "IN:CREATE_CALL]"], "predicted_tokens": ["[IN:CREATE_CALL", "[SL:CONTACT", "@ptr3", "SL:CONTACT]", "IN:CREATE_CALL]"]}
{"loss": 0.9700424671173096, "class_log_probabilities": [-0.3057761490345001, -7.60305643081665, -7.7103047370910645, -8.330909729003906], "predictions": [75, 6, 401, 7, 78, 4, 4, 4], "target_tokens": ["[IN:CREATE_CALL", "[SL:CONTACT", "@ptr6", "SL:CONTACT]", "IN:CREATE_CALL]"], "predicted_tokens": ["[IN:CREATE_CALL", "[SL:CONTACT", "@ptr6", "SL:CONTACT]", "IN:CREATE_CALL]"]}
{"loss": 0.9741513133049011, "class_log_probabilities": [-0.2898859977722168, -8.020489692687988, -8.144392013549805, -8.84076976776123], "predictions": [107, 108, 397, 109, 110, 4, 4, 4, 4], "target_tokens": ["[IN:UPDATE_CALL", "[SL:CONTACT_ADDED", "@ptr2", "SL:CONTACT_ADDED]", "IN:UPDATE_CALL]"], "predicted_tokens": ["[IN:UPDATE_CALL", "[SL:CONTACT_ADDED", "@ptr2", "SL:CONTACT_ADDED]", "IN:UPDATE_CALL]"]}
{"loss": 0.975909948348999, "class_log_probabilities": [-0.757875919342041, -5.537315845489502, -5.624276161193848, -6.239705562591553], "predictions": [107, 108, 70, 93, 397, 94, 71, 398, 72, 73, 109, 110, 4], "target_tokens": ["[IN:UPDATE_CALL", "[SL:CONTACT_ADDED", "[IN:GET_CONTACT", "[SL:CONTACT_RELATED", "@ptr2", "SL:CONTACT_RELATED]", "[SL:TYPE_RELATION", "@ptr3", "SL:TYPE_RELATION]", "IN:GET_CONTACT]", "SL:CONTACT_ADDED]", "IN:UPDATE_CALL]"], "predicted_tokens": ["[IN:UPDATE_CALL", "[SL:CONTACT_ADDED", "[IN:GET_CONTACT", "[SL:CONTACT_RELATED", "@ptr2", "SL:CONTACT_RELATED]", "[SL:TYPE_RELATION", "@ptr3", "SL:TYPE_RELATION]", "IN:GET_CONTACT]", "SL:CONTACT_ADDED]", "IN:UPDATE_CALL]"]}
{"loss": 0.9717217683792114, "class_log_probabilities": [-0.46432799100875854, -7.944492340087891, -8.627676010131836, -8.837193489074707], "predictions": [75, 6, 70, 71, 398, 72, 73, 7, 78, 4, 4, 4], "target_tokens": ["[IN:CREATE_CALL", "[SL:CONTACT", "[IN:GET_CONTACT", "[SL:TYPE_RELATION", "@ptr3", "SL:TYPE_RELATION]", "IN:GET_CONTACT]", "SL:CONTACT]", "IN:CREATE_CALL]"], "predicted_tokens": ["[IN:CREATE_CALL", "[SL:CONTACT", "[IN:GET_CONTACT", "[SL:TYPE_RELATION", "@ptr3", "SL:TYPE_RELATION]", "IN:GET_CONTACT]", "SL:CONTACT]", "IN:CREATE_CALL]"]}
{"loss": 0.9698891043663025, "class_log_probabilities": [-0.2873364984989166, -8.86293888092041, -8.935445785522461, -10.092710494995117], "predictions": [75, 6, 399, 7, 78, 4, 4, 4, 4, 4], "target_tokens": ["[IN:CREATE_CALL", "[SL:CONTACT", "@ptr4", "SL:CONTACT]", "IN:CREATE_CALL]"], "predicted_tokens": ["[IN:CREATE_CALL", "[SL:CONTACT", "@ptr4", "SL:CONTACT]", "IN:CREATE_CALL]"]}
{"loss": 0.9750645160675049, "class_log_probabilities": [-0.28675609827041626, -7.950412750244141, -7.9965057373046875, -8.408523559570312], "predictions": [107, 108, 397, 109, 110, 4, 4, 4, 4], "target_tokens": ["[IN:UPDATE_CALL", "[SL:CONTACT_ADDED", "@ptr2", "SL:CONTACT_ADDED]", "IN:UPDATE_CALL]"], "predicted_tokens": ["[IN:UPDATE_CALL", "[SL:CONTACT_ADDED", "@ptr2", "SL:CONTACT_ADDED]", "IN:UPDATE_CALL]"]}
{"loss": 0.972889244556427, "class_log_probabilities": [-0.2962418794631958, -7.393097400665283, -7.896829128265381, -7.9565629959106445], "predictions": [107, 108, 397, 109, 110, 4], "target_tokens": ["[IN:UPDATE_CALL", "[SL:CONTACT_ADDED", "@ptr2", "SL:CONTACT_ADDED]", "IN:UPDATE_CALL]"], "predicted_tokens": ["[IN:UPDATE_CALL", "[SL:CONTACT_ADDED", "@ptr2", "SL:CONTACT_ADDED]", "IN:UPDATE_CALL]"]}
{"loss": 0.9770369529724121, "class_log_probabilities": [-0.4791421592235565, -3.555713176727295, -5.604978084564209, -6.769155025482178], "predictions": [107, 108, 397, 109, 110, 4], "target_tokens": ["[IN:UPDATE_CALL", "[SL:CONTACT_ADDED", "@ptr2", "SL:CONTACT_ADDED]", "IN:UPDATE_CALL]"], "predicted_tokens": ["[IN:UPDATE_CALL", "[SL:CONTACT_ADDED", "@ptr2", "SL:CONTACT_ADDED]", "IN:UPDATE_CALL]"]}
{"loss": 0.9754535555839539, "class_log_probabilities": [-0.286781907081604, -7.985066890716553, -7.986912250518799, -8.447969436645508], "predictions": [107, 108, 397, 109, 110, 4, 4, 4, 4], "target_tokens": ["[IN:UPDATE_CALL", "[SL:CONTACT_ADDED", "@ptr2", "SL:CONTACT_ADDED]", "IN:UPDATE_CALL]"], "predicted_tokens": ["[IN:UPDATE_CALL", "[SL:CONTACT_ADDED", "@ptr2", "SL:CONTACT_ADDED]", "IN:UPDATE_CALL]"]}
{"loss": 1.3404252529144287, "class_log_probabilities": [-0.7379627227783203, -4.789652347564697, -6.158625602722168, -6.723049640655518], "predictions": [107, 108, 70, 93, 397, 94, 71, 398, 72, 73, 109, 110, 4, 4, 4, 4, 4], "target_tokens": ["[IN:UPDATE_CALL", "[SL:CONTACT_ADDED", "[IN:GET_CONTACT", "[SL:TYPE_RELATION", "@ptr3", "SL:TYPE_RELATION]", "IN:GET_CONTACT]", "SL:CONTACT_ADDED]", "IN:UPDATE_CALL]"], "predicted_tokens": ["[IN:UPDATE_CALL", "[SL:CONTACT_ADDED", "[IN:GET_CONTACT", "[SL:CONTACT_RELATED", "@ptr2", "SL:CONTACT_RELATED]", "[SL:TYPE_RELATION", "@ptr3", "SL:TYPE_RELATION]", "IN:GET_CONTACT]", "SL:CONTACT_ADDED]", "IN:UPDATE_CALL]"]}
{"loss": 0.9741073250770569, "class_log_probabilities": [-0.5940736532211304, -7.321504592895508, -7.5649847984313965, -8.53714656829834], "predictions": [75, 6, 70, 93, 398, 94, 71, 399, 72, 73, 7, 78, 4, 4, 4, 4, 4], "target_tokens": ["[IN:CREATE_CALL", "[SL:CONTACT", "[IN:GET_CONTACT", "[SL:CONTACT_RELATED", "@ptr3", "SL:CONTACT_RELATED]", "[SL:TYPE_RELATION", "@ptr4", "SL:TYPE_RELATION]", "IN:GET_CONTACT]", "SL:CONTACT]", "IN:CREATE_CALL]"], "predicted_tokens": ["[IN:CREATE_CALL", "[SL:CONTACT", "[IN:GET_CONTACT", "[SL:CONTACT_RELATED", "@ptr3", "SL:CONTACT_RELATED]", "[SL:TYPE_RELATION", "@ptr4", "SL:TYPE_RELATION]", "IN:GET_CONTACT]", "SL:CONTACT]", "IN:CREATE_CALL]"]}
{"loss": 0.9761629104614258, "class_log_probabilities": [-0.28342393040657043, -8.021149635314941, -8.058084487915039, -8.464005470275879], "predictions": [107, 108, 397, 109, 110, 4, 4, 4, 4], "target_tokens": ["[IN:UPDATE_CALL", "[SL:CONTACT_ADDED", "@ptr2", "SL:CONTACT_ADDED]", "IN:UPDATE_CALL]"], "predicted_tokens": ["[IN:UPDATE_CALL", "[SL:CONTACT_ADDED", "@ptr2", "SL:CONTACT_ADDED]", "IN:UPDATE_CALL]"]}
{"loss": 0.9898238182067871, "class_log_probabilities": [-0.12919995188713074, -8.107657432556152, -8.168378829956055, -8.193483352661133], "predictions": [95, 96, 4], "target_tokens": ["[IN:IGNORE_CALL", "IN:IGNORE_CALL]"], "predicted_tokens": ["[IN:IGNORE_CALL", "IN:IGNORE_CALL]"]}
{"loss": 3.621154546737671, "class_log_probabilities": [-0.2752602994441986, -6.811473846435547, -7.2854509353637695, -7.4675750732421875], "predictions": [153, 6, 401, 7, 154, 4], "target_tokens": ["[IN:END_CALL", "[SL:CONTACT", "@ptr6", "SL:CONTACT]", "IN:END_CALL]"], "predicted_tokens": ["[IN:ANSWER_CALL", "[SL:CONTACT", "@ptr6", "SL:CONTACT]", "IN:ANSWER_CALL]"]}
{"loss": 0.9981953501701355, "class_log_probabilities": [-0.23156794905662537, -7.306289196014404, -7.428242206573486, -8.013031005859375], "predictions": [107, 203, 397, 204, 110, 4, 4, 4, 4], "target_tokens": ["[IN:UPDATE_CALL", "[SL:CONTACT_REMOVED", "@ptr2", "SL:CONTACT_REMOVED]", "IN:UPDATE_CALL]"], "predicted_tokens": ["[IN:UPDATE_CALL", "[SL:CONTACT_REMOVED", "@ptr2", "SL:CONTACT_REMOVED]", "IN:UPDATE_CALL]"]}
{"loss": 0.9905478358268738, "class_log_probabilities": [-0.13026347756385803, -7.604624271392822, -8.78091812133789, -8.933317184448242], "predictions": [95, 96, 4, 4, 4], "target_tokens": ["[IN:IGNORE_CALL", "IN:IGNORE_CALL]"], "predicted_tokens": ["[IN:IGNORE_CALL", "IN:IGNORE_CALL]"]}
{"loss": 0.9794116020202637, "class_log_probabilities": [-0.14664334058761597, -7.292381763458252, -7.5128045082092285, -7.81512451171875], "predictions": [215, 216, 4], "target_tokens": ["[IN:SWITCH_CALL", "IN:SWITCH_CALL]"], "predicted_tokens": ["[IN:SWITCH_CALL", "IN:SWITCH_CALL]"]}
{"loss": 0.9993680119514465, "class_log_probabilities": [-1.429253101348877, -2.248889207839966, -5.114180088043213, -6.079631328582764], "predictions": [75, 6, 70, 71, 399, 72, 73, 7, 6, 70, 71, 401, 72, 73, 7, 78, 4], "target_tokens": ["[IN:CREATE_CALL", "[SL:CONTACT", "[IN:GET_CONTACT", "[SL:TYPE_RELATION", "@ptr4", "SL:TYPE_RELATION]", "IN:GET_CONTACT]", "SL:CONTACT]", "[SL:CONTACT", "[IN:GET_CONTACT", "[SL:TYPE_RELATION", "@ptr6", "SL:TYPE_RELATION]", "IN:GET_CONTACT]", "SL:CONTACT]", "IN:CREATE_CALL]"], "predicted_tokens": ["[IN:CREATE_CALL", "[SL:CONTACT", "[IN:GET_CONTACT", "[SL:TYPE_RELATION", "@ptr4", "SL:TYPE_RELATION]", "IN:GET_CONTACT]", "SL:CONTACT]", "[SL:CONTACT", "[IN:GET_CONTACT", "[SL:TYPE_RELATION", "@ptr6", "SL:TYPE_RELATION]", "IN:GET_CONTACT]", "SL:CONTACT]", "IN:CREATE_CALL]"]}
{"loss": 0.9772031903266907, "class_log_probabilities": [-0.13898944854736328, -8.527499198913574, -8.530672073364258, -8.59356689453125], "predictions": [81, 82, 4, 4], "target_tokens": ["[IN:END_CALL", "IN:END_CALL]"], "predicted_tokens": ["[IN:END_CALL", "IN:END_CALL]"]}
{"loss": 0.9766538143157959, "class_log_probabilities": [-0.6827793121337891, -5.087421894073486, -6.680956840515137, -6.956020355224609], "predictions": [107, 108, 70, 93, 397, 94, 71, 398, 72, 73, 109, 110, 4, 4, 4, 4, 4], "target_tokens": ["[IN:UPDATE_CALL", "[SL:CONTACT_ADDED", "[IN:GET_CONTACT", "[SL:CONTACT_RELATED", "@ptr2", "SL:CONTACT_RELATED]", "[SL:TYPE_RELATION", "@ptr3", "SL:TYPE_RELATION]", "IN:GET_CONTACT]", "SL:CONTACT_ADDED]", "IN:UPDATE_CALL]"], "predicted_tokens": ["[IN:UPDATE_CALL", "[SL:CONTACT_ADDED", "[IN:GET_CONTACT", "[SL:CONTACT_RELATED", "@ptr2", "SL:CONTACT_RELATED]", "[SL:TYPE_RELATION", "@ptr3", "SL:TYPE_RELATION]", "IN:GET_CONTACT]", "SL:CONTACT_ADDED]", "IN:UPDATE_CALL]"]}
{"loss": 1.0021065473556519, "class_log_probabilities": [-0.12309049814939499, -7.623561859130859, -7.685031890869141, -7.804135322570801], "predictions": [209, 210, 4], "target_tokens": ["[IN:GET_CALL_CONTACT", "IN:GET_CALL_CONTACT]"], "predicted_tokens": ["[IN:GET_CALL_CONTACT", "IN:GET_CALL_CONTACT]"]}
{"loss": 0.9730804562568665, "class_log_probabilities": [-0.14732807874679565, -8.181279182434082, -8.44432258605957, -8.522788047790527], "predictions": [81, 82, 4, 4], "target_tokens": ["[IN:END_CALL", "IN:END_CALL]"], "predicted_tokens": ["[IN:END_CALL", "IN:END_CALL]"]}
{"loss": 1.5349822044372559, "class_log_probabilities": [-0.7881442308425903, -2.4122612476348877, -5.091659069061279, -5.959759712219238], "predictions": [245, 246, 4], "target_tokens": ["[IN:END_CALL", "IN:END_CALL]"], "predicted_tokens": ["[IN:UPDATE_METHOD_CALL", "IN:UPDATE_METHOD_CALL]"]}
{"loss": 0.975715160369873, "class_log_probabilities": [-0.28592610359191895, -7.9822998046875, -7.992014408111572, -8.496321678161621], "predictions": [107, 108, 397, 109, 110, 4, 4, 4, 4], "target_tokens": ["[IN:UPDATE_CALL", "[SL:CONTACT_ADDED", "@ptr2", "SL:CONTACT_ADDED]", "IN:UPDATE_CALL]"], "predicted_tokens": ["[IN:UPDATE_CALL", "[SL:CONTACT_ADDED", "@ptr2", "SL:CONTACT_ADDED]", "IN:UPDATE_CALL]"]}
{"loss": 0.9752228260040283, "class_log_probabilities": [-0.21150904893875122, -5.8797607421875, -6.901534080505371, -6.980694770812988], "predictions": [209, 210, 4], "target_tokens": ["[IN:GET_CALL_CONTACT", "IN:GET_CALL_CONTACT]"], "predicted_tokens": ["[IN:GET_CALL_CONTACT", "IN:GET_CALL_CONTACT]"]}
{"loss": 0.9649807810783386, "class_log_probabilities": [-0.5186103582382202, -8.319756507873535, -8.589858055114746, -8.974458694458008], "predictions": [45, 16, 398, 399, 400, 401, 402, 17, 46, 4, 4], "target_tokens": ["[IN:CREATE_ALARM", "[SL:DATE_TIME", "@ptr3", "@ptr4", "@ptr5", "@ptr6", "@ptr7", "SL:DATE_TIME]", "IN:CREATE_ALARM]"], "predicted_tokens": ["[IN:CREATE_ALARM", "[SL:DATE_TIME", "@ptr3", "@ptr4", "@ptr5", "@ptr6", "@ptr7", "SL:DATE_TIME]", "IN:CREATE_ALARM]"]}
{"loss": 2.8117902278900146, "class_log_probabilities": [-0.163992241024971, -6.514694690704346, -7.631174564361572, -7.9406819343566895], "predictions": [213, 214, 4], "target_tokens": ["[IN:SNOOZE_ALARM", "IN:SNOOZE_ALARM]"], "predicted_tokens": ["[IN:SILENCE_ALARM", "IN:SILENCE_ALARM]"]}
{"loss": 0.9660041928291321, "class_log_probabilities": [-0.5238692760467529, -8.143182754516602, -8.33481216430664, -8.50294017791748], "predictions": [45, 16, 398, 399, 400, 401, 402, 17, 46, 4], "target_tokens": ["[IN:CREATE_ALARM", "[SL:DATE_TIME", "@ptr3", "@ptr4", "@ptr5", "@ptr6", "@ptr7", "SL:DATE_TIME]", "IN:CREATE_ALARM]"], "predicted_tokens": ["[IN:CREATE_ALARM", "[SL:DATE_TIME", "@ptr3", "@ptr4", "@ptr5", "@ptr6", "@ptr7", "SL:DATE_TIME]", "IN:CREATE_ALARM]"]}
{"loss": 0.9689420461654663, "class_log_probabilities": [-0.6974468231201172, -6.841609001159668, -7.6552534103393555, -7.925383567810059], "predictions": [45, 16, 398, 399, 400, 401, 402, 403, 404, 405, 406, 17, 46, 4, 4], "target_tokens": ["[IN:CREATE_ALARM", "[SL:DATE_TIME", "@ptr3", "@ptr4", "@ptr5", "@ptr6", "@ptr7", "@ptr8", "@ptr9", "@ptr10", "@ptr11", "SL:DATE_TIME]", "IN:CREATE_ALARM]"], "predicted_tokens": ["[IN:CREATE_ALARM", "[SL:DATE_TIME", "@ptr3", "@ptr4", "@ptr5", "@ptr6", "@ptr7", "@ptr8", "@ptr9", "@ptr10", "@ptr11", "SL:DATE_TIME]", "IN:CREATE_ALARM]"]}
{"loss": 0.9700013995170593, "class_log_probabilities": [-0.14746850728988647, -8.544971466064453, -8.61900520324707, -8.682992935180664], "predictions": [45, 46, 4, 4], "target_tokens": ["[IN:CREATE_ALARM", "IN:CREATE_ALARM]"], "predicted_tokens": ["[IN:CREATE_ALARM", "IN:CREATE_ALARM]"]}
{"loss": 0.9682871699333191, "class_log_probabilities": [-0.42827048897743225, -5.680955410003662, -6.645369052886963, -6.724998474121094], "predictions": [159, 16, 398, 399, 400, 17, 160, 4], "target_tokens": ["[IN:SNOOZE_ALARM", "[SL:DATE_TIME", "@ptr3", "@ptr4", "@ptr5", "SL:DATE_TIME]", "IN:SNOOZE_ALARM]"], "predicted_tokens": ["[IN:SNOOZE_ALARM", "[SL:DATE_TIME", "@ptr3", "@ptr4", "@ptr5", "SL:DATE_TIME]", "IN:SNOOZE_ALARM]"]}
{"loss": 0.9674874544143677, "class_log_probabilities": [-0.4706062078475952, -5.319454669952393, -5.642236232757568, -6.263740539550781], "predictions": [159, 16, 398, 399, 400, 17, 160, 4], "target_tokens": ["[IN:SNOOZE_ALARM", "[SL:DATE_TIME", "@ptr3", "@ptr4", "@ptr5", "SL:DATE_TIME]", "IN:SNOOZE_ALARM]"], "predicted_tokens": ["[IN:SNOOZE_ALARM", "[SL:DATE_TIME", "@ptr3", "@ptr4", "@ptr5", "SL:DATE_TIME]", "IN:SNOOZE_ALARM]"]}
{"loss": 2.298949718475342, "class_log_probabilities": [-0.4999914765357971, -5.067272663116455, -5.075993061065674, -5.656219005584717], "predictions": [45, 16, 398, 399, 400, 17, 46, 4], "target_tokens": ["[IN:SNOOZE_ALARM", "[SL:DATE_TIME", "@ptr3", "@ptr4", "@ptr5", "SL:DATE_TIME]", "IN:SNOOZE_ALARM]"], "predicted_tokens": ["[IN:CREATE_ALARM", "[SL:DATE_TIME", "@ptr3", "@ptr4", "@ptr5", "SL:DATE_TIME]", "IN:CREATE_ALARM]"]}
{"loss": 0.9974208474159241, "class_log_probabilities": [-1.250863790512085, -2.2970402240753174, -5.752162456512451, -6.388680934906006], "predictions": [45, 249, 401, 402, 403, 250, 16, 404, 405, 17, 46, 4], "target_tokens": ["[IN:CREATE_ALARM", "[SL:ALARM_NAME", "@ptr6", "@ptr7", "@ptr8", "SL:ALARM_NAME]", "[SL:DATE_TIME", "@ptr9", "@ptr10", "SL:DATE_TIME]", "IN:CREATE_ALARM]"], "predicted_tokens": ["[IN:CREATE_ALARM", "[SL:ALARM_NAME", "@ptr6", "@ptr7", "@ptr8", "SL:ALARM_NAME]", "[SL:DATE_TIME", "@ptr9", "@ptr10", "SL:DATE_TIME]", "IN:CREATE_ALARM]"]}
{"loss": 0.965255856513977, "class_log_probabilities": [-0.4153699278831482, -8.645923614501953, -8.880480766296387, -9.008289337158203], "predictions": [45, 16, 398, 399, 400, 17, 46, 4, 4], "target_tokens": ["[IN:CREATE_ALARM", "[SL:DATE_TIME", "@ptr3", "@ptr4", "@ptr5", "SL:DATE_TIME]", "IN:CREATE_ALARM]"], "predicted_tokens": ["[IN:CREATE_ALARM", "[SL:DATE_TIME", "@ptr3", "@ptr4", "@ptr5", "SL:DATE_TIME]", "IN:CREATE_ALARM]"]}
{"loss": 0.9650887250900269, "class_log_probabilities": [-0.47412097454071045, -8.388959884643555, -8.404321670532227, -8.557066917419434], "predictions": [45, 16, 399, 400, 401, 402, 17, 46, 4, 4], "target_tokens": ["[IN:CREATE_ALARM", "[SL:DATE_TIME", "@ptr4", "@ptr5", "@ptr6", "@ptr7", "SL:DATE_TIME]", "IN:CREATE_ALARM]"], "predicted_tokens": ["[IN:CREATE_ALARM", "[SL:DATE_TIME", "@ptr4", "@ptr5", "@ptr6", "@ptr7", "SL:DATE_TIME]", "IN:CREATE_ALARM]"]}
{"loss": 0.9650197625160217, "class_log_probabilities": [-0.4174247086048126, -8.670875549316406, -8.863168716430664, -8.902419090270996], "predictions": [45, 16, 398, 399, 400, 17, 46, 4, 4], "target_tokens": ["[IN:CREATE_ALARM", "[SL:DATE_TIME", "@ptr3", "@ptr4", "@ptr5", "SL:DATE_TIME]", "IN:CREATE_ALARM]"], "predicted_tokens": ["[IN:CREATE_ALARM", "[SL:DATE_TIME", "@ptr3", "@ptr4", "@ptr5", "SL:DATE_TIME]", "IN:CREATE_ALARM]"]}
{"loss": 0.970230758190155, "class_log_probabilities": [-0.16085760295391083, -7.781406879425049, -7.893202304840088, -7.935236930847168], "predictions": [213, 214, 4], "target_tokens": ["[IN:SILENCE_ALARM", "IN:SILENCE_ALARM]"], "predicted_tokens": ["[IN:SILENCE_ALARM", "IN:SILENCE_ALARM]"]}
{"loss": 0.957478940486908, "class_log_probabilities": [-0.2176109105348587, -6.233223915100098, -7.337651252746582, -7.399125576019287], "predictions": [213, 214, 4], "target_tokens": ["[IN:SILENCE_ALARM", "IN:SILENCE_ALARM]"], "predicted_tokens": ["[IN:SILENCE_ALARM", "IN:SILENCE_ALARM]"]}
{"loss": 0.9642329216003418, "class_log_probabilities": [-0.5297202467918396, -8.609334945678711, -8.959410667419434, -9.220426559448242], "predictions": [45, 16, 398, 399, 400, 401, 402, 17, 46, 4, 4], "target_tokens": ["[IN:CREATE_ALARM", "[SL:DATE_TIME", "@ptr3", "@ptr4", "@ptr5", "@ptr6", "@ptr7", "SL:DATE_TIME]", "IN:CREATE_ALARM]"], "predicted_tokens": ["[IN:CREATE_ALARM", "[SL:DATE_TIME", "@ptr3", "@ptr4", "@ptr5", "@ptr6", "@ptr7", "SL:DATE_TIME]", "IN:CREATE_ALARM]"]}
{"loss": 0.9641484022140503, "class_log_probabilities": [-0.5300644636154175, -8.709903717041016, -8.743169784545898, -9.147446632385254], "predictions": [45, 16, 398, 399, 400, 401, 402, 17, 46, 4, 4], "target_tokens": ["[IN:CREATE_ALARM", "[SL:DATE_TIME", "@ptr3", "@ptr4", "@ptr5", "@ptr6", "@ptr7", "SL:DATE_TIME]", "IN:CREATE_ALARM]"], "predicted_tokens": ["[IN:CREATE_ALARM", "[SL:DATE_TIME", "@ptr3", "@ptr4", "@ptr5", "@ptr6", "@ptr7", "SL:DATE_TIME]", "IN:CREATE_ALARM]"]}
{"loss": 0.9658107757568359, "class_log_probabilities": [-0.6161528825759888, -8.298155784606934, -8.43111801147461, -8.782713890075684], "predictions": [45, 16, 398, 399, 400, 401, 402, 403, 404, 17, 46, 4, 4, 4, 4, 4], "target_tokens": ["[IN:CREATE_ALARM", "[SL:DATE_TIME", "@ptr3", "@ptr4", "@ptr5", "@ptr6", "@ptr7", "@ptr8", "@ptr9", "SL:DATE_TIME]", "IN:CREATE_ALARM]"], "predicted_tokens": ["[IN:CREATE_ALARM", "[SL:DATE_TIME", "@ptr3", "@ptr4", "@ptr5", "@ptr6", "@ptr7", "@ptr8", "@ptr9", "SL:DATE_TIME]", "IN:CREATE_ALARM]"]}
{"loss": 0.9696580767631531, "class_log_probabilities": [-0.7331393957138062, -7.598969459533691, -8.15969467163086, -8.507861137390137], "predictions": [45, 16, 398, 399, 400, 401, 402, 403, 404, 405, 406, 407, 17, 46, 4, 4, 4, 4, 4, 4], "target_tokens": ["[IN:CREATE_ALARM", "[SL:DATE_TIME", "@ptr3", "@ptr4", "@ptr5", "@ptr6", "@ptr7", "@ptr8", "@ptr9", "@ptr10", "@ptr11", "@ptr12", "SL:DATE_TIME]", "IN:CREATE_ALARM]"], "predicted_tokens": ["[IN:CREATE_ALARM", "[SL:DATE_TIME", "@ptr3", "@ptr4", "@ptr5", "@ptr6", "@ptr7", "@ptr8", "@ptr9", "@ptr10", "@ptr11", "@ptr12", "SL:DATE_TIME]", "IN:CREATE_ALARM]"]}
{"loss": 0.9663079977035522, "class_log_probabilities": [-0.6639209985733032, -8.216904640197754, -8.391705513000488, -8.797013282775879], "predictions": [45, 16, 398, 399, 400, 401, 402, 403, 404, 405, 17, 46, 4, 4, 4, 4, 4], "target_tokens": ["[IN:CREATE_ALARM", "[SL:DATE_TIME", "@ptr3", "@ptr4", "@ptr5", "@ptr6", "@ptr7", "@ptr8", "@ptr9", "@ptr10", "SL:DATE_TIME]", "IN:CREATE_ALARM]"], "predicted_tokens": ["[IN:CREATE_ALARM", "[SL:DATE_TIME", "@ptr3", "@ptr4", "@ptr5", "@ptr6", "@ptr7", "@ptr8", "@ptr9", "@ptr10", "SL:DATE_TIME]", "IN:CREATE_ALARM]"]}
{"loss": 0.9682281613349915, "class_log_probabilities": [-0.5509886145591736, -7.2708001136779785, -7.850883483886719, -7.947595596313477], "predictions": [45, 16, 401, 402, 403, 404, 405, 406, 17, 46, 4, 4], "target_tokens": ["[IN:CREATE_ALARM", "[SL:DATE_TIME", "@ptr6", "@ptr7", "@ptr8", "@ptr9", "@ptr10", "@ptr11", "SL:DATE_TIME]", "IN:CREATE_ALARM]"], "predicted_tokens": ["[IN:CREATE_ALARM", "[SL:DATE_TIME", "@ptr6", "@ptr7", "@ptr8", "@ptr9", "@ptr10", "@ptr11", "SL:DATE_TIME]", "IN:CREATE_ALARM]"]}
{"loss": 0.9653689861297607, "class_log_probabilities": [-0.676249086856842, -8.181879043579102, -8.453659057617188, -8.895956993103027], "predictions": [45, 16, 398, 399, 400, 401, 402, 403, 404, 405, 17, 46, 4, 4, 4, 4, 4], "target_tokens": ["[IN:CREATE_ALARM", "[SL:DATE_TIME", "@ptr3", "@ptr4", "@ptr5", "@ptr6", "@ptr7", "@ptr8", "@ptr9", "@ptr10", "SL:DATE_TIME]", "IN:CREATE_ALARM]"], "predicted_tokens": ["[IN:CREATE_ALARM", "[SL:DATE_TIME", "@ptr3", "@ptr4", "@ptr5", "@ptr6", "@ptr7", "@ptr8", "@ptr9", "@ptr10", "SL:DATE_TIME]", "IN:CREATE_ALARM]"]}
{"loss": 0.9675425887107849, "class_log_probabilities": [-0.6987156867980957, -8.372810363769531, -8.442770957946777, -8.950948715209961], "predictions": [45, 16, 398, 399, 400, 401, 402, 403, 404, 405, 406, 17, 46, 4, 4, 4, 4], "target_tokens": ["[IN:CREATE_ALARM", "[SL:DATE_TIME", "@ptr3", "@ptr4", "@ptr5", "@ptr6", "@ptr7", "@ptr8", "@ptr9", "@ptr10", "@ptr11", "SL:DATE_TIME]", "IN:CREATE_ALARM]"], "predicted_tokens": ["[IN:CREATE_ALARM", "[SL:DATE_TIME", "@ptr3", "@ptr4", "@ptr5", "@ptr6", "@ptr7", "@ptr8", "@ptr9", "@ptr10", "@ptr11", "SL:DATE_TIME]", "IN:CREATE_ALARM]"]}
{"loss": 1.5208508968353271, "class_log_probabilities": [-0.9250345826148987, -5.303438663482666, -5.4913716316223145, -6.466729164123535], "predictions": [45, 16, 398, 399, 400, 401, 402, 403, 404, 405, 17, 16, 406, 407, 408, 409, 410, 17, 46, 4], "target_tokens": ["[IN:CREATE_ALARM", "[SL:DATE_TIME", "@ptr5", "@ptr6", "@ptr7", "@ptr8", "@ptr9", "@ptr10", "SL:DATE_TIME]", "[SL:DATE_TIME", "@ptr11", "@ptr12", "@ptr13", "@ptr14", "@ptr15", "SL:DATE_TIME]", "IN:CREATE_ALARM]"], "predicted_tokens": ["[IN:CREATE_ALARM", "[SL:DATE_TIME", "@ptr3", "@ptr4", "@ptr5", "@ptr6", "@ptr7", "@ptr8", "@ptr9", "@ptr10", "SL:DATE_TIME]", "[SL:DATE_TIME", "@ptr11", "@ptr12", "@ptr13", "@ptr14", "@ptr15", "SL:DATE_TIME]", "IN:CREATE_ALARM]"]}
{"loss": 0.9741114377975464, "class_log_probabilities": [-0.4692506790161133, -7.349297523498535, -7.669011116027832, -7.743381500244141], "predictions": [45, 249, 401, 250, 16, 403, 404, 17, 46, 4, 4, 4], "target_tokens": ["[IN:CREATE_ALARM", "[SL:ALARM_NAME", "@ptr6", "SL:ALARM_NAME]", "[SL:DATE_TIME", "@ptr8", "@ptr9", "SL:DATE_TIME]", "IN:CREATE_ALARM]"], "predicted_tokens": ["[IN:CREATE_ALARM", "[SL:ALARM_NAME", "@ptr6", "SL:ALARM_NAME]", "[SL:DATE_TIME", "@ptr8", "@ptr9", "SL:DATE_TIME]", "IN:CREATE_ALARM]"]}
{"loss": 2.067502737045288, "class_log_probabilities": [-0.5433322787284851, -7.6550703048706055, -7.847805976867676, -8.293484687805176], "predictions": [45, 16, 400, 401, 402, 403, 404, 405, 17, 46, 4, 4, 4, 4, 4], "target_tokens": ["[IN:CREATE_ALARM", "[SL:ALARM_NAME", "@ptr4", "SL:ALARM_NAME]", "[SL:DATE_TIME", "@ptr5", "@ptr6", "@ptr7", "@ptr8", "@ptr9", "@ptr10", "SL:DATE_TIME]", "IN:CREATE_ALARM]"], "predicted_tokens": ["[IN:CREATE_ALARM", "[SL:DATE_TIME", "@ptr5", "@ptr6", "@ptr7", "@ptr8", "@ptr9", "@ptr10", "SL:DATE_TIME]", "IN:CREATE_ALARM]"]}
{"loss": 1.2548799514770508, "class_log_probabilities": [-0.9806815385818481, -2.3378891944885254, -4.419740200042725, -5.187159061431885], "predictions": [45, 249, 402, 250, 16, 404, 405, 406, 407, 408, 409, 410, 17, 46, 4, 4], "target_tokens": ["[IN:CREATE_ALARM", "[SL:ALARM_NAME", "@ptr6", "@ptr7", "@ptr8", "SL:ALARM_NAME]", "[SL:DATE_TIME", "@ptr9", "@ptr10", "@ptr11", "@ptr12", "@ptr13", "@ptr14", "@ptr15", "SL:DATE_TIME]", "IN:CREATE_ALARM]"], "predicted_tokens": ["[IN:CREATE_ALARM", "[SL:ALARM_NAME", "@ptr7", "SL:ALARM_NAME]", "[SL:DATE_TIME", "@ptr9", "@ptr10", "@ptr11", "@ptr12", "@ptr13", "@ptr14", "@ptr15", "SL:DATE_TIME]", "IN:CREATE_ALARM]"]}
{"loss": 2.421746253967285, "class_log_probabilities": [-0.6471096277236938, -6.016609191894531, -6.282354354858398, -7.431699752807617], "predictions": [45, 16, 403, 404, 405, 406, 407, 408, 409, 410, 17, 46, 4], "target_tokens": ["[IN:CREATE_ALARM", "[SL:ALARM_NAME", "@ptr5", "@ptr6", "@ptr7", "SL:ALARM_NAME]", "[SL:DATE_TIME", "@ptr8", "@ptr9", "@ptr10", "@ptr11", "@ptr12", "@ptr13", "@ptr14", "@ptr15", "SL:DATE_TIME]", "IN:CREATE_ALARM]"], "predicted_tokens": ["[IN:CREATE_ALARM", "[SL:DATE_TIME", "@ptr8", "@ptr9", "@ptr10", "@ptr11", "@ptr12", "@ptr13", "@ptr14", "@ptr15", "SL:DATE_TIME]", "IN:CREATE_ALARM]"]}
{"loss": 4.045121669769287, "class_log_probabilities": [-0.15022727847099304, -8.198322296142578, -8.594755172729492, -8.699956893920898], "predictions": [45, 46, 4, 4], "target_tokens": ["[IN:CREATE_ALARM", "[SL:ALARM_NAME", "@ptr7", "@ptr8", "@ptr9", "SL:ALARM_NAME]", "IN:CREATE_ALARM]"], "predicted_tokens": ["[IN:CREATE_ALARM", "IN:CREATE_ALARM]"]}
{"loss": 0.9774027466773987, "class_log_probabilities": [-0.68467116355896, -7.523177146911621, -7.577742099761963, -7.621780872344971], "predictions": [45, 249, 400, 250, 16, 401, 402, 403, 404, 405, 406, 407, 17, 46, 4], "target_tokens": ["[IN:CREATE_ALARM", "[SL:ALARM_NAME", "@ptr5", "SL:ALARM_NAME]", "[SL:DATE_TIME", "@ptr6", "@ptr7", "@ptr8", "@ptr9", "@ptr10", "@ptr11", "@ptr12", "SL:DATE_TIME]", "IN:CREATE_ALARM]"], "predicted_tokens": ["[IN:CREATE_ALARM", "[SL:ALARM_NAME", "@ptr5", "SL:ALARM_NAME]", "[SL:DATE_TIME", "@ptr6", "@ptr7", "@ptr8", "@ptr9", "@ptr10", "@ptr11", "@ptr12", "SL:DATE_TIME]", "IN:CREATE_ALARM]"]}
{"loss": 0.9739364385604858, "class_log_probabilities": [-0.6062507033348083, -7.623153209686279, -7.693264007568359, -7.836183547973633], "predictions": [45, 249, 399, 250, 16, 400, 401, 402, 403, 404, 17, 46, 4], "target_tokens": ["[IN:CREATE_ALARM", "[SL:ALARM_NAME", "@ptr4", "SL:ALARM_NAME]", "[SL:DATE_TIME", "@ptr5", "@ptr6", "@ptr7", "@ptr8", "@ptr9", "SL:DATE_TIME]", "IN:CREATE_ALARM]"], "predicted_tokens": ["[IN:CREATE_ALARM", "[SL:ALARM_NAME", "@ptr4", "SL:ALARM_NAME]", "[SL:DATE_TIME", "@ptr5", "@ptr6", "@ptr7", "@ptr8", "@ptr9", "SL:DATE_TIME]", "IN:CREATE_ALARM]"]}
{"loss": 1.229474663734436, "class_log_probabilities": [-0.8798027038574219, -4.99779748916626, -5.113142013549805, -6.134156227111816], "predictions": [45, 16, 399, 400, 401, 402, 403, 404, 17, 16, 405, 406, 407, 408, 17, 46, 4], "target_tokens": ["[IN:CREATE_ALARM", "[SL:DATE_TIME", "@ptr4", "@ptr5", "@ptr6", "@ptr7", "@ptr8", "@ptr9", "@ptr10", "@ptr11", "@ptr12", "@ptr13", "SL:DATE_TIME]", "IN:CREATE_ALARM]"], "predicted_tokens": ["[IN:CREATE_ALARM", "[SL:DATE_TIME", "@ptr4", "@ptr5", "@ptr6", "@ptr7", "@ptr8", "@ptr9", "SL:DATE_TIME]", "[SL:DATE_TIME", "@ptr10", "@ptr11", "@ptr12", "@ptr13", "SL:DATE_TIME]", "IN:CREATE_ALARM]"]}
{"loss": 1.195742130279541, "class_log_probabilities": [-1.592154860496521, -3.7098453044891357, -5.180160045623779, -5.280033111572266], "predictions": [45, 16, 397, 398, 399, 400, 401, 402, 403, 404, 405, 406, 407, 408, 409, 410, 17, 46, 4, 4, 4, 4], "target_tokens": ["[IN:CREATE_ALARM", "[SL:DATE_TIME", "@ptr2", "@ptr3", "@ptr4", "@ptr5", "@ptr6", "@ptr7", "@ptr8", "@ptr9", "@ptr10", "@ptr11", "@ptr12", "@ptr13", "@ptr14", "@ptr15", "SL:DATE_TIME]", "[SL:DATE_TIME", "@ptr16", "@ptr17", "@ptr18", "SL:DATE_TIME]", "IN:CREATE_ALARM]"], "predicted_tokens": ["[IN:CREATE_ALARM", "[SL:DATE_TIME", "@ptr2", "@ptr3", "@ptr4", "@ptr5", "@ptr6", "@ptr7", "@ptr8", "@ptr9", "@ptr10", "@ptr11", "@ptr12", "@ptr13", "@ptr14", "@ptr15", "SL:DATE_TIME]", "IN:CREATE_ALARM]"]}
{"loss": 0.9755327701568604, "class_log_probabilities": [-0.9058287143707275, -4.785229682922363, -6.502156734466553, -8.68533992767334], "predictions": [45, 16, 399, 400, 401, 402, 403, 404, 405, 406, 407, 408, 409, 410, 411, 17, 46, 4, 4, 4, 4, 4, 4, 4, 4, 4, 4, 4, 4], "target_tokens": ["[IN:CREATE_ALARM", "[SL:DATE_TIME", "@ptr4", "@ptr5", "@ptr6", "@ptr7", "@ptr8", "@ptr9", "@ptr10", "@ptr11", "@ptr12", "@ptr13", "@ptr14", "@ptr15", "@ptr16", "SL:DATE_TIME]", "IN:CREATE_ALARM]"], "predicted_tokens": ["[IN:CREATE_ALARM", "[SL:DATE_TIME", "@ptr4", "@ptr5", "@ptr6", "@ptr7", "@ptr8", "@ptr9", "@ptr10", "@ptr11", "@ptr12", "@ptr13", "@ptr14", "@ptr15", "@ptr16", "SL:DATE_TIME]", "IN:CREATE_ALARM]"]}
{"loss": 0.9843214750289917, "class_log_probabilities": [-0.7738984823226929, -2.820265769958496, -7.295193195343018, -7.568481922149658], "predictions": [259, 20, 400, 21, 16, 402, 403, 404, 405, 406, 17, 260, 4], "target_tokens": ["[IN:UPDATE_ALARM", "[SL:ORDINAL", "@ptr5", "SL:ORDINAL]", "[SL:DATE_TIME", "@ptr7", "@ptr8", "@ptr9", "@ptr10", "@ptr11", "SL:DATE_TIME]", "IN:UPDATE_ALARM]"], "predicted_tokens": ["[IN:UPDATE_ALARM", "[SL:ORDINAL", "@ptr5", "SL:ORDINAL]", "[SL:DATE_TIME", "@ptr7", "@ptr8", "@ptr9", "@ptr10", "@ptr11", "SL:DATE_TIME]", "IN:UPDATE_ALARM]"]}
{"loss": 0.9736507534980774, "class_log_probabilities": [-0.14066460728645325, -8.538331031799316, -8.666258811950684, -8.904046058654785], "predictions": [45, 46, 4, 4, 4], "target_tokens": ["[IN:CREATE_ALARM", "IN:CREATE_ALARM]"], "predicted_tokens": ["[IN:CREATE_ALARM", "IN:CREATE_ALARM]"]}
{"loss": 0.9875808358192444, "class_log_probabilities": [-0.41828012466430664, -5.915637016296387, -6.709654331207275, -7.202571868896484], "predictions": [119, 120, 396, 121, 249, 400, 250, 122, 4, 4, 4, 4], "target_tokens": ["[IN:DELETE_ALARM", "[SL:AMOUNT", "@ptr1", "SL:AMOUNT]", "[SL:ALARM_NAME", "@ptr5", "SL:ALARM_NAME]", "IN:DELETE_ALARM]"], "predicted_tokens": ["[IN:DELETE_ALARM", "[SL:AMOUNT", "@ptr1", "SL:AMOUNT]", "[SL:ALARM_NAME", "@ptr5", "SL:ALARM_NAME]", "IN:DELETE_ALARM]"]}
{"loss": 0.9711493253707886, "class_log_probabilities": [-0.399559885263443, -7.362339973449707, -7.453654766082764, -7.711198806762695], "predictions": [19, 16, 400, 401, 402, 17, 22, 4, 4], "target_tokens": ["[IN:GET_ALARM", "[SL:DATE_TIME", "@ptr5", "@ptr6", "@ptr7", "SL:DATE_TIME]", "IN:GET_ALARM]"], "predicted_tokens": ["[IN:GET_ALARM", "[SL:DATE_TIME", "@ptr5", "@ptr6", "@ptr7", "SL:DATE_TIME]", "IN:GET_ALARM]"]}
{"loss": 1.9525322914123535, "class_log_probabilities": [-0.3667562007904053, -4.515982151031494, -6.3968071937561035, -7.091175556182861], "predictions": [45, 120, 396, 121, 46, 4], "target_tokens": ["[IN:GET_ALARM", "[SL:AMOUNT", "@ptr1", "SL:AMOUNT]", "IN:GET_ALARM]"], "predicted_tokens": ["[IN:CREATE_ALARM", "[SL:AMOUNT", "@ptr1", "SL:AMOUNT]", "IN:CREATE_ALARM]"]}
{"loss": 0.9742776155471802, "class_log_probabilities": [-0.3899106979370117, -7.635213375091553, -8.18542194366455, -8.238188743591309], "predictions": [119, 16, 398, 399, 400, 17, 122, 4], "target_tokens": ["[IN:DELETE_ALARM", "[SL:DATE_TIME", "@ptr3", "@ptr4", "@ptr5", "SL:DATE_TIME]", "IN:DELETE_ALARM]"], "predicted_tokens": ["[IN:DELETE_ALARM", "[SL:DATE_TIME", "@ptr3", "@ptr4", "@ptr5", "SL:DATE_TIME]", "IN:DELETE_ALARM]"]}
{"loss": 0.9650259017944336, "class_log_probabilities": [-0.5217995047569275, -8.7307767868042, -8.813535690307617, -9.215264320373535], "predictions": [45, 16, 398, 399, 400, 401, 402, 17, 46, 4, 4], "target_tokens": ["[IN:CREATE_ALARM", "[SL:DATE_TIME", "@ptr3", "@ptr4", "@ptr5", "@ptr6", "@ptr7", "SL:DATE_TIME]", "IN:CREATE_ALARM]"], "predicted_tokens": ["[IN:CREATE_ALARM", "[SL:DATE_TIME", "@ptr3", "@ptr4", "@ptr5", "@ptr6", "@ptr7", "SL:DATE_TIME]", "IN:CREATE_ALARM]"]}
{"loss": 0.9642461538314819, "class_log_probabilities": [-0.5280986428260803, -8.604609489440918, -9.086195945739746, -9.15249252319336], "predictions": [45, 16, 398, 399, 400, 401, 402, 17, 46, 4, 4], "target_tokens": ["[IN:CREATE_ALARM", "[SL:DATE_TIME", "@ptr3", "@ptr4", "@ptr5", "@ptr6", "@ptr7", "SL:DATE_TIME]", "IN:CREATE_ALARM]"], "predicted_tokens": ["[IN:CREATE_ALARM", "[SL:DATE_TIME", "@ptr3", "@ptr4", "@ptr5", "@ptr6", "@ptr7", "SL:DATE_TIME]", "IN:CREATE_ALARM]"]}
{"loss": 0.9643028974533081, "class_log_probabilities": [-0.5277500748634338, -8.579501152038574, -8.877568244934082, -9.10970687866211], "predictions": [45, 16, 398, 399, 400, 401, 402, 17, 46, 4, 4], "target_tokens": ["[IN:CREATE_ALARM", "[SL:DATE_TIME", "@ptr3", "@ptr4", "@ptr5", "@ptr6", "@ptr7", "SL:DATE_TIME]", "IN:CREATE_ALARM]"], "predicted_tokens": ["[IN:CREATE_ALARM", "[SL:DATE_TIME", "@ptr3", "@ptr4", "@ptr5", "@ptr6", "@ptr7", "SL:DATE_TIME]", "IN:CREATE_ALARM]"]}
{"loss": 0.9653795957565308, "class_log_probabilities": [-0.5164288282394409, -8.255956649780273, -8.877893447875977, -8.890536308288574], "predictions": [45, 16, 398, 399, 400, 401, 402, 17, 46, 4, 4], "target_tokens": ["[IN:CREATE_ALARM", "[SL:DATE_TIME", "@ptr3", "@ptr4", "@ptr5", "@ptr6", "@ptr7", "SL:DATE_TIME]", "IN:CREATE_ALARM]"], "predicted_tokens": ["[IN:CREATE_ALARM", "[SL:DATE_TIME", "@ptr3", "@ptr4", "@ptr5", "@ptr6", "@ptr7", "SL:DATE_TIME]", "IN:CREATE_ALARM]"]}
{"loss": 0.9650751352310181, "class_log_probabilities": [-0.5235861539840698, -8.569862365722656, -8.739042282104492, -8.749715805053711], "predictions": [45, 16, 399, 400, 401, 402, 403, 17, 46, 4, 4, 4, 4], "target_tokens": ["[IN:CREATE_ALARM", "[SL:DATE_TIME", "@ptr4", "@ptr5", "@ptr6", "@ptr7", "@ptr8", "SL:DATE_TIME]", "IN:CREATE_ALARM]"], "predicted_tokens": ["[IN:CREATE_ALARM", "[SL:DATE_TIME", "@ptr4", "@ptr5", "@ptr6", "@ptr7", "@ptr8", "SL:DATE_TIME]", "IN:CREATE_ALARM]"]}
{"loss": 0.9674070477485657, "class_log_probabilities": [-0.4968235492706299, -8.445577621459961, -8.871542930603027, -8.942432403564453], "predictions": [45, 16, 398, 399, 400, 401, 402, 17, 46, 4], "target_tokens": ["[IN:CREATE_ALARM", "[SL:DATE_TIME", "@ptr3", "@ptr4", "@ptr5", "@ptr6", "@ptr7", "SL:DATE_TIME]", "IN:CREATE_ALARM]"], "predicted_tokens": ["[IN:CREATE_ALARM", "[SL:DATE_TIME", "@ptr3", "@ptr4", "@ptr5", "@ptr6", "@ptr7", "SL:DATE_TIME]", "IN:CREATE_ALARM]"]}
{"loss": 0.9662958979606628, "class_log_probabilities": [-0.509808361530304, -8.42422103881836, -8.832693099975586, -8.840858459472656], "predictions": [45, 16, 398, 399, 400, 401, 402, 17, 46, 4], "target_tokens": ["[IN:CREATE_ALARM", "[SL:DATE_TIME", "@ptr3", "@ptr4", "@ptr5", "@ptr6", "@ptr7", "SL:DATE_TIME]", "IN:CREATE_ALARM]"], "predicted_tokens": ["[IN:CREATE_ALARM", "[SL:DATE_TIME", "@ptr3", "@ptr4", "@ptr5", "@ptr6", "@ptr7", "SL:DATE_TIME]", "IN:CREATE_ALARM]"]}
{"loss": 0.9642782211303711, "class_log_probabilities": [-0.5281233191490173, -8.648843765258789, -8.963982582092285, -9.221199989318848], "predictions": [45, 16, 398, 399, 400, 401, 402, 17, 46, 4, 4], "target_tokens": ["[IN:CREATE_ALARM", "[SL:DATE_TIME", "@ptr3", "@ptr4", "@ptr5", "@ptr6", "@ptr7", "SL:DATE_TIME]", "IN:CREATE_ALARM]"], "predicted_tokens": ["[IN:CREATE_ALARM", "[SL:DATE_TIME", "@ptr3", "@ptr4", "@ptr5", "@ptr6", "@ptr7", "SL:DATE_TIME]", "IN:CREATE_ALARM]"]}
{"loss": 0.9642677307128906, "class_log_probabilities": [-0.5282788872718811, -8.633543968200684, -8.778705596923828, -9.15322208404541], "predictions": [45, 16, 398, 399, 400, 401, 402, 17, 46, 4, 4], "target_tokens": ["[IN:CREATE_ALARM", "[SL:DATE_TIME", "@ptr3", "@ptr4", "@ptr5", "@ptr6", "@ptr7", "SL:DATE_TIME]", "IN:CREATE_ALARM]"], "predicted_tokens": ["[IN:CREATE_ALARM", "[SL:DATE_TIME", "@ptr3", "@ptr4", "@ptr5", "@ptr6", "@ptr7", "SL:DATE_TIME]", "IN:CREATE_ALARM]"]}
{"loss": 2.347590208053589, "class_log_probabilities": [-0.8088805675506592, -5.173439025878906, -7.69416618347168, -8.076994895935059], "predictions": [45, 16, 398, 399, 400, 401, 402, 17, 16, 405, 406, 407, 408, 409, 17, 46, 4, 4, 4, 4], "target_tokens": ["[IN:CREATE_ALARM", "[SL:DATE_TIME", "@ptr3", "@ptr4", "@ptr5", "@ptr6", "@ptr7", "@ptr8", "@ptr9", "@ptr10", "@ptr11", "@ptr12", "@ptr13", "@ptr14", "SL:DATE_TIME]", "IN:CREATE_ALARM]"], "predicted_tokens": ["[IN:CREATE_ALARM", "[SL:DATE_TIME", "@ptr3", "@ptr4", "@ptr5", "@ptr6", "@ptr7", "SL:DATE_TIME]", "[SL:DATE_TIME", "@ptr10", "@ptr11", "@ptr12", "@ptr13", "@ptr14", "SL:DATE_TIME]", "IN:CREATE_ALARM]"]}
{"loss": 0.9645353555679321, "class_log_probabilities": [-0.5249267220497131, -8.63075065612793, -9.049294471740723, -9.211023330688477], "predictions": [45, 16, 398, 399, 400, 401, 402, 17, 46, 4, 4], "target_tokens": ["[IN:CREATE_ALARM", "[SL:DATE_TIME", "@ptr3", "@ptr4", "@ptr5", "@ptr6", "@ptr7", "SL:DATE_TIME]", "IN:CREATE_ALARM]"], "predicted_tokens": ["[IN:CREATE_ALARM", "[SL:DATE_TIME", "@ptr3", "@ptr4", "@ptr5", "@ptr6", "@ptr7", "SL:DATE_TIME]", "IN:CREATE_ALARM]"]}
{"loss": 0.9645036458969116, "class_log_probabilities": [-0.5252083539962769, -8.612150192260742, -8.709075927734375, -9.14273738861084], "predictions": [45, 16, 398, 399, 400, 401, 402, 17, 46, 4, 4], "target_tokens": ["[IN:CREATE_ALARM", "[SL:DATE_TIME", "@ptr3", "@ptr4", "@ptr5", "@ptr6", "@ptr7", "SL:DATE_TIME]", "IN:CREATE_ALARM]"], "predicted_tokens": ["[IN:CREATE_ALARM", "[SL:DATE_TIME", "@ptr3", "@ptr4", "@ptr5", "@ptr6", "@ptr7", "SL:DATE_TIME]", "IN:CREATE_ALARM]"]}
{"loss": 0.9646121859550476, "class_log_probabilities": [-0.5242838859558105, -8.675311088562012, -8.81070327758789, -9.144692420959473], "predictions": [45, 16, 398, 399, 400, 401, 402, 17, 46, 4, 4], "target_tokens": ["[IN:CREATE_ALARM", "[SL:DATE_TIME", "@ptr3", "@ptr4", "@ptr5", "@ptr6", "@ptr7", "SL:DATE_TIME]", "IN:CREATE_ALARM]"], "predicted_tokens": ["[IN:CREATE_ALARM", "[SL:DATE_TIME", "@ptr3", "@ptr4", "@ptr5", "@ptr6", "@ptr7", "SL:DATE_TIME]", "IN:CREATE_ALARM]"]}
{"loss": 3.4669525623321533, "class_log_probabilities": [-0.36215028166770935, -6.939643859863281, -7.196657657623291, -7.302194118499756], "predictions": [183, 16, 396, 397, 17, 184, 4], "target_tokens": ["[IN:SNOOZE_ALARM", "[SL:DATE_TIME", "@ptr1", "@ptr2", "@ptr3", "SL:DATE_TIME]", "IN:SNOOZE_ALARM]"], "predicted_tokens": ["[IN:ADD_TIME_TIMER", "[SL:DATE_TIME", "@ptr1", "@ptr2", "SL:DATE_TIME]", "IN:ADD_TIME_TIMER]"]}
{"loss": 0.9658197164535522, "class_log_probabilities": [-0.5223816633224487, -7.231729030609131, -7.858053684234619, -7.935410022735596], "predictions": [45, 16, 401, 402, 403, 404, 405, 17, 46, 4, 4], "target_tokens": ["[IN:CREATE_ALARM", "[SL:DATE_TIME", "@ptr6", "@ptr7", "@ptr8", "@ptr9", "@ptr10", "SL:DATE_TIME]", "IN:CREATE_ALARM]"], "predicted_tokens": ["[IN:CREATE_ALARM", "[SL:DATE_TIME", "@ptr6", "@ptr7", "@ptr8", "@ptr9", "@ptr10", "SL:DATE_TIME]", "IN:CREATE_ALARM]"]}
{"loss": 1.6589415073394775, "class_log_probabilities": [-1.5770820379257202, -2.4713356494903564, -5.508356094360352, -6.1723432540893555], "predictions": [45, 249, 398, 399, 250, 16, 400, 401, 402, 403, 404, 405, 406, 17, 46, 4], "target_tokens": ["[IN:CREATE_ALARM", "[SL:ALARM_NAME", "@ptr4", "SL:ALARM_NAME]", "[SL:DATE_TIME", "@ptr6", "@ptr7", "@ptr8", "@ptr9", "@ptr10", "@ptr11", "SL:DATE_TIME]", "IN:CREATE_ALARM]"], "predicted_tokens": ["[IN:CREATE_ALARM", "[SL:ALARM_NAME", "@ptr3", "@ptr4", "SL:ALARM_NAME]", "[SL:DATE_TIME", "@ptr5", "@ptr6", "@ptr7", "@ptr8", "@ptr9", "@ptr10", "@ptr11", "SL:DATE_TIME]", "IN:CREATE_ALARM]"]}
{"loss": 0.96922767162323, "class_log_probabilities": [-0.6770280599594116, -8.428516387939453, -8.446703910827637, -8.77113151550293], "predictions": [45, 16, 398, 399, 400, 401, 402, 403, 404, 405, 406, 17, 46, 4, 4, 4, 4], "target_tokens": ["[IN:CREATE_ALARM", "[SL:DATE_TIME", "@ptr3", "@ptr4", "@ptr5", "@ptr6", "@ptr7", "@ptr8", "@ptr9", "@ptr10", "@ptr11", "SL:DATE_TIME]", "IN:CREATE_ALARM]"], "predicted_tokens": ["[IN:CREATE_ALARM", "[SL:DATE_TIME", "@ptr3", "@ptr4", "@ptr5", "@ptr6", "@ptr7", "@ptr8", "@ptr9", "@ptr10", "@ptr11", "SL:DATE_TIME]", "IN:CREATE_ALARM]"]}
{"loss": 0.9647138118743896, "class_log_probabilities": [-0.6279614567756653, -8.043327331542969, -8.367681503295898, -8.469715118408203], "predictions": [45, 16, 398, 399, 400, 401, 402, 403, 404, 17, 46, 4], "target_tokens": ["[IN:CREATE_ALARM", "[SL:DATE_TIME", "@ptr3", "@ptr4", "@ptr5", "@ptr6", "@ptr7", "@ptr8", "@ptr9", "SL:DATE_TIME]", "IN:CREATE_ALARM]"], "predicted_tokens": ["[IN:CREATE_ALARM", "[SL:DATE_TIME", "@ptr3", "@ptr4", "@ptr5", "@ptr6", "@ptr7", "@ptr8", "@ptr9", "SL:DATE_TIME]", "IN:CREATE_ALARM]"]}
{"loss": 1.279978632926941, "class_log_probabilities": [-1.1332213878631592, -3.1610333919525146, -3.336029529571533, -3.653855085372925], "predictions": [259, 16, 398, 399, 17, 260, 4], "target_tokens": ["[IN:SNOOZE_ALARM", "[SL:DATE_TIME", "@ptr3", "@ptr4", "SL:DATE_TIME]", "IN:SNOOZE_ALARM]"], "predicted_tokens": ["[IN:UPDATE_ALARM", "[SL:DATE_TIME", "@ptr3", "@ptr4", "SL:DATE_TIME]", "IN:UPDATE_ALARM]"]}
{"loss": 4.7280707359313965, "class_log_probabilities": [-1.053387999534607, -3.4333956241607666, -3.7668347358703613, -4.98874568939209], "predictions": [111, 16, 396, 397, 398, 17, 112, 4], "target_tokens": ["[IN:SNOOZE_ALARM", "IN:SNOOZE_ALARM]"], "predicted_tokens": ["[IN:UPDATE_REMINDER_DATE_TIME", "[SL:DATE_TIME", "@ptr1", "@ptr2", "@ptr3", "SL:DATE_TIME]", "IN:UPDATE_REMINDER_DATE_TIME]"]}
{"loss": 2.024837017059326, "class_log_probabilities": [-0.4311602711677551, -5.390573501586914, -6.739164352416992, -6.963643550872803], "predictions": [213, 249, 400, 250, 214, 4], "target_tokens": ["[IN:SNOOZE_ALARM", "[SL:ALARM_NAME", "@ptr5", "SL:ALARM_NAME]", "IN:SNOOZE_ALARM]"], "predicted_tokens": ["[IN:SILENCE_ALARM", "[SL:ALARM_NAME", "@ptr5", "SL:ALARM_NAME]", "IN:SILENCE_ALARM]"]}
{"loss": 2.0067508220672607, "class_log_probabilities": [-0.8881005644798279, -7.223970413208008, -7.838353157043457, -8.271117210388184], "predictions": [45, 16, 398, 399, 400, 401, 402, 403, 404, 405, 17, 16, 406, 407, 408, 17, 46, 4, 4, 4, 4], "target_tokens": ["[IN:CREATE_ALARM", "[SL:DATE_TIME", "@ptr11", "@ptr12", "@ptr13", "SL:DATE_TIME]", "[SL:DATE_TIME", "@ptr3", "@ptr4", "@ptr5", "@ptr6", "@ptr7", "@ptr8", "@ptr9", "@ptr10", "SL:DATE_TIME]", "IN:CREATE_ALARM]"], "predicted_tokens": ["[IN:CREATE_ALARM", "[SL:DATE_TIME", "@ptr3", "@ptr4", "@ptr5", "@ptr6", "@ptr7", "@ptr8", "@ptr9", "@ptr10", "SL:DATE_TIME]", "[SL:DATE_TIME", "@ptr11", "@ptr12", "@ptr13", "SL:DATE_TIME]", "IN:CREATE_ALARM]"]}
{"loss": 0.9662598967552185, "class_log_probabilities": [-0.6647132635116577, -8.042850494384766, -8.276037216186523, -8.41635799407959], "predictions": [45, 16, 398, 399, 400, 401, 402, 403, 404, 405, 17, 46, 4, 4], "target_tokens": ["[IN:CREATE_ALARM", "[SL:DATE_TIME", "@ptr3", "@ptr4", "@ptr5", "@ptr6", "@ptr7", "@ptr8", "@ptr9", "@ptr10", "SL:DATE_TIME]", "IN:CREATE_ALARM]"], "predicted_tokens": ["[IN:CREATE_ALARM", "[SL:DATE_TIME", "@ptr3", "@ptr4", "@ptr5", "@ptr6", "@ptr7", "@ptr8", "@ptr9", "@ptr10", "SL:DATE_TIME]", "IN:CREATE_ALARM]"]}
{"loss": 1.9930073022842407, "class_log_probabilities": [-1.8711434602737427, -4.60831356048584, -5.035296440124512, -5.518156051635742], "predictions": [75, 6, 403, 7, 16, 405, 406, 407, 408, 17, 78, 4], "target_tokens": ["[IN:CREATE_ALARM", "[SL:ALARM_NAME", "@ptr8", "SL:ALARM_NAME]", "[SL:DATE_TIME", "@ptr11", "@ptr12", "@ptr13", "SL:DATE_TIME]", "IN:CREATE_ALARM]"], "predicted_tokens": ["[IN:CREATE_CALL", "[SL:CONTACT", "@ptr8", "SL:CONTACT]", "[SL:DATE_TIME", "@ptr10", "@ptr11", "@ptr12", "@ptr13", "SL:DATE_TIME]", "IN:CREATE_CALL]"]}
{"loss": 1.866830825805664, "class_log_probabilities": [-0.5328760147094727, -7.0412278175354, -7.118729114532471, -8.087366104125977], "predictions": [45, 16, 402, 403, 404, 405, 406, 17, 46, 4, 4], "target_tokens": ["[IN:CREATE_ALARM", "[SL:ALARM_NAME", "@ptr5", "@ptr6", "SL:ALARM_NAME]", "[SL:DATE_TIME", "@ptr7", "@ptr8", "@ptr9", "@ptr10", "@ptr11", "SL:DATE_TIME]", "IN:CREATE_ALARM]"], "predicted_tokens": ["[IN:CREATE_ALARM", "[SL:DATE_TIME", "@ptr7", "@ptr8", "@ptr9", "@ptr10", "@ptr11", "SL:DATE_TIME]", "IN:CREATE_ALARM]"]}
{"loss": 0.971985399723053, "class_log_probabilities": [-0.7460342049598694, -7.340158939361572, -7.593461513519287, -7.730069637298584], "predictions": [45, 249, 399, 250, 16, 400, 401, 402, 403, 404, 405, 406, 17, 46, 4], "target_tokens": ["[IN:CREATE_ALARM", "[SL:ALARM_NAME", "@ptr4", "SL:ALARM_NAME]", "[SL:DATE_TIME", "@ptr5", "@ptr6", "@ptr7", "@ptr8", "@ptr9", "@ptr10", "@ptr11", "SL:DATE_TIME]", "IN:CREATE_ALARM]"], "predicted_tokens": ["[IN:CREATE_ALARM", "[SL:ALARM_NAME", "@ptr4", "SL:ALARM_NAME]", "[SL:DATE_TIME", "@ptr5", "@ptr6", "@ptr7", "@ptr8", "@ptr9", "@ptr10", "@ptr11", "SL:DATE_TIME]", "IN:CREATE_ALARM]"]}
{"loss": 1.3827800750732422, "class_log_probabilities": [-0.7114002704620361, -3.5829553604125977, -3.8181142807006836, -6.403363227844238], "predictions": [45, 249, 402, 403, 404, 250, 16, 406, 407, 17, 46, 4, 4], "target_tokens": ["[IN:CREATE_ALARM", "[SL:ALARM_NAME", "@ptr6", "@ptr7", "@ptr8", "@ptr9", "@ptr10", "SL:ALARM_NAME]", "[SL:DATE_TIME", "@ptr11", "@ptr12", "SL:DATE_TIME]", "IN:CREATE_ALARM]"], "predicted_tokens": ["[IN:CREATE_ALARM", "[SL:ALARM_NAME", "@ptr7", "@ptr8", "@ptr9", "SL:ALARM_NAME]", "[SL:DATE_TIME", "@ptr11", "@ptr12", "SL:DATE_TIME]", "IN:CREATE_ALARM]"]}
{"loss": 0.9673151969909668, "class_log_probabilities": [-0.7044328451156616, -8.344690322875977, -8.481205940246582, -8.894218444824219], "predictions": [45, 16, 398, 399, 400, 401, 402, 403, 404, 405, 406, 17, 46, 4, 4, 4, 4], "target_tokens": ["[IN:CREATE_ALARM", "[SL:DATE_TIME", "@ptr3", "@ptr4", "@ptr5", "@ptr6", "@ptr7", "@ptr8", "@ptr9", "@ptr10", "@ptr11", "SL:DATE_TIME]", "IN:CREATE_ALARM]"], "predicted_tokens": ["[IN:CREATE_ALARM", "[SL:DATE_TIME", "@ptr3", "@ptr4", "@ptr5", "@ptr6", "@ptr7", "@ptr8", "@ptr9", "@ptr10", "@ptr11", "SL:DATE_TIME]", "IN:CREATE_ALARM]"]}
{"loss": 1.287977695465088, "class_log_probabilities": [-0.8433098196983337, -1.4873930215835571, -6.015825271606445, -6.440897464752197], "predictions": [159, 160, 4], "target_tokens": ["[IN:SILENCE_ALARM", "IN:SILENCE_ALARM]"], "predicted_tokens": ["[IN:SNOOZE_ALARM", "IN:SNOOZE_ALARM]"]}
{"loss": 0.9723218083381653, "class_log_probabilities": [-0.15185824036598206, -7.5078558921813965, -7.922295093536377, -8.199328422546387], "predictions": [213, 214, 4], "target_tokens": ["[IN:SILENCE_ALARM", "IN:SILENCE_ALARM]"], "predicted_tokens": ["[IN:SILENCE_ALARM", "IN:SILENCE_ALARM]"]}
{"loss": 0.9751372337341309, "class_log_probabilities": [-0.14657410979270935, -7.871964454650879, -8.025235176086426, -8.347346305847168], "predictions": [213, 214, 4], "target_tokens": ["[IN:SILENCE_ALARM", "IN:SILENCE_ALARM]"], "predicted_tokens": ["[IN:SILENCE_ALARM", "IN:SILENCE_ALARM]"]}
{"loss": 1.0453020334243774, "class_log_probabilities": [-1.8705062866210938, -2.9879860877990723, -4.055205345153809, -4.284847736358643], "predictions": [45, 16, 396, 397, 398, 399, 400, 17, 46, 4], "target_tokens": ["[IN:CREATE_ALARM", "[SL:DATE_TIME", "@ptr1", "@ptr2", "@ptr3", "@ptr4", "@ptr5", "SL:DATE_TIME]", "IN:CREATE_ALARM]"], "predicted_tokens": ["[IN:CREATE_ALARM", "[SL:DATE_TIME", "@ptr1", "@ptr2", "@ptr3", "@ptr4", "@ptr5", "SL:DATE_TIME]", "IN:CREATE_ALARM]"]}
{"loss": 0.9649345278739929, "class_log_probabilities": [-0.5198389291763306, -8.48533821105957, -9.01706600189209, -9.022937774658203], "predictions": [45, 16, 398, 399, 400, 401, 402, 17, 46, 4, 4], "target_tokens": ["[IN:CREATE_ALARM", "[SL:DATE_TIME", "@ptr3", "@ptr4", "@ptr5", "@ptr6", "@ptr7", "SL:DATE_TIME]", "IN:CREATE_ALARM]"], "predicted_tokens": ["[IN:CREATE_ALARM", "[SL:DATE_TIME", "@ptr3", "@ptr4", "@ptr5", "@ptr6", "@ptr7", "SL:DATE_TIME]", "IN:CREATE_ALARM]"]}
{"loss": 2.189518928527832, "class_log_probabilities": [-0.5930554866790771, -4.939682483673096, -5.649259567260742, -5.77419900894165], "predictions": [159, 16, 396, 397, 398, 17, 160, 4, 4], "target_tokens": ["[IN:CREATE_ALARM", "[SL:DATE_TIME", "@ptr1", "@ptr2", "@ptr3", "SL:DATE_TIME]", "IN:CREATE_ALARM]"], "predicted_tokens": ["[IN:SNOOZE_ALARM", "[SL:DATE_TIME", "@ptr1", "@ptr2", "@ptr3", "SL:DATE_TIME]", "IN:SNOOZE_ALARM]"]}
{"loss": 0.9651986956596375, "class_log_probabilities": [-0.5219917297363281, -8.715044021606445, -8.810547828674316, -8.95607852935791], "predictions": [45, 16, 399, 400, 401, 402, 403, 17, 46, 4, 4, 4, 4], "target_tokens": ["[IN:CREATE_ALARM", "[SL:DATE_TIME", "@ptr4", "@ptr5", "@ptr6", "@ptr7", "@ptr8", "SL:DATE_TIME]", "IN:CREATE_ALARM]"], "predicted_tokens": ["[IN:CREATE_ALARM", "[SL:DATE_TIME", "@ptr4", "@ptr5", "@ptr6", "@ptr7", "@ptr8", "SL:DATE_TIME]", "IN:CREATE_ALARM]"]}
{"loss": 0.9643324017524719, "class_log_probabilities": [-0.5276263952255249, -8.56180477142334, -9.108719825744629, -9.126035690307617], "predictions": [45, 16, 398, 399, 400, 401, 402, 17, 46, 4, 4], "target_tokens": ["[IN:CREATE_ALARM", "[SL:DATE_TIME", "@ptr3", "@ptr4", "@ptr5", "@ptr6", "@ptr7", "SL:DATE_TIME]", "IN:CREATE_ALARM]"], "predicted_tokens": ["[IN:CREATE_ALARM", "[SL:DATE_TIME", "@ptr3", "@ptr4", "@ptr5", "@ptr6", "@ptr7", "SL:DATE_TIME]", "IN:CREATE_ALARM]"]}
{"loss": 0.9683399796485901, "class_log_probabilities": [-0.6458730697631836, -8.303617477416992, -8.444286346435547, -8.72380542755127], "predictions": [45, 16, 398, 399, 400, 401, 402, 403, 404, 405, 17, 46, 4, 4, 4, 4, 4, 4], "target_tokens": ["[IN:CREATE_ALARM", "[SL:DATE_TIME", "@ptr3", "@ptr4", "@ptr5", "@ptr6", "@ptr7", "@ptr8", "@ptr9", "@ptr10", "SL:DATE_TIME]", "IN:CREATE_ALARM]"], "predicted_tokens": ["[IN:CREATE_ALARM", "[SL:DATE_TIME", "@ptr3", "@ptr4", "@ptr5", "@ptr6", "@ptr7", "@ptr8", "@ptr9", "@ptr10", "SL:DATE_TIME]", "IN:CREATE_ALARM]"]}
{"loss": 0.9640541672706604, "class_log_probabilities": [-0.6724116206169128, -7.851905822753906, -8.01666259765625, -13.159838676452637], "predictions": [45, 16, 398, 399, 400, 401, 402, 403, 404, 17, 46, 4, 4, 4, 4, 4, 4], "target_tokens": ["[IN:CREATE_ALARM", "[SL:DATE_TIME", "@ptr3", "@ptr4", "@ptr5", "@ptr6", "@ptr7", "@ptr8", "@ptr9", "SL:DATE_TIME]", "IN:CREATE_ALARM]"], "predicted_tokens": ["[IN:CREATE_ALARM", "[SL:DATE_TIME", "@ptr3", "@ptr4", "@ptr5", "@ptr6", "@ptr7", "@ptr8", "@ptr9", "SL:DATE_TIME]", "IN:CREATE_ALARM]"]}
{"loss": 0.9660882353782654, "class_log_probabilities": [-0.6655591726303101, -8.134139060974121, -8.317455291748047, -8.413719177246094], "predictions": [45, 16, 398, 399, 400, 401, 402, 403, 404, 405, 17, 46, 4, 4], "target_tokens": ["[IN:CREATE_ALARM", "[SL:DATE_TIME", "@ptr3", "@ptr4", "@ptr5", "@ptr6", "@ptr7", "@ptr8", "@ptr9", "@ptr10", "SL:DATE_TIME]", "IN:CREATE_ALARM]"], "predicted_tokens": ["[IN:CREATE_ALARM", "[SL:DATE_TIME", "@ptr3", "@ptr4", "@ptr5", "@ptr6", "@ptr7", "@ptr8", "@ptr9", "@ptr10", "SL:DATE_TIME]", "IN:CREATE_ALARM]"]}
{"loss": 0.9638760685920715, "class_log_probabilities": [-0.5333899855613708, -8.737771987915039, -8.850174903869629, -8.965080261230469], "predictions": [45, 16, 398, 399, 400, 401, 402, 17, 46, 4, 4], "target_tokens": ["[IN:CREATE_ALARM", "[SL:DATE_TIME", "@ptr3", "@ptr4", "@ptr5", "@ptr6", "@ptr7", "SL:DATE_TIME]", "IN:CREATE_ALARM]"], "predicted_tokens": ["[IN:CREATE_ALARM", "[SL:DATE_TIME", "@ptr3", "@ptr4", "@ptr5", "@ptr6", "@ptr7", "SL:DATE_TIME]", "IN:CREATE_ALARM]"]}
{"loss": 0.9713101387023926, "class_log_probabilities": [-0.3967272639274597, -6.518744468688965, -6.949448108673096, -7.473675727844238], "predictions": [159, 16, 398, 399, 400, 17, 160, 4], "target_tokens": ["[IN:SNOOZE_ALARM", "[SL:DATE_TIME", "@ptr3", "@ptr4", "@ptr5", "SL:DATE_TIME]", "IN:SNOOZE_ALARM]"], "predicted_tokens": ["[IN:SNOOZE_ALARM", "[SL:DATE_TIME", "@ptr3", "@ptr4", "@ptr5", "SL:DATE_TIME]", "IN:SNOOZE_ALARM]"]}
{"loss": 2.3987443447113037, "class_log_probabilities": [-0.4079015254974365, -4.564256191253662, -5.29071569442749, -5.438843727111816], "predictions": [259, 260, 4], "target_tokens": ["[IN:SNOOZE_ALARM", "IN:SNOOZE_ALARM]"], "predicted_tokens": ["[IN:UPDATE_ALARM", "IN:UPDATE_ALARM]"]}
{"loss": 1.6984790563583374, "class_log_probabilities": [-0.7717999219894409, -7.138985633850098, -7.468667507171631, -7.641561031341553], "predictions": [45, 16, 400, 401, 402, 403, 404, 17, 16, 405, 406, 407, 408, 409, 17, 46, 4, 4], "target_tokens": ["[IN:CREATE_ALARM", "[SL:DATE_TIME", "@ptr10", "@ptr11", "@ptr12", "@ptr13", "@ptr14", "SL:DATE_TIME]", "[SL:DATE_TIME", "@ptr5", "@ptr6", "@ptr7", "@ptr8", "@ptr9", "SL:DATE_TIME]", "IN:CREATE_ALARM]"], "predicted_tokens": ["[IN:CREATE_ALARM", "[SL:DATE_TIME", "@ptr5", "@ptr6", "@ptr7", "@ptr8", "@ptr9", "SL:DATE_TIME]", "[SL:DATE_TIME", "@ptr10", "@ptr11", "@ptr12", "@ptr13", "@ptr14", "SL:DATE_TIME]", "IN:CREATE_ALARM]"]}
{"loss": 0.9717219471931458, "class_log_probabilities": [-0.6202617287635803, -7.587897300720215, -7.837490081787109, -8.25333309173584], "predictions": [45, 16, 401, 402, 403, 404, 405, 406, 407, 408, 17, 46, 4, 4], "target_tokens": ["[IN:CREATE_ALARM", "[SL:DATE_TIME", "@ptr6", "@ptr7", "@ptr8", "@ptr9", "@ptr10", "@ptr11", "@ptr12", "@ptr13", "SL:DATE_TIME]", "IN:CREATE_ALARM]"], "predicted_tokens": ["[IN:CREATE_ALARM", "[SL:DATE_TIME", "@ptr6", "@ptr7", "@ptr8", "@ptr9", "@ptr10", "@ptr11", "@ptr12", "@ptr13", "SL:DATE_TIME]", "IN:CREATE_ALARM]"]}
{"loss": 0.9669850468635559, "class_log_probabilities": [-0.6560121774673462, -8.212714195251465, -8.444597244262695, -8.728499412536621], "predictions": [45, 16, 398, 399, 400, 401, 402, 403, 404, 405, 17, 46, 4, 4, 4, 4, 4], "target_tokens": ["[IN:CREATE_ALARM", "[SL:DATE_TIME", "@ptr3", "@ptr4", "@ptr5", "@ptr6", "@ptr7", "@ptr8", "@ptr9", "@ptr10", "SL:DATE_TIME]", "IN:CREATE_ALARM]"], "predicted_tokens": ["[IN:CREATE_ALARM", "[SL:DATE_TIME", "@ptr3", "@ptr4", "@ptr5", "@ptr6", "@ptr7", "@ptr8", "@ptr9", "@ptr10", "SL:DATE_TIME]", "IN:CREATE_ALARM]"]}
{"loss": 0.9652956128120422, "class_log_probabilities": [-0.5157236456871033, -8.73830795288086, -8.852566719055176, -9.096749305725098], "predictions": [45, 16, 398, 399, 400, 401, 402, 17, 46, 4], "target_tokens": ["[IN:CREATE_ALARM", "[SL:DATE_TIME", "@ptr3", "@ptr4", "@ptr5", "@ptr6", "@ptr7", "SL:DATE_TIME]", "IN:CREATE_ALARM]"], "predicted_tokens": ["[IN:CREATE_ALARM", "[SL:DATE_TIME", "@ptr3", "@ptr4", "@ptr5", "@ptr6", "@ptr7", "SL:DATE_TIME]", "IN:CREATE_ALARM]"]}
{"loss": 1.1855775117874146, "class_log_probabilities": [-2.2359020709991455, -2.2522099018096924, -3.8835222721099854, -3.9823055267333984], "predictions": [45, 141, 398, 142, 16, 399, 400, 401, 402, 403, 404, 405, 406, 407, 17, 16, 408, 409, 410, 411, 412, 17, 46, 4], "target_tokens": ["[IN:CREATE_ALARM", "[SL:PERIOD", "@ptr3", "SL:PERIOD]", "[SL:DATE_TIME", "@ptr5", "@ptr6", "@ptr7", "@ptr8", "@ptr9", "@ptr10", "@ptr11", "@ptr12", "SL:DATE_TIME]", "[SL:DATE_TIME", "@ptr13", "@ptr14", "@ptr15", "@ptr16", "@ptr17", "SL:DATE_TIME]", "IN:CREATE_ALARM]"], "predicted_tokens": ["[IN:CREATE_ALARM", "[SL:PERIOD", "@ptr3", "SL:PERIOD]", "[SL:DATE_TIME", "@ptr4", "@ptr5", "@ptr6", "@ptr7", "@ptr8", "@ptr9", "@ptr10", "@ptr11", "@ptr12", "SL:DATE_TIME]", "[SL:DATE_TIME", "@ptr13", "@ptr14", "@ptr15", "@ptr16", "@ptr17", "SL:DATE_TIME]", "IN:CREATE_ALARM]"]}
{"loss": 0.9659019708633423, "class_log_probabilities": [-0.6694450378417969, -8.115769386291504, -8.212822914123535, -8.339909553527832], "predictions": [45, 16, 398, 399, 400, 401, 402, 403, 404, 405, 17, 46, 4, 4], "target_tokens": ["[IN:CREATE_ALARM", "[SL:DATE_TIME", "@ptr3", "@ptr4", "@ptr5", "@ptr6", "@ptr7", "@ptr8", "@ptr9", "@ptr10", "SL:DATE_TIME]", "IN:CREATE_ALARM]"], "predicted_tokens": ["[IN:CREATE_ALARM", "[SL:DATE_TIME", "@ptr3", "@ptr4", "@ptr5", "@ptr6", "@ptr7", "@ptr8", "@ptr9", "@ptr10", "SL:DATE_TIME]", "IN:CREATE_ALARM]"]}
{"loss": 0.9757565259933472, "class_log_probabilities": [-0.6256040334701538, -7.576324939727783, -7.701315879821777, -7.8669891357421875], "predictions": [45, 16, 398, 399, 400, 401, 402, 17, 249, 406, 250, 46, 4, 4], "target_tokens": ["[IN:CREATE_ALARM", "[SL:DATE_TIME", "@ptr3", "@ptr4", "@ptr5", "@ptr6", "@ptr7", "SL:DATE_TIME]", "[SL:ALARM_NAME", "@ptr11", "SL:ALARM_NAME]", "IN:CREATE_ALARM]"], "predicted_tokens": ["[IN:CREATE_ALARM", "[SL:DATE_TIME", "@ptr3", "@ptr4", "@ptr5", "@ptr6", "@ptr7", "SL:DATE_TIME]", "[SL:ALARM_NAME", "@ptr11", "SL:ALARM_NAME]", "IN:CREATE_ALARM]"]}
{"loss": 1.997583270072937, "class_log_probabilities": [-0.5862867832183838, -7.856074333190918, -7.980759620666504, -8.034116744995117], "predictions": [45, 16, 400, 401, 402, 403, 404, 405, 406, 17, 46, 4, 4, 4, 4, 4], "target_tokens": ["[IN:CREATE_ALARM", "[SL:ALARM_NAME", "@ptr4", "SL:ALARM_NAME]", "[SL:DATE_TIME", "@ptr5", "@ptr6", "@ptr7", "@ptr8", "@ptr9", "@ptr10", "@ptr11", "SL:DATE_TIME]", "IN:CREATE_ALARM]"], "predicted_tokens": ["[IN:CREATE_ALARM", "[SL:DATE_TIME", "@ptr5", "@ptr6", "@ptr7", "@ptr8", "@ptr9", "@ptr10", "@ptr11", "SL:DATE_TIME]", "IN:CREATE_ALARM]"]}
{"loss": 0.9737918972969055, "class_log_probabilities": [-0.7189649343490601, -7.013195037841797, -7.357624053955078, -7.382149696350098], "predictions": [45, 249, 399, 400, 401, 250, 16, 402, 403, 404, 405, 406, 17, 46, 4, 4], "target_tokens": ["[IN:CREATE_ALARM", "[SL:ALARM_NAME", "@ptr4", "@ptr5", "@ptr6", "SL:ALARM_NAME]", "[SL:DATE_TIME", "@ptr7", "@ptr8", "@ptr9", "@ptr10", "@ptr11", "SL:DATE_TIME]", "IN:CREATE_ALARM]"], "predicted_tokens": ["[IN:CREATE_ALARM", "[SL:ALARM_NAME", "@ptr4", "@ptr5", "@ptr6", "SL:ALARM_NAME]", "[SL:DATE_TIME", "@ptr7", "@ptr8", "@ptr9", "@ptr10", "@ptr11", "SL:DATE_TIME]", "IN:CREATE_ALARM]"]}
{"loss": 2.0052030086517334, "class_log_probabilities": [-0.5690498352050781, -4.588899612426758, -7.678128242492676, -7.773393154144287], "predictions": [45, 16, 400, 401, 402, 403, 404, 405, 17, 46, 4, 4, 4, 4, 4], "target_tokens": ["[IN:CREATE_ALARM", "[SL:ALARM_NAME", "@ptr4", "SL:ALARM_NAME]", "[SL:DATE_TIME", "@ptr5", "@ptr6", "@ptr7", "@ptr8", "@ptr9", "@ptr10", "SL:DATE_TIME]", "IN:CREATE_ALARM]"], "predicted_tokens": ["[IN:CREATE_ALARM", "[SL:DATE_TIME", "@ptr5", "@ptr6", "@ptr7", "@ptr8", "@ptr9", "@ptr10", "SL:DATE_TIME]", "IN:CREATE_ALARM]"]}
{"loss": 1.3502106666564941, "class_log_probabilities": [-1.5114246606826782, -2.1099369525909424, -2.3234400749206543, -2.96697998046875], "predictions": [45, 249, 401, 402, 250, 16, 404, 405, 406, 407, 408, 409, 410, 17, 46, 4], "target_tokens": ["[IN:CREATE_ALARM", "[SL:ALARM_NAME", "@ptr6", "@ptr7", "@ptr8", "SL:ALARM_NAME]", "[SL:DATE_TIME", "@ptr9", "@ptr10", "@ptr11", "@ptr12", "@ptr13", "@ptr14", "@ptr15", "SL:DATE_TIME]", "IN:CREATE_ALARM]"], "predicted_tokens": ["[IN:CREATE_ALARM", "[SL:ALARM_NAME", "@ptr6", "@ptr7", "SL:ALARM_NAME]", "[SL:DATE_TIME", "@ptr9", "@ptr10", "@ptr11", "@ptr12", "@ptr13", "@ptr14", "@ptr15", "SL:DATE_TIME]", "IN:CREATE_ALARM]"]}
{"loss": 0.9724761843681335, "class_log_probabilities": [-0.5743700861930847, -4.364442825317383, -6.447386741638184, -7.322783470153809], "predictions": [259, 16, 398, 399, 400, 401, 402, 17, 260, 4], "target_tokens": ["[IN:UPDATE_ALARM", "[SL:DATE_TIME", "@ptr3", "@ptr4", "@ptr5", "@ptr6", "@ptr7", "SL:DATE_TIME]", "IN:UPDATE_ALARM]"], "predicted_tokens": ["[IN:UPDATE_ALARM", "[SL:DATE_TIME", "@ptr3", "@ptr4", "@ptr5", "@ptr6", "@ptr7", "SL:DATE_TIME]", "IN:UPDATE_ALARM]"]}
{"loss": 0.9829770922660828, "class_log_probabilities": [-0.13271108269691467, -8.342657089233398, -8.354413032531738, -8.437719345092773], "predictions": [19, 22, 4], "target_tokens": ["[IN:GET_ALARM", "IN:GET_ALARM]"], "predicted_tokens": ["[IN:GET_ALARM", "IN:GET_ALARM]"]}
{"loss": 0.9775461554527283, "class_log_probabilities": [-0.2990109324455261, -7.591507911682129, -7.647037029266357, -7.756298542022705], "predictions": [19, 120, 399, 121, 22, 4, 4, 4], "target_tokens": ["[IN:GET_ALARM", "[SL:AMOUNT", "@ptr4", "SL:AMOUNT]", "IN:GET_ALARM]"], "predicted_tokens": ["[IN:GET_ALARM", "[SL:AMOUNT", "@ptr4", "SL:AMOUNT]", "IN:GET_ALARM]"]}
{"loss": 2.121753692626953, "class_log_probabilities": [-0.4352693557739258, -7.855040073394775, -8.184805870056152, -8.269964218139648], "predictions": [119, 16, 398, 399, 400, 401, 17, 122, 4], "target_tokens": ["[IN:DELETE_ALARM", "[SL:DATE_TIME", "@ptr5", "@ptr6", "SL:DATE_TIME]", "IN:DELETE_ALARM]"], "predicted_tokens": ["[IN:DELETE_ALARM", "[SL:DATE_TIME", "@ptr3", "@ptr4", "@ptr5", "@ptr6", "SL:DATE_TIME]", "IN:DELETE_ALARM]"]}
{"loss": 2.085561990737915, "class_log_probabilities": [-0.3080920875072479, -6.082101345062256, -6.881836414337158, -7.133734226226807], "predictions": [213, 120, 396, 121, 214, 4], "target_tokens": ["[IN:DELETE_ALARM", "[SL:AMOUNT", "@ptr1", "SL:AMOUNT]", "IN:DELETE_ALARM]"], "predicted_tokens": ["[IN:SILENCE_ALARM", "[SL:AMOUNT", "@ptr1", "SL:AMOUNT]", "IN:SILENCE_ALARM]"]}
{"loss": 0.9702240824699402, "class_log_probabilities": [-0.14716413617134094, -8.1246919631958, -8.67135238647461, -8.680922508239746], "predictions": [45, 46, 4, 4], "target_tokens": ["[IN:CREATE_ALARM", "IN:CREATE_ALARM]"], "predicted_tokens": ["[IN:CREATE_ALARM", "IN:CREATE_ALARM]"]}
{"loss": 0.9653937816619873, "class_log_probabilities": [-0.4143451750278473, -8.684252738952637, -8.905503273010254, -8.960403442382812], "predictions": [45, 16, 398, 399, 400, 17, 46, 4, 4], "target_tokens": ["[IN:CREATE_ALARM", "[SL:DATE_TIME", "@ptr3", "@ptr4", "@ptr5", "SL:DATE_TIME]", "IN:CREATE_ALARM]"], "predicted_tokens": ["[IN:CREATE_ALARM", "[SL:DATE_TIME", "@ptr3", "@ptr4", "@ptr5", "SL:DATE_TIME]", "IN:CREATE_ALARM]"]}
{"loss": 0.9725236892700195, "class_log_probabilities": [-0.14270910620689392, -8.261136054992676, -8.440861701965332, -8.734682083129883], "predictions": [45, 46, 4, 4], "target_tokens": ["[IN:CREATE_ALARM", "IN:CREATE_ALARM]"], "predicted_tokens": ["[IN:CREATE_ALARM", "IN:CREATE_ALARM]"]}
{"loss": 0.9700691103935242, "class_log_probabilities": [-0.14738863706588745, -8.236871719360352, -8.668282508850098, -8.902233123779297], "predictions": [45, 46, 4, 4, 4], "target_tokens": ["[IN:CREATE_ALARM", "IN:CREATE_ALARM]"], "predicted_tokens": ["[IN:CREATE_ALARM", "IN:CREATE_ALARM]"]}
{"loss": 0.9639789462089539, "class_log_probabilities": [-0.5317020416259766, -8.419598579406738, -9.079841613769531, -9.226518630981445], "predictions": [45, 16, 398, 399, 400, 401, 402, 17, 46, 4, 4], "target_tokens": ["[IN:CREATE_ALARM", "[SL:DATE_TIME", "@ptr3", "@ptr4", "@ptr5", "@ptr6", "@ptr7", "SL:DATE_TIME]", "IN:CREATE_ALARM]"], "predicted_tokens": ["[IN:CREATE_ALARM", "[SL:DATE_TIME", "@ptr3", "@ptr4", "@ptr5", "@ptr6", "@ptr7", "SL:DATE_TIME]", "IN:CREATE_ALARM]"]}
{"loss": 0.9641917943954468, "class_log_probabilities": [-0.5271292328834534, -8.294778823852539, -8.557439804077148, -8.787688255310059], "predictions": [45, 16, 398, 399, 400, 401, 402, 17, 46, 4, 4], "target_tokens": ["[IN:CREATE_ALARM", "[SL:DATE_TIME", "@ptr3", "@ptr4", "@ptr5", "@ptr6", "@ptr7", "SL:DATE_TIME]", "IN:CREATE_ALARM]"], "predicted_tokens": ["[IN:CREATE_ALARM", "[SL:DATE_TIME", "@ptr3", "@ptr4", "@ptr5", "@ptr6", "@ptr7", "SL:DATE_TIME]", "IN:CREATE_ALARM]"]}
{"loss": 3.5819756984710693, "class_log_probabilities": [-0.24424141645431519, -5.006190776824951, -6.869405746459961, -7.18141508102417], "predictions": [213, 214, 4], "target_tokens": ["[IN:CREATE_ALARM", "IN:CREATE_ALARM]"], "predicted_tokens": ["[IN:SILENCE_ALARM", "IN:SILENCE_ALARM]"]}
{"loss": 2.000440835952759, "class_log_probabilities": [-1.2684974670410156, -2.7717080116271973, -4.312894344329834, -4.840382099151611], "predictions": [213, 120, 396, 121, 90, 400, 91, 214, 4], "target_tokens": ["[IN:SILENCE_ALARM", "[SL:AMOUNT", "@ptr1", "SL:AMOUNT]", "IN:SILENCE_ALARM]"], "predicted_tokens": ["[IN:SILENCE_ALARM", "[SL:AMOUNT", "@ptr1", "SL:AMOUNT]", "[SL:METHOD_TIMER", "@ptr5", "SL:METHOD_TIMER]", "IN:SILENCE_ALARM]"]}
{"loss": 0.9857106804847717, "class_log_probabilities": [-0.12971870601177216, -8.17721939086914, -8.255355834960938, -8.321331977844238], "predictions": [19, 22, 4], "target_tokens": ["[IN:GET_ALARM", "IN:GET_ALARM]"], "predicted_tokens": ["[IN:GET_ALARM", "IN:GET_ALARM]"]}
{"loss": 0.9847798943519592, "class_log_probabilities": [-0.13064610958099365, -7.837558746337891, -8.195501327514648, -8.208880424499512], "predictions": [19, 22, 4], "target_tokens": ["[IN:GET_ALARM", "IN:GET_ALARM]"], "predicted_tokens": ["[IN:GET_ALARM", "IN:GET_ALARM]"]}
{"loss": 3.570554256439209, "class_log_probabilities": [-0.6239789128303528, -6.205167770385742, -6.284704685211182, -6.307650566101074], "predictions": [19, 120, 396, 121, 16, 399, 17, 22, 4], "target_tokens": ["[IN:GET_ALARM", "[SL:AMOUNT", "@ptr1", "SL:AMOUNT]", "[SL:ALARM_NAME", "@ptr3", "@ptr4", "SL:ALARM_NAME]", "IN:GET_ALARM]"], "predicted_tokens": ["[IN:GET_ALARM", "[SL:AMOUNT", "@ptr1", "SL:AMOUNT]", "[SL:DATE_TIME", "@ptr4", "SL:DATE_TIME]", "IN:GET_ALARM]"]}
{"loss": 0.9646555185317993, "class_log_probabilities": [-0.5218610763549805, -8.365266799926758, -9.025546073913574, -9.067892074584961], "predictions": [45, 16, 398, 399, 400, 401, 402, 17, 46, 4, 4], "target_tokens": ["[IN:CREATE_ALARM", "[SL:DATE_TIME", "@ptr3", "@ptr4", "@ptr5", "@ptr6", "@ptr7", "SL:DATE_TIME]", "IN:CREATE_ALARM]"], "predicted_tokens": ["[IN:CREATE_ALARM", "[SL:DATE_TIME", "@ptr3", "@ptr4", "@ptr5", "@ptr6", "@ptr7", "SL:DATE_TIME]", "IN:CREATE_ALARM]"]}
{"loss": 0.965121328830719, "class_log_probabilities": [-0.6333484649658203, -8.5454740524292, -8.646008491516113, -8.831718444824219], "predictions": [45, 16, 398, 399, 400, 401, 402, 403, 404, 17, 46, 4, 4, 4, 4, 4], "target_tokens": ["[IN:CREATE_ALARM", "[SL:DATE_TIME", "@ptr3", "@ptr4", "@ptr5", "@ptr6", "@ptr7", "@ptr8", "@ptr9", "SL:DATE_TIME]", "IN:CREATE_ALARM]"], "predicted_tokens": ["[IN:CREATE_ALARM", "[SL:DATE_TIME", "@ptr3", "@ptr4", "@ptr5", "@ptr6", "@ptr7", "@ptr8", "@ptr9", "SL:DATE_TIME]", "IN:CREATE_ALARM]"]}
{"loss": 1.228211522102356, "class_log_probabilities": [-1.560449481010437, -4.209888935089111, -4.643614768981934, -4.8364481925964355], "predictions": [89, 141, 398, 399, 142, 16, 400, 401, 402, 17, 92, 4], "target_tokens": ["[IN:CREATE_ALARM", "[SL:PERIOD", "@ptr3", "@ptr4", "SL:PERIOD]", "[SL:DATE_TIME", "@ptr5", "@ptr6", "@ptr7", "SL:DATE_TIME]", "IN:CREATE_ALARM]"], "predicted_tokens": ["[IN:CREATE_TIMER", "[SL:PERIOD", "@ptr3", "@ptr4", "SL:PERIOD]", "[SL:DATE_TIME", "@ptr5", "@ptr6", "@ptr7", "SL:DATE_TIME]", "IN:CREATE_TIMER]"]}
{"loss": 0.9757673144340515, "class_log_probabilities": [-0.4782083034515381, -7.734993934631348, -7.806063175201416, -8.312906265258789], "predictions": [259, 16, 398, 399, 400, 401, 402, 17, 260, 4], "target_tokens": ["[IN:UPDATE_ALARM", "[SL:DATE_TIME", "@ptr3", "@ptr4", "@ptr5", "@ptr6", "@ptr7", "SL:DATE_TIME]", "IN:UPDATE_ALARM]"], "predicted_tokens": ["[IN:UPDATE_ALARM", "[SL:DATE_TIME", "@ptr3", "@ptr4", "@ptr5", "@ptr6", "@ptr7", "SL:DATE_TIME]", "IN:UPDATE_ALARM]"]}
{"loss": 0.96470046043396, "class_log_probabilities": [-0.4751614034175873, -7.711062908172607, -7.725722789764404, -8.28308391571045], "predictions": [45, 16, 401, 402, 403, 404, 17, 46, 4], "target_tokens": ["[IN:CREATE_ALARM", "[SL:DATE_TIME", "@ptr6", "@ptr7", "@ptr8", "@ptr9", "SL:DATE_TIME]", "IN:CREATE_ALARM]"], "predicted_tokens": ["[IN:CREATE_ALARM", "[SL:DATE_TIME", "@ptr6", "@ptr7", "@ptr8", "@ptr9", "SL:DATE_TIME]", "IN:CREATE_ALARM]"]}
{"loss": 0.9659366011619568, "class_log_probabilities": [-0.6142853498458862, -8.36074447631836, -8.52849006652832, -8.796963691711426], "predictions": [45, 16, 398, 399, 400, 401, 402, 403, 404, 17, 46, 4, 4, 4, 4, 4], "target_tokens": ["[IN:CREATE_ALARM", "[SL:DATE_TIME", "@ptr3", "@ptr4", "@ptr5", "@ptr6", "@ptr7", "@ptr8", "@ptr9", "SL:DATE_TIME]", "IN:CREATE_ALARM]"], "predicted_tokens": ["[IN:CREATE_ALARM", "[SL:DATE_TIME", "@ptr3", "@ptr4", "@ptr5", "@ptr6", "@ptr7", "@ptr8", "@ptr9", "SL:DATE_TIME]", "IN:CREATE_ALARM]"]}
{"loss": 0.9754390716552734, "class_log_probabilities": [-0.8211061358451843, -4.226308822631836, -6.326176166534424, -6.443408012390137], "predictions": [45, 141, 398, 399, 400, 142, 16, 401, 402, 403, 17, 46, 4, 4], "target_tokens": ["[IN:CREATE_ALARM", "[SL:PERIOD", "@ptr3", "@ptr4", "@ptr5", "SL:PERIOD]", "[SL:DATE_TIME", "@ptr6", "@ptr7", "@ptr8", "SL:DATE_TIME]", "IN:CREATE_ALARM]"], "predicted_tokens": ["[IN:CREATE_ALARM", "[SL:PERIOD", "@ptr3", "@ptr4", "@ptr5", "SL:PERIOD]", "[SL:DATE_TIME", "@ptr6", "@ptr7", "@ptr8", "SL:DATE_TIME]", "IN:CREATE_ALARM]"]}
{"loss": 1.928823709487915, "class_log_probabilities": [-0.4807429909706116, -4.0009765625, -6.110067367553711, -6.53658390045166], "predictions": [259, 16, 398, 399, 400, 17, 260, 4], "target_tokens": ["[IN:SNOOZE_ALARM", "[SL:DATE_TIME", "@ptr3", "@ptr4", "@ptr5", "SL:DATE_TIME]", "IN:SNOOZE_ALARM]"], "predicted_tokens": ["[IN:UPDATE_ALARM", "[SL:DATE_TIME", "@ptr3", "@ptr4", "@ptr5", "SL:DATE_TIME]", "IN:UPDATE_ALARM]"]}
{"loss": 0.9644889831542969, "class_log_probabilities": [-0.5260443687438965, -8.486062049865723, -9.043307304382324, -9.116959571838379], "predictions": [45, 16, 398, 399, 400, 401, 402, 17, 46, 4, 4], "target_tokens": ["[IN:CREATE_ALARM", "[SL:DATE_TIME", "@ptr3", "@ptr4", "@ptr5", "@ptr6", "@ptr7", "SL:DATE_TIME]", "IN:CREATE_ALARM]"], "predicted_tokens": ["[IN:CREATE_ALARM", "[SL:DATE_TIME", "@ptr3", "@ptr4", "@ptr5", "@ptr6", "@ptr7", "SL:DATE_TIME]", "IN:CREATE_ALARM]"]}
{"loss": 1.6663265228271484, "class_log_probabilities": [-0.5834876298904419, -7.973639488220215, -8.61710262298584, -8.661914825439453], "predictions": [45, 16, 398, 399, 400, 401, 402, 403, 404, 17, 46, 4, 4], "target_tokens": ["[IN:CREATE_ALARM", "[SL:DATE_TIME", "@ptr4", "@ptr5", "@ptr6", "@ptr7", "@ptr8", "@ptr9", "SL:DATE_TIME]", "IN:CREATE_ALARM]"], "predicted_tokens": ["[IN:CREATE_ALARM", "[SL:DATE_TIME", "@ptr3", "@ptr4", "@ptr5", "@ptr6", "@ptr7", "@ptr8", "@ptr9", "SL:DATE_TIME]", "IN:CREATE_ALARM]"]}
{"loss": 0.9944367408752441, "class_log_probabilities": [-0.12138164043426514, -8.047052383422852, -8.129051208496094, -8.21528434753418], "predictions": [119, 122, 4], "target_tokens": ["[IN:DELETE_ALARM", "IN:DELETE_ALARM]"], "predicted_tokens": ["[IN:DELETE_ALARM", "IN:DELETE_ALARM]"]}
{"loss": 0.9641952514648438, "class_log_probabilities": [-0.529245913028717, -8.66070556640625, -8.92149543762207, -9.149126052856445], "predictions": [45, 16, 398, 399, 400, 401, 402, 17, 46, 4, 4], "target_tokens": ["[IN:CREATE_ALARM", "[SL:DATE_TIME", "@ptr3", "@ptr4", "@ptr5", "@ptr6", "@ptr7", "SL:DATE_TIME]", "IN:CREATE_ALARM]"], "predicted_tokens": ["[IN:CREATE_ALARM", "[SL:DATE_TIME", "@ptr3", "@ptr4", "@ptr5", "@ptr6", "@ptr7", "SL:DATE_TIME]", "IN:CREATE_ALARM]"]}
{"loss": 0.9681915640830994, "class_log_probabilities": [-0.6944530010223389, -8.139373779296875, -8.428428649902344, -8.471651077270508], "predictions": [45, 16, 398, 399, 400, 401, 402, 403, 404, 405, 406, 17, 46, 4, 4, 4, 4, 4], "target_tokens": ["[IN:CREATE_ALARM", "[SL:DATE_TIME", "@ptr3", "@ptr4", "@ptr5", "@ptr6", "@ptr7", "@ptr8", "@ptr9", "@ptr10", "@ptr11", "SL:DATE_TIME]", "IN:CREATE_ALARM]"], "predicted_tokens": ["[IN:CREATE_ALARM", "[SL:DATE_TIME", "@ptr3", "@ptr4", "@ptr5", "@ptr6", "@ptr7", "@ptr8", "@ptr9", "@ptr10", "@ptr11", "SL:DATE_TIME]", "IN:CREATE_ALARM]"]}
{"loss": 0.9725050926208496, "class_log_probabilities": [-0.4073725938796997, -7.393923282623291, -7.524654865264893, -7.604616165161133], "predictions": [45, 141, 398, 399, 400, 142, 46, 4], "target_tokens": ["[IN:CREATE_ALARM", "[SL:PERIOD", "@ptr3", "@ptr4", "@ptr5", "SL:PERIOD]", "IN:CREATE_ALARM]"], "predicted_tokens": ["[IN:CREATE_ALARM", "[SL:PERIOD", "@ptr3", "@ptr4", "@ptr5", "SL:PERIOD]", "IN:CREATE_ALARM]"]}
{"loss": 0.9831619262695312, "class_log_probabilities": [-0.1323067545890808, -8.324599266052246, -8.38201904296875, -8.506479263305664], "predictions": [19, 22, 4], "target_tokens": ["[IN:GET_ALARM", "IN:GET_ALARM]"], "predicted_tokens": ["[IN:GET_ALARM", "IN:GET_ALARM]"]}
{"loss": 1.1828161478042603, "class_log_probabilities": [-1.0663127899169922, -1.9147299528121948, -5.239584445953369, -6.587560653686523], "predictions": [45, 249, 399, 400, 250, 46, 4], "target_tokens": ["[IN:CREATE_ALARM", "[SL:ALARM_NAME", "@ptr5", "SL:ALARM_NAME]", "IN:CREATE_ALARM]"], "predicted_tokens": ["[IN:CREATE_ALARM", "[SL:ALARM_NAME", "@ptr4", "@ptr5", "SL:ALARM_NAME]", "IN:CREATE_ALARM]"]}
{"loss": 0.9746431708335876, "class_log_probabilities": [-0.1479678750038147, -7.775768756866455, -7.944308280944824, -8.03980541229248], "predictions": [19, 22, 4], "target_tokens": ["[IN:GET_ALARM", "IN:GET_ALARM]"], "predicted_tokens": ["[IN:GET_ALARM", "IN:GET_ALARM]"]}
{"loss": 0.9658310413360596, "class_log_probabilities": [-0.615730345249176, -8.342763900756836, -8.585943222045898, -8.838417053222656], "predictions": [45, 16, 398, 399, 400, 401, 402, 403, 404, 17, 46, 4, 4, 4, 4, 4], "target_tokens": ["[IN:CREATE_ALARM", "[SL:DATE_TIME", "@ptr3", "@ptr4", "@ptr5", "@ptr6", "@ptr7", "@ptr8", "@ptr9", "SL:DATE_TIME]", "IN:CREATE_ALARM]"], "predicted_tokens": ["[IN:CREATE_ALARM", "[SL:DATE_TIME", "@ptr3", "@ptr4", "@ptr5", "@ptr6", "@ptr7", "@ptr8", "@ptr9", "SL:DATE_TIME]", "IN:CREATE_ALARM]"]}
{"loss": 0.9802842140197754, "class_log_probabilities": [-0.13718783855438232, -7.719574928283691, -7.945056915283203, -8.073861122131348], "predictions": [19, 22, 4], "target_tokens": ["[IN:GET_ALARM", "IN:GET_ALARM]"], "predicted_tokens": ["[IN:GET_ALARM", "IN:GET_ALARM]"]}
{"loss": 0.9865517020225525, "class_log_probabilities": [-0.12878796458244324, -8.357691764831543, -8.381265640258789, -8.393518447875977], "predictions": [19, 22, 4, 4], "target_tokens": ["[IN:GET_ALARM", "IN:GET_ALARM]"], "predicted_tokens": ["[IN:GET_ALARM", "IN:GET_ALARM]"]}
{"loss": 0.9643597602844238, "class_log_probabilities": [-0.5268929600715637, -8.66324520111084, -9.018884658813477, -9.220129013061523], "predictions": [45, 16, 398, 399, 400, 401, 402, 17, 46, 4, 4], "target_tokens": ["[IN:CREATE_ALARM", "[SL:DATE_TIME", "@ptr3", "@ptr4", "@ptr5", "@ptr6", "@ptr7", "SL:DATE_TIME]", "IN:CREATE_ALARM]"], "predicted_tokens": ["[IN:CREATE_ALARM", "[SL:DATE_TIME", "@ptr3", "@ptr4", "@ptr5", "@ptr6", "@ptr7", "SL:DATE_TIME]", "IN:CREATE_ALARM]"]}
{"loss": 0.983604907989502, "class_log_probabilities": [-0.1320124715566635, -8.286137580871582, -8.350874900817871, -8.480194091796875], "predictions": [19, 22, 4], "target_tokens": ["[IN:GET_ALARM", "IN:GET_ALARM]"], "predicted_tokens": ["[IN:GET_ALARM", "IN:GET_ALARM]"]}
{"loss": 0.9858946800231934, "class_log_probabilities": [-0.12890098989009857, -8.010270118713379, -8.3624267578125, -8.466198921203613], "predictions": [19, 22, 4], "target_tokens": ["[IN:GET_ALARM", "IN:GET_ALARM]"], "predicted_tokens": ["[IN:GET_ALARM", "IN:GET_ALARM]"]}
{"loss": 0.9752629399299622, "class_log_probabilities": [-0.3646075427532196, -6.057022571563721, -6.70347785949707, -7.735925197601318], "predictions": [45, 141, 398, 399, 142, 46, 4], "target_tokens": ["[IN:CREATE_ALARM", "[SL:PERIOD", "@ptr3", "@ptr4", "SL:PERIOD]", "IN:CREATE_ALARM]"], "predicted_tokens": ["[IN:CREATE_ALARM", "[SL:PERIOD", "@ptr3", "@ptr4", "SL:PERIOD]", "IN:CREATE_ALARM]"]}
{"loss": 0.9647525548934937, "class_log_probabilities": [-0.5254610180854797, -8.510091781616211, -8.938029289245605, -9.217171669006348], "predictions": [45, 16, 398, 399, 400, 401, 402, 17, 46, 4, 4], "target_tokens": ["[IN:CREATE_ALARM", "[SL:DATE_TIME", "@ptr3", "@ptr4", "@ptr5", "@ptr6", "@ptr7", "SL:DATE_TIME]", "IN:CREATE_ALARM]"], "predicted_tokens": ["[IN:CREATE_ALARM", "[SL:DATE_TIME", "@ptr3", "@ptr4", "@ptr5", "@ptr6", "@ptr7", "SL:DATE_TIME]", "IN:CREATE_ALARM]"]}
{"loss": 0.9799017310142517, "class_log_probabilities": [-0.35859596729278564, -6.899091720581055, -7.289380073547363, -7.678720951080322], "predictions": [45, 141, 398, 399, 400, 142, 46, 4], "target_tokens": ["[IN:CREATE_ALARM", "[SL:PERIOD", "@ptr3", "@ptr4", "@ptr5", "SL:PERIOD]", "IN:CREATE_ALARM]"], "predicted_tokens": ["[IN:CREATE_ALARM", "[SL:PERIOD", "@ptr3", "@ptr4", "@ptr5", "SL:PERIOD]", "IN:CREATE_ALARM]"]}
{"loss": 0.9797384142875671, "class_log_probabilities": [-0.13766232132911682, -7.666584014892578, -8.16801643371582, -8.180729866027832], "predictions": [19, 22, 4], "target_tokens": ["[IN:GET_ALARM", "IN:GET_ALARM]"], "predicted_tokens": ["[IN:GET_ALARM", "IN:GET_ALARM]"]}
{"loss": 0.9821303486824036, "class_log_probabilities": [-0.1352238655090332, -7.341827392578125, -7.962662696838379, -8.215069770812988], "predictions": [19, 22, 4], "target_tokens": ["[IN:GET_ALARM", "IN:GET_ALARM]"], "predicted_tokens": ["[IN:GET_ALARM", "IN:GET_ALARM]"]}
{"loss": 0.965709388256073, "class_log_probabilities": [-0.6179218292236328, -8.279879570007324, -8.506258010864258, -8.85214900970459], "predictions": [45, 16, 398, 399, 400, 401, 402, 403, 404, 17, 46, 4, 4, 4, 4, 4], "target_tokens": ["[IN:CREATE_ALARM", "[SL:DATE_TIME", "@ptr3", "@ptr4", "@ptr5", "@ptr6", "@ptr7", "@ptr8", "@ptr9", "SL:DATE_TIME]", "IN:CREATE_ALARM]"], "predicted_tokens": ["[IN:CREATE_ALARM", "[SL:DATE_TIME", "@ptr3", "@ptr4", "@ptr5", "@ptr6", "@ptr7", "@ptr8", "@ptr9", "SL:DATE_TIME]", "IN:CREATE_ALARM]"]}
{"loss": 0.9857257008552551, "class_log_probabilities": [-0.658838152885437, -5.846714496612549, -6.9886603355407715, -7.70658540725708], "predictions": [259, 249, 399, 250, 16, 401, 402, 403, 404, 405, 406, 407, 17, 260, 4], "target_tokens": ["[IN:UPDATE_ALARM", "[SL:ALARM_NAME", "@ptr4", "SL:ALARM_NAME]", "[SL:DATE_TIME", "@ptr6", "@ptr7", "@ptr8", "@ptr9", "@ptr10", "@ptr11", "@ptr12", "SL:DATE_TIME]", "IN:UPDATE_ALARM]"], "predicted_tokens": ["[IN:UPDATE_ALARM", "[SL:ALARM_NAME", "@ptr4", "SL:ALARM_NAME]", "[SL:DATE_TIME", "@ptr6", "@ptr7", "@ptr8", "@ptr9", "@ptr10", "@ptr11", "@ptr12", "SL:DATE_TIME]", "IN:UPDATE_ALARM]"]}
{"loss": 0.9797384142875671, "class_log_probabilities": [-0.13766232132911682, -7.666584014892578, -8.16801643371582, -8.180729866027832], "predictions": [19, 22, 4], "target_tokens": ["[IN:GET_ALARM", "IN:GET_ALARM]"], "predicted_tokens": ["[IN:GET_ALARM", "IN:GET_ALARM]"]}
{"loss": 0.9643336534500122, "class_log_probabilities": [-0.5275423526763916, -8.536642074584961, -8.997968673706055, -9.22058391571045], "predictions": [45, 16, 398, 399, 400, 401, 402, 17, 46, 4, 4], "target_tokens": ["[IN:CREATE_ALARM", "[SL:DATE_TIME", "@ptr3", "@ptr4", "@ptr5", "@ptr6", "@ptr7", "SL:DATE_TIME]", "IN:CREATE_ALARM]"], "predicted_tokens": ["[IN:CREATE_ALARM", "[SL:DATE_TIME", "@ptr3", "@ptr4", "@ptr5", "@ptr6", "@ptr7", "SL:DATE_TIME]", "IN:CREATE_ALARM]"]}
{"loss": 0.9870495796203613, "class_log_probabilities": [-0.12759792804718018, -8.013555526733398, -8.34470272064209, -8.365708351135254], "predictions": [19, 22, 4], "target_tokens": ["[IN:GET_ALARM", "IN:GET_ALARM]"], "predicted_tokens": ["[IN:GET_ALARM", "IN:GET_ALARM]"]}
{"loss": 0.9649531245231628, "class_log_probabilities": [-0.6251420974731445, -8.351940155029297, -8.398862838745117, -8.581452369689941], "predictions": [45, 16, 398, 399, 400, 401, 402, 403, 404, 17, 46, 4], "target_tokens": ["[IN:CREATE_ALARM", "[SL:DATE_TIME", "@ptr3", "@ptr4", "@ptr5", "@ptr6", "@ptr7", "@ptr8", "@ptr9", "SL:DATE_TIME]", "IN:CREATE_ALARM]"], "predicted_tokens": ["[IN:CREATE_ALARM", "[SL:DATE_TIME", "@ptr3", "@ptr4", "@ptr5", "@ptr6", "@ptr7", "@ptr8", "@ptr9", "SL:DATE_TIME]", "IN:CREATE_ALARM]"]}
{"loss": 0.9639646410942078, "class_log_probabilities": [-0.5324329137802124, -8.573637962341309, -8.862348556518555, -9.131072044372559], "predictions": [45, 16, 398, 399, 400, 401, 402, 17, 46, 4, 4], "target_tokens": ["[IN:CREATE_ALARM", "[SL:DATE_TIME", "@ptr3", "@ptr4", "@ptr5", "@ptr6", "@ptr7", "SL:DATE_TIME]", "IN:CREATE_ALARM]"], "predicted_tokens": ["[IN:CREATE_ALARM", "[SL:DATE_TIME", "@ptr3", "@ptr4", "@ptr5", "@ptr6", "@ptr7", "SL:DATE_TIME]", "IN:CREATE_ALARM]"]}
{"loss": 0.9659110307693481, "class_log_probabilities": [-0.5228674411773682, -8.168059349060059, -8.241268157958984, -8.558093070983887], "predictions": [45, 16, 398, 399, 400, 401, 402, 17, 46, 4], "target_tokens": ["[IN:CREATE_ALARM", "[SL:DATE_TIME", "@ptr3", "@ptr4", "@ptr5", "@ptr6", "@ptr7", "SL:DATE_TIME]", "IN:CREATE_ALARM]"], "predicted_tokens": ["[IN:CREATE_ALARM", "[SL:DATE_TIME", "@ptr3", "@ptr4", "@ptr5", "@ptr6", "@ptr7", "SL:DATE_TIME]", "IN:CREATE_ALARM]"]}
{"loss": 0.9708061218261719, "class_log_probabilities": [-0.7702168822288513, -8.001429557800293, -8.541730880737305, -9.022496223449707], "predictions": [45, 16, 398, 399, 400, 401, 402, 403, 404, 405, 406, 407, 17, 46, 4, 4, 4, 4], "target_tokens": ["[IN:CREATE_ALARM", "[SL:DATE_TIME", "@ptr3", "@ptr4", "@ptr5", "@ptr6", "@ptr7", "@ptr8", "@ptr9", "@ptr10", "@ptr11", "@ptr12", "SL:DATE_TIME]", "IN:CREATE_ALARM]"], "predicted_tokens": ["[IN:CREATE_ALARM", "[SL:DATE_TIME", "@ptr3", "@ptr4", "@ptr5", "@ptr6", "@ptr7", "@ptr8", "@ptr9", "@ptr10", "@ptr11", "@ptr12", "SL:DATE_TIME]", "IN:CREATE_ALARM]"]}
{"loss": 1.250322699546814, "class_log_probabilities": [-1.1187208890914917, -1.3957526683807373, -3.522634267807007, -4.442410945892334], "predictions": [259, 260, 4], "target_tokens": ["[IN:CREATE_ALARM", "IN:CREATE_ALARM]"], "predicted_tokens": ["[IN:UPDATE_ALARM", "IN:UPDATE_ALARM]"]}
{"loss": 0.96722412109375, "class_log_probabilities": [-0.7038897275924683, -7.853473663330078, -8.37668228149414, -8.667831420898438], "predictions": [45, 16, 398, 399, 400, 401, 402, 403, 404, 405, 406, 17, 46, 4, 4, 4, 4], "target_tokens": ["[IN:CREATE_ALARM", "[SL:DATE_TIME", "@ptr3", "@ptr4", "@ptr5", "@ptr6", "@ptr7", "@ptr8", "@ptr9", "@ptr10", "@ptr11", "SL:DATE_TIME]", "IN:CREATE_ALARM]"], "predicted_tokens": ["[IN:CREATE_ALARM", "[SL:DATE_TIME", "@ptr3", "@ptr4", "@ptr5", "@ptr6", "@ptr7", "@ptr8", "@ptr9", "@ptr10", "@ptr11", "SL:DATE_TIME]", "IN:CREATE_ALARM]"]}
{"loss": 0.9738605618476868, "class_log_probabilities": [-0.1536359339952469, -7.082057476043701, -7.16106653213501, -7.70972204208374], "predictions": [19, 22, 4], "target_tokens": ["[IN:GET_ALARM", "IN:GET_ALARM]"], "predicted_tokens": ["[IN:GET_ALARM", "IN:GET_ALARM]"]}
{"loss": 0.9647073745727539, "class_log_probabilities": [-0.5226312875747681, -8.412188529968262, -9.027192115783691, -9.043556213378906], "predictions": [45, 16, 398, 399, 400, 401, 402, 17, 46, 4, 4], "target_tokens": ["[IN:CREATE_ALARM", "[SL:DATE_TIME", "@ptr3", "@ptr4", "@ptr5", "@ptr6", "@ptr7", "SL:DATE_TIME]", "IN:CREATE_ALARM]"], "predicted_tokens": ["[IN:CREATE_ALARM", "[SL:DATE_TIME", "@ptr3", "@ptr4", "@ptr5", "@ptr6", "@ptr7", "SL:DATE_TIME]", "IN:CREATE_ALARM]"]}
{"loss": 0.9645365476608276, "class_log_probabilities": [-0.524665355682373, -8.76547908782959, -8.96943473815918, -9.218329429626465], "predictions": [45, 16, 398, 399, 400, 401, 402, 17, 46, 4, 4], "target_tokens": ["[IN:CREATE_ALARM", "[SL:DATE_TIME", "@ptr3", "@ptr4", "@ptr5", "@ptr6", "@ptr7", "SL:DATE_TIME]", "IN:CREATE_ALARM]"], "predicted_tokens": ["[IN:CREATE_ALARM", "[SL:DATE_TIME", "@ptr3", "@ptr4", "@ptr5", "@ptr6", "@ptr7", "SL:DATE_TIME]", "IN:CREATE_ALARM]"]}
{"loss": 0.9647674560546875, "class_log_probabilities": [-0.5235791206359863, -8.800600051879883, -8.927225112915039, -9.067172050476074], "predictions": [45, 16, 398, 399, 400, 401, 402, 17, 46, 4, 4], "target_tokens": ["[IN:CREATE_ALARM", "[SL:DATE_TIME", "@ptr3", "@ptr4", "@ptr5", "@ptr6", "@ptr7", "SL:DATE_TIME]", "IN:CREATE_ALARM]"], "predicted_tokens": ["[IN:CREATE_ALARM", "[SL:DATE_TIME", "@ptr3", "@ptr4", "@ptr5", "@ptr6", "@ptr7", "SL:DATE_TIME]", "IN:CREATE_ALARM]"]}
{"loss": 0.9656196236610413, "class_log_probabilities": [-0.6244040131568909, -8.057844161987305, -8.118946075439453, -8.384550094604492], "predictions": [45, 16, 397, 398, 399, 400, 401, 402, 403, 17, 46, 4, 4, 4, 4, 4], "target_tokens": ["[IN:CREATE_ALARM", "[SL:DATE_TIME", "@ptr2", "@ptr3", "@ptr4", "@ptr5", "@ptr6", "@ptr7", "@ptr8", "SL:DATE_TIME]", "IN:CREATE_ALARM]"], "predicted_tokens": ["[IN:CREATE_ALARM", "[SL:DATE_TIME", "@ptr2", "@ptr3", "@ptr4", "@ptr5", "@ptr6", "@ptr7", "@ptr8", "SL:DATE_TIME]", "IN:CREATE_ALARM]"]}
{"loss": 0.96723872423172, "class_log_probabilities": [-0.6596869826316833, -8.143866539001465, -8.394332885742188, -8.409017562866211], "predictions": [45, 16, 399, 400, 401, 402, 403, 404, 405, 406, 17, 46, 4, 4, 4, 4, 4], "target_tokens": ["[IN:CREATE_ALARM", "[SL:DATE_TIME", "@ptr4", "@ptr5", "@ptr6", "@ptr7", "@ptr8", "@ptr9", "@ptr10", "@ptr11", "SL:DATE_TIME]", "IN:CREATE_ALARM]"], "predicted_tokens": ["[IN:CREATE_ALARM", "[SL:DATE_TIME", "@ptr4", "@ptr5", "@ptr6", "@ptr7", "@ptr8", "@ptr9", "@ptr10", "@ptr11", "SL:DATE_TIME]", "IN:CREATE_ALARM]"]}
{"loss": 1.0940712690353394, "class_log_probabilities": [-1.1843849420547485, -2.274517059326172, -5.325387954711914, -5.53280782699585], "predictions": [45, 141, 400, 401, 402, 403, 404, 17, 46, 4, 4, 4], "target_tokens": ["[IN:CREATE_ALARM", "[SL:DATE_TIME", "@ptr5", "@ptr6", "@ptr7", "@ptr8", "@ptr9", "SL:DATE_TIME]", "IN:CREATE_ALARM]"], "predicted_tokens": ["[IN:CREATE_ALARM", "[SL:PERIOD", "@ptr5", "@ptr6", "@ptr7", "@ptr8", "@ptr9", "SL:DATE_TIME]", "IN:CREATE_ALARM]"]}
{"loss": 0.9658257365226746, "class_log_probabilities": [-0.6157718300819397, -8.368417739868164, -8.576275825500488, -8.871119499206543], "predictions": [45, 16, 398, 399, 400, 401, 402, 403, 404, 17, 46, 4, 4, 4, 4, 4], "target_tokens": ["[IN:CREATE_ALARM", "[SL:DATE_TIME", "@ptr3", "@ptr4", "@ptr5", "@ptr6", "@ptr7", "@ptr8", "@ptr9", "SL:DATE_TIME]", "IN:CREATE_ALARM]"], "predicted_tokens": ["[IN:CREATE_ALARM", "[SL:DATE_TIME", "@ptr3", "@ptr4", "@ptr5", "@ptr6", "@ptr7", "@ptr8", "@ptr9", "SL:DATE_TIME]", "IN:CREATE_ALARM]"]}
{"loss": 0.9711186289787292, "class_log_probabilities": [-0.38650208711624146, -6.988673210144043, -7.621816635131836, -7.7096476554870605], "predictions": [259, 16, 396, 397, 17, 260, 4], "target_tokens": ["[IN:UPDATE_ALARM", "[SL:DATE_TIME", "@ptr1", "@ptr2", "SL:DATE_TIME]", "IN:UPDATE_ALARM]"], "predicted_tokens": ["[IN:UPDATE_ALARM", "[SL:DATE_TIME", "@ptr1", "@ptr2", "SL:DATE_TIME]", "IN:UPDATE_ALARM]"]}
{"loss": 1.807494878768921, "class_log_probabilities": [-0.6898301839828491, -7.215274333953857, -7.260642051696777, -7.440830707550049], "predictions": [45, 16, 400, 401, 402, 403, 404, 405, 406, 407, 408, 17, 46, 4, 4, 4, 4], "target_tokens": ["[IN:CREATE_ALARM", "[SL:ALARM_NAME", "@ptr2", "@ptr3", "@ptr4", "SL:ALARM_NAME]", "[SL:DATE_TIME", "@ptr5", "@ptr6", "@ptr7", "@ptr8", "@ptr9", "@ptr10", "@ptr11", "@ptr12", "@ptr13", "SL:DATE_TIME]", "IN:CREATE_ALARM]"], "predicted_tokens": ["[IN:CREATE_ALARM", "[SL:DATE_TIME", "@ptr5", "@ptr6", "@ptr7", "@ptr8", "@ptr9", "@ptr10", "@ptr11", "@ptr12", "@ptr13", "SL:DATE_TIME]", "IN:CREATE_ALARM]"]}
{"loss": 0.969493567943573, "class_log_probabilities": [-0.33450746536254883, -6.188077926635742, -7.030592918395996, -7.063961029052734], "predictions": [213, 120, 396, 121, 214, 4], "target_tokens": ["[IN:SILENCE_ALARM", "[SL:AMOUNT", "@ptr1", "SL:AMOUNT]", "IN:SILENCE_ALARM]"], "predicted_tokens": ["[IN:SILENCE_ALARM", "[SL:AMOUNT", "@ptr1", "SL:AMOUNT]", "IN:SILENCE_ALARM]"]}
{"loss": 0.9667917490005493, "class_log_probabilities": [-0.5093445777893066, -8.486662864685059, -8.6267728805542, -8.64216423034668], "predictions": [45, 16, 400, 401, 402, 403, 404, 17, 46, 4, 4], "target_tokens": ["[IN:CREATE_ALARM", "[SL:DATE_TIME", "@ptr5", "@ptr6", "@ptr7", "@ptr8", "@ptr9", "SL:DATE_TIME]", "IN:CREATE_ALARM]"], "predicted_tokens": ["[IN:CREATE_ALARM", "[SL:DATE_TIME", "@ptr5", "@ptr6", "@ptr7", "@ptr8", "@ptr9", "SL:DATE_TIME]", "IN:CREATE_ALARM]"]}
{"loss": 0.9666277170181274, "class_log_probabilities": [-0.659877598285675, -8.338065147399902, -8.341545104980469, -8.794479370117188], "predictions": [45, 16, 398, 399, 400, 401, 402, 403, 404, 405, 17, 46, 4, 4, 4, 4, 4], "target_tokens": ["[IN:CREATE_ALARM", "[SL:DATE_TIME", "@ptr3", "@ptr4", "@ptr5", "@ptr6", "@ptr7", "@ptr8", "@ptr9", "@ptr10", "SL:DATE_TIME]", "IN:CREATE_ALARM]"], "predicted_tokens": ["[IN:CREATE_ALARM", "[SL:DATE_TIME", "@ptr3", "@ptr4", "@ptr5", "@ptr6", "@ptr7", "@ptr8", "@ptr9", "@ptr10", "SL:DATE_TIME]", "IN:CREATE_ALARM]"]}
{"loss": 0.9751130938529968, "class_log_probabilities": [-0.4855331480503082, -8.085844993591309, -8.11748218536377, -8.173319816589355], "predictions": [259, 16, 398, 399, 400, 401, 402, 17, 260, 4], "target_tokens": ["[IN:UPDATE_ALARM", "[SL:DATE_TIME", "@ptr3", "@ptr4", "@ptr5", "@ptr6", "@ptr7", "SL:DATE_TIME]", "IN:UPDATE_ALARM]"], "predicted_tokens": ["[IN:UPDATE_ALARM", "[SL:DATE_TIME", "@ptr3", "@ptr4", "@ptr5", "@ptr6", "@ptr7", "SL:DATE_TIME]", "IN:UPDATE_ALARM]"]}
{"loss": 0.9813945889472961, "class_log_probabilities": [-0.2927790582180023, -7.579981327056885, -7.650513648986816, -7.987387657165527], "predictions": [119, 120, 396, 121, 122, 4, 4, 4], "target_tokens": ["[IN:DELETE_ALARM", "[SL:AMOUNT", "@ptr1", "SL:AMOUNT]", "IN:DELETE_ALARM]"], "predicted_tokens": ["[IN:DELETE_ALARM", "[SL:AMOUNT", "@ptr1", "SL:AMOUNT]", "IN:DELETE_ALARM]"]}
{"loss": 2.1079204082489014, "class_log_probabilities": [-0.40138518810272217, -6.592255592346191, -6.744812488555908, -7.069223880767822], "predictions": [119, 120, 396, 121, 20, 398, 21, 122, 4], "target_tokens": ["[IN:DELETE_ALARM", "[SL:AMOUNT", "@ptr1", "SL:AMOUNT]", "IN:DELETE_ALARM]"], "predicted_tokens": ["[IN:DELETE_ALARM", "[SL:AMOUNT", "@ptr1", "SL:AMOUNT]", "[SL:ORDINAL", "@ptr3", "SL:ORDINAL]", "IN:DELETE_ALARM]"]}
{"loss": 0.9663019180297852, "class_log_probabilities": [-0.6635863780975342, -8.170797348022461, -8.31399917602539, -8.396984100341797], "predictions": [45, 16, 398, 399, 400, 401, 402, 403, 404, 405, 17, 46, 4, 4], "target_tokens": ["[IN:CREATE_ALARM", "[SL:DATE_TIME", "@ptr3", "@ptr4", "@ptr5", "@ptr6", "@ptr7", "@ptr8", "@ptr9", "@ptr10", "SL:DATE_TIME]", "IN:CREATE_ALARM]"], "predicted_tokens": ["[IN:CREATE_ALARM", "[SL:DATE_TIME", "@ptr3", "@ptr4", "@ptr5", "@ptr6", "@ptr7", "@ptr8", "@ptr9", "@ptr10", "SL:DATE_TIME]", "IN:CREATE_ALARM]"]}
{"loss": 0.9868040084838867, "class_log_probabilities": [-0.27726101875305176, -7.633421897888184, -7.756188869476318, -7.875561237335205], "predictions": [119, 20, 398, 21, 122, 4], "target_tokens": ["[IN:DELETE_ALARM", "[SL:ORDINAL", "@ptr3", "SL:ORDINAL]", "IN:DELETE_ALARM]"], "predicted_tokens": ["[IN:DELETE_ALARM", "[SL:ORDINAL", "@ptr3", "SL:ORDINAL]", "IN:DELETE_ALARM]"]}
{"loss": 0.9662570953369141, "class_log_probabilities": [-0.6655977964401245, -8.221884727478027, -8.372828483581543, -8.456897735595703], "predictions": [45, 16, 398, 399, 400, 401, 402, 403, 404, 405, 17, 46, 4, 4], "target_tokens": ["[IN:CREATE_ALARM", "[SL:DATE_TIME", "@ptr3", "@ptr4", "@ptr5", "@ptr6", "@ptr7", "@ptr8", "@ptr9", "@ptr10", "SL:DATE_TIME]", "IN:CREATE_ALARM]"], "predicted_tokens": ["[IN:CREATE_ALARM", "[SL:DATE_TIME", "@ptr3", "@ptr4", "@ptr5", "@ptr6", "@ptr7", "@ptr8", "@ptr9", "@ptr10", "SL:DATE_TIME]", "IN:CREATE_ALARM]"]}
{"loss": 0.9663569331169128, "class_log_probabilities": [-0.6096101999282837, -8.417105674743652, -8.450807571411133, -8.768684387207031], "predictions": [45, 16, 398, 399, 400, 401, 402, 403, 404, 17, 46, 4, 4, 4, 4, 4], "target_tokens": ["[IN:CREATE_ALARM", "[SL:DATE_TIME", "@ptr3", "@ptr4", "@ptr5", "@ptr6", "@ptr7", "@ptr8", "@ptr9", "SL:DATE_TIME]", "IN:CREATE_ALARM]"], "predicted_tokens": ["[IN:CREATE_ALARM", "[SL:DATE_TIME", "@ptr3", "@ptr4", "@ptr5", "@ptr6", "@ptr7", "@ptr8", "@ptr9", "SL:DATE_TIME]", "IN:CREATE_ALARM]"]}
{"loss": 2.4952428340911865, "class_log_probabilities": [-0.3269895017147064, -6.168186187744141, -6.960418701171875, -7.459248065948486], "predictions": [259, 16, 398, 399, 17, 260, 4], "target_tokens": ["[IN:SNOOZE_ALARM", "[SL:DATE_TIME", "@ptr3", "@ptr4", "SL:DATE_TIME]", "IN:SNOOZE_ALARM]"], "predicted_tokens": ["[IN:UPDATE_ALARM", "[SL:DATE_TIME", "@ptr3", "@ptr4", "SL:DATE_TIME]", "IN:UPDATE_ALARM]"]}
{"loss": 0.964245617389679, "class_log_probabilities": [-0.528926432132721, -8.500946044921875, -8.944758415222168, -9.1239013671875], "predictions": [45, 16, 398, 399, 400, 401, 402, 17, 46, 4, 4], "target_tokens": ["[IN:CREATE_ALARM", "[SL:DATE_TIME", "@ptr3", "@ptr4", "@ptr5", "@ptr6", "@ptr7", "SL:DATE_TIME]", "IN:CREATE_ALARM]"], "predicted_tokens": ["[IN:CREATE_ALARM", "[SL:DATE_TIME", "@ptr3", "@ptr4", "@ptr5", "@ptr6", "@ptr7", "SL:DATE_TIME]", "IN:CREATE_ALARM]"]}
{"loss": 0.9644495844841003, "class_log_probabilities": [-0.5263814330101013, -8.629788398742676, -9.012297630310059, -9.11312198638916], "predictions": [45, 16, 398, 399, 400, 401, 402, 17, 46, 4, 4], "target_tokens": ["[IN:CREATE_ALARM", "[SL:DATE_TIME", "@ptr3", "@ptr4", "@ptr5", "@ptr6", "@ptr7", "SL:DATE_TIME]", "IN:CREATE_ALARM]"], "predicted_tokens": ["[IN:CREATE_ALARM", "[SL:DATE_TIME", "@ptr3", "@ptr4", "@ptr5", "@ptr6", "@ptr7", "SL:DATE_TIME]", "IN:CREATE_ALARM]"]}
{"loss": 0.9662024974822998, "class_log_probabilities": [-0.15784654021263123, -8.093981742858887, -8.323246955871582, -8.327027320861816], "predictions": [45, 46, 4], "target_tokens": ["[IN:CREATE_ALARM", "IN:CREATE_ALARM]"], "predicted_tokens": ["[IN:CREATE_ALARM", "IN:CREATE_ALARM]"]}
{"loss": 0.9660332798957825, "class_log_probabilities": [-0.6140499711036682, -8.345779418945312, -8.484938621520996, -8.870949745178223], "predictions": [45, 16, 398, 399, 400, 401, 402, 403, 404, 17, 46, 4, 4, 4, 4, 4], "target_tokens": ["[IN:CREATE_ALARM", "[SL:DATE_TIME", "@ptr3", "@ptr4", "@ptr5", "@ptr6", "@ptr7", "@ptr8", "@ptr9", "SL:DATE_TIME]", "IN:CREATE_ALARM]"], "predicted_tokens": ["[IN:CREATE_ALARM", "[SL:DATE_TIME", "@ptr3", "@ptr4", "@ptr5", "@ptr6", "@ptr7", "@ptr8", "@ptr9", "SL:DATE_TIME]", "IN:CREATE_ALARM]"]}
{"loss": 1.5943894386291504, "class_log_probabilities": [-0.7439207434654236, -7.6077070236206055, -8.202643394470215, -9.396910667419434], "predictions": [45, 16, 398, 399, 400, 401, 402, 403, 404, 405, 406, 407, 17, 46, 4, 4, 4, 4, 4, 4, 4, 4, 4], "target_tokens": ["[IN:CREATE_ALARM", "[SL:DATE_TIME", "@ptr5", "@ptr6", "@ptr7", "@ptr8", "@ptr9", "@ptr10", "@ptr11", "@ptr12", "SL:DATE_TIME]", "IN:CREATE_ALARM]"], "predicted_tokens": ["[IN:CREATE_ALARM", "[SL:DATE_TIME", "@ptr3", "@ptr4", "@ptr5", "@ptr6", "@ptr7", "@ptr8", "@ptr9", "@ptr10", "@ptr11", "@ptr12", "SL:DATE_TIME]", "IN:CREATE_ALARM]"]}
{"loss": 0.9669628739356995, "class_log_probabilities": [-0.6036431789398193, -7.940371990203857, -8.332040786743164, -8.608179092407227], "predictions": [45, 16, 398, 399, 400, 401, 402, 403, 404, 17, 46, 4, 4, 4, 4, 4], "target_tokens": ["[IN:CREATE_ALARM", "[SL:DATE_TIME", "@ptr3", "@ptr4", "@ptr5", "@ptr6", "@ptr7", "@ptr8", "@ptr9", "SL:DATE_TIME]", "IN:CREATE_ALARM]"], "predicted_tokens": ["[IN:CREATE_ALARM", "[SL:DATE_TIME", "@ptr3", "@ptr4", "@ptr5", "@ptr6", "@ptr7", "@ptr8", "@ptr9", "SL:DATE_TIME]", "IN:CREATE_ALARM]"]}
{"loss": 0.9857333898544312, "class_log_probabilities": [-0.8355891704559326, -6.21307897567749, -6.2768731117248535, -6.686232566833496], "predictions": [45, 16, 398, 399, 400, 401, 402, 17, 249, 406, 407, 408, 409, 410, 250, 46, 4], "target_tokens": ["[IN:CREATE_ALARM", "[SL:DATE_TIME", "@ptr3", "@ptr4", "@ptr5", "@ptr6", "@ptr7", "SL:DATE_TIME]", "[SL:ALARM_NAME", "@ptr11", "@ptr12", "@ptr13", "@ptr14", "@ptr15", "SL:ALARM_NAME]", "IN:CREATE_ALARM]"], "predicted_tokens": ["[IN:CREATE_ALARM", "[SL:DATE_TIME", "@ptr3", "@ptr4", "@ptr5", "@ptr6", "@ptr7", "SL:DATE_TIME]", "[SL:ALARM_NAME", "@ptr11", "@ptr12", "@ptr13", "@ptr14", "@ptr15", "SL:ALARM_NAME]", "IN:CREATE_ALARM]"]}
{"loss": 2.3987443447113037, "class_log_probabilities": [-0.4079015254974365, -4.564256191253662, -5.29071569442749, -5.438843727111816], "predictions": [259, 260, 4], "target_tokens": ["[IN:SNOOZE_ALARM", "IN:SNOOZE_ALARM]"], "predicted_tokens": ["[IN:UPDATE_ALARM", "IN:UPDATE_ALARM]"]}
{"loss": 0.9647351503372192, "class_log_probabilities": [-0.525714099407196, -8.806020736694336, -8.897669792175293, -8.923490524291992], "predictions": [45, 16, 398, 399, 400, 401, 402, 17, 46, 4, 4], "target_tokens": ["[IN:CREATE_ALARM", "[SL:DATE_TIME", "@ptr3", "@ptr4", "@ptr5", "@ptr6", "@ptr7", "SL:DATE_TIME]", "IN:CREATE_ALARM]"], "predicted_tokens": ["[IN:CREATE_ALARM", "[SL:DATE_TIME", "@ptr3", "@ptr4", "@ptr5", "@ptr6", "@ptr7", "SL:DATE_TIME]", "IN:CREATE_ALARM]"]}
{"loss": 1.3336284160614014, "class_log_probabilities": [-0.9253495931625366, -3.5728938579559326, -5.002859592437744, -5.099620819091797], "predictions": [287, 101, 397, 398, 399, 400, 401, 402, 102, 66, 405, 406, 67, 288, 4, 4], "target_tokens": ["[IN:PLAY_MUSIC", "[SL:MUSIC_TRACK_TITLE", "@ptr2", "@ptr3", "@ptr4", "@ptr5", "@ptr6", "@ptr7", "SL:MUSIC_TRACK_TITLE]", "[SL:MUSIC_ARTIST_NAME", "@ptr10", "@ptr11", "SL:MUSIC_ARTIST_NAME]", "IN:PLAY_MUSIC]"], "predicted_tokens": ["[IN:REPLAY_MUSIC", "[SL:MUSIC_TRACK_TITLE", "@ptr2", "@ptr3", "@ptr4", "@ptr5", "@ptr6", "@ptr7", "SL:MUSIC_TRACK_TITLE]", "[SL:MUSIC_ARTIST_NAME", "@ptr10", "@ptr11", "SL:MUSIC_ARTIST_NAME]", "IN:REPLAY_MUSIC]"]}
{"loss": 0.9704069495201111, "class_log_probabilities": [-0.4164915382862091, -4.821014404296875, -6.210556983947754, -6.772367477416992], "predictions": [63, 66, 398, 399, 67, 68, 4], "target_tokens": ["[IN:PLAY_MUSIC", "[SL:MUSIC_ARTIST_NAME", "@ptr3", "@ptr4", "SL:MUSIC_ARTIST_NAME]", "IN:PLAY_MUSIC]"], "predicted_tokens": ["[IN:PLAY_MUSIC", "[SL:MUSIC_ARTIST_NAME", "@ptr3", "@ptr4", "SL:MUSIC_ARTIST_NAME]", "IN:PLAY_MUSIC]"]}
{"loss": 0.9723314642906189, "class_log_probabilities": [-0.4864710569381714, -4.841501235961914, -6.4232001304626465, -8.311304092407227], "predictions": [63, 66, 401, 402, 67, 68, 4], "target_tokens": ["[IN:PLAY_MUSIC", "[SL:MUSIC_ARTIST_NAME", "@ptr6", "@ptr7", "SL:MUSIC_ARTIST_NAME]", "IN:PLAY_MUSIC]"], "predicted_tokens": ["[IN:PLAY_MUSIC", "[SL:MUSIC_ARTIST_NAME", "@ptr6", "@ptr7", "SL:MUSIC_ARTIST_NAME]", "IN:PLAY_MUSIC]"]}
{"loss": 0.971876859664917, "class_log_probabilities": [-0.3893897235393524, -7.182794094085693, -7.695439338684082, -8.168025016784668], "predictions": [63, 66, 396, 397, 398, 67, 68, 4], "target_tokens": ["[IN:PLAY_MUSIC", "[SL:MUSIC_ARTIST_NAME", "@ptr1", "@ptr2", "@ptr3", "SL:MUSIC_ARTIST_NAME]", "IN:PLAY_MUSIC]"], "predicted_tokens": ["[IN:PLAY_MUSIC", "[SL:MUSIC_ARTIST_NAME", "@ptr1", "@ptr2", "@ptr3", "SL:MUSIC_ARTIST_NAME]", "IN:PLAY_MUSIC]"]}
{"loss": 3.311922311782837, "class_log_probabilities": [-0.5417768359184265, -6.11867094039917, -6.393874645233154, -6.531726360321045], "predictions": [63, 64, 398, 65, 103, 402, 403, 104, 68, 4, 4], "target_tokens": ["[IN:PLAY_MUSIC", "[SL:MUSIC_PLAYLIST_TITLE", "@ptr2", "@ptr4", "@ptr5", "SL:MUSIC_PLAYLIST_TITLE]", "[SL:MUSIC_TYPE", "@ptr3", "SL:MUSIC_TYPE]", "[SL:MUSIC_PROVIDER_NAME", "@ptr7", "@ptr8", "SL:MUSIC_PROVIDER_NAME]", "IN:PLAY_MUSIC]"], "predicted_tokens": ["[IN:PLAY_MUSIC", "[SL:MUSIC_TYPE", "@ptr3", "SL:MUSIC_TYPE]", "[SL:MUSIC_PROVIDER_NAME", "@ptr7", "@ptr8", "SL:MUSIC_PROVIDER_NAME]", "IN:PLAY_MUSIC]"]}
{"loss": 0.9964699745178223, "class_log_probabilities": [-0.2524615526199341, -7.1141357421875, -7.545496463775635, -8.54952335357666], "predictions": [235, 103, 396, 104, 236, 4, 4, 4, 4, 4], "target_tokens": ["[IN:SET_DEFAULT_PROVIDER_MUSIC", "[SL:MUSIC_PROVIDER_NAME", "@ptr1", "SL:MUSIC_PROVIDER_NAME]", "IN:SET_DEFAULT_PROVIDER_MUSIC]"], "predicted_tokens": ["[IN:SET_DEFAULT_PROVIDER_MUSIC", "[SL:MUSIC_PROVIDER_NAME", "@ptr1", "SL:MUSIC_PROVIDER_NAME]", "IN:SET_DEFAULT_PROVIDER_MUSIC]"]}
{"loss": 0.9927534461021423, "class_log_probabilities": [-0.3003615140914917, -7.340630531311035, -7.431413650512695, -7.721298694610596], "predictions": [235, 103, 396, 397, 104, 236, 4], "target_tokens": ["[IN:SET_DEFAULT_PROVIDER_MUSIC", "[SL:MUSIC_PROVIDER_NAME", "@ptr1", "@ptr2", "SL:MUSIC_PROVIDER_NAME]", "IN:SET_DEFAULT_PROVIDER_MUSIC]"], "predicted_tokens": ["[IN:SET_DEFAULT_PROVIDER_MUSIC", "[SL:MUSIC_PROVIDER_NAME", "@ptr1", "@ptr2", "SL:MUSIC_PROVIDER_NAME]", "IN:SET_DEFAULT_PROVIDER_MUSIC]"]}
{"loss": 1.9265638589859009, "class_log_probabilities": [-0.9312262535095215, -3.7456746101379395, -4.077086925506592, -5.344361782073975], "predictions": [235, 103, 396, 104, 64, 399, 65, 236, 4], "target_tokens": ["[IN:SET_DEFAULT_PROVIDER_MUSIC", "[SL:MUSIC_PROVIDER_NAME", "@ptr1", "SL:MUSIC_PROVIDER_NAME]", "IN:SET_DEFAULT_PROVIDER_MUSIC]"], "predicted_tokens": ["[IN:SET_DEFAULT_PROVIDER_MUSIC", "[SL:MUSIC_PROVIDER_NAME", "@ptr1", "SL:MUSIC_PROVIDER_NAME]", "[SL:MUSIC_TYPE", "@ptr4", "SL:MUSIC_TYPE]", "IN:SET_DEFAULT_PROVIDER_MUSIC]"]}
{"loss": 3.518815279006958, "class_log_probabilities": [-0.5741499662399292, -7.052942276000977, -7.056617259979248, -7.345247745513916], "predictions": [70, 6, 397, 398, 7, 14, 401, 402, 403, 15, 73, 4], "target_tokens": ["[IN:PLAY_MEDIA", "[SL:MUSIC_ARTIST_NAME", "@ptr2", "@ptr3", "SL:MUSIC_ARTIST_NAME]", "IN:PLAY_MEDIA]"], "predicted_tokens": ["[IN:GET_CONTACT", "[SL:CONTACT", "@ptr2", "@ptr3", "SL:CONTACT]", "[SL:LOCATION", "@ptr6", "@ptr7", "@ptr8", "SL:LOCATION]", "IN:GET_CONTACT]"]}
{"loss": 1.4147722721099854, "class_log_probabilities": [-0.6453596949577332, -5.549525737762451, -6.194560527801514, -6.452188491821289], "predictions": [287, 64, 397, 65, 101, 398, 399, 400, 102, 288, 4], "target_tokens": ["[IN:PLAY_MUSIC", "[SL:MUSIC_TYPE", "@ptr2", "SL:MUSIC_TYPE]", "[SL:MUSIC_TRACK_TITLE", "@ptr3", "@ptr4", "@ptr5", "SL:MUSIC_TRACK_TITLE]", "IN:PLAY_MUSIC]"], "predicted_tokens": ["[IN:REPLAY_MUSIC", "[SL:MUSIC_TYPE", "@ptr2", "SL:MUSIC_TYPE]", "[SL:MUSIC_TRACK_TITLE", "@ptr3", "@ptr4", "@ptr5", "SL:MUSIC_TRACK_TITLE]", "IN:REPLAY_MUSIC]"]}
{"loss": 0.973011314868927, "class_log_probabilities": [-0.49232202768325806, -5.87055778503418, -6.655158996582031, -7.190369129180908], "predictions": [63, 206, 396, 207, 103, 398, 104, 68, 4], "target_tokens": ["[IN:PLAY_MUSIC", "[SL:MUSIC_ALBUM_TITLE", "@ptr1", "SL:MUSIC_ALBUM_TITLE]", "[SL:MUSIC_PROVIDER_NAME", "@ptr3", "SL:MUSIC_PROVIDER_NAME]", "IN:PLAY_MUSIC]"], "predicted_tokens": ["[IN:PLAY_MUSIC", "[SL:MUSIC_ALBUM_TITLE", "@ptr1", "SL:MUSIC_ALBUM_TITLE]", "[SL:MUSIC_PROVIDER_NAME", "@ptr3", "SL:MUSIC_PROVIDER_NAME]", "IN:PLAY_MUSIC]"]}
{"loss": 0.9855381846427917, "class_log_probabilities": [-0.5711175799369812, -7.140670299530029, -7.622576713562012, -7.918158531188965], "predictions": [63, 206, 396, 397, 398, 399, 400, 207, 103, 402, 104, 68, 4], "target_tokens": ["[IN:PLAY_MUSIC", "[SL:MUSIC_ALBUM_TITLE", "@ptr1", "@ptr2", "@ptr3", "@ptr4", "@ptr5", "SL:MUSIC_ALBUM_TITLE]", "[SL:MUSIC_PROVIDER_NAME", "@ptr7", "SL:MUSIC_PROVIDER_NAME]", "IN:PLAY_MUSIC]"], "predicted_tokens": ["[IN:PLAY_MUSIC", "[SL:MUSIC_ALBUM_TITLE", "@ptr1", "@ptr2", "@ptr3", "@ptr4", "@ptr5", "SL:MUSIC_ALBUM_TITLE]", "[SL:MUSIC_PROVIDER_NAME", "@ptr7", "SL:MUSIC_PROVIDER_NAME]", "IN:PLAY_MUSIC]"]}
{"loss": 1.1115580797195435, "class_log_probabilities": [-1.0549848079681396, -3.5801258087158203, -4.109761714935303, -4.452199459075928], "predictions": [63, 101, 396, 397, 398, 399, 400, 401, 402, 403, 404, 102, 103, 406, 104, 68, 4], "target_tokens": ["[IN:PLAY_MUSIC", "[SL:MUSIC_ALBUM_TITLE", "@ptr1", "@ptr2", "@ptr3", "@ptr4", "@ptr5", "@ptr6", "@ptr7", "@ptr8", "@ptr9", "SL:MUSIC_ALBUM_TITLE]", "[SL:MUSIC_PROVIDER_NAME", "@ptr11", "SL:MUSIC_PROVIDER_NAME]", "IN:PLAY_MUSIC]"], "predicted_tokens": ["[IN:PLAY_MUSIC", "[SL:MUSIC_TRACK_TITLE", "@ptr1", "@ptr2", "@ptr3", "@ptr4", "@ptr5", "@ptr6", "@ptr7", "@ptr8", "@ptr9", "SL:MUSIC_TRACK_TITLE]", "[SL:MUSIC_PROVIDER_NAME", "@ptr11", "SL:MUSIC_PROVIDER_NAME]", "IN:PLAY_MUSIC]"]}
{"loss": 0.9834834337234497, "class_log_probabilities": [-0.4236968159675598, -5.553185939788818, -6.0945868492126465, -7.001366138458252], "predictions": [63, 103, 397, 104, 223, 400, 224, 68, 4], "target_tokens": ["[IN:PLAY_MUSIC", "[SL:MUSIC_PROVIDER_NAME", "@ptr2", "SL:MUSIC_PROVIDER_NAME]", "[SL:MUSIC_RADIO_ID", "@ptr5", "SL:MUSIC_RADIO_ID]", "IN:PLAY_MUSIC]"], "predicted_tokens": ["[IN:PLAY_MUSIC", "[SL:MUSIC_PROVIDER_NAME", "@ptr2", "SL:MUSIC_PROVIDER_NAME]", "[SL:MUSIC_RADIO_ID", "@ptr5", "SL:MUSIC_RADIO_ID]", "IN:PLAY_MUSIC]"]}
{"loss": 0.9833914637565613, "class_log_probabilities": [-0.4266235828399658, -6.191783428192139, -6.361814022064209, -6.429815292358398], "predictions": [63, 103, 397, 104, 223, 400, 224, 68, 4], "target_tokens": ["[IN:PLAY_MUSIC", "[SL:MUSIC_PROVIDER_NAME", "@ptr2", "SL:MUSIC_PROVIDER_NAME]", "[SL:MUSIC_RADIO_ID", "@ptr5", "SL:MUSIC_RADIO_ID]", "IN:PLAY_MUSIC]"], "predicted_tokens": ["[IN:PLAY_MUSIC", "[SL:MUSIC_PROVIDER_NAME", "@ptr2", "SL:MUSIC_PROVIDER_NAME]", "[SL:MUSIC_RADIO_ID", "@ptr5", "SL:MUSIC_RADIO_ID]", "IN:PLAY_MUSIC]"]}
{"loss": 2.2860023975372314, "class_log_probabilities": [-0.4988133907318115, -6.648988723754883, -7.703217029571533, -7.809296607971191], "predictions": [63, 66, 396, 397, 67, 103, 399, 104, 68, 4], "target_tokens": ["[IN:PLAY_MUSIC", "[SL:MUSIC_TRACK_TITLE", "@ptr1", "@ptr2", "SL:MUSIC_TRACK_TITLE]", "[SL:MUSIC_PROVIDER_NAME", "@ptr4", "SL:MUSIC_PROVIDER_NAME]", "IN:PLAY_MUSIC]"], "predicted_tokens": ["[IN:PLAY_MUSIC", "[SL:MUSIC_ARTIST_NAME", "@ptr1", "@ptr2", "SL:MUSIC_ARTIST_NAME]", "[SL:MUSIC_PROVIDER_NAME", "@ptr4", "SL:MUSIC_PROVIDER_NAME]", "IN:PLAY_MUSIC]"]}
{"loss": 1.6559079885482788, "class_log_probabilities": [-0.6037784218788147, -6.38335657119751, -6.423215389251709, -6.782886028289795], "predictions": [63, 101, 396, 397, 398, 399, 102, 103, 401, 104, 68, 4], "target_tokens": ["[IN:PLAY_MUSIC", "[SL:MUSIC_ARTIST_NAME", "@ptr1", "@ptr2", "@ptr3", "@ptr4", "SL:MUSIC_ARTIST_NAME]", "[SL:MUSIC_PROVIDER_NAME", "@ptr6", "SL:MUSIC_PROVIDER_NAME]", "IN:PLAY_MUSIC]"], "predicted_tokens": ["[IN:PLAY_MUSIC", "[SL:MUSIC_TRACK_TITLE", "@ptr1", "@ptr2", "@ptr3", "@ptr4", "SL:MUSIC_TRACK_TITLE]", "[SL:MUSIC_PROVIDER_NAME", "@ptr6", "SL:MUSIC_PROVIDER_NAME]", "IN:PLAY_MUSIC]"]}
{"loss": 0.9719818830490112, "class_log_probabilities": [-0.45533764362335205, -6.531360149383545, -7.28948450088501, -7.736706733703613], "predictions": [63, 66, 397, 67, 103, 399, 104, 68, 4], "target_tokens": ["[IN:PLAY_MUSIC", "[SL:MUSIC_ARTIST_NAME", "@ptr2", "SL:MUSIC_ARTIST_NAME]", "[SL:MUSIC_PROVIDER_NAME", "@ptr4", "SL:MUSIC_PROVIDER_NAME]", "IN:PLAY_MUSIC]"], "predicted_tokens": ["[IN:PLAY_MUSIC", "[SL:MUSIC_ARTIST_NAME", "@ptr2", "SL:MUSIC_ARTIST_NAME]", "[SL:MUSIC_PROVIDER_NAME", "@ptr4", "SL:MUSIC_PROVIDER_NAME]", "IN:PLAY_MUSIC]"]}
{"loss": 0.9749443531036377, "class_log_probabilities": [-0.5658970475196838, -4.927321910858154, -5.592708110809326, -5.761594772338867], "predictions": [63, 101, 396, 102, 103, 398, 104, 68, 4], "target_tokens": ["[IN:PLAY_MUSIC", "[SL:MUSIC_TRACK_TITLE", "@ptr1", "SL:MUSIC_TRACK_TITLE]", "[SL:MUSIC_PROVIDER_NAME", "@ptr3", "SL:MUSIC_PROVIDER_NAME]", "IN:PLAY_MUSIC]"], "predicted_tokens": ["[IN:PLAY_MUSIC", "[SL:MUSIC_TRACK_TITLE", "@ptr1", "SL:MUSIC_TRACK_TITLE]", "[SL:MUSIC_PROVIDER_NAME", "@ptr3", "SL:MUSIC_PROVIDER_NAME]", "IN:PLAY_MUSIC]"]}
{"loss": 2.8337948322296143, "class_log_probabilities": [-0.5189284682273865, -7.362142086029053, -7.660951614379883, -8.193387031555176], "predictions": [63, 64, 399, 65, 66, 401, 402, 403, 67, 68, 4, 4], "target_tokens": ["[IN:PLAY_MUSIC", "[SL:MUSIC_ARTIST_NAME", "@ptr6", "@ptr7", "@ptr8", "SL:MUSIC_ARTIST_NAME]", "[SL:MUSIC_TYPE", "@ptr4", "SL:MUSIC_TYPE]", "IN:PLAY_MUSIC]"], "predicted_tokens": ["[IN:PLAY_MUSIC", "[SL:MUSIC_TYPE", "@ptr4", "SL:MUSIC_TYPE]", "[SL:MUSIC_ARTIST_NAME", "@ptr6", "@ptr7", "@ptr8", "SL:MUSIC_ARTIST_NAME]", "IN:PLAY_MUSIC]"]}
{"loss": 2.9371230602264404, "class_log_probabilities": [-1.155308723449707, -3.6954829692840576, -3.8870112895965576, -5.382569313049316], "predictions": [287, 64, 397, 65, 206, 399, 400, 401, 207, 66, 404, 67, 288, 4], "target_tokens": ["[IN:PLAY_MUSIC", "[SL:MUSIC_ARTIST_NAME", "@ptr9", "SL:MUSIC_ARTIST_NAME]", "[SL:MUSIC_ALBUM_TITLE", "@ptr4", "@ptr5", "@ptr6", "SL:MUSIC_ALBUM_TITLE]", "[SL:MUSIC_TYPE", "@ptr2", "SL:MUSIC_TYPE]", "IN:PLAY_MUSIC]"], "predicted_tokens": ["[IN:REPLAY_MUSIC", "[SL:MUSIC_TYPE", "@ptr2", "SL:MUSIC_TYPE]", "[SL:MUSIC_ALBUM_TITLE", "@ptr4", "@ptr5", "@ptr6", "SL:MUSIC_ALBUM_TITLE]", "[SL:MUSIC_ARTIST_NAME", "@ptr9", "SL:MUSIC_ARTIST_NAME]", "IN:REPLAY_MUSIC]"]}
{"loss": 0.9707611799240112, "class_log_probabilities": [-0.3673205077648163, -6.464938163757324, -7.172554016113281, -7.620982646942139], "predictions": [63, 151, 398, 399, 152, 68, 4], "target_tokens": ["[IN:PLAY_MUSIC", "[SL:MUSIC_GENRE", "@ptr3", "@ptr4", "SL:MUSIC_GENRE]", "IN:PLAY_MUSIC]"], "predicted_tokens": ["[IN:PLAY_MUSIC", "[SL:MUSIC_GENRE", "@ptr3", "@ptr4", "SL:MUSIC_GENRE]", "IN:PLAY_MUSIC]"]}
{"loss": 0.9709721207618713, "class_log_probabilities": [-0.339414119720459, -8.163745880126953, -8.281428337097168, -8.345877647399902], "predictions": [63, 66, 398, 399, 67, 68, 4], "target_tokens": ["[IN:PLAY_MUSIC", "[SL:MUSIC_ARTIST_NAME", "@ptr3", "@ptr4", "SL:MUSIC_ARTIST_NAME]", "IN:PLAY_MUSIC]"], "predicted_tokens": ["[IN:PLAY_MUSIC", "[SL:MUSIC_ARTIST_NAME", "@ptr3", "@ptr4", "SL:MUSIC_ARTIST_NAME]", "IN:PLAY_MUSIC]"]}
{"loss": 2.0031139850616455, "class_log_probabilities": [-1.338966965675354, -3.7706198692321777, -3.814530849456787, -3.9493494033813477], "predictions": [63, 64, 399, 65, 101, 401, 402, 102, 66, 404, 405, 406, 67, 103, 408, 104, 68, 4], "target_tokens": ["[IN:PLAY_MUSIC", "[SL:MUSIC_ARTIST_NAME", "@ptr10", "@ptr11", "SL:MUSIC_ARTIST_NAME]", "[SL:MUSIC_TRACK_TITLE", "@ptr6", "@ptr7", "SL:MUSIC_TRACK_TITLE]", "[SL:MUSIC_PROVIDER_NAME", "@ptr13", "SL:MUSIC_PROVIDER_NAME]", "IN:PLAY_MUSIC]"], "predicted_tokens": ["[IN:PLAY_MUSIC", "[SL:MUSIC_TYPE", "@ptr4", "SL:MUSIC_TYPE]", "[SL:MUSIC_TRACK_TITLE", "@ptr6", "@ptr7", "SL:MUSIC_TRACK_TITLE]", "[SL:MUSIC_ARTIST_NAME", "@ptr9", "@ptr10", "@ptr11", "SL:MUSIC_ARTIST_NAME]", "[SL:MUSIC_PROVIDER_NAME", "@ptr13", "SL:MUSIC_PROVIDER_NAME]", "IN:PLAY_MUSIC]"]}
{"loss": 2.5356357097625732, "class_log_probabilities": [-0.4408336877822876, -7.496108531951904, -8.16204833984375, -8.204019546508789], "predictions": [63, 64, 398, 65, 151, 400, 401, 152, 68, 4], "target_tokens": ["[IN:PLAY_MUSIC", "[SL:MUSIC_GENRE", "@ptr5", "@ptr6", "SL:MUSIC_GENRE]", "[SL:MUSIC_TYPE", "@ptr3", "SL:MUSIC_TYPE]", "IN:PLAY_MUSIC]"], "predicted_tokens": ["[IN:PLAY_MUSIC", "[SL:MUSIC_TYPE", "@ptr3", "SL:MUSIC_TYPE]", "[SL:MUSIC_GENRE", "@ptr5", "@ptr6", "SL:MUSIC_GENRE]", "IN:PLAY_MUSIC]"]}
{"loss": 2.485766649246216, "class_log_probabilities": [-0.4821053743362427, -6.901989459991455, -7.825253486633301, -8.111581802368164], "predictions": [63, 64, 399, 65, 66, 401, 402, 67, 68, 4], "target_tokens": ["[IN:PLAY_MUSIC", "[SL:MUSIC_ARTIST_NAME", "@ptr6", "@ptr7", "SL:MUSIC_ARTIST_NAME]", "[SL:MUSIC_TYPE", "@ptr4", "SL:MUSIC_TYPE]", "IN:PLAY_MUSIC]"], "predicted_tokens": ["[IN:PLAY_MUSIC", "[SL:MUSIC_TYPE", "@ptr4", "SL:MUSIC_TYPE]", "[SL:MUSIC_ARTIST_NAME", "@ptr6", "@ptr7", "SL:MUSIC_ARTIST_NAME]", "IN:PLAY_MUSIC]"]}
{"loss": 0.9789304733276367, "class_log_probabilities": [-0.4379458427429199, -7.81549072265625, -7.894832134246826, -8.044113159179688], "predictions": [63, 66, 398, 399, 67, 103, 401, 104, 68, 4], "target_tokens": ["[IN:PLAY_MUSIC", "[SL:MUSIC_ARTIST_NAME", "@ptr3", "@ptr4", "SL:MUSIC_ARTIST_NAME]", "[SL:MUSIC_PROVIDER_NAME", "@ptr6", "SL:MUSIC_PROVIDER_NAME]", "IN:PLAY_MUSIC]"], "predicted_tokens": ["[IN:PLAY_MUSIC", "[SL:MUSIC_ARTIST_NAME", "@ptr3", "@ptr4", "SL:MUSIC_ARTIST_NAME]", "[SL:MUSIC_PROVIDER_NAME", "@ptr6", "SL:MUSIC_PROVIDER_NAME]", "IN:PLAY_MUSIC]"]}
{"loss": 2.324970245361328, "class_log_probabilities": [-0.43245771527290344, -7.178380966186523, -7.774620532989502, -8.124711990356445], "predictions": [63, 64, 399, 65, 66, 401, 67, 68, 4], "target_tokens": ["[IN:PLAY_MUSIC", "[SL:MUSIC_ARTIST_NAME", "@ptr6", "SL:MUSIC_ARTIST_NAME]", "[SL:MUSIC_TYPE", "@ptr4", "SL:MUSIC_TYPE]", "IN:PLAY_MUSIC]"], "predicted_tokens": ["[IN:PLAY_MUSIC", "[SL:MUSIC_TYPE", "@ptr4", "SL:MUSIC_TYPE]", "[SL:MUSIC_ARTIST_NAME", "@ptr6", "SL:MUSIC_ARTIST_NAME]", "IN:PLAY_MUSIC]"]}
{"loss": 0.9674078226089478, "class_log_probabilities": [-0.5307130813598633, -6.047712802886963, -7.3589396476745605, -7.373920917510986], "predictions": [63, 64, 398, 65, 66, 400, 401, 67, 68, 4], "target_tokens": ["[IN:PLAY_MUSIC", "[SL:MUSIC_TYPE", "@ptr3", "SL:MUSIC_TYPE]", "[SL:MUSIC_ARTIST_NAME", "@ptr5", "@ptr6", "SL:MUSIC_ARTIST_NAME]", "IN:PLAY_MUSIC]"], "predicted_tokens": ["[IN:PLAY_MUSIC", "[SL:MUSIC_TYPE", "@ptr3", "SL:MUSIC_TYPE]", "[SL:MUSIC_ARTIST_NAME", "@ptr5", "@ptr6", "SL:MUSIC_ARTIST_NAME]", "IN:PLAY_MUSIC]"]}
{"loss": 2.4903311729431152, "class_log_probabilities": [-0.6721882820129395, -5.487565040588379, -6.846477508544922, -7.363498210906982], "predictions": [63, 64, 396, 65, 66, 399, 400, 401, 402, 67, 68, 4, 4], "target_tokens": ["[IN:PLAY_MUSIC", "[SL:MUSIC_ARTIST_NAME", "@ptr4", "@ptr5", "@ptr6", "@ptr7", "SL:MUSIC_ARTIST_NAME]", "[SL:MUSIC_TYPE", "@ptr1", "SL:MUSIC_TYPE]", "IN:PLAY_MUSIC]"], "predicted_tokens": ["[IN:PLAY_MUSIC", "[SL:MUSIC_TYPE", "@ptr1", "SL:MUSIC_TYPE]", "[SL:MUSIC_ARTIST_NAME", "@ptr4", "@ptr5", "@ptr6", "@ptr7", "SL:MUSIC_ARTIST_NAME]", "IN:PLAY_MUSIC]"]}
{"loss": 1.3147859573364258, "class_log_probabilities": [-3.620150566101074, -3.699904680252075, -4.066962718963623, -4.271448135375977], "predictions": [85, 86, 403, 404, 405, 406, 407, 408, 87, 88, 4], "target_tokens": ["[IN:CREATE_PLAYLIST_MUSIC", "[SL:MUSIC_PLAYLIST_TITLE", "@ptr9", "@ptr10", "@ptr11", "@ptr12", "SL:MUSIC_PLAYLIST_TITLE]", "IN:CREATE_PLAYLIST_MUSIC]"], "predicted_tokens": ["[IN:CREATE_PLAYLIST_MUSIC", "[SL:MUSIC_PLAYLIST_TITLE", "@ptr8", "@ptr9", "@ptr10", "@ptr11", "@ptr12", "@ptr13", "SL:MUSIC_PLAYLIST_TITLE]", "IN:CREATE_PLAYLIST_MUSIC]"]}
{"loss": 1.4554773569107056, "class_log_probabilities": [-2.5715293884277344, -2.819241523742676, -4.229499340057373, -4.853792190551758], "predictions": [63, 151, 398, 57, 68, 4], "target_tokens": ["[IN:PLAY_MUSIC", "[SL:MUSIC_GENRE", "@ptr3", "SL:MUSIC_GENRE]", "IN:PLAY_MUSIC]"], "predicted_tokens": ["[IN:PLAY_MUSIC", "[SL:MUSIC_GENRE", "@ptr3", "SL:NEWS_TOPIC]", "IN:PLAY_MUSIC]"]}
{"loss": 0.9877974390983582, "class_log_probabilities": [-0.1823822408914566, -6.714197635650635, -6.828756809234619, -6.8375244140625], "predictions": [359, 360, 4, 4, 4, 4], "target_tokens": ["[IN:REPEAT_ALL_OFF_MUSIC", "IN:REPEAT_ALL_OFF_MUSIC]"], "predicted_tokens": ["[IN:REPEAT_ALL_OFF_MUSIC", "IN:REPEAT_ALL_OFF_MUSIC]"]}
{"loss": 4.437544345855713, "class_log_probabilities": [-0.29894527792930603, -6.666747093200684, -6.8357930183410645, -7.390633583068848], "predictions": [287, 64, 400, 65, 288, 4], "target_tokens": ["[IN:REPEAT_ALL_MUSIC", "IN:REPEAT_ALL_MUSIC]"], "predicted_tokens": ["[IN:REPLAY_MUSIC", "[SL:MUSIC_TYPE", "@ptr5", "SL:MUSIC_TYPE]", "IN:REPLAY_MUSIC]"]}
{"loss": 0.9699118733406067, "class_log_probabilities": [-0.34914177656173706, -6.182506561279297, -6.925660610198975, -7.008376598358154], "predictions": [63, 103, 398, 104, 68, 4], "target_tokens": ["[IN:PLAY_MUSIC", "[SL:MUSIC_PROVIDER_NAME", "@ptr3", "SL:MUSIC_PROVIDER_NAME]", "IN:PLAY_MUSIC]"], "predicted_tokens": ["[IN:PLAY_MUSIC", "[SL:MUSIC_PROVIDER_NAME", "@ptr3", "SL:MUSIC_PROVIDER_NAME]", "IN:PLAY_MUSIC]"]}
{"loss": 1.2335253953933716, "class_log_probabilities": [-0.670335590839386, -3.299180507659912, -4.523054599761963, -6.114567279815674], "predictions": [169, 64, 397, 65, 103, 399, 104, 170, 4], "target_tokens": ["[IN:DISLIKE_MUSIC", "[SL:MUSIC_TYPE", "@ptr2", "SL:MUSIC_TYPE]", "[SL:MUSIC_PROVIDER_NAME", "@ptr4", "SL:MUSIC_PROVIDER_NAME]", "IN:DISLIKE_MUSIC]"], "predicted_tokens": ["[IN:REMOVE_FROM_PLAYLIST_MUSIC", "[SL:MUSIC_TYPE", "@ptr2", "SL:MUSIC_TYPE]", "[SL:MUSIC_PROVIDER_NAME", "@ptr4", "SL:MUSIC_PROVIDER_NAME]", "IN:REMOVE_FROM_PLAYLIST_MUSIC]"]}
{"loss": 0.9709233045578003, "class_log_probabilities": [-0.48757630586624146, -6.762066841125488, -7.061470031738281, -7.090277671813965], "predictions": [217, 64, 398, 65, 103, 403, 104, 218, 4], "target_tokens": ["[IN:GET_TRACK_INFO_MUSIC", "[SL:MUSIC_TYPE", "@ptr3", "SL:MUSIC_TYPE]", "[SL:MUSIC_PROVIDER_NAME", "@ptr8", "SL:MUSIC_PROVIDER_NAME]", "IN:GET_TRACK_INFO_MUSIC]"], "predicted_tokens": ["[IN:GET_TRACK_INFO_MUSIC", "[SL:MUSIC_TYPE", "@ptr3", "SL:MUSIC_TYPE]", "[SL:MUSIC_PROVIDER_NAME", "@ptr8", "SL:MUSIC_PROVIDER_NAME]", "IN:GET_TRACK_INFO_MUSIC]"]}
{"loss": 1.9516764879226685, "class_log_probabilities": [-0.6810892224311829, -4.061359405517578, -5.758172988891602, -6.164865493774414], "predictions": [63, 151, 396, 397, 398, 152, 103, 400, 104, 68, 4], "target_tokens": ["[IN:PLAY_MUSIC", "[SL:MUSIC_RADIO_ID", "@ptr1", "@ptr2", "@ptr3", "SL:MUSIC_RADIO_ID]", "[SL:MUSIC_PROVIDER_NAME", "@ptr5", "SL:MUSIC_PROVIDER_NAME]", "IN:PLAY_MUSIC]"], "predicted_tokens": ["[IN:PLAY_MUSIC", "[SL:MUSIC_GENRE", "@ptr1", "@ptr2", "@ptr3", "SL:MUSIC_GENRE]", "[SL:MUSIC_PROVIDER_NAME", "@ptr5", "SL:MUSIC_PROVIDER_NAME]", "IN:PLAY_MUSIC]"]}
{"loss": 1.2112653255462646, "class_log_probabilities": [-0.7252916693687439, -2.94205641746521, -6.58570671081543, -6.897299766540527], "predictions": [63, 223, 396, 224, 103, 399, 104, 68, 4], "target_tokens": ["[IN:PLAY_MUSIC", "[SL:MUSIC_RADIO_ID", "@ptr1", "SL:MUSIC_RADIO_ID]", "[SL:MUSIC_PROVIDER_NAME", "@ptr3", "SL:MUSIC_PROVIDER_NAME]", "IN:PLAY_MUSIC]"], "predicted_tokens": ["[IN:PLAY_MUSIC", "[SL:MUSIC_RADIO_ID", "@ptr1", "SL:MUSIC_RADIO_ID]", "[SL:MUSIC_PROVIDER_NAME", "@ptr4", "SL:MUSIC_PROVIDER_NAME]", "IN:PLAY_MUSIC]"]}
{"loss": 2.438615083694458, "class_log_probabilities": [-0.5104808807373047, -5.139766693115234, -7.386729717254639, -8.059219360351562], "predictions": [63, 64, 398, 65, 66, 400, 401, 67, 68, 4], "target_tokens": ["[IN:PLAY_MUSIC", "[SL:MUSIC_ARTIST_NAME", "@ptr5", "@ptr6", "SL:MUSIC_ARTIST_NAME]", "[SL:MUSIC_TYPE", "@ptr3", "SL:MUSIC_TYPE]", "IN:PLAY_MUSIC]"], "predicted_tokens": ["[IN:PLAY_MUSIC", "[SL:MUSIC_TYPE", "@ptr3", "SL:MUSIC_TYPE]", "[SL:MUSIC_ARTIST_NAME", "@ptr5", "@ptr6", "SL:MUSIC_ARTIST_NAME]", "IN:PLAY_MUSIC]"]}
{"loss": 2.243664026260376, "class_log_probabilities": [-1.0663217306137085, -2.3407375812530518, -4.927889347076416, -4.960117816925049], "predictions": [63, 64, 398, 65, 66, 400, 401, 67, 68, 4, 4, 4, 4], "target_tokens": ["[IN:PLAY_MUSIC", "[SL:MUSIC_ARTIST_NAME", "@ptr5", "@ptr6", "SL:MUSIC_ARTIST_NAME]", "[SL:MUSIC_TYPE", "@ptr3", "SL:MUSIC_TYPE]", "IN:PLAY_MUSIC]"], "predicted_tokens": ["[IN:PLAY_MUSIC", "[SL:MUSIC_TYPE", "@ptr3", "SL:MUSIC_TYPE]", "[SL:MUSIC_ARTIST_NAME", "@ptr5", "@ptr6", "SL:MUSIC_ARTIST_NAME]", "IN:PLAY_MUSIC]"]}
{"loss": 1.0176438093185425, "class_log_probabilities": [-0.5861854553222656, -2.1246721744537354, -4.605740070343018, -4.931849002838135], "predictions": [297, 64, 398, 65, 298, 4], "target_tokens": ["[IN:STOP_MUSIC", "[SL:MUSIC_TYPE", "@ptr3", "SL:MUSIC_TYPE]", "IN:STOP_MUSIC]"], "predicted_tokens": ["[IN:STOP_MUSIC", "[SL:MUSIC_TYPE", "@ptr3", "SL:MUSIC_TYPE]", "IN:STOP_MUSIC]"]}
{"loss": 0.9689785242080688, "class_log_probabilities": [-0.5078434944152832, -7.101727485656738, -7.611937046051025, -7.903894901275635], "predictions": [63, 64, 398, 65, 66, 400, 401, 67, 68, 4], "target_tokens": ["[IN:PLAY_MUSIC", "[SL:MUSIC_TYPE", "@ptr3", "SL:MUSIC_TYPE]", "[SL:MUSIC_ARTIST_NAME", "@ptr5", "@ptr6", "SL:MUSIC_ARTIST_NAME]", "IN:PLAY_MUSIC]"], "predicted_tokens": ["[IN:PLAY_MUSIC", "[SL:MUSIC_TYPE", "@ptr3", "SL:MUSIC_TYPE]", "[SL:MUSIC_ARTIST_NAME", "@ptr5", "@ptr6", "SL:MUSIC_ARTIST_NAME]", "IN:PLAY_MUSIC]"]}
{"loss": 1.1945897340774536, "class_log_probabilities": [-0.6638712882995605, -1.9365065097808838, -5.493753910064697, -6.0099568367004395], "predictions": [297, 64, 397, 65, 298, 4], "target_tokens": ["[IN:PAUSE_MUSIC", "[SL:MUSIC_TYPE", "@ptr2", "SL:MUSIC_TYPE]", "IN:PAUSE_MUSIC]"], "predicted_tokens": ["[IN:STOP_MUSIC", "[SL:MUSIC_TYPE", "@ptr2", "SL:MUSIC_TYPE]", "IN:STOP_MUSIC]"]}
{"loss": 2.5095324516296387, "class_log_probabilities": [-0.40431520342826843, -7.936363220214844, -8.022514343261719, -8.116339683532715], "predictions": [63, 64, 396, 65, 151, 397, 152, 68, 4], "target_tokens": ["[IN:PLAY_MUSIC", "[SL:MUSIC_GENRE", "@ptr2", "SL:MUSIC_GENRE]", "[SL:MUSIC_TYPE", "@ptr1", "SL:MUSIC_TYPE]", "IN:PLAY_MUSIC]"], "predicted_tokens": ["[IN:PLAY_MUSIC", "[SL:MUSIC_TYPE", "@ptr1", "SL:MUSIC_TYPE]", "[SL:MUSIC_GENRE", "@ptr2", "SL:MUSIC_GENRE]", "IN:PLAY_MUSIC]"]}
{"loss": 2.3988759517669678, "class_log_probabilities": [-0.29357513785362244, -7.146571159362793, -7.277624607086182, -7.650183200836182], "predictions": [63, 64, 397, 65, 68, 4], "target_tokens": ["[IN:START_SHUFFLE_MUSIC", "[SL:MUSIC_TYPE", "@ptr2", "SL:MUSIC_TYPE]", "IN:START_SHUFFLE_MUSIC]"], "predicted_tokens": ["[IN:PLAY_MUSIC", "[SL:MUSIC_TYPE", "@ptr2", "SL:MUSIC_TYPE]", "IN:PLAY_MUSIC]"]}
{"loss": 2.7067506313323975, "class_log_probabilities": [-0.43178337812423706, -7.430857181549072, -7.545504570007324, -7.622478485107422], "predictions": [251, 64, 399, 65, 66, 403, 404, 67, 252, 4], "target_tokens": ["[IN:QUESTION_MUSIC", "[SL:MUSIC_ARTIST_NAME", "@ptr8", "@ptr9", "SL:MUSIC_ARTIST_NAME]", "[SL:MUSIC_TYPE", "@ptr4", "SL:MUSIC_TYPE]", "IN:QUESTION_MUSIC]"], "predicted_tokens": ["[IN:QUESTION_MUSIC", "[SL:MUSIC_TYPE", "@ptr4", "SL:MUSIC_TYPE]", "[SL:MUSIC_ARTIST_NAME", "@ptr8", "@ptr9", "SL:MUSIC_ARTIST_NAME]", "IN:QUESTION_MUSIC]"]}
{"loss": 3.0835156440734863, "class_log_probabilities": [-2.8987512588500977, -4.078527927398682, -4.436060905456543, -4.640218734741211], "predictions": [241, 64, 400, 65, 242, 4], "target_tokens": ["[IN:SKIP_TRACK_MUSIC", "[SL:ORDINAL", "@ptr6", "SL:ORDINAL]", "[SL:MUSIC_TYPE", "@ptr5", "SL:MUSIC_TYPE]", "IN:SKIP_TRACK_MUSIC]"], "predicted_tokens": ["[IN:SKIP_TRACK_MUSIC", "[SL:MUSIC_TYPE", "@ptr5", "SL:MUSIC_TYPE]", "IN:SKIP_TRACK_MUSIC]"]}
{"loss": 5.101297378540039, "class_log_probabilities": [-2.2280306816101074, -3.955920696258545, -4.952986240386963, -8.116608619689941], "predictions": [287, 71, 397, 72, 73, 4, 4, 4, 4, 4, 4], "target_tokens": ["[IN:LOOP_MUSIC", "IN:LOOP_MUSIC]"], "predicted_tokens": ["[IN:REPLAY_MUSIC", "[SL:TYPE_RELATION", "@ptr2", "SL:TYPE_RELATION]", "IN:GET_CONTACT]"]}
{"loss": 2.578913450241089, "class_log_probabilities": [-0.3840959370136261, -8.139095306396484, -8.183229446411133, -8.201078414916992], "predictions": [63, 64, 396, 65, 151, 397, 152, 68, 4], "target_tokens": ["[IN:PLAY_MUSIC", "[SL:MUSIC_GENRE", "@ptr2", "SL:MUSIC_GENRE]", "[SL:MUSIC_TYPE", "@ptr1", "SL:MUSIC_TYPE]", "IN:PLAY_MUSIC]"], "predicted_tokens": ["[IN:PLAY_MUSIC", "[SL:MUSIC_TYPE", "@ptr1", "SL:MUSIC_TYPE]", "[SL:MUSIC_GENRE", "@ptr2", "SL:MUSIC_GENRE]", "IN:PLAY_MUSIC]"]}
{"loss": 0.9872453212738037, "class_log_probabilities": [-0.2597421109676361, -7.72869348526001, -8.052857398986816, -8.98585033416748], "predictions": [287, 64, 399, 65, 288, 4, 4, 4], "target_tokens": ["[IN:REPLAY_MUSIC", "[SL:MUSIC_TYPE", "@ptr4", "SL:MUSIC_TYPE]", "IN:REPLAY_MUSIC]"], "predicted_tokens": ["[IN:REPLAY_MUSIC", "[SL:MUSIC_TYPE", "@ptr4", "SL:MUSIC_TYPE]", "IN:REPLAY_MUSIC]"]}
{"loss": 0.9939920902252197, "class_log_probabilities": [-0.3619346618652344, -7.939884185791016, -8.060696601867676, -8.101290702819824], "predictions": [229, 20, 397, 21, 64, 398, 65, 230, 4, 4], "target_tokens": ["[IN:PREVIOUS_TRACK_MUSIC", "[SL:ORDINAL", "@ptr2", "SL:ORDINAL]", "[SL:MUSIC_TYPE", "@ptr3", "SL:MUSIC_TYPE]", "IN:PREVIOUS_TRACK_MUSIC]"], "predicted_tokens": ["[IN:PREVIOUS_TRACK_MUSIC", "[SL:ORDINAL", "@ptr2", "SL:ORDINAL]", "[SL:MUSIC_TYPE", "@ptr3", "SL:MUSIC_TYPE]", "IN:PREVIOUS_TRACK_MUSIC]"]}
{"loss": 2.713564395904541, "class_log_probabilities": [-0.5411725044250488, -5.585801601409912, -7.0789031982421875, -7.256805419921875], "predictions": [63, 64, 398, 65, 66, 400, 401, 67, 68, 4], "target_tokens": ["[IN:PLAY_MUSIC", "[SL:MUSIC_ARTIST_NAME", "@ptr5", "@ptr6", "SL:MUSIC_ARTIST_NAME]", "[SL:MUSIC_TYPE", "@ptr3", "SL:MUSIC_TYPE]", "IN:PLAY_MUSIC]"], "predicted_tokens": ["[IN:PLAY_MUSIC", "[SL:MUSIC_TYPE", "@ptr3", "SL:MUSIC_TYPE]", "[SL:MUSIC_ARTIST_NAME", "@ptr5", "@ptr6", "SL:MUSIC_ARTIST_NAME]", "IN:PLAY_MUSIC]"]}
{"loss": 2.6047213077545166, "class_log_probabilities": [-1.1923441886901855, -2.6118505001068115, -2.9657204151153564, -4.496318817138672], "predictions": [63, 64, 397, 65, 151, 399, 400, 152, 103, 402, 104, 68, 4], "target_tokens": ["[IN:PLAY_MUSIC", "[SL:MUSIC_GENRE", "@ptr5", "SL:MUSIC_GENRE]", "[SL:MUSIC_TYPE", "@ptr2", "SL:MUSIC_TYPE]", "[SL:MUSIC_PROVIDER_NAME", "@ptr7", "SL:MUSIC_PROVIDER_NAME]", "IN:PLAY_MUSIC]"], "predicted_tokens": ["[IN:PLAY_MUSIC", "[SL:MUSIC_TYPE", "@ptr2", "SL:MUSIC_TYPE]", "[SL:MUSIC_GENRE", "@ptr4", "@ptr5", "SL:MUSIC_GENRE]", "[SL:MUSIC_PROVIDER_NAME", "@ptr7", "SL:MUSIC_PROVIDER_NAME]", "IN:PLAY_MUSIC]"]}
{"loss": 0.9841160774230957, "class_log_probabilities": [-0.13610343635082245, -7.644299507141113, -8.21513557434082, -8.73548412322998], "predictions": [217, 218, 4, 4], "target_tokens": ["[IN:GET_TRACK_INFO_MUSIC", "IN:GET_TRACK_INFO_MUSIC]"], "predicted_tokens": ["[IN:GET_TRACK_INFO_MUSIC", "IN:GET_TRACK_INFO_MUSIC]"]}
{"loss": 3.748520612716675, "class_log_probabilities": [-0.43369054794311523, -7.907094955444336, -8.004252433776855, -8.18191909790039], "predictions": [63, 64, 400, 65, 151, 401, 152, 68, 4], "target_tokens": ["[IN:PLAY_MUSIC", "[SL:MUSIC_GENRE", "@ptr6", "SL:MUSIC_GENRE]", "IN:PLAY_MUSIC]"], "predicted_tokens": ["[IN:PLAY_MUSIC", "[SL:MUSIC_TYPE", "@ptr5", "SL:MUSIC_TYPE]", "[SL:MUSIC_GENRE", "@ptr6", "SL:MUSIC_GENRE]", "IN:PLAY_MUSIC]"]}
{"loss": 1.0176438093185425, "class_log_probabilities": [-0.5861854553222656, -2.1246721744537354, -4.605740070343018, -4.931849002838135], "predictions": [297, 64, 398, 65, 298, 4], "target_tokens": ["[IN:STOP_MUSIC", "[SL:MUSIC_TYPE", "@ptr3", "SL:MUSIC_TYPE]", "IN:STOP_MUSIC]"], "predicted_tokens": ["[IN:STOP_MUSIC", "[SL:MUSIC_TYPE", "@ptr3", "SL:MUSIC_TYPE]", "IN:STOP_MUSIC]"]}
{"loss": 0.98455810546875, "class_log_probabilities": [-0.2618650794029236, -7.573259353637695, -7.658443450927734, -7.907778263092041], "predictions": [241, 64, 399, 65, 242, 4], "target_tokens": ["[IN:SKIP_TRACK_MUSIC", "[SL:MUSIC_TYPE", "@ptr4", "SL:MUSIC_TYPE]", "IN:SKIP_TRACK_MUSIC]"], "predicted_tokens": ["[IN:SKIP_TRACK_MUSIC", "[SL:MUSIC_TYPE", "@ptr4", "SL:MUSIC_TYPE]", "IN:SKIP_TRACK_MUSIC]"]}
{"loss": 2.07614803314209, "class_log_probabilities": [-0.42947623133659363, -8.046147346496582, -8.09211540222168, -8.112757682800293], "predictions": [63, 64, 400, 65, 151, 401, 152, 68, 4], "target_tokens": ["[IN:PLAY_MUSIC", "[SL:MUSIC_GENRE", "@ptr6", "SL:MUSIC_GENRE]", "[SL:MUSIC_TYPE", "@ptr5", "SL:MUSIC_TYPE]", "IN:PLAY_MUSIC]"], "predicted_tokens": ["[IN:PLAY_MUSIC", "[SL:MUSIC_TYPE", "@ptr5", "SL:MUSIC_TYPE]", "[SL:MUSIC_GENRE", "@ptr6", "SL:MUSIC_GENRE]", "IN:PLAY_MUSIC]"]}
{"loss": 1.1822293996810913, "class_log_probabilities": [-0.6586523056030273, -1.833024263381958, -5.298905849456787, -6.104479789733887], "predictions": [297, 64, 397, 65, 298, 4], "target_tokens": ["[IN:PAUSE_MUSIC", "[SL:MUSIC_TYPE", "@ptr2", "SL:MUSIC_TYPE]", "IN:PAUSE_MUSIC]"], "predicted_tokens": ["[IN:STOP_MUSIC", "[SL:MUSIC_TYPE", "@ptr2", "SL:MUSIC_TYPE]", "IN:STOP_MUSIC]"]}
{"loss": 0.9937863349914551, "class_log_probabilities": [-0.2416401356458664, -8.198832511901855, -8.495946884155273, -8.806310653686523], "predictions": [287, 64, 397, 65, 288, 4, 4, 4], "target_tokens": ["[IN:REPLAY_MUSIC", "[SL:MUSIC_TYPE", "@ptr2", "SL:MUSIC_TYPE]", "IN:REPLAY_MUSIC]"], "predicted_tokens": ["[IN:REPLAY_MUSIC", "[SL:MUSIC_TYPE", "@ptr2", "SL:MUSIC_TYPE]", "IN:REPLAY_MUSIC]"]}
{"loss": 2.791642427444458, "class_log_probabilities": [-6.3705339431762695, -6.5735321044921875, -7.968254089355469, -11.390724182128906], "predictions": [287, 71, 396, 72, 73, 4, 4, 4, 4, 4, 4, 4, 4, 4, 4], "target_tokens": ["[IN:LOOP_MUSIC", "[SL:MUSIC_TRACK_TITLE", "@ptr1", "@ptr2", "@ptr3", "@ptr4", "SL:MUSIC_TRACK_TITLE]", "IN:LOOP_MUSIC]"], "predicted_tokens": ["[IN:REPLAY_MUSIC", "[SL:TYPE_RELATION", "@ptr1", "SL:TYPE_RELATION]", "IN:GET_CONTACT]"]}
{"loss": 0.9801701903343201, "class_log_probabilities": [-0.26843971014022827, -8.27751636505127, -8.385831832885742, -8.444833755493164], "predictions": [217, 64, 397, 65, 218, 4], "target_tokens": ["[IN:GET_TRACK_INFO_MUSIC", "[SL:MUSIC_TYPE", "@ptr2", "SL:MUSIC_TYPE]", "IN:GET_TRACK_INFO_MUSIC]"], "predicted_tokens": ["[IN:GET_TRACK_INFO_MUSIC", "[SL:MUSIC_TYPE", "@ptr2", "SL:MUSIC_TYPE]", "IN:GET_TRACK_INFO_MUSIC]"]}
{"loss": 1.102630615234375, "class_log_probabilities": [-1.8791248798370361, -2.2348649501800537, -6.22363805770874, -8.294787406921387], "predictions": [63, 66, 396, 397, 67, 103, 399, 104, 68, 4, 4, 4, 4, 4], "target_tokens": ["[IN:PLAY_MUSIC", "[SL:MUSIC_ARTIST_NAME", "@ptr1", "@ptr2", "SL:MUSIC_ARTIST_NAME]", "[SL:MUSIC_PROVIDER_NAME", "@ptr3", "SL:MUSIC_PROVIDER_NAME]", "IN:PLAY_MUSIC]"], "predicted_tokens": ["[IN:PLAY_MUSIC", "[SL:MUSIC_ARTIST_NAME", "@ptr1", "@ptr2", "SL:MUSIC_ARTIST_NAME]", "[SL:MUSIC_PROVIDER_NAME", "@ptr4", "SL:MUSIC_PROVIDER_NAME]", "IN:PLAY_MUSIC]"]}
{"loss": 0.9829574227333069, "class_log_probabilities": [-0.28648924827575684, -7.615839958190918, -7.826838493347168, -8.080562591552734], "predictions": [85, 64, 398, 65, 88, 4, 4, 4, 4], "target_tokens": ["[IN:CREATE_PLAYLIST_MUSIC", "[SL:MUSIC_TYPE", "@ptr3", "SL:MUSIC_TYPE]", "IN:CREATE_PLAYLIST_MUSIC]"], "predicted_tokens": ["[IN:CREATE_PLAYLIST_MUSIC", "[SL:MUSIC_TYPE", "@ptr3", "SL:MUSIC_TYPE]", "IN:CREATE_PLAYLIST_MUSIC]"]}
{"loss": 0.9921213984489441, "class_log_probabilities": [-0.3753180205821991, -7.2519707679748535, -7.575516700744629, -8.163230895996094], "predictions": [229, 20, 399, 21, 64, 400, 65, 230, 4], "target_tokens": ["[IN:PREVIOUS_TRACK_MUSIC", "[SL:ORDINAL", "@ptr4", "SL:ORDINAL]", "[SL:MUSIC_TYPE", "@ptr5", "SL:MUSIC_TYPE]", "IN:PREVIOUS_TRACK_MUSIC]"], "predicted_tokens": ["[IN:PREVIOUS_TRACK_MUSIC", "[SL:ORDINAL", "@ptr4", "SL:ORDINAL]", "[SL:MUSIC_TYPE", "@ptr5", "SL:MUSIC_TYPE]", "IN:PREVIOUS_TRACK_MUSIC]"]}
{"loss": 2.808499813079834, "class_log_probabilities": [-0.5228535532951355, -5.841209411621094, -6.934791564941406, -7.911290168762207], "predictions": [63, 64, 397, 65, 66, 399, 400, 67, 68, 4], "target_tokens": ["[IN:PLAY_MUSIC", "[SL:MUSIC_ARTIST_NAME", "@ptr4", "@ptr5", "SL:MUSIC_ARTIST_NAME]", "[SL:MUSIC_TYPE", "@ptr2", "SL:MUSIC_TYPE]", "IN:PLAY_MUSIC]"], "predicted_tokens": ["[IN:PLAY_MUSIC", "[SL:MUSIC_TYPE", "@ptr2", "SL:MUSIC_TYPE]", "[SL:MUSIC_ARTIST_NAME", "@ptr4", "@ptr5", "SL:MUSIC_ARTIST_NAME]", "IN:PLAY_MUSIC]"]}
{"loss": 3.523641586303711, "class_log_probabilities": [-4.681491374969482, -4.694014549255371, -5.154200077056885, -5.39795446395874], "predictions": [297, 52, 400, 53, 298, 4], "target_tokens": ["[IN:SKIP_TRACK_MUSIC", "[SL:MUSIC_TRACK_TITLE", "@ptr2", "SL:MUSIC_TRACK_TITLE]", "IN:SKIP_TRACK_MUSIC]"], "predicted_tokens": ["[IN:STOP_MUSIC", "[SL:RECIPES_DISH", "@ptr5", "SL:RECIPES_DISH]", "IN:STOP_MUSIC]"]}
{"loss": 0.9752194881439209, "class_log_probabilities": [-0.4194995164871216, -7.362555027008057, -7.743292808532715, -7.826045989990234], "predictions": [63, 64, 397, 65, 103, 400, 104, 68, 4], "target_tokens": ["[IN:PLAY_MUSIC", "[SL:MUSIC_TYPE", "@ptr2", "SL:MUSIC_TYPE]", "[SL:MUSIC_PROVIDER_NAME", "@ptr5", "SL:MUSIC_PROVIDER_NAME]", "IN:PLAY_MUSIC]"], "predicted_tokens": ["[IN:PLAY_MUSIC", "[SL:MUSIC_TYPE", "@ptr2", "SL:MUSIC_TYPE]", "[SL:MUSIC_PROVIDER_NAME", "@ptr5", "SL:MUSIC_PROVIDER_NAME]", "IN:PLAY_MUSIC]"]}
{"loss": 0.9781051278114319, "class_log_probabilities": [-0.27194368839263916, -8.27679443359375, -8.301334381103516, -8.33650016784668], "predictions": [217, 64, 402, 65, 218, 4], "target_tokens": ["[IN:GET_TRACK_INFO_MUSIC", "[SL:MUSIC_TYPE", "@ptr7", "SL:MUSIC_TYPE]", "IN:GET_TRACK_INFO_MUSIC]"], "predicted_tokens": ["[IN:GET_TRACK_INFO_MUSIC", "[SL:MUSIC_TYPE", "@ptr7", "SL:MUSIC_TYPE]", "IN:GET_TRACK_INFO_MUSIC]"]}
{"loss": 1.8057608604431152, "class_log_probabilities": [-0.5247441530227661, -5.873972415924072, -6.191657543182373, -7.183005332946777], "predictions": [63, 64, 396, 65, 103, 399, 104, 68, 4], "target_tokens": ["[IN:PLAY_MUSIC", "[SL:MUSIC_TYPE", "@ptr1", "SL:MUSIC_TYPE]", "IN:PLAY_MUSIC]"], "predicted_tokens": ["[IN:PLAY_MUSIC", "[SL:MUSIC_TYPE", "@ptr1", "SL:MUSIC_TYPE]", "[SL:MUSIC_PROVIDER_NAME", "@ptr4", "SL:MUSIC_PROVIDER_NAME]", "IN:PLAY_MUSIC]"]}
{"loss": 0.9855334162712097, "class_log_probabilities": [-0.3969081938266754, -7.789444446563721, -7.846243858337402, -8.062767028808594], "predictions": [251, 64, 400, 65, 66, 402, 67, 252, 4], "target_tokens": ["[IN:QUESTION_MUSIC", "[SL:MUSIC_TYPE", "@ptr5", "SL:MUSIC_TYPE]", "[SL:MUSIC_ARTIST_NAME", "@ptr7", "SL:MUSIC_ARTIST_NAME]", "IN:QUESTION_MUSIC]"], "predicted_tokens": ["[IN:QUESTION_MUSIC", "[SL:MUSIC_TYPE", "@ptr5", "SL:MUSIC_TYPE]", "[SL:MUSIC_ARTIST_NAME", "@ptr7", "SL:MUSIC_ARTIST_NAME]", "IN:QUESTION_MUSIC]"]}
{"loss": 4.386162281036377, "class_log_probabilities": [-3.096067428588867, -3.1996490955352783, -3.284581422805786, -4.297693252563477], "predictions": [287, 66, 400, 67, 288, 4], "target_tokens": ["[IN:PLAY_MUSIC", "[SL:MUSIC_TYPE", "@ptr2", "@ptr3", "@ptr4", "SL:MUSIC_TYPE]", "[SL:MUSIC_PLAYLIST_TITLE", "@ptr5", "SL:MUSIC_PLAYLIST_TITLE]", "IN:PLAY_MUSIC]"], "predicted_tokens": ["[IN:REPLAY_MUSIC", "[SL:MUSIC_ARTIST_NAME", "@ptr5", "SL:MUSIC_ARTIST_NAME]", "IN:REPLAY_MUSIC]"]}
{"loss": 2.981934070587158, "class_log_probabilities": [-0.4362161457538605, -5.9992547035217285, -8.33249568939209, -8.418885231018066], "predictions": [63, 64, 398, 65, 66, 402, 67, 68, 4], "target_tokens": ["[IN:PLAY_MUSIC", "[SL:MUSIC_ARTIST_NAME", "@ptr7", "SL:MUSIC_ARTIST_NAME]", "[SL:MUSIC_TYPE", "@ptr3", "SL:MUSIC_TYPE]", "IN:PLAY_MUSIC]"], "predicted_tokens": ["[IN:PLAY_MUSIC", "[SL:MUSIC_TYPE", "@ptr3", "SL:MUSIC_TYPE]", "[SL:MUSIC_ARTIST_NAME", "@ptr7", "SL:MUSIC_ARTIST_NAME]", "IN:PLAY_MUSIC]"]}
{"loss": 0.9801192283630371, "class_log_probabilities": [-0.26606830954551697, -8.236443519592285, -8.300939559936523, -8.367177963256836], "predictions": [217, 64, 400, 65, 218, 4], "target_tokens": ["[IN:GET_TRACK_INFO_MUSIC", "[SL:MUSIC_TYPE", "@ptr5", "SL:MUSIC_TYPE]", "IN:GET_TRACK_INFO_MUSIC]"], "predicted_tokens": ["[IN:GET_TRACK_INFO_MUSIC", "[SL:MUSIC_TYPE", "@ptr5", "SL:MUSIC_TYPE]", "IN:GET_TRACK_INFO_MUSIC]"]}
{"loss": 0.9830288887023926, "class_log_probabilities": [-0.2680676281452179, -6.130546569824219, -7.973127365112305, -8.85461139678955], "predictions": [63, 151, 399, 152, 68, 4, 4, 4, 4], "target_tokens": ["[IN:PLAY_MUSIC", "[SL:MUSIC_GENRE", "@ptr4", "SL:MUSIC_GENRE]", "IN:PLAY_MUSIC]"], "predicted_tokens": ["[IN:PLAY_MUSIC", "[SL:MUSIC_GENRE", "@ptr4", "SL:MUSIC_GENRE]", "IN:PLAY_MUSIC]"]}
{"loss": 0.9732950925827026, "class_log_probabilities": [-0.35496455430984497, -7.549484729766846, -7.860057353973389, -8.93856143951416], "predictions": [63, 151, 399, 400, 152, 68, 4, 4, 4, 4, 4], "target_tokens": ["[IN:PLAY_MUSIC", "[SL:MUSIC_GENRE", "@ptr4", "@ptr5", "SL:MUSIC_GENRE]", "IN:PLAY_MUSIC]"], "predicted_tokens": ["[IN:PLAY_MUSIC", "[SL:MUSIC_GENRE", "@ptr4", "@ptr5", "SL:MUSIC_GENRE]", "IN:PLAY_MUSIC]"]}
{"loss": 2.755333423614502, "class_log_probabilities": [-0.5076751708984375, -6.933732032775879, -7.686464786529541, -7.785359859466553], "predictions": [63, 64, 398, 65, 66, 400, 401, 67, 68, 4], "target_tokens": ["[IN:PLAY_MUSIC", "[SL:MUSIC_ARTIST_NAME", "@ptr5", "@ptr6", "SL:MUSIC_ARTIST_NAME]", "[SL:MUSIC_TYPE", "@ptr3", "SL:MUSIC_TYPE]", "IN:PLAY_MUSIC]"], "predicted_tokens": ["[IN:PLAY_MUSIC", "[SL:MUSIC_TYPE", "@ptr3", "SL:MUSIC_TYPE]", "[SL:MUSIC_ARTIST_NAME", "@ptr5", "@ptr6", "SL:MUSIC_ARTIST_NAME]", "IN:PLAY_MUSIC]"]}
{"loss": 0.975447952747345, "class_log_probabilities": [-0.28242868185043335, -7.91869592666626, -7.950552463531494, -8.035404205322266], "predictions": [63, 151, 397, 152, 68, 4], "target_tokens": ["[IN:PLAY_MUSIC", "[SL:MUSIC_GENRE", "@ptr2", "SL:MUSIC_GENRE]", "IN:PLAY_MUSIC]"], "predicted_tokens": ["[IN:PLAY_MUSIC", "[SL:MUSIC_GENRE", "@ptr2", "SL:MUSIC_GENRE]", "IN:PLAY_MUSIC]"]}
{"loss": 0.9779570698738098, "class_log_probabilities": [-0.279779851436615, -7.329914569854736, -8.042770385742188, -8.311487197875977], "predictions": [217, 64, 400, 65, 218, 4], "target_tokens": ["[IN:GET_TRACK_INFO_MUSIC", "[SL:MUSIC_TYPE", "@ptr5", "SL:MUSIC_TYPE]", "IN:GET_TRACK_INFO_MUSIC]"], "predicted_tokens": ["[IN:GET_TRACK_INFO_MUSIC", "[SL:MUSIC_TYPE", "@ptr5", "SL:MUSIC_TYPE]", "IN:GET_TRACK_INFO_MUSIC]"]}
{"loss": 2.2927165031433105, "class_log_probabilities": [-0.5524458885192871, -6.19985294342041, -6.4554057121276855, -9.013890266418457], "predictions": [229, 64, 398, 65, 20, 399, 21, 230, 4, 4, 4, 4], "target_tokens": ["[IN:PREVIOUS_TRACK_MUSIC", "[SL:ORDINAL", "@ptr4", "SL:ORDINAL]", "[SL:MUSIC_TYPE", "@ptr3", "SL:MUSIC_TYPE]", "IN:PREVIOUS_TRACK_MUSIC]"], "predicted_tokens": ["[IN:PREVIOUS_TRACK_MUSIC", "[SL:MUSIC_TYPE", "@ptr3", "SL:MUSIC_TYPE]", "[SL:ORDINAL", "@ptr4", "SL:ORDINAL]", "IN:PREVIOUS_TRACK_MUSIC]"]}
{"loss": 2.3234429359436035, "class_log_probabilities": [-0.4361732602119446, -7.621798515319824, -7.65693473815918, -8.067438125610352], "predictions": [63, 64, 399, 65, 66, 401, 67, 68, 4], "target_tokens": ["[IN:PLAY_MUSIC", "[SL:MUSIC_ARTIST_NAME", "@ptr6", "SL:MUSIC_ARTIST_NAME]", "[SL:MUSIC_TYPE", "@ptr4", "SL:MUSIC_TYPE]", "IN:PLAY_MUSIC]"], "predicted_tokens": ["[IN:PLAY_MUSIC", "[SL:MUSIC_TYPE", "@ptr4", "SL:MUSIC_TYPE]", "[SL:MUSIC_ARTIST_NAME", "@ptr6", "SL:MUSIC_ARTIST_NAME]", "IN:PLAY_MUSIC]"]}
{"loss": 0.9713595509529114, "class_log_probabilities": [-0.2864447236061096, -8.383954048156738, -8.420196533203125, -8.765412330627441], "predictions": [63, 64, 398, 65, 68, 4, 4, 4], "target_tokens": ["[IN:PLAY_MUSIC", "[SL:MUSIC_TYPE", "@ptr3", "SL:MUSIC_TYPE]", "IN:PLAY_MUSIC]"], "predicted_tokens": ["[IN:PLAY_MUSIC", "[SL:MUSIC_TYPE", "@ptr3", "SL:MUSIC_TYPE]", "IN:PLAY_MUSIC]"]}
{"loss": 3.795560121536255, "class_log_probabilities": [-0.444236159324646, -7.137246608734131, -7.259867191314697, -7.726263523101807], "predictions": [63, 64, 397, 65, 151, 399, 400, 152, 68, 4], "target_tokens": ["[IN:PLAY_MUSIC", "[SL:MUSIC_GENRE", "@ptr5", "SL:MUSIC_GENRE]", "[SL:MUSIC_TYPE", "@ptr4", "SL:MUSIC_TYPE]", "IN:PLAY_MUSIC]"], "predicted_tokens": ["[IN:PLAY_MUSIC", "[SL:MUSIC_TYPE", "@ptr2", "SL:MUSIC_TYPE]", "[SL:MUSIC_GENRE", "@ptr4", "@ptr5", "SL:MUSIC_GENRE]", "IN:PLAY_MUSIC]"]}
{"loss": 1.4864683151245117, "class_log_probabilities": [-0.5407194495201111, -4.045917987823486, -5.263584613800049, -5.612983703613281], "predictions": [63, 64, 397, 65, 68, 4, 4], "target_tokens": ["[IN:START_SHUFFLE_MUSIC", "[SL:MUSIC_TYPE", "@ptr2", "SL:MUSIC_TYPE]", "IN:START_SHUFFLE_MUSIC]"], "predicted_tokens": ["[IN:PLAY_MUSIC", "[SL:MUSIC_TYPE", "@ptr2", "SL:MUSIC_TYPE]", "IN:PLAY_MUSIC]"]}
{"loss": 3.1034061908721924, "class_log_probabilities": [-0.43652182817459106, -7.488275051116943, -7.60143518447876, -7.968902111053467], "predictions": [63, 64, 398, 65, 66, 400, 67, 68, 4], "target_tokens": ["[IN:PLAY_MUSIC", "[SL:MUSIC_ARTIST_NAME", "@ptr5", "SL:MUSIC_ARTIST_NAME]", "[SL:MUSIC_TYPE", "@ptr3", "SL:MUSIC_TYPE]", "IN:PLAY_MUSIC]"], "predicted_tokens": ["[IN:PLAY_MUSIC", "[SL:MUSIC_TYPE", "@ptr3", "SL:MUSIC_TYPE]", "[SL:MUSIC_ARTIST_NAME", "@ptr5", "SL:MUSIC_ARTIST_NAME]", "IN:PLAY_MUSIC]"]}
{"loss": 3.8981356620788574, "class_log_probabilities": [-0.2590509057044983, -6.68795919418335, -6.945448875427246, -6.9869537353515625], "predictions": [169, 64, 400, 65, 170, 4], "target_tokens": ["[IN:DELETE_PLAYLIST_MUSIC", "[SL:MUSIC_TYPE", "@ptr5", "@ptr6", "@ptr7", "SL:MUSIC_TYPE]", "IN:DELETE_PLAYLIST_MUSIC]"], "predicted_tokens": ["[IN:REMOVE_FROM_PLAYLIST_MUSIC", "[SL:MUSIC_TYPE", "@ptr5", "SL:MUSIC_TYPE]", "IN:REMOVE_FROM_PLAYLIST_MUSIC]"]}
{"loss": 0.973432719707489, "class_log_probabilities": [-0.2781791090965271, -8.417193412780762, -8.576704025268555, -9.401890754699707], "predictions": [63, 64, 397, 65, 68, 4, 4, 4], "target_tokens": ["[IN:PLAY_MUSIC", "[SL:MUSIC_TYPE", "@ptr2", "SL:MUSIC_TYPE]", "IN:PLAY_MUSIC]"], "predicted_tokens": ["[IN:PLAY_MUSIC", "[SL:MUSIC_TYPE", "@ptr2", "SL:MUSIC_TYPE]", "IN:PLAY_MUSIC]"]}
{"loss": 0.9700255990028381, "class_log_probabilities": [-0.4413517713546753, -4.936306476593018, -5.832108020782471, -5.997672080993652], "predictions": [63, 151, 396, 397, 152, 68, 4], "target_tokens": ["[IN:PLAY_MUSIC", "[SL:MUSIC_GENRE", "@ptr1", "@ptr2", "SL:MUSIC_GENRE]", "IN:PLAY_MUSIC]"], "predicted_tokens": ["[IN:PLAY_MUSIC", "[SL:MUSIC_GENRE", "@ptr1", "@ptr2", "SL:MUSIC_GENRE]", "IN:PLAY_MUSIC]"]}
{"loss": 1.7912806272506714, "class_log_probabilities": [-0.5383158326148987, -6.596789836883545, -6.870096683502197, -7.216020584106445], "predictions": [63, 103, 396, 104, 64, 400, 65, 66, 402, 67, 68, 4], "target_tokens": ["[IN:PLAY_MUSIC", "[SL:MUSIC_PROVIDER_NAME", "@ptr1", "SL:MUSIC_PROVIDER_NAME]", "[SL:MUSIC_ARTIST_NAME", "@ptr7", "SL:MUSIC_ARTIST_NAME]", "[SL:MUSIC_TYPE", "@ptr5", "SL:MUSIC_TYPE]", "IN:PLAY_MUSIC]"], "predicted_tokens": ["[IN:PLAY_MUSIC", "[SL:MUSIC_PROVIDER_NAME", "@ptr1", "SL:MUSIC_PROVIDER_NAME]", "[SL:MUSIC_TYPE", "@ptr5", "SL:MUSIC_TYPE]", "[SL:MUSIC_ARTIST_NAME", "@ptr7", "SL:MUSIC_ARTIST_NAME]", "IN:PLAY_MUSIC]"]}
{"loss": 0.9758574366569519, "class_log_probabilities": [-0.271427720785141, -8.076459884643555, -8.176595687866211, -8.502659797668457], "predictions": [63, 64, 397, 65, 68, 4], "target_tokens": ["[IN:PLAY_MUSIC", "[SL:MUSIC_TYPE", "@ptr2", "SL:MUSIC_TYPE]", "IN:PLAY_MUSIC]"], "predicted_tokens": ["[IN:PLAY_MUSIC", "[SL:MUSIC_TYPE", "@ptr2", "SL:MUSIC_TYPE]", "IN:PLAY_MUSIC]"]}
{"loss": 0.9743321537971497, "class_log_probabilities": [-0.46628886461257935, -6.3503098487854, -7.459005355834961, -7.988383769989014], "predictions": [63, 64, 396, 65, 66, 398, 399, 67, 68, 4], "target_tokens": ["[IN:PLAY_MUSIC", "[SL:MUSIC_TYPE", "@ptr1", "SL:MUSIC_TYPE]", "[SL:MUSIC_ARTIST_NAME", "@ptr3", "@ptr4", "SL:MUSIC_ARTIST_NAME]", "IN:PLAY_MUSIC]"], "predicted_tokens": ["[IN:PLAY_MUSIC", "[SL:MUSIC_TYPE", "@ptr1", "SL:MUSIC_TYPE]", "[SL:MUSIC_ARTIST_NAME", "@ptr3", "@ptr4", "SL:MUSIC_ARTIST_NAME]", "IN:PLAY_MUSIC]"]}
{"loss": 1.7530131340026855, "class_log_probabilities": [-2.5398006439208984, -3.441359043121338, -3.773256778717041, -4.091893672943115], "predictions": [85, 86, 399, 87, 88, 4, 4, 4], "target_tokens": ["[IN:CREATE_PLAYLIST_MUSIC", "[SL:MUSIC_TYPE", "@ptr2", "@ptr3", "@ptr4", "SL:MUSIC_TYPE]", "IN:CREATE_PLAYLIST_MUSIC]"], "predicted_tokens": ["[IN:CREATE_PLAYLIST_MUSIC", "[SL:MUSIC_PLAYLIST_TITLE", "@ptr4", "SL:MUSIC_PLAYLIST_TITLE]", "IN:CREATE_PLAYLIST_MUSIC]"]}
{"loss": 0.9772079586982727, "class_log_probabilities": [-0.27699631452560425, -8.287939071655273, -8.309581756591797, -8.518321990966797], "predictions": [217, 64, 397, 65, 218, 4], "target_tokens": ["[IN:GET_TRACK_INFO_MUSIC", "[SL:MUSIC_TYPE", "@ptr2", "SL:MUSIC_TYPE]", "IN:GET_TRACK_INFO_MUSIC]"], "predicted_tokens": ["[IN:GET_TRACK_INFO_MUSIC", "[SL:MUSIC_TYPE", "@ptr2", "SL:MUSIC_TYPE]", "IN:GET_TRACK_INFO_MUSIC]"]}
{"loss": 2.6589229106903076, "class_log_probabilities": [-0.39832720160484314, -8.092209815979004, -8.128997802734375, -8.13850212097168], "predictions": [63, 64, 397, 65, 151, 399, 152, 68, 4, 4, 4, 4], "target_tokens": ["[IN:PLAY_MUSIC", "[SL:MUSIC_GENRE", "@ptr4", "SL:MUSIC_GENRE]", "[SL:MUSIC_TYPE", "@ptr2", "SL:MUSIC_TYPE]", "IN:PLAY_MUSIC]"], "predicted_tokens": ["[IN:PLAY_MUSIC", "[SL:MUSIC_TYPE", "@ptr2", "SL:MUSIC_TYPE]", "[SL:MUSIC_GENRE", "@ptr4", "SL:MUSIC_GENRE]", "IN:PLAY_MUSIC]"]}
{"loss": 1.2030510902404785, "class_log_probabilities": [-1.453454613685608, -2.047896146774292, -3.5728352069854736, -4.910195350646973], "predictions": [85, 64, 400, 65, 88, 4], "target_tokens": ["[IN:CREATE_PLAYLIST_MUSIC", "[SL:MUSIC_TYPE", "@ptr3", "SL:MUSIC_TYPE]", "IN:CREATE_PLAYLIST_MUSIC]"], "predicted_tokens": ["[IN:CREATE_PLAYLIST_MUSIC", "[SL:MUSIC_TYPE", "@ptr5", "SL:MUSIC_TYPE]", "IN:CREATE_PLAYLIST_MUSIC]"]}
{"loss": 0.9760783910751343, "class_log_probabilities": [-0.45164579153060913, -6.652535438537598, -7.568464756011963, -7.987023830413818], "predictions": [63, 64, 396, 65, 66, 398, 399, 67, 68, 4], "target_tokens": ["[IN:PLAY_MUSIC", "[SL:MUSIC_TYPE", "@ptr1", "SL:MUSIC_TYPE]", "[SL:MUSIC_ARTIST_NAME", "@ptr3", "@ptr4", "SL:MUSIC_ARTIST_NAME]", "IN:PLAY_MUSIC]"], "predicted_tokens": ["[IN:PLAY_MUSIC", "[SL:MUSIC_TYPE", "@ptr1", "SL:MUSIC_TYPE]", "[SL:MUSIC_ARTIST_NAME", "@ptr3", "@ptr4", "SL:MUSIC_ARTIST_NAME]", "IN:PLAY_MUSIC]"]}
{"loss": 3.222177743911743, "class_log_probabilities": [-1.5663708448410034, -2.6288340091705322, -5.344302177429199, -5.379188060760498], "predictions": [287, 206, 398, 207, 288, 4], "target_tokens": ["[IN:REPLAY_MUSIC", "[SL:MUSIC_TYPE", "@ptr2", "SL:MUSIC_TYPE]", "IN:REPLAY_MUSIC]"], "predicted_tokens": ["[IN:REPLAY_MUSIC", "[SL:MUSIC_ALBUM_TITLE", "@ptr3", "SL:MUSIC_ALBUM_TITLE]", "IN:REPLAY_MUSIC]"]}
{"loss": 2.862910509109497, "class_log_probabilities": [-0.4320394992828369, -8.368390083312988, -8.438593864440918, -8.560820579528809], "predictions": [63, 64, 397, 65, 66, 399, 67, 68, 4], "target_tokens": ["[IN:PLAY_MUSIC", "[SL:MUSIC_ARTIST_NAME", "@ptr4", "SL:MUSIC_ARTIST_NAME]", "[SL:MUSIC_TYPE", "@ptr2", "SL:MUSIC_TYPE]", "IN:PLAY_MUSIC]"], "predicted_tokens": ["[IN:PLAY_MUSIC", "[SL:MUSIC_TYPE", "@ptr2", "SL:MUSIC_TYPE]", "[SL:MUSIC_ARTIST_NAME", "@ptr4", "SL:MUSIC_ARTIST_NAME]", "IN:PLAY_MUSIC]"]}
{"loss": 2.902388334274292, "class_log_probabilities": [-0.8009705543518066, -4.355113983154297, -5.428436756134033, -6.913796424865723], "predictions": [63, 64, 397, 398, 65, 103, 400, 104, 68, 4], "target_tokens": ["[IN:PLAY_MUSIC", "[SL:MUSIC_GENRE", "@ptr3", "SL:MUSIC_GENRE]", "[SL:MUSIC_TYPE", "@ptr2", "SL:MUSIC_TYPE]", "[SL:MUSIC_PROVIDER_NAME", "@ptr5", "SL:MUSIC_PROVIDER_NAME]", "IN:PLAY_MUSIC]"], "predicted_tokens": ["[IN:PLAY_MUSIC", "[SL:MUSIC_TYPE", "@ptr2", "@ptr3", "SL:MUSIC_TYPE]", "[SL:MUSIC_PROVIDER_NAME", "@ptr5", "SL:MUSIC_PROVIDER_NAME]", "IN:PLAY_MUSIC]"]}
{"loss": 0.9883715510368347, "class_log_probabilities": [-0.2508769929409027, -8.033589363098145, -8.094636917114258, -8.148815155029297], "predictions": [241, 64, 397, 65, 242, 4], "target_tokens": ["[IN:SKIP_TRACK_MUSIC", "[SL:MUSIC_TYPE", "@ptr2", "SL:MUSIC_TYPE]", "IN:SKIP_TRACK_MUSIC]"], "predicted_tokens": ["[IN:SKIP_TRACK_MUSIC", "[SL:MUSIC_TYPE", "@ptr2", "SL:MUSIC_TYPE]", "IN:SKIP_TRACK_MUSIC]"]}
{"loss": 2.5110790729522705, "class_log_probabilities": [-0.5484683513641357, -6.322864532470703, -6.463974475860596, -7.097100734710693], "predictions": [63, 151, 397, 152, 64, 399, 65, 151, 401, 152, 68, 4], "target_tokens": ["[IN:PLAY_MUSIC", "[SL:MUSIC_GENRE", "@ptr1", "@ptr2", "SL:MUSIC_GENRE]", "[SL:MUSIC_GENRE", "@ptr6", "SL:MUSIC_GENRE]", "[SL:MUSIC_TYPE", "@ptr4", "SL:MUSIC_TYPE]", "IN:PLAY_MUSIC]"], "predicted_tokens": ["[IN:PLAY_MUSIC", "[SL:MUSIC_GENRE", "@ptr2", "SL:MUSIC_GENRE]", "[SL:MUSIC_TYPE", "@ptr4", "SL:MUSIC_TYPE]", "[SL:MUSIC_GENRE", "@ptr6", "SL:MUSIC_GENRE]", "IN:PLAY_MUSIC]"]}
{"loss": 0.978274405002594, "class_log_probabilities": [-0.2745034694671631, -8.32868766784668, -8.41266918182373, -8.516692161560059], "predictions": [217, 64, 398, 65, 218, 4], "target_tokens": ["[IN:GET_TRACK_INFO_MUSIC", "[SL:MUSIC_TYPE", "@ptr3", "SL:MUSIC_TYPE]", "IN:GET_TRACK_INFO_MUSIC]"], "predicted_tokens": ["[IN:GET_TRACK_INFO_MUSIC", "[SL:MUSIC_TYPE", "@ptr3", "SL:MUSIC_TYPE]", "IN:GET_TRACK_INFO_MUSIC]"]}
{"loss": 0.9749560952186584, "class_log_probabilities": [-0.33806854486465454, -7.530881404876709, -7.734817981719971, -7.876391887664795], "predictions": [63, 151, 396, 397, 152, 68, 4], "target_tokens": ["[IN:PLAY_MUSIC", "[SL:MUSIC_GENRE", "@ptr1", "@ptr2", "SL:MUSIC_GENRE]", "IN:PLAY_MUSIC]"], "predicted_tokens": ["[IN:PLAY_MUSIC", "[SL:MUSIC_GENRE", "@ptr1", "@ptr2", "SL:MUSIC_GENRE]", "IN:PLAY_MUSIC]"]}
{"loss": 2.581173896789551, "class_log_probabilities": [-2.1104226112365723, -4.4514570236206055, -4.683382511138916, -4.710849761962891], "predictions": [251, 64, 397, 65, 64, 399, 65, 86, 400, 87, 252, 4], "target_tokens": ["[IN:GET_TRACK_INFO_MUSIC", "[SL:MUSIC_TYPE", "@ptr2", "SL:MUSIC_TYPE]", "IN:GET_TRACK_INFO_MUSIC]"], "predicted_tokens": ["[IN:QUESTION_MUSIC", "[SL:MUSIC_TYPE", "@ptr2", "SL:MUSIC_TYPE]", "[SL:MUSIC_TYPE", "@ptr4", "SL:MUSIC_TYPE]", "[SL:MUSIC_PLAYLIST_TITLE", "@ptr5", "SL:MUSIC_PLAYLIST_TITLE]", "IN:QUESTION_MUSIC]"]}
{"loss": 1.633265495300293, "class_log_probabilities": [-0.415275514125824, -4.976154804229736, -5.164724349975586, -5.6110100746154785], "predictions": [63, 64, 397, 65, 68, 4], "target_tokens": ["[IN:START_SHUFFLE_MUSIC", "[SL:MUSIC_TYPE", "@ptr2", "SL:MUSIC_TYPE]", "IN:START_SHUFFLE_MUSIC]"], "predicted_tokens": ["[IN:PLAY_MUSIC", "[SL:MUSIC_TYPE", "@ptr2", "SL:MUSIC_TYPE]", "IN:PLAY_MUSIC]"]}
{"loss": 1.261828064918518, "class_log_probabilities": [-2.207658052444458, -2.3422582149505615, -4.3976569175720215, -5.622939109802246], "predictions": [241, 64, 397, 65, 20, 398, 21, 242, 4], "target_tokens": ["[IN:SKIP_TRACK_MUSIC", "[SL:MUSIC_TYPE", "@ptr2", "SL:MUSIC_TYPE]", "IN:SKIP_TRACK_MUSIC]"], "predicted_tokens": ["[IN:SKIP_TRACK_MUSIC", "[SL:MUSIC_TYPE", "@ptr2", "SL:MUSIC_TYPE]", "[SL:ORDINAL", "@ptr3", "SL:ORDINAL]", "IN:SKIP_TRACK_MUSIC]"]}
{"loss": 2.929999589920044, "class_log_probabilities": [-0.42490342259407043, -7.49133825302124, -7.736698627471924, -7.758733749389648], "predictions": [63, 64, 397, 65, 151, 398, 152, 68, 4], "target_tokens": ["[IN:PLAY_MUSIC", "[SL:MUSIC_GENRE", "@ptr3", "SL:MUSIC_GENRE]", "[SL:MUSIC_TYPE", "@ptr2", "SL:MUSIC_TYPE]", "IN:PLAY_MUSIC]"], "predicted_tokens": ["[IN:PLAY_MUSIC", "[SL:MUSIC_TYPE", "@ptr2", "SL:MUSIC_TYPE]", "[SL:MUSIC_GENRE", "@ptr3", "SL:MUSIC_GENRE]", "IN:PLAY_MUSIC]"]}
{"loss": 1.6190857887268066, "class_log_probabilities": [-1.6605552434921265, -7.453152656555176, -7.590828895568848, -8.56318473815918], "predictions": [287, 288, 4, 4, 4, 4, 4, 4], "target_tokens": ["[IN:REPLAY_MUSIC", "[SL:MUSIC_TYPE", "@ptr2", "@ptr3", "@ptr4", "SL:MUSIC_TYPE]", "IN:REPLAY_MUSIC]"], "predicted_tokens": ["[IN:REPLAY_MUSIC", "IN:REPLAY_MUSIC]"]}
{"loss": 0.9783148169517517, "class_log_probabilities": [-0.2709020972251892, -8.151721954345703, -8.275376319885254, -8.29749870300293], "predictions": [217, 64, 400, 65, 218, 4], "target_tokens": ["[IN:GET_TRACK_INFO_MUSIC", "[SL:MUSIC_TYPE", "@ptr5", "SL:MUSIC_TYPE]", "IN:GET_TRACK_INFO_MUSIC]"], "predicted_tokens": ["[IN:GET_TRACK_INFO_MUSIC", "[SL:MUSIC_TYPE", "@ptr5", "SL:MUSIC_TYPE]", "IN:GET_TRACK_INFO_MUSIC]"]}
{"loss": 0.9701905250549316, "class_log_probabilities": [-0.5916672945022583, -4.620408535003662, -5.876455783843994, -6.454166412353516], "predictions": [63, 64, 397, 65, 66, 399, 400, 67, 68, 4], "target_tokens": ["[IN:PLAY_MUSIC", "[SL:MUSIC_TYPE", "@ptr2", "SL:MUSIC_TYPE]", "[SL:MUSIC_ARTIST_NAME", "@ptr4", "@ptr5", "SL:MUSIC_ARTIST_NAME]", "IN:PLAY_MUSIC]"], "predicted_tokens": ["[IN:PLAY_MUSIC", "[SL:MUSIC_TYPE", "@ptr2", "SL:MUSIC_TYPE]", "[SL:MUSIC_ARTIST_NAME", "@ptr4", "@ptr5", "SL:MUSIC_ARTIST_NAME]", "IN:PLAY_MUSIC]"]}
{"loss": 1.6732817888259888, "class_log_probabilities": [-0.8535887598991394, -4.641338348388672, -5.403161525726318, -6.01956033706665], "predictions": [63, 64, 396, 65, 66, 398, 399, 400, 401, 67, 103, 403, 104, 68, 4], "target_tokens": ["[IN:PLAY_MUSIC", "[SL:MUSIC_ARTIST_NAME", "@ptr3", "@ptr4", "@ptr5", "@ptr6", "SL:MUSIC_ARTIST_NAME]", "[SL:MUSIC_PROVIDER_NAME", "@ptr8", "SL:MUSIC_PROVIDER_NAME]", "IN:PLAY_MUSIC]"], "predicted_tokens": ["[IN:PLAY_MUSIC", "[SL:MUSIC_TYPE", "@ptr1", "SL:MUSIC_TYPE]", "[SL:MUSIC_ARTIST_NAME", "@ptr3", "@ptr4", "@ptr5", "@ptr6", "SL:MUSIC_ARTIST_NAME]", "[SL:MUSIC_PROVIDER_NAME", "@ptr8", "SL:MUSIC_PROVIDER_NAME]", "IN:PLAY_MUSIC]"]}
{"loss": 0.9890955686569214, "class_log_probabilities": [-1.548750638961792, -3.9459214210510254, -4.696909427642822, -5.389524459838867], "predictions": [63, 64, 397, 65, 206, 398, 399, 400, 401, 402, 207, 66, 404, 405, 406, 67, 68, 4, 4, 4, 4, 4, 4, 4], "target_tokens": ["[IN:PLAY_MUSIC", "[SL:MUSIC_TYPE", "@ptr2", "SL:MUSIC_TYPE]", "[SL:MUSIC_ALBUM_TITLE", "@ptr3", "@ptr4", "@ptr5", "@ptr6", "@ptr7", "SL:MUSIC_ALBUM_TITLE]", "[SL:MUSIC_ARTIST_NAME", "@ptr9", "@ptr10", "@ptr11", "SL:MUSIC_ARTIST_NAME]", "IN:PLAY_MUSIC]"], "predicted_tokens": ["[IN:PLAY_MUSIC", "[SL:MUSIC_TYPE", "@ptr2", "SL:MUSIC_TYPE]", "[SL:MUSIC_ALBUM_TITLE", "@ptr3", "@ptr4", "@ptr5", "@ptr6", "@ptr7", "SL:MUSIC_ALBUM_TITLE]", "[SL:MUSIC_ARTIST_NAME", "@ptr9", "@ptr10", "@ptr11", "SL:MUSIC_ARTIST_NAME]", "IN:PLAY_MUSIC]"]}
{"loss": 2.484189748764038, "class_log_probabilities": [-0.48867499828338623, -6.649972915649414, -7.742182731628418, -8.143084526062012], "predictions": [63, 64, 399, 65, 66, 401, 402, 67, 68, 4], "target_tokens": ["[IN:PLAY_MUSIC", "[SL:MUSIC_ARTIST_NAME", "@ptr6", "@ptr7", "SL:MUSIC_ARTIST_NAME]", "[SL:MUSIC_TYPE", "@ptr4", "SL:MUSIC_TYPE]", "IN:PLAY_MUSIC]"], "predicted_tokens": ["[IN:PLAY_MUSIC", "[SL:MUSIC_TYPE", "@ptr4", "SL:MUSIC_TYPE]", "[SL:MUSIC_ARTIST_NAME", "@ptr6", "@ptr7", "SL:MUSIC_ARTIST_NAME]", "IN:PLAY_MUSIC]"]}
{"loss": 2.6725282669067383, "class_log_probabilities": [-0.6709504127502441, -4.009506702423096, -4.828364849090576, -6.13084602355957], "predictions": [63, 64, 398, 65, 66, 400, 401, 67, 68, 4], "target_tokens": ["[IN:PLAY_MUSIC", "[SL:MUSIC_ARTIST_NAME", "@ptr5", "@ptr6", "SL:MUSIC_ARTIST_NAME]", "[SL:MUSIC_TYPE", "@ptr3", "SL:MUSIC_TYPE]", "IN:PLAY_MUSIC]"], "predicted_tokens": ["[IN:PLAY_MUSIC", "[SL:MUSIC_TYPE", "@ptr3", "SL:MUSIC_TYPE]", "[SL:MUSIC_ARTIST_NAME", "@ptr5", "@ptr6", "SL:MUSIC_ARTIST_NAME]", "IN:PLAY_MUSIC]"]}
{"loss": 2.5819571018218994, "class_log_probabilities": [-0.36470091342926025, -6.815362453460693, -6.878615379333496, -7.284245014190674], "predictions": [287, 64, 400, 65, 288, 4], "target_tokens": ["[IN:RESUME_MUSIC", "[SL:MUSIC_TYPE", "@ptr5", "SL:MUSIC_TYPE]", "IN:RESUME_MUSIC]"], "predicted_tokens": ["[IN:REPLAY_MUSIC", "[SL:MUSIC_TYPE", "@ptr5", "SL:MUSIC_TYPE]", "IN:REPLAY_MUSIC]"]}
{"loss": 0.9779780507087708, "class_log_probabilities": [-0.2711538076400757, -8.181371688842773, -8.220728874206543, -8.237908363342285], "predictions": [217, 64, 400, 65, 218, 4], "target_tokens": ["[IN:GET_TRACK_INFO_MUSIC", "[SL:MUSIC_TYPE", "@ptr5", "SL:MUSIC_TYPE]", "IN:GET_TRACK_INFO_MUSIC]"], "predicted_tokens": ["[IN:GET_TRACK_INFO_MUSIC", "[SL:MUSIC_TYPE", "@ptr5", "SL:MUSIC_TYPE]", "IN:GET_TRACK_INFO_MUSIC]"]}
{"loss": 0.9893364310264587, "class_log_probabilities": [-0.2508111596107483, -8.265103340148926, -8.276984214782715, -8.489753723144531], "predictions": [287, 64, 397, 65, 288, 4, 4, 4], "target_tokens": ["[IN:REPLAY_MUSIC", "[SL:MUSIC_TYPE", "@ptr2", "SL:MUSIC_TYPE]", "IN:REPLAY_MUSIC]"], "predicted_tokens": ["[IN:REPLAY_MUSIC", "[SL:MUSIC_TYPE", "@ptr2", "SL:MUSIC_TYPE]", "IN:REPLAY_MUSIC]"]}
{"loss": 3.2971179485321045, "class_log_probabilities": [-0.2713511288166046, -8.39450454711914, -8.573066711425781, -8.59296989440918], "predictions": [63, 64, 397, 65, 68, 4, 4, 4], "target_tokens": ["[IN:STOP_MUSIC", "[SL:MUSIC_TYPE", "@ptr2", "SL:MUSIC_TYPE]", "IN:STOP_MUSIC]"], "predicted_tokens": ["[IN:PLAY_MUSIC", "[SL:MUSIC_TYPE", "@ptr2", "SL:MUSIC_TYPE]", "IN:PLAY_MUSIC]"]}
{"loss": 4.229072093963623, "class_log_probabilities": [-0.4150039553642273, -7.779610633850098, -8.07034683227539, -8.121490478515625], "predictions": [63, 64, 397, 65, 66, 401, 67, 68, 4], "target_tokens": ["[IN:PLAY_MUSIC", "[SL:MUSIC_ALBUM_TITLE", "@ptr6", "SL:MUSIC_ALBUM_TITLE]", "[SL:MUSIC_TYPE", "@ptr2", "@ptr3", "@ptr4", "SL:MUSIC_TYPE]", "IN:PLAY_MUSIC]"], "predicted_tokens": ["[IN:PLAY_MUSIC", "[SL:MUSIC_TYPE", "@ptr2", "SL:MUSIC_TYPE]", "[SL:MUSIC_ARTIST_NAME", "@ptr6", "SL:MUSIC_ARTIST_NAME]", "IN:PLAY_MUSIC]"]}
{"loss": 2.37884783744812, "class_log_probabilities": [-0.41733255982398987, -7.876650333404541, -7.908249378204346, -8.261929512023926], "predictions": [63, 64, 396, 65, 151, 398, 152, 68, 4], "target_tokens": ["[IN:PLAY_MUSIC", "[SL:MUSIC_GENRE", "@ptr3", "SL:MUSIC_GENRE]", "[SL:MUSIC_TYPE", "@ptr1", "SL:MUSIC_TYPE]", "IN:PLAY_MUSIC]"], "predicted_tokens": ["[IN:PLAY_MUSIC", "[SL:MUSIC_TYPE", "@ptr1", "SL:MUSIC_TYPE]", "[SL:MUSIC_GENRE", "@ptr3", "SL:MUSIC_GENRE]", "IN:PLAY_MUSIC]"]}
{"loss": 4.162683486938477, "class_log_probabilities": [-0.561989426612854, -2.5625879764556885, -5.8804097175598145, -6.641107082366943], "predictions": [287, 64, 401, 65, 288, 4], "target_tokens": ["[IN:REPLAY_MUSIC", "[SL:MUSIC_PLAYLIST_TITLE", "@ptr8", "SL:MUSIC_PLAYLIST_TITLE]", "[SL:MUSIC_TYPE", "@ptr2", "@ptr3", "@ptr4", "SL:MUSIC_TYPE]", "IN:REPLAY_MUSIC]"], "predicted_tokens": ["[IN:REPLAY_MUSIC", "[SL:MUSIC_TYPE", "@ptr6", "SL:MUSIC_TYPE]", "IN:REPLAY_MUSIC]"]}
{"loss": 2.654047966003418, "class_log_probabilities": [-2.406646966934204, -3.3836419582366943, -5.711439609527588, -5.832170486450195], "predictions": [39, 133, 397, 398, 134, 42, 4, 4, 4], "target_tokens": ["[IN:GET_STORIES_NEWS", "[SL:NEWS_SOURCE", "@ptr2", "@ptr3", "SL:NEWS_SOURCE]", "[SL:NEWS_TYPE", "@ptr4", "@ptr5", "SL:NEWS_TYPE]", "IN:GET_STORIES_NEWS]"], "predicted_tokens": ["[IN:GET_STORIES_NEWS", "[SL:NEWS_SOURCE", "@ptr2", "@ptr3", "SL:NEWS_SOURCE]", "IN:GET_STORIES_NEWS]"]}
{"loss": 6.044332981109619, "class_log_probabilities": [-0.6518098711967468, -3.8784115314483643, -3.9140005111694336, -4.988582134246826], "predictions": [287, 206, 397, 398, 207, 288, 4], "target_tokens": ["[IN:GET_STORIES_NEWS", "[SL:NEWS_SOURCE", "@ptr1", "@ptr2", "SL:NEWS_SOURCE]", "[SL:NEWS_TYPE", "@ptr3", "SL:NEWS_TYPE]", "IN:GET_STORIES_NEWS]"], "predicted_tokens": ["[IN:REPLAY_MUSIC", "[SL:MUSIC_ALBUM_TITLE", "@ptr2", "@ptr3", "SL:MUSIC_ALBUM_TITLE]", "IN:REPLAY_MUSIC]"]}
{"loss": 2.375885486602783, "class_log_probabilities": [-0.4169384241104126, -7.548246383666992, -7.874041557312012, -7.976075649261475], "predictions": [39, 40, 397, 41, 133, 399, 134, 42, 4, 4, 4, 4], "target_tokens": ["[IN:GET_STORIES_NEWS", "[SL:NEWS_SOURCE", "@ptr4", "SL:NEWS_SOURCE]", "IN:GET_STORIES_NEWS]"], "predicted_tokens": ["[IN:GET_STORIES_NEWS", "[SL:NEWS_TYPE", "@ptr2", "SL:NEWS_TYPE]", "[SL:NEWS_SOURCE", "@ptr4", "SL:NEWS_SOURCE]", "IN:GET_STORIES_NEWS]"]}
{"loss": 0.9696348905563354, "class_log_probabilities": [-0.5568458437919617, -4.6300368309021, -5.47990608215332, -6.804159164428711], "predictions": [39, 40, 397, 41, 56, 399, 57, 42, 4], "target_tokens": ["[IN:GET_STORIES_NEWS", "[SL:NEWS_TYPE", "@ptr2", "SL:NEWS_TYPE]", "[SL:NEWS_TOPIC", "@ptr4", "SL:NEWS_TOPIC]", "IN:GET_STORIES_NEWS]"], "predicted_tokens": ["[IN:GET_STORIES_NEWS", "[SL:NEWS_TYPE", "@ptr2", "SL:NEWS_TYPE]", "[SL:NEWS_TOPIC", "@ptr4", "SL:NEWS_TOPIC]", "IN:GET_STORIES_NEWS]"]}
{"loss": 1.5918282270431519, "class_log_probabilities": [-0.9263928532600403, -6.11228609085083, -6.336692810058594, -7.422702789306641], "predictions": [55, 56, 398, 399, 400, 401, 402, 403, 404, 405, 406, 407, 408, 57, 58, 4, 4, 4, 4], "target_tokens": ["[IN:GET_DETAILS_NEWS", "[SL:NEWS_TOPIC", "@ptr3", "@ptr4", "@ptr5", "@ptr6", "@ptr7", "@ptr8", "@ptr9", "@ptr10", "@ptr11", "@ptr12", "@ptr13", "SL:NEWS_TOPIC]", "IN:GET_DETAILS_NEWS]"], "predicted_tokens": ["[IN:QUESTION_NEWS", "[SL:NEWS_TOPIC", "@ptr3", "@ptr4", "@ptr5", "@ptr6", "@ptr7", "@ptr8", "@ptr9", "@ptr10", "@ptr11", "@ptr12", "@ptr13", "SL:NEWS_TOPIC]", "IN:QUESTION_NEWS]"]}
{"loss": 0.9703499674797058, "class_log_probabilities": [-0.6505659818649292, -7.229217529296875, -7.440921306610107, -8.112271308898926], "predictions": [39, 40, 398, 41, 56, 401, 402, 403, 404, 405, 57, 42, 4], "target_tokens": ["[IN:GET_STORIES_NEWS", "[SL:NEWS_TYPE", "@ptr3", "SL:NEWS_TYPE]", "[SL:NEWS_TOPIC", "@ptr6", "@ptr7", "@ptr8", "@ptr9", "@ptr10", "SL:NEWS_TOPIC]", "IN:GET_STORIES_NEWS]"], "predicted_tokens": ["[IN:GET_STORIES_NEWS", "[SL:NEWS_TYPE", "@ptr3", "SL:NEWS_TYPE]", "[SL:NEWS_TOPIC", "@ptr6", "@ptr7", "@ptr8", "@ptr9", "@ptr10", "SL:NEWS_TOPIC]", "IN:GET_STORIES_NEWS]"]}
{"loss": 5.840601921081543, "class_log_probabilities": [-1.593505620956421, -3.895381450653076, -4.06786584854126, -4.3748955726623535], "predictions": [295, 83, 400, 84, 14, 402, 403, 15, 296, 4], "target_tokens": ["[IN:QUESTION_NEWS", "[SL:NEWS_TOPIC", "@ptr1", "@ptr2", "@ptr3", "@ptr4", "@ptr5", "@ptr6", "@ptr7", "@ptr8", "SL:NEWS_TOPIC]", "IN:QUESTION_NEWS]"], "predicted_tokens": ["[IN:GET_DATE_TIME_EVENT", "[SL:CATEGORY_EVENT", "@ptr5", "SL:CATEGORY_EVENT]", "[SL:LOCATION", "@ptr7", "@ptr8", "SL:LOCATION]", "IN:GET_DATE_TIME_EVENT]"]}
{"loss": 3.084704637527466, "class_log_probabilities": [-4.237405300140381, -5.586732864379883, -5.589377403259277, -5.803499221801758], "predictions": [61, 83, 397, 84, 133, 401, 134, 16, 402, 403, 17, 62, 4], "target_tokens": ["[IN:QUESTION_NEWS", "[SL:NEWS_TOPIC", "@ptr2", "@ptr3", "@ptr4", "SL:NEWS_TOPIC]", "[SL:NEWS_SOURCE", "@ptr6", "SL:NEWS_SOURCE]", "[SL:DATE_TIME", "@ptr7", "@ptr8", "SL:DATE_TIME]", "IN:QUESTION_NEWS]"], "predicted_tokens": ["[IN:GET_EVENT", "[SL:CATEGORY_EVENT", "@ptr2", "SL:CATEGORY_EVENT]", "[SL:NEWS_SOURCE", "@ptr6", "SL:NEWS_SOURCE]", "[SL:DATE_TIME", "@ptr7", "@ptr8", "SL:DATE_TIME]", "IN:GET_EVENT]"]}
{"loss": 4.5881829261779785, "class_log_probabilities": [-0.7878811955451965, -4.586928367614746, -5.5130615234375, -5.668540954589844], "predictions": [55, 56, 401, 57, 58, 4], "target_tokens": ["[IN:QUESTION_NEWS", "[SL:NEWS_TOPIC", "@ptr2", "@ptr3", "@ptr4", "@ptr5", "@ptr6", "SL:NEWS_TOPIC]", "IN:QUESTION_NEWS]"], "predicted_tokens": ["[IN:QUESTION_NEWS", "[SL:NEWS_TOPIC", "@ptr6", "SL:NEWS_TOPIC]", "IN:QUESTION_NEWS]"]}
{"loss": 5.8182525634765625, "class_log_probabilities": [-0.3415488600730896, -7.687184810638428, -7.744790077209473, -8.223332405090332], "predictions": [105, 6, 399, 400, 7, 106, 4], "target_tokens": ["[IN:QUESTION_NEWS", "[SL:NEWS_TOPIC", "@ptr3", "@ptr4", "@ptr5", "SL:NEWS_TOPIC]", "IN:QUESTION_NEWS]"], "predicted_tokens": ["[IN:GET_INFO_CONTACT", "[SL:CONTACT", "@ptr4", "@ptr5", "SL:CONTACT]", "IN:GET_INFO_CONTACT]"]}
{"loss": 1.7107104063034058, "class_log_probabilities": [-0.5324790477752686, -7.768007755279541, -7.809557914733887, -9.170964241027832], "predictions": [55, 56, 397, 398, 399, 57, 16, 400, 17, 58, 4, 4, 4], "target_tokens": ["[IN:QUESTION_NEWS", "[SL:NEWS_TOPIC", "@ptr1", "@ptr2", "@ptr3", "@ptr4", "SL:NEWS_TOPIC]", "[SL:DATE_TIME", "@ptr5", "SL:DATE_TIME]", "IN:QUESTION_NEWS]"], "predicted_tokens": ["[IN:QUESTION_NEWS", "[SL:NEWS_TOPIC", "@ptr2", "@ptr3", "@ptr4", "SL:NEWS_TOPIC]", "[SL:DATE_TIME", "@ptr5", "SL:DATE_TIME]", "IN:QUESTION_NEWS]"]}
{"loss": 0.9773350358009338, "class_log_probabilities": [-0.7587763667106628, -7.1411638259887695, -7.772416591644287, -7.77985143661499], "predictions": [55, 56, 396, 397, 398, 399, 400, 401, 402, 403, 404, 405, 406, 57, 58, 4, 4, 4, 4, 4, 4, 4, 4, 4], "target_tokens": ["[IN:QUESTION_NEWS", "[SL:NEWS_TOPIC", "@ptr1", "@ptr2", "@ptr3", "@ptr4", "@ptr5", "@ptr6", "@ptr7", "@ptr8", "@ptr9", "@ptr10", "@ptr11", "SL:NEWS_TOPIC]", "IN:QUESTION_NEWS]"], "predicted_tokens": ["[IN:QUESTION_NEWS", "[SL:NEWS_TOPIC", "@ptr1", "@ptr2", "@ptr3", "@ptr4", "@ptr5", "@ptr6", "@ptr7", "@ptr8", "@ptr9", "@ptr10", "@ptr11", "SL:NEWS_TOPIC]", "IN:QUESTION_NEWS]"]}
{"loss": 0.9894793629646301, "class_log_probabilities": [-1.3413289785385132, -2.7515220642089844, -5.454861164093018, -5.675740718841553], "predictions": [39, 40, 398, 41, 56, 401, 402, 403, 404, 57, 42, 4], "target_tokens": ["[IN:GET_STORIES_NEWS", "[SL:NEWS_TYPE", "@ptr3", "SL:NEWS_TYPE]", "[SL:NEWS_TOPIC", "@ptr6", "@ptr7", "@ptr8", "@ptr9", "SL:NEWS_TOPIC]", "IN:GET_STORIES_NEWS]"], "predicted_tokens": ["[IN:GET_STORIES_NEWS", "[SL:NEWS_TYPE", "@ptr3", "SL:NEWS_TYPE]", "[SL:NEWS_TOPIC", "@ptr6", "@ptr7", "@ptr8", "@ptr9", "SL:NEWS_TOPIC]", "IN:GET_STORIES_NEWS]"]}
{"loss": 1.5283122062683105, "class_log_probabilities": [-0.4875822067260742, -6.883842945098877, -7.903079986572266, -8.080881118774414], "predictions": [55, 56, 398, 399, 400, 401, 57, 58, 4, 4], "target_tokens": ["[IN:QUESTION_NEWS", "[SL:NEWS_TOPIC", "@ptr1", "@ptr2", "@ptr3", "@ptr4", "@ptr5", "@ptr6", "SL:NEWS_TOPIC]", "IN:QUESTION_NEWS]"], "predicted_tokens": ["[IN:QUESTION_NEWS", "[SL:NEWS_TOPIC", "@ptr3", "@ptr4", "@ptr5", "@ptr6", "SL:NEWS_TOPIC]", "IN:QUESTION_NEWS]"]}
{"loss": 0.9732357263565063, "class_log_probabilities": [-0.465776264667511, -8.388652801513672, -8.614204406738281, -8.653806686401367], "predictions": [39, 40, 398, 41, 16, 399, 400, 17, 42, 4], "target_tokens": ["[IN:GET_STORIES_NEWS", "[SL:NEWS_TYPE", "@ptr3", "SL:NEWS_TYPE]", "[SL:DATE_TIME", "@ptr4", "@ptr5", "SL:DATE_TIME]", "IN:GET_STORIES_NEWS]"], "predicted_tokens": ["[IN:GET_STORIES_NEWS", "[SL:NEWS_TYPE", "@ptr3", "SL:NEWS_TYPE]", "[SL:DATE_TIME", "@ptr4", "@ptr5", "SL:DATE_TIME]", "IN:GET_STORIES_NEWS]"]}
{"loss": 0.9718044400215149, "class_log_probabilities": [-0.5271408557891846, -7.635075092315674, -8.07010269165039, -8.11328411102295], "predictions": [39, 40, 398, 41, 56, 401, 402, 403, 57, 42, 4], "target_tokens": ["[IN:GET_STORIES_NEWS", "[SL:NEWS_TYPE", "@ptr3", "SL:NEWS_TYPE]", "[SL:NEWS_TOPIC", "@ptr6", "@ptr7", "@ptr8", "SL:NEWS_TOPIC]", "IN:GET_STORIES_NEWS]"], "predicted_tokens": ["[IN:GET_STORIES_NEWS", "[SL:NEWS_TYPE", "@ptr3", "SL:NEWS_TYPE]", "[SL:NEWS_TOPIC", "@ptr6", "@ptr7", "@ptr8", "SL:NEWS_TOPIC]", "IN:GET_STORIES_NEWS]"]}
{"loss": 1.6844562292099, "class_log_probabilities": [-1.9372708797454834, -2.32080078125, -2.95802640914917, -5.194149971008301], "predictions": [39, 40, 398, 41, 56, 403, 404, 57, 42, 4], "target_tokens": ["[IN:GET_STORIES_NEWS", "[SL:NEWS_TYPE", "@ptr3", "SL:NEWS_TYPE]", "[SL:NEWS_TOPIC", "@ptr6", "@ptr7", "@ptr8", "@ptr9", "SL:NEWS_TOPIC]", "IN:GET_STORIES_NEWS]"], "predicted_tokens": ["[IN:GET_STORIES_NEWS", "[SL:NEWS_TYPE", "@ptr3", "SL:NEWS_TYPE]", "[SL:NEWS_TOPIC", "@ptr8", "@ptr9", "SL:NEWS_TOPIC]", "IN:GET_STORIES_NEWS]"]}
{"loss": 1.4993133544921875, "class_log_probabilities": [-1.1198395490646362, -3.9131507873535156, -5.561661243438721, -5.907631874084473], "predictions": [55, 56, 399, 400, 401, 402, 403, 404, 57, 58, 4, 4], "target_tokens": ["[IN:QUESTION_NEWS", "[SL:NEWS_TOPIC", "@ptr6", "@ptr7", "@ptr8", "@ptr9", "SL:NEWS_TOPIC]", "IN:QUESTION_NEWS]"], "predicted_tokens": ["[IN:QUESTION_NEWS", "[SL:NEWS_TOPIC", "@ptr4", "@ptr5", "@ptr6", "@ptr7", "@ptr8", "@ptr9", "SL:NEWS_TOPIC]", "IN:QUESTION_NEWS]"]}
{"loss": 2.5297727584838867, "class_log_probabilities": [-0.5611686110496521, -7.8564229011535645, -7.903623104095459, -8.93167781829834], "predictions": [39, 40, 397, 41, 56, 400, 57, 16, 401, 17, 42, 4, 4, 4, 4], "target_tokens": ["[IN:GET_STORIES_NEWS", "[SL:NEWS_REFERENCE", "@ptr3", "SL:NEWS_REFERENCE]", "[SL:NEWS_TYPE", "@ptr2", "SL:NEWS_TYPE]", "[SL:NEWS_TOPIC", "@ptr5", "SL:NEWS_TOPIC]", "[SL:DATE_TIME", "@ptr6", "SL:DATE_TIME]", "IN:GET_STORIES_NEWS]"], "predicted_tokens": ["[IN:GET_STORIES_NEWS", "[SL:NEWS_TYPE", "@ptr2", "SL:NEWS_TYPE]", "[SL:NEWS_TOPIC", "@ptr5", "SL:NEWS_TOPIC]", "[SL:DATE_TIME", "@ptr6", "SL:DATE_TIME]", "IN:GET_STORIES_NEWS]"]}
{"loss": 0.9732939004898071, "class_log_probabilities": [-0.5610438585281372, -7.104588985443115, -7.516878604888916, -7.5584259033203125], "predictions": [55, 56, 397, 398, 399, 57, 16, 400, 17, 58, 4], "target_tokens": ["[IN:QUESTION_NEWS", "[SL:NEWS_TOPIC", "@ptr2", "@ptr3", "@ptr4", "SL:NEWS_TOPIC]", "[SL:DATE_TIME", "@ptr5", "SL:DATE_TIME]", "IN:QUESTION_NEWS]"], "predicted_tokens": ["[IN:QUESTION_NEWS", "[SL:NEWS_TOPIC", "@ptr2", "@ptr3", "@ptr4", "SL:NEWS_TOPIC]", "[SL:DATE_TIME", "@ptr5", "SL:DATE_TIME]", "IN:QUESTION_NEWS]"]}
{"loss": 0.9713610410690308, "class_log_probabilities": [-0.6753474473953247, -8.054638862609863, -8.374663352966309, -8.889535903930664], "predictions": [39, 40, 398, 41, 56, 400, 401, 57, 16, 402, 403, 17, 42, 4], "target_tokens": ["[IN:GET_STORIES_NEWS", "[SL:NEWS_TYPE", "@ptr3", "SL:NEWS_TYPE]", "[SL:NEWS_TOPIC", "@ptr5", "@ptr6", "SL:NEWS_TOPIC]", "[SL:DATE_TIME", "@ptr7", "@ptr8", "SL:DATE_TIME]", "IN:GET_STORIES_NEWS]"], "predicted_tokens": ["[IN:GET_STORIES_NEWS", "[SL:NEWS_TYPE", "@ptr3", "SL:NEWS_TYPE]", "[SL:NEWS_TOPIC", "@ptr5", "@ptr6", "SL:NEWS_TOPIC]", "[SL:DATE_TIME", "@ptr7", "@ptr8", "SL:DATE_TIME]", "IN:GET_STORIES_NEWS]"]}
{"loss": 2.4019343852996826, "class_log_probabilities": [-0.43049824237823486, -7.752737045288086, -7.8078155517578125, -9.142841339111328], "predictions": [39, 40, 398, 41, 43, 399, 44, 42, 4, 4, 4], "target_tokens": ["[IN:GET_STORIES_NEWS", "[SL:NEWS_CATEGORY", "@ptr4", "SL:NEWS_CATEGORY]", "[SL:NEWS_TYPE", "@ptr3", "SL:NEWS_TYPE]", "IN:GET_STORIES_NEWS]"], "predicted_tokens": ["[IN:GET_STORIES_NEWS", "[SL:NEWS_TYPE", "@ptr3", "SL:NEWS_TYPE]", "[SL:NEWS_CATEGORY", "@ptr4", "SL:NEWS_CATEGORY]", "IN:GET_STORIES_NEWS]"]}
{"loss": 2.6004726886749268, "class_log_probabilities": [-1.0534045696258545, -2.4805188179016113, -5.056430339813232, -5.956469535827637], "predictions": [39, 40, 399, 41, 40, 402, 41, 56, 404, 405, 406, 57, 42, 4, 4, 4, 4], "target_tokens": ["[IN:GET_STORIES_NEWS", "[SL:NEWS_TYPE", "@ptr4", "@ptr5", "@ptr6", "@ptr7", "SL:NEWS_TYPE]", "[SL:NEWS_TOPIC", "@ptr10", "@ptr11", "SL:NEWS_TOPIC]", "IN:GET_STORIES_NEWS]"], "predicted_tokens": ["[IN:GET_STORIES_NEWS", "[SL:NEWS_TYPE", "@ptr4", "SL:NEWS_TYPE]", "[SL:NEWS_TYPE", "@ptr7", "SL:NEWS_TYPE]", "[SL:NEWS_TOPIC", "@ptr9", "@ptr10", "@ptr11", "SL:NEWS_TOPIC]", "IN:GET_STORIES_NEWS]"]}
{"loss": 0.9814692735671997, "class_log_probabilities": [-0.3896569013595581, -7.778477668762207, -8.02589225769043, -8.029043197631836], "predictions": [39, 40, 399, 41, 133, 401, 134, 42, 4], "target_tokens": ["[IN:GET_STORIES_NEWS", "[SL:NEWS_TYPE", "@ptr4", "SL:NEWS_TYPE]", "[SL:NEWS_SOURCE", "@ptr6", "SL:NEWS_SOURCE]", "IN:GET_STORIES_NEWS]"], "predicted_tokens": ["[IN:GET_STORIES_NEWS", "[SL:NEWS_TYPE", "@ptr4", "SL:NEWS_TYPE]", "[SL:NEWS_SOURCE", "@ptr6", "SL:NEWS_SOURCE]", "IN:GET_STORIES_NEWS]"]}
{"loss": 2.281471014022827, "class_log_probabilities": [-0.9848565459251404, -1.6148157119750977, -6.593830108642578, -7.39885950088501], "predictions": [39, 40, 398, 41, 133, 401, 402, 403, 134, 42, 4, 4], "target_tokens": ["[IN:GET_STORIES_NEWS", "[SL:NEWS_REFERENCE", "@ptr4", "SL:NEWS_REFERENCE]", "[SL:NEWS_TYPE", "@ptr3", "SL:NEWS_TYPE]", "[SL:NEWS_SOURCE", "@ptr6", "@ptr7", "@ptr8", "SL:NEWS_SOURCE]", "IN:GET_STORIES_NEWS]"], "predicted_tokens": ["[IN:GET_STORIES_NEWS", "[SL:NEWS_TYPE", "@ptr3", "SL:NEWS_TYPE]", "[SL:NEWS_SOURCE", "@ptr6", "@ptr7", "@ptr8", "SL:NEWS_SOURCE]", "IN:GET_STORIES_NEWS]"]}
{"loss": 3.4437646865844727, "class_log_probabilities": [-0.739088773727417, -3.501948833465576, -5.618056297302246, -6.66349458694458], "predictions": [39, 40, 400, 41, 16, 401, 402, 403, 404, 405, 17, 42, 4, 4, 4, 4], "target_tokens": ["[IN:GET_STORIES_NEWS", "[SL:DATE_TIME", "@ptr7", "@ptr8", "@ptr9", "@ptr10", "SL:DATE_TIME]", "[SL:NEWS_REFERENCE", "@ptr4", "SL:NEWS_REFERENCE]", "[SL:NEWS_TYPE", "@ptr5", "SL:NEWS_TYPE]", "IN:GET_STORIES_NEWS]"], "predicted_tokens": ["[IN:GET_STORIES_NEWS", "[SL:NEWS_TYPE", "@ptr5", "SL:NEWS_TYPE]", "[SL:DATE_TIME", "@ptr6", "@ptr7", "@ptr8", "@ptr9", "@ptr10", "SL:DATE_TIME]", "IN:GET_STORIES_NEWS]"]}
{"loss": 0.9739106893539429, "class_log_probabilities": [-0.6407887935638428, -8.060856819152832, -8.205293655395508, -8.37586784362793], "predictions": [39, 40, 398, 41, 56, 401, 402, 403, 404, 405, 406, 57, 42, 4], "target_tokens": ["[IN:GET_STORIES_NEWS", "[SL:NEWS_TYPE", "@ptr3", "SL:NEWS_TYPE]", "[SL:NEWS_TOPIC", "@ptr6", "@ptr7", "@ptr8", "@ptr9", "@ptr10", "@ptr11", "SL:NEWS_TOPIC]", "IN:GET_STORIES_NEWS]"], "predicted_tokens": ["[IN:GET_STORIES_NEWS", "[SL:NEWS_TYPE", "@ptr3", "SL:NEWS_TYPE]", "[SL:NEWS_TOPIC", "@ptr6", "@ptr7", "@ptr8", "@ptr9", "@ptr10", "@ptr11", "SL:NEWS_TOPIC]", "IN:GET_STORIES_NEWS]"]}
{"loss": 2.295912504196167, "class_log_probabilities": [-1.9039952754974365, -2.8685483932495117, -3.2352609634399414, -6.522519111633301], "predictions": [39, 40, 397, 398, 41, 43, 399, 44, 133, 401, 402, 134, 16, 403, 404, 17, 42, 4, 4, 4, 4], "target_tokens": ["[IN:GET_STORIES_NEWS", "[SL:NEWS_SOURCE", "@ptr6", "@ptr7", "SL:NEWS_SOURCE]", "[SL:NEWS_CATEGORY", "@ptr4", "SL:NEWS_CATEGORY]", "[SL:NEWS_TYPE", "@ptr2", "@ptr3", "SL:NEWS_TYPE]", "[SL:DATE_TIME", "@ptr8", "@ptr9", "SL:DATE_TIME]", "IN:GET_STORIES_NEWS]"], "predicted_tokens": ["[IN:GET_STORIES_NEWS", "[SL:NEWS_TYPE", "@ptr2", "@ptr3", "SL:NEWS_TYPE]", "[SL:NEWS_CATEGORY", "@ptr4", "SL:NEWS_CATEGORY]", "[SL:NEWS_SOURCE", "@ptr6", "@ptr7", "SL:NEWS_SOURCE]", "[SL:DATE_TIME", "@ptr8", "@ptr9", "SL:DATE_TIME]", "IN:GET_STORIES_NEWS]"]}
{"loss": 1.5824888944625854, "class_log_probabilities": [-2.0809826850891113, -2.7697222232818604, -3.809187889099121, -4.97014856338501], "predictions": [39, 40, 396, 41, 56, 401, 402, 403, 57, 42, 4, 4, 4, 4, 4], "target_tokens": ["[IN:GET_STORIES_NEWS", "[SL:NEWS_TYPE", "@ptr1", "SL:NEWS_TYPE]", "[SL:NEWS_TOPIC", "@ptr6", "@ptr7", "@ptr8", "SL:NEWS_TOPIC]", "[SL:NEWS_TYPE", "@ptr4", "SL:NEWS_TYPE]", "IN:GET_STORIES_NEWS]"], "predicted_tokens": ["[IN:GET_STORIES_NEWS", "[SL:NEWS_TYPE", "@ptr1", "SL:NEWS_TYPE]", "[SL:NEWS_TOPIC", "@ptr6", "@ptr7", "@ptr8", "SL:NEWS_TOPIC]", "IN:GET_STORIES_NEWS]"]}
{"loss": 2.1063201427459717, "class_log_probabilities": [-0.7998405694961548, -7.15258264541626, -7.180309295654297, -7.387452602386475], "predictions": [39, 56, 397, 398, 399, 400, 401, 402, 403, 404, 405, 57, 40, 408, 41, 42, 4], "target_tokens": ["[IN:GET_STORIES_NEWS", "[SL:NEWS_TOPIC", "@ptr9", "@ptr10", "SL:NEWS_TOPIC]", "[SL:NEWS_TYPE", "@ptr13", "SL:NEWS_TYPE]", "IN:GET_STORIES_NEWS]"], "predicted_tokens": ["[IN:GET_STORIES_NEWS", "[SL:NEWS_TOPIC", "@ptr2", "@ptr3", "@ptr4", "@ptr5", "@ptr6", "@ptr7", "@ptr8", "@ptr9", "@ptr10", "SL:NEWS_TOPIC]", "[SL:NEWS_TYPE", "@ptr13", "SL:NEWS_TYPE]", "IN:GET_STORIES_NEWS]"]}
{"loss": 2.1602277755737305, "class_log_probabilities": [-0.4290948510169983, -7.301385402679443, -7.450629711151123, -7.52121639251709], "predictions": [39, 40, 397, 41, 43, 401, 44, 42, 4], "target_tokens": ["[IN:GET_STORIES_NEWS", "[SL:NEWS_CATEGORY", "@ptr6", "SL:NEWS_CATEGORY]", "[SL:NEWS_TYPE", "@ptr2", "SL:NEWS_TYPE]", "IN:GET_STORIES_NEWS]"], "predicted_tokens": ["[IN:GET_STORIES_NEWS", "[SL:NEWS_TYPE", "@ptr2", "SL:NEWS_TYPE]", "[SL:NEWS_CATEGORY", "@ptr6", "SL:NEWS_CATEGORY]", "IN:GET_STORIES_NEWS]"]}
{"loss": 1.0677341222763062, "class_log_probabilities": [-2.0848381519317627, -3.390605926513672, -5.048484802246094, -6.051390171051025], "predictions": [39, 40, 398, 41, 56, 401, 402, 403, 404, 57, 42, 4, 4], "target_tokens": ["[IN:GET_STORIES_NEWS", "[SL:NEWS_TYPE", "@ptr3", "SL:NEWS_TYPE]", "[SL:NEWS_TOPIC", "@ptr6", "@ptr7", "@ptr8", "@ptr9", "SL:NEWS_TOPIC]", "IN:GET_STORIES_NEWS]"], "predicted_tokens": ["[IN:GET_STORIES_NEWS", "[SL:NEWS_TYPE", "@ptr3", "SL:NEWS_TYPE]", "[SL:NEWS_TOPIC", "@ptr6", "@ptr7", "@ptr8", "@ptr9", "SL:NEWS_TOPIC]", "IN:GET_STORIES_NEWS]"]}
{"loss": 1.7689656019210815, "class_log_probabilities": [-0.7820178270339966, -2.2087249755859375, -5.2839155197143555, -7.056901931762695], "predictions": [39, 40, 400, 41, 16, 401, 402, 403, 17, 42, 4, 4, 4, 4], "target_tokens": ["[IN:GET_STORIES_NEWS", "[SL:NEWS_REFERENCE", "@ptr4", "SL:NEWS_REFERENCE]", "[SL:NEWS_TYPE", "@ptr5", "SL:NEWS_TYPE]", "[SL:DATE_TIME", "@ptr6", "@ptr7", "@ptr8", "SL:DATE_TIME]", "IN:GET_STORIES_NEWS]"], "predicted_tokens": ["[IN:GET_STORIES_NEWS", "[SL:NEWS_TYPE", "@ptr5", "SL:NEWS_TYPE]", "[SL:DATE_TIME", "@ptr6", "@ptr7", "@ptr8", "SL:DATE_TIME]", "IN:GET_STORIES_NEWS]"]}
{"loss": 2.286578893661499, "class_log_probabilities": [-0.5510581731796265, -8.243287086486816, -8.709774017333984, -9.259367942810059], "predictions": [39, 40, 397, 41, 16, 398, 399, 400, 17, 42, 4, 4, 4], "target_tokens": ["[IN:GET_STORIES_NEWS", "[SL:DATE_TIME", "@ptr3", "@ptr4", "@ptr5", "SL:DATE_TIME]", "[SL:NEWS_TYPE", "@ptr2", "SL:NEWS_TYPE]", "IN:GET_STORIES_NEWS]"], "predicted_tokens": ["[IN:GET_STORIES_NEWS", "[SL:NEWS_TYPE", "@ptr2", "SL:NEWS_TYPE]", "[SL:DATE_TIME", "@ptr3", "@ptr4", "@ptr5", "SL:DATE_TIME]", "IN:GET_STORIES_NEWS]"]}
{"loss": 2.377152919769287, "class_log_probabilities": [-0.482490599155426, -8.142569541931152, -8.19670581817627, -8.27080249786377], "predictions": [39, 40, 397, 41, 56, 400, 401, 57, 42, 4], "target_tokens": ["[IN:GET_STORIES_NEWS", "[SL:NEWS_TOPIC", "@ptr5", "@ptr6", "SL:NEWS_TOPIC]", "[SL:NEWS_TYPE", "@ptr2", "SL:NEWS_TYPE]", "IN:GET_STORIES_NEWS]"], "predicted_tokens": ["[IN:GET_STORIES_NEWS", "[SL:NEWS_TYPE", "@ptr2", "SL:NEWS_TYPE]", "[SL:NEWS_TOPIC", "@ptr5", "@ptr6", "SL:NEWS_TOPIC]", "IN:GET_STORIES_NEWS]"]}
{"loss": 0.9739832878112793, "class_log_probabilities": [-0.2762971520423889, -8.592101097106934, -8.71123218536377, -8.960189819335938], "predictions": [39, 40, 397, 41, 42, 4, 4, 4], "target_tokens": ["[IN:GET_STORIES_NEWS", "[SL:NEWS_TYPE", "@ptr2", "SL:NEWS_TYPE]", "IN:GET_STORIES_NEWS]"], "predicted_tokens": ["[IN:GET_STORIES_NEWS", "[SL:NEWS_TYPE", "@ptr2", "SL:NEWS_TYPE]", "IN:GET_STORIES_NEWS]"]}
{"loss": 2.29289174079895, "class_log_probabilities": [-0.5904124975204468, -7.277249813079834, -7.592933177947998, -7.6280741691589355], "predictions": [55, 56, 398, 399, 400, 401, 402, 403, 404, 57, 58, 4], "target_tokens": ["[IN:QUESTION_NEWS", "[SL:NEWS_TOPIC", "@ptr3", "@ptr4", "SL:NEWS_TOPIC]", "[SL:NEWS_TOPIC", "@ptr7", "@ptr8", "@ptr9", "SL:NEWS_TOPIC]", "IN:QUESTION_NEWS]"], "predicted_tokens": ["[IN:QUESTION_NEWS", "[SL:NEWS_TOPIC", "@ptr3", "@ptr4", "@ptr5", "@ptr6", "@ptr7", "@ptr8", "@ptr9", "SL:NEWS_TOPIC]", "IN:QUESTION_NEWS]"]}
{"loss": 2.5646986961364746, "class_log_probabilities": [-0.46997374296188354, -7.693637847900391, -7.962298393249512, -8.052963256835938], "predictions": [39, 40, 399, 41, 16, 402, 403, 17, 42, 4, 4], "target_tokens": ["[IN:GET_STORIES_NEWS", "[SL:NEWS_REFERENCE", "@ptr5", "@ptr6", "SL:NEWS_REFERENCE]", "[SL:NEWS_TYPE", "@ptr4", "SL:NEWS_TYPE]", "[SL:DATE_TIME", "@ptr7", "@ptr8", "SL:DATE_TIME]", "IN:GET_STORIES_NEWS]"], "predicted_tokens": ["[IN:GET_STORIES_NEWS", "[SL:NEWS_TYPE", "@ptr4", "SL:NEWS_TYPE]", "[SL:DATE_TIME", "@ptr7", "@ptr8", "SL:DATE_TIME]", "IN:GET_STORIES_NEWS]"]}
{"loss": 0.9696590900421143, "class_log_probabilities": [-0.5441980957984924, -7.888415813446045, -8.184366226196289, -8.239900588989258], "predictions": [39, 40, 397, 41, 56, 399, 400, 401, 57, 42, 4], "target_tokens": ["[IN:GET_STORIES_NEWS", "[SL:NEWS_TYPE", "@ptr2", "SL:NEWS_TYPE]", "[SL:NEWS_TOPIC", "@ptr4", "@ptr5", "@ptr6", "SL:NEWS_TOPIC]", "IN:GET_STORIES_NEWS]"], "predicted_tokens": ["[IN:GET_STORIES_NEWS", "[SL:NEWS_TYPE", "@ptr2", "SL:NEWS_TYPE]", "[SL:NEWS_TOPIC", "@ptr4", "@ptr5", "@ptr6", "SL:NEWS_TOPIC]", "IN:GET_STORIES_NEWS]"]}
{"loss": 0.9722358584403992, "class_log_probabilities": [-0.470115602016449, -8.156349182128906, -8.396657943725586, -8.436635971069336], "predictions": [39, 40, 397, 41, 56, 399, 400, 57, 42, 4], "target_tokens": ["[IN:GET_STORIES_NEWS", "[SL:NEWS_TYPE", "@ptr2", "SL:NEWS_TYPE]", "[SL:NEWS_TOPIC", "@ptr4", "@ptr5", "SL:NEWS_TOPIC]", "IN:GET_STORIES_NEWS]"], "predicted_tokens": ["[IN:GET_STORIES_NEWS", "[SL:NEWS_TYPE", "@ptr2", "SL:NEWS_TYPE]", "[SL:NEWS_TOPIC", "@ptr4", "@ptr5", "SL:NEWS_TOPIC]", "IN:GET_STORIES_NEWS]"]}
{"loss": 0.9844247698783875, "class_log_probabilities": [-0.8986349105834961, -2.594841718673706, -6.092450141906738, -6.269625663757324], "predictions": [39, 40, 395, 41, 56, 397, 398, 57, 42, 4], "target_tokens": ["[IN:GET_STORIES_NEWS", "[SL:NEWS_TYPE", "@ptr0", "SL:NEWS_TYPE]", "[SL:NEWS_TOPIC", "@ptr2", "@ptr3", "SL:NEWS_TOPIC]", "IN:GET_STORIES_NEWS]"], "predicted_tokens": ["[IN:GET_STORIES_NEWS", "[SL:NEWS_TYPE", "@ptr0", "SL:NEWS_TYPE]", "[SL:NEWS_TOPIC", "@ptr2", "@ptr3", "SL:NEWS_TOPIC]", "IN:GET_STORIES_NEWS]"]}
{"loss": 2.604647397994995, "class_log_probabilities": [-0.6597453951835632, -3.7542316913604736, -4.049851894378662, -4.384429454803467], "predictions": [39, 40, 401, 41, 56, 403, 57, 42, 4, 4, 4, 4], "target_tokens": ["[IN:GET_STORIES_NEWS", "[SL:NEWS_CATEGORY", "@ptr8", "SL:NEWS_CATEGORY]", "[SL:NEWS_TYPE", "@ptr6", "SL:NEWS_TYPE]", "IN:GET_STORIES_NEWS]"], "predicted_tokens": ["[IN:GET_STORIES_NEWS", "[SL:NEWS_TYPE", "@ptr6", "SL:NEWS_TYPE]", "[SL:NEWS_TOPIC", "@ptr8", "SL:NEWS_TOPIC]", "IN:GET_STORIES_NEWS]"]}
{"loss": 0.9874259233474731, "class_log_probabilities": [-0.9260686039924622, -3.850167989730835, -4.028561115264893, -4.556321144104004], "predictions": [39, 40, 398, 41, 43, 403, 44, 133, 405, 406, 407, 134, 42, 4, 4, 4], "target_tokens": ["[IN:GET_STORIES_NEWS", "[SL:NEWS_TYPE", "@ptr3", "SL:NEWS_TYPE]", "[SL:NEWS_CATEGORY", "@ptr8", "SL:NEWS_CATEGORY]", "[SL:NEWS_SOURCE", "@ptr10", "@ptr11", "@ptr12", "SL:NEWS_SOURCE]", "IN:GET_STORIES_NEWS]"], "predicted_tokens": ["[IN:GET_STORIES_NEWS", "[SL:NEWS_TYPE", "@ptr3", "SL:NEWS_TYPE]", "[SL:NEWS_CATEGORY", "@ptr8", "SL:NEWS_CATEGORY]", "[SL:NEWS_SOURCE", "@ptr10", "@ptr11", "@ptr12", "SL:NEWS_SOURCE]", "IN:GET_STORIES_NEWS]"]}
{"loss": 1.5698528289794922, "class_log_probabilities": [-2.986711025238037, -3.567739486694336, -4.305120944976807, -4.548367977142334], "predictions": [39, 40, 396, 41, 40, 401, 402, 41, 16, 403, 404, 17, 42, 4, 4, 4], "target_tokens": ["[IN:GET_STORIES_NEWS", "[SL:NEWS_TYPE", "@ptr1", "@ptr2", "SL:NEWS_TYPE]", "[SL:NEWS_TOPIC", "@ptr5", "@ptr6", "@ptr7", "SL:NEWS_TOPIC]", "[SL:DATE_TIME", "@ptr8", "@ptr9", "SL:DATE_TIME]", "IN:GET_STORIES_NEWS]"], "predicted_tokens": ["[IN:GET_STORIES_NEWS", "[SL:NEWS_TYPE", "@ptr1", "SL:NEWS_TYPE]", "[SL:NEWS_TYPE", "@ptr6", "@ptr7", "SL:NEWS_TYPE]", "[SL:DATE_TIME", "@ptr8", "@ptr9", "SL:DATE_TIME]", "IN:GET_STORIES_NEWS]"]}
{"loss": 2.329995632171631, "class_log_probabilities": [-1.1985381841659546, -2.5020153522491455, -4.005150318145752, -5.590188026428223], "predictions": [55, 56, 397, 57, 56, 400, 401, 402, 403, 404, 57, 58, 4], "target_tokens": ["[IN:QUESTION_NEWS", "[SL:NEWS_TOPIC", "@ptr2", "@ptr3", "@ptr4", "@ptr5", "@ptr6", "@ptr7", "@ptr8", "SL:NEWS_TOPIC]", "IN:QUESTION_NEWS]"], "predicted_tokens": ["[IN:QUESTION_NEWS", "[SL:NEWS_TOPIC", "@ptr2", "SL:NEWS_TOPIC]", "[SL:NEWS_TOPIC", "@ptr5", "@ptr6", "@ptr7", "@ptr8", "@ptr9", "SL:NEWS_TOPIC]", "IN:QUESTION_NEWS]"]}
{"loss": 2.348658323287964, "class_log_probabilities": [-0.4431185722351074, -8.452357292175293, -8.52157211303711, -8.763589859008789], "predictions": [39, 16, 399, 17, 40, 400, 41, 42, 4, 4, 4, 4], "target_tokens": ["[IN:GET_STORIES_NEWS", "[SL:NEWS_TYPE", "@ptr5", "SL:NEWS_TYPE]", "IN:GET_STORIES_NEWS]"], "predicted_tokens": ["[IN:GET_STORIES_NEWS", "[SL:DATE_TIME", "@ptr4", "SL:DATE_TIME]", "[SL:NEWS_TYPE", "@ptr5", "SL:NEWS_TYPE]", "IN:GET_STORIES_NEWS]"]}
{"loss": 1.0710748434066772, "class_log_probabilities": [-1.7031525373458862, -2.0664515495300293, -2.25164794921875, -6.446244239807129], "predictions": [39, 56, 397, 398, 399, 57, 42, 4, 4, 4, 4], "target_tokens": ["[IN:GET_STORIES_NEWS", "[SL:NEWS_TYPE", "@ptr0", "SL:NEWS_TYPE]", "[SL:NEWS_TOPIC", "@ptr2", "@ptr3", "@ptr4", "SL:NEWS_TOPIC]", "IN:GET_STORIES_NEWS]"], "predicted_tokens": ["[IN:GET_STORIES_NEWS", "[SL:NEWS_TOPIC", "@ptr2", "@ptr3", "@ptr4", "SL:NEWS_TOPIC]", "IN:GET_STORIES_NEWS]"]}
{"loss": 0.9723871946334839, "class_log_probabilities": [-0.6920691132545471, -7.326569080352783, -7.650478839874268, -7.93752384185791], "predictions": [39, 16, 399, 17, 40, 400, 41, 56, 402, 403, 404, 57, 42, 4, 4, 4, 4], "target_tokens": ["[IN:GET_STORIES_NEWS", "[SL:DATE_TIME", "@ptr4", "SL:DATE_TIME]", "[SL:NEWS_TYPE", "@ptr5", "SL:NEWS_TYPE]", "[SL:NEWS_TOPIC", "@ptr7", "@ptr8", "@ptr9", "SL:NEWS_TOPIC]", "IN:GET_STORIES_NEWS]"], "predicted_tokens": ["[IN:GET_STORIES_NEWS", "[SL:DATE_TIME", "@ptr4", "SL:DATE_TIME]", "[SL:NEWS_TYPE", "@ptr5", "SL:NEWS_TYPE]", "[SL:NEWS_TOPIC", "@ptr7", "@ptr8", "@ptr9", "SL:NEWS_TOPIC]", "IN:GET_STORIES_NEWS]"]}
{"loss": 0.9797753095626831, "class_log_probabilities": [-0.39507409930229187, -7.880053520202637, -7.946807384490967, -8.037549018859863], "predictions": [39, 40, 400, 41, 133, 402, 134, 42, 4], "target_tokens": ["[IN:GET_STORIES_NEWS", "[SL:NEWS_TYPE", "@ptr5", "SL:NEWS_TYPE]", "[SL:NEWS_SOURCE", "@ptr7", "SL:NEWS_SOURCE]", "IN:GET_STORIES_NEWS]"], "predicted_tokens": ["[IN:GET_STORIES_NEWS", "[SL:NEWS_TYPE", "@ptr5", "SL:NEWS_TYPE]", "[SL:NEWS_SOURCE", "@ptr7", "SL:NEWS_SOURCE]", "IN:GET_STORIES_NEWS]"]}
{"loss": 2.4628746509552, "class_log_probabilities": [-0.5021876096725464, -8.223219871520996, -8.28691577911377, -8.299967765808105], "predictions": [39, 40, 396, 41, 56, 399, 400, 57, 42, 4], "target_tokens": ["[IN:GET_STORIES_NEWS", "[SL:NEWS_TOPIC", "@ptr4", "@ptr5", "SL:NEWS_TOPIC]", "[SL:NEWS_TYPE", "@ptr1", "SL:NEWS_TYPE]", "IN:GET_STORIES_NEWS]"], "predicted_tokens": ["[IN:GET_STORIES_NEWS", "[SL:NEWS_TYPE", "@ptr1", "SL:NEWS_TYPE]", "[SL:NEWS_TOPIC", "@ptr4", "@ptr5", "SL:NEWS_TOPIC]", "IN:GET_STORIES_NEWS]"]}
{"loss": 2.354250431060791, "class_log_probabilities": [-0.5957056283950806, -3.826324462890625, -7.089621067047119, -7.988442420959473], "predictions": [39, 40, 400, 41, 16, 401, 402, 17, 42, 4], "target_tokens": ["[IN:GET_STORIES_NEWS", "[SL:DATE_TIME", "@ptr6", "@ptr7", "SL:DATE_TIME]", "[SL:NEWS_TYPE", "@ptr5", "SL:NEWS_TYPE]", "IN:GET_STORIES_NEWS]"], "predicted_tokens": ["[IN:GET_STORIES_NEWS", "[SL:NEWS_TYPE", "@ptr5", "SL:NEWS_TYPE]", "[SL:DATE_TIME", "@ptr6", "@ptr7", "SL:DATE_TIME]", "IN:GET_STORIES_NEWS]"]}
{"loss": 1.874283790588379, "class_log_probabilities": [-1.47904634475708, -2.3275303840637207, -3.3080384731292725, -4.233078479766846], "predictions": [39, 40, 401, 41, 16, 403, 404, 17, 42, 4], "target_tokens": ["[IN:GET_STORIES_NEWS", "[SL:NEWS_TYPE", "@ptr6", "SL:NEWS_TYPE]", "[SL:DATE_TIME", "@ptr7", "@ptr8", "SL:DATE_TIME]", "IN:GET_STORIES_NEWS]"], "predicted_tokens": ["[IN:GET_STORIES_NEWS", "[SL:NEWS_TYPE", "@ptr6", "SL:NEWS_TYPE]", "[SL:DATE_TIME", "@ptr8", "@ptr9", "SL:DATE_TIME]", "IN:GET_STORIES_NEWS]"]}
{"loss": 2.3418056964874268, "class_log_probabilities": [-1.8891854286193848, -2.6859664916992188, -5.85303258895874, -6.946301460266113], "predictions": [39, 40, 398, 41, 56, 401, 57, 16, 402, 403, 17, 42, 4, 4], "target_tokens": ["[IN:GET_STORIES_NEWS", "[SL:NEWS_TOPIC", "@ptr6", "SL:NEWS_TOPIC]", "[SL:NEWS_TYPE", "@ptr3", "SL:NEWS_TYPE]", "[SL:DATE_TIME", "@ptr7", "@ptr8", "SL:DATE_TIME]", "IN:GET_STORIES_NEWS]"], "predicted_tokens": ["[IN:GET_STORIES_NEWS", "[SL:NEWS_TYPE", "@ptr3", "SL:NEWS_TYPE]", "[SL:NEWS_TOPIC", "@ptr6", "SL:NEWS_TOPIC]", "[SL:DATE_TIME", "@ptr7", "@ptr8", "SL:DATE_TIME]", "IN:GET_STORIES_NEWS]"]}
{"loss": 1.832793116569519, "class_log_probabilities": [-0.48891371488571167, -8.240885734558105, -8.402618408203125, -8.432822227478027], "predictions": [39, 40, 398, 41, 56, 400, 401, 57, 42, 4], "target_tokens": ["[IN:GET_STORIES_NEWS", "[SL:NEWS_TYPE", "@ptr3", "SL:NEWS_TYPE]", "[SL:NEWS_TOPIC", "@ptr6", "SL:NEWS_TOPIC]", "IN:GET_STORIES_NEWS]"], "predicted_tokens": ["[IN:GET_STORIES_NEWS", "[SL:NEWS_TYPE", "@ptr3", "SL:NEWS_TYPE]", "[SL:NEWS_TOPIC", "@ptr5", "@ptr6", "SL:NEWS_TOPIC]", "IN:GET_STORIES_NEWS]"]}
{"loss": 3.7294158935546875, "class_log_probabilities": [-0.578437089920044, -3.4708092212677, -4.766275882720947, -6.14329195022583], "predictions": [39, 40, 396, 41, 43, 400, 44, 42, 4, 4, 4, 4], "target_tokens": ["[IN:GET_STORIES_NEWS", "[SL:NEWS_CATEGORY", "@ptr5", "SL:NEWS_CATEGORY]", "[SL:NEWS_TYPE", "@ptr1", "@ptr2", "@ptr3", "SL:NEWS_TYPE]", "IN:GET_STORIES_NEWS]"], "predicted_tokens": ["[IN:GET_STORIES_NEWS", "[SL:NEWS_TYPE", "@ptr1", "SL:NEWS_TYPE]", "[SL:NEWS_CATEGORY", "@ptr5", "SL:NEWS_CATEGORY]", "IN:GET_STORIES_NEWS]"]}
{"loss": 1.993660807609558, "class_log_probabilities": [-0.4041697382926941, -7.515573978424072, -9.014220237731934, -9.210214614868164], "predictions": [39, 40, 400, 41, 43, 402, 44, 42, 4, 4, 4, 4], "target_tokens": ["[IN:GET_STORIES_NEWS", "[SL:NEWS_CATEGORY", "@ptr7", "SL:NEWS_CATEGORY]", "[SL:NEWS_TYPE", "@ptr5", "SL:NEWS_TYPE]", "IN:GET_STORIES_NEWS]"], "predicted_tokens": ["[IN:GET_STORIES_NEWS", "[SL:NEWS_TYPE", "@ptr5", "SL:NEWS_TYPE]", "[SL:NEWS_CATEGORY", "@ptr7", "SL:NEWS_CATEGORY]", "IN:GET_STORIES_NEWS]"]}
{"loss": 2.1160261631011963, "class_log_probabilities": [-0.4334297776222229, -7.292414665222168, -7.423243999481201, -7.486416339874268], "predictions": [39, 40, 397, 41, 43, 398, 44, 42, 4], "target_tokens": ["[IN:GET_STORIES_NEWS", "[SL:NEWS_CATEGORY", "@ptr3", "SL:NEWS_CATEGORY]", "[SL:NEWS_TYPE", "@ptr2", "SL:NEWS_TYPE]", "IN:GET_STORIES_NEWS]"], "predicted_tokens": ["[IN:GET_STORIES_NEWS", "[SL:NEWS_TYPE", "@ptr2", "SL:NEWS_TYPE]", "[SL:NEWS_CATEGORY", "@ptr3", "SL:NEWS_CATEGORY]", "IN:GET_STORIES_NEWS]"]}
{"loss": 1.8626008033752441, "class_log_probabilities": [-0.6108160614967346, -5.587682247161865, -6.607104778289795, -8.131855964660645], "predictions": [39, 40, 397, 41, 40, 400, 41, 56, 402, 403, 57, 42, 4], "target_tokens": ["[IN:GET_STORIES_NEWS", "[SL:NEWS_TYPE", "@ptr2", "SL:NEWS_TYPE]", "[SL:NEWS_TOPIC", "@ptr7", "@ptr8", "SL:NEWS_TOPIC]", "[SL:NEWS_TYPE", "@ptr5", "SL:NEWS_TYPE]", "IN:GET_STORIES_NEWS]"], "predicted_tokens": ["[IN:GET_STORIES_NEWS", "[SL:NEWS_TYPE", "@ptr2", "SL:NEWS_TYPE]", "[SL:NEWS_TYPE", "@ptr5", "SL:NEWS_TYPE]", "[SL:NEWS_TOPIC", "@ptr7", "@ptr8", "SL:NEWS_TOPIC]", "IN:GET_STORIES_NEWS]"]}
{"loss": 3.9410512447357178, "class_log_probabilities": [-1.8333745002746582, -2.628452777862549, -4.866777420043945, -5.26047420501709], "predictions": [39, 131, 399, 132, 40, 403, 41, 43, 404, 44, 16, 405, 406, 17, 42, 4], "target_tokens": ["[IN:GET_STORIES_NEWS", "[SL:DATE_TIME", "@ptr10", "@ptr11", "SL:DATE_TIME]", "[SL:NEWS_REFERENCE", "@ptr4", "SL:NEWS_REFERENCE]", "[SL:NEWS_CATEGORY", "@ptr9", "SL:NEWS_CATEGORY]", "[SL:NEWS_TYPE", "@ptr5", "@ptr6", "@ptr7", "@ptr8", "SL:NEWS_TYPE]", "IN:GET_STORIES_NEWS]"], "predicted_tokens": ["[IN:GET_STORIES_NEWS", "[SL:NEWS_REFERENCE", "@ptr4", "SL:NEWS_REFERENCE]", "[SL:NEWS_TYPE", "@ptr8", "SL:NEWS_TYPE]", "[SL:NEWS_CATEGORY", "@ptr9", "SL:NEWS_CATEGORY]", "[SL:DATE_TIME", "@ptr10", "@ptr11", "SL:DATE_TIME]", "IN:GET_STORIES_NEWS]"]}
{"loss": 1.9032689332962036, "class_log_probabilities": [-1.1799705028533936, -1.7170466184616089, -5.625235080718994, -7.157941818237305], "predictions": [39, 40, 399, 41, 16, 400, 17, 43, 402, 44, 42, 4], "target_tokens": ["[IN:GET_STORIES_NEWS", "[SL:DATE_TIME", "@ptr5", "SL:DATE_TIME]", "[SL:NEWS_CATEGORY", "@ptr7", "SL:NEWS_CATEGORY]", "[SL:NEWS_TYPE", "@ptr4", "SL:NEWS_TYPE]", "IN:GET_STORIES_NEWS]"], "predicted_tokens": ["[IN:GET_STORIES_NEWS", "[SL:NEWS_TYPE", "@ptr4", "SL:NEWS_TYPE]", "[SL:DATE_TIME", "@ptr5", "SL:DATE_TIME]", "[SL:NEWS_CATEGORY", "@ptr7", "SL:NEWS_CATEGORY]", "IN:GET_STORIES_NEWS]"]}
{"loss": 1.0729011297225952, "class_log_probabilities": [-1.2744745016098022, -1.8142318725585938, -3.1476244926452637, -5.911059379577637], "predictions": [39, 40, 401, 41, 42, 4, 4, 4, 4], "target_tokens": ["[IN:GET_STORIES_NEWS", "[SL:NEWS_REFERENCE", "@ptr3", "SL:NEWS_REFERENCE]", "[SL:NEWS_TYPE", "@ptr6", "SL:NEWS_TYPE]", "IN:GET_STORIES_NEWS]"], "predicted_tokens": ["[IN:GET_STORIES_NEWS", "[SL:NEWS_TYPE", "@ptr6", "SL:NEWS_TYPE]", "IN:GET_STORIES_NEWS]"]}
{"loss": 4.421618461608887, "class_log_probabilities": [-0.417227178812027, -8.218158721923828, -8.325204849243164, -8.390155792236328], "predictions": [39, 40, 397, 41, 56, 399, 57, 42, 4, 4, 4, 4], "target_tokens": ["[IN:GET_STORIES_NEWS", "[SL:NEWS_TOPIC", "@ptr4", "SL:NEWS_TOPIC]", "[SL:NEWS_TYPE", "@ptr0", "@ptr1", "@ptr2", "SL:NEWS_TYPE]", "IN:GET_STORIES_NEWS]"], "predicted_tokens": ["[IN:GET_STORIES_NEWS", "[SL:NEWS_TYPE", "@ptr2", "SL:NEWS_TYPE]", "[SL:NEWS_TOPIC", "@ptr4", "SL:NEWS_TOPIC]", "IN:GET_STORIES_NEWS]"]}
{"loss": 0.9699178338050842, "class_log_probabilities": [-0.6025030612945557, -7.999538421630859, -8.052701950073242, -8.177674293518066], "predictions": [39, 40, 397, 41, 56, 400, 401, 402, 403, 57, 42, 4], "target_tokens": ["[IN:GET_STORIES_NEWS", "[SL:NEWS_TYPE", "@ptr2", "SL:NEWS_TYPE]", "[SL:NEWS_TOPIC", "@ptr5", "@ptr6", "@ptr7", "@ptr8", "SL:NEWS_TOPIC]", "IN:GET_STORIES_NEWS]"], "predicted_tokens": ["[IN:GET_STORIES_NEWS", "[SL:NEWS_TYPE", "@ptr2", "SL:NEWS_TYPE]", "[SL:NEWS_TOPIC", "@ptr5", "@ptr6", "@ptr7", "@ptr8", "SL:NEWS_TOPIC]", "IN:GET_STORIES_NEWS]"]}
{"loss": 0.9758604168891907, "class_log_probabilities": [-0.5066893100738525, -7.716500759124756, -8.118672370910645, -8.20705795288086], "predictions": [39, 40, 397, 41, 56, 400, 401, 402, 57, 42, 4, 4], "target_tokens": ["[IN:GET_STORIES_NEWS", "[SL:NEWS_TYPE", "@ptr2", "SL:NEWS_TYPE]", "[SL:NEWS_TOPIC", "@ptr5", "@ptr6", "@ptr7", "SL:NEWS_TOPIC]", "IN:GET_STORIES_NEWS]"], "predicted_tokens": ["[IN:GET_STORIES_NEWS", "[SL:NEWS_TYPE", "@ptr2", "SL:NEWS_TYPE]", "[SL:NEWS_TOPIC", "@ptr5", "@ptr6", "@ptr7", "SL:NEWS_TOPIC]", "IN:GET_STORIES_NEWS]"]}
{"loss": 1.323169469833374, "class_log_probabilities": [-0.6804919838905334, -3.783120632171631, -4.354439735412598, -4.913817882537842], "predictions": [39, 40, 398, 41, 40, 400, 41, 56, 402, 57, 42, 4, 4], "target_tokens": ["[IN:GET_STORIES_NEWS", "[SL:NEWS_TYPE", "@ptr3", "@ptr4", "@ptr5", "SL:NEWS_TYPE]", "[SL:NEWS_TOPIC", "@ptr7", "SL:NEWS_TOPIC]", "IN:GET_STORIES_NEWS]"], "predicted_tokens": ["[IN:GET_STORIES_NEWS", "[SL:NEWS_TYPE", "@ptr3", "SL:NEWS_TYPE]", "[SL:NEWS_TYPE", "@ptr5", "SL:NEWS_TYPE]", "[SL:NEWS_TOPIC", "@ptr7", "SL:NEWS_TOPIC]", "IN:GET_STORIES_NEWS]"]}
{"loss": 3.279106855392456, "class_log_probabilities": [-1.441493034362793, -2.8196585178375244, -3.188535690307617, -3.992368221282959], "predictions": [55, 131, 399, 132, 40, 400, 41, 56, 402, 403, 57, 58, 4], "target_tokens": ["[IN:QUESTION_NEWS", "[SL:NEWS_TOPIC", "@ptr4", "@ptr5", "@ptr6", "@ptr7", "@ptr8", "SL:NEWS_TOPIC]", "IN:QUESTION_NEWS]"], "predicted_tokens": ["[IN:QUESTION_NEWS", "[SL:NEWS_REFERENCE", "@ptr4", "SL:NEWS_REFERENCE]", "[SL:NEWS_TYPE", "@ptr5", "SL:NEWS_TYPE]", "[SL:NEWS_TOPIC", "@ptr7", "@ptr8", "SL:NEWS_TOPIC]", "IN:QUESTION_NEWS]"]}
{"loss": 0.9745193719863892, "class_log_probabilities": [-0.7353513240814209, -7.645725250244141, -8.135894775390625, -8.527137756347656], "predictions": [39, 40, 396, 41, 56, 399, 400, 401, 402, 403, 404, 405, 406, 57, 42, 4, 4, 4, 4, 4], "target_tokens": ["[IN:GET_STORIES_NEWS", "[SL:NEWS_TYPE", "@ptr1", "SL:NEWS_TYPE]", "[SL:NEWS_TOPIC", "@ptr4", "@ptr5", "@ptr6", "@ptr7", "@ptr8", "@ptr9", "@ptr10", "@ptr11", "SL:NEWS_TOPIC]", "IN:GET_STORIES_NEWS]"], "predicted_tokens": ["[IN:GET_STORIES_NEWS", "[SL:NEWS_TYPE", "@ptr1", "SL:NEWS_TYPE]", "[SL:NEWS_TOPIC", "@ptr4", "@ptr5", "@ptr6", "@ptr7", "@ptr8", "@ptr9", "@ptr10", "@ptr11", "SL:NEWS_TOPIC]", "IN:GET_STORIES_NEWS]"]}
{"loss": 0.9769713282585144, "class_log_probabilities": [-0.40942972898483276, -7.366205215454102, -7.587920188903809, -7.671123504638672], "predictions": [39, 40, 400, 41, 133, 403, 134, 42, 4], "target_tokens": ["[IN:GET_STORIES_NEWS", "[SL:NEWS_TYPE", "@ptr5", "SL:NEWS_TYPE]", "[SL:NEWS_SOURCE", "@ptr8", "SL:NEWS_SOURCE]", "IN:GET_STORIES_NEWS]"], "predicted_tokens": ["[IN:GET_STORIES_NEWS", "[SL:NEWS_TYPE", "@ptr5", "SL:NEWS_TYPE]", "[SL:NEWS_SOURCE", "@ptr8", "SL:NEWS_SOURCE]", "IN:GET_STORIES_NEWS]"]}
{"loss": 0.9761362671852112, "class_log_probabilities": [-0.6260790228843689, -7.817681789398193, -8.145811080932617, -8.191518783569336], "predictions": [39, 40, 397, 41, 56, 400, 401, 402, 57, 16, 403, 17, 42, 4], "target_tokens": ["[IN:GET_STORIES_NEWS", "[SL:NEWS_TYPE", "@ptr2", "SL:NEWS_TYPE]", "[SL:NEWS_TOPIC", "@ptr5", "@ptr6", "@ptr7", "SL:NEWS_TOPIC]", "[SL:DATE_TIME", "@ptr8", "SL:DATE_TIME]", "IN:GET_STORIES_NEWS]"], "predicted_tokens": ["[IN:GET_STORIES_NEWS", "[SL:NEWS_TYPE", "@ptr2", "SL:NEWS_TYPE]", "[SL:NEWS_TOPIC", "@ptr5", "@ptr6", "@ptr7", "SL:NEWS_TOPIC]", "[SL:DATE_TIME", "@ptr8", "SL:DATE_TIME]", "IN:GET_STORIES_NEWS]"]}
{"loss": 0.9765884280204773, "class_log_probabilities": [-0.49647679924964905, -4.940733432769775, -5.9849467277526855, -6.83772087097168], "predictions": [39, 40, 396, 41, 43, 398, 399, 44, 42, 4], "target_tokens": ["[IN:GET_STORIES_NEWS", "[SL:NEWS_TYPE", "@ptr1", "SL:NEWS_TYPE]", "[SL:NEWS_CATEGORY", "@ptr3", "@ptr4", "SL:NEWS_CATEGORY]", "IN:GET_STORIES_NEWS]"], "predicted_tokens": ["[IN:GET_STORIES_NEWS", "[SL:NEWS_TYPE", "@ptr1", "SL:NEWS_TYPE]", "[SL:NEWS_CATEGORY", "@ptr3", "@ptr4", "SL:NEWS_CATEGORY]", "IN:GET_STORIES_NEWS]"]}
{"loss": 0.9853577613830566, "class_log_probabilities": [-0.7883075475692749, -2.2183802127838135, -6.596523761749268, -7.420461654663086], "predictions": [39, 40, 399, 41, 16, 400, 401, 17, 42, 4, 4], "target_tokens": ["[IN:GET_STORIES_NEWS", "[SL:NEWS_TYPE", "@ptr4", "SL:NEWS_TYPE]", "[SL:DATE_TIME", "@ptr5", "@ptr6", "SL:DATE_TIME]", "IN:GET_STORIES_NEWS]"], "predicted_tokens": ["[IN:GET_STORIES_NEWS", "[SL:NEWS_TYPE", "@ptr4", "SL:NEWS_TYPE]", "[SL:DATE_TIME", "@ptr5", "@ptr6", "SL:DATE_TIME]", "IN:GET_STORIES_NEWS]"]}
{"loss": 2.7198498249053955, "class_log_probabilities": [-0.419039249420166, -8.746038436889648, -8.777216911315918, -8.826313018798828], "predictions": [39, 16, 398, 17, 40, 401, 41, 42, 4, 4, 4], "target_tokens": ["[IN:GET_STORIES_NEWS", "[SL:NEWS_TYPE", "@ptr6", "SL:NEWS_TYPE]", "[SL:DATE_TIME", "@ptr3", "SL:DATE_TIME]", "IN:GET_STORIES_NEWS]"], "predicted_tokens": ["[IN:GET_STORIES_NEWS", "[SL:DATE_TIME", "@ptr3", "SL:DATE_TIME]", "[SL:NEWS_TYPE", "@ptr6", "SL:NEWS_TYPE]", "IN:GET_STORIES_NEWS]"]}
{"loss": 2.9523491859436035, "class_log_probabilities": [-0.9383736252784729, -2.415485382080078, -5.147225856781006, -8.833454132080078], "predictions": [39, 40, 398, 41, 16, 399, 400, 401, 402, 17, 42, 4, 4, 4, 4, 4, 4], "target_tokens": ["[IN:GET_STORIES_NEWS", "[SL:NEWS_REFERENCE", "@ptr5", "@ptr6", "SL:NEWS_REFERENCE]", "[SL:NEWS_TYPE", "@ptr3", "SL:NEWS_TYPE]", "[SL:DATE_TIME", "@ptr7", "SL:DATE_TIME]", "IN:GET_STORIES_NEWS]"], "predicted_tokens": ["[IN:GET_STORIES_NEWS", "[SL:NEWS_TYPE", "@ptr3", "SL:NEWS_TYPE]", "[SL:DATE_TIME", "@ptr4", "@ptr5", "@ptr6", "@ptr7", "SL:DATE_TIME]", "IN:GET_STORIES_NEWS]"]}
{"loss": 3.3519601821899414, "class_log_probabilities": [-0.6774039268493652, -4.831707000732422, -4.842950344085693, -5.058379650115967], "predictions": [39, 40, 399, 41, 40, 402, 41, 43, 403, 44, 42, 4], "target_tokens": ["[IN:GET_STORIES_NEWS", "[SL:NEWS_CATEGORY", "@ptr8", "SL:NEWS_CATEGORY]", "[SL:NEWS_TYPE", "@ptr4", "SL:NEWS_TYPE]", "IN:GET_STORIES_NEWS]"], "predicted_tokens": ["[IN:GET_STORIES_NEWS", "[SL:NEWS_TYPE", "@ptr4", "SL:NEWS_TYPE]", "[SL:NEWS_TYPE", "@ptr7", "SL:NEWS_TYPE]", "[SL:NEWS_CATEGORY", "@ptr8", "SL:NEWS_CATEGORY]", "IN:GET_STORIES_NEWS]"]}
{"loss": 0.9710570573806763, "class_log_probabilities": [-0.6286979913711548, -8.1680326461792, -8.190869331359863, -8.295570373535156], "predictions": [39, 40, 398, 41, 56, 400, 401, 57, 16, 402, 17, 42, 4], "target_tokens": ["[IN:GET_STORIES_NEWS", "[SL:NEWS_TYPE", "@ptr3", "SL:NEWS_TYPE]", "[SL:NEWS_TOPIC", "@ptr5", "@ptr6", "SL:NEWS_TOPIC]", "[SL:DATE_TIME", "@ptr7", "SL:DATE_TIME]", "IN:GET_STORIES_NEWS]"], "predicted_tokens": ["[IN:GET_STORIES_NEWS", "[SL:NEWS_TYPE", "@ptr3", "SL:NEWS_TYPE]", "[SL:NEWS_TOPIC", "@ptr5", "@ptr6", "SL:NEWS_TOPIC]", "[SL:DATE_TIME", "@ptr7", "SL:DATE_TIME]", "IN:GET_STORIES_NEWS]"]}
{"loss": 2.1463301181793213, "class_log_probabilities": [-0.4259466826915741, -7.042710781097412, -7.53830099105835, -7.7112321853637695], "predictions": [39, 40, 398, 41, 43, 399, 44, 42, 4], "target_tokens": ["[IN:GET_STORIES_NEWS", "[SL:NEWS_CATEGORY", "@ptr4", "SL:NEWS_CATEGORY]", "[SL:NEWS_TYPE", "@ptr3", "SL:NEWS_TYPE]", "IN:GET_STORIES_NEWS]"], "predicted_tokens": ["[IN:GET_STORIES_NEWS", "[SL:NEWS_TYPE", "@ptr3", "SL:NEWS_TYPE]", "[SL:NEWS_CATEGORY", "@ptr4", "SL:NEWS_CATEGORY]", "IN:GET_STORIES_NEWS]"]}
{"loss": 0.9752902984619141, "class_log_probabilities": [-0.4206377863883972, -7.23935604095459, -7.340269565582275, -7.584985733032227], "predictions": [39, 40, 398, 41, 133, 401, 134, 42, 4], "target_tokens": ["[IN:GET_STORIES_NEWS", "[SL:NEWS_TYPE", "@ptr3", "SL:NEWS_TYPE]", "[SL:NEWS_SOURCE", "@ptr6", "SL:NEWS_SOURCE]", "IN:GET_STORIES_NEWS]"], "predicted_tokens": ["[IN:GET_STORIES_NEWS", "[SL:NEWS_TYPE", "@ptr3", "SL:NEWS_TYPE]", "[SL:NEWS_SOURCE", "@ptr6", "SL:NEWS_SOURCE]", "IN:GET_STORIES_NEWS]"]}
{"loss": 0.9720552563667297, "class_log_probabilities": [-0.47494935989379883, -8.354816436767578, -8.65696907043457, -9.18190860748291], "predictions": [39, 40, 398, 41, 16, 399, 400, 17, 42, 4, 4, 4], "target_tokens": ["[IN:GET_STORIES_NEWS", "[SL:NEWS_TYPE", "@ptr3", "SL:NEWS_TYPE]", "[SL:DATE_TIME", "@ptr4", "@ptr5", "SL:DATE_TIME]", "IN:GET_STORIES_NEWS]"], "predicted_tokens": ["[IN:GET_STORIES_NEWS", "[SL:NEWS_TYPE", "@ptr3", "SL:NEWS_TYPE]", "[SL:DATE_TIME", "@ptr4", "@ptr5", "SL:DATE_TIME]", "IN:GET_STORIES_NEWS]"]}
{"loss": 2.6258578300476074, "class_log_probabilities": [-0.6963142156600952, -7.58926248550415, -8.276771545410156, -8.452926635742188], "predictions": [39, 40, 397, 41, 56, 399, 57, 16, 400, 401, 402, 17, 42, 4, 4, 4, 4], "target_tokens": ["[IN:GET_STORIES_NEWS", "[SL:NEWS_TOPIC", "@ptr4", "SL:NEWS_TOPIC]", "[SL:NEWS_TYPE", "@ptr2", "SL:NEWS_TYPE]", "[SL:DATE_TIME", "@ptr5", "@ptr6", "@ptr7", "SL:DATE_TIME]", "IN:GET_STORIES_NEWS]"], "predicted_tokens": ["[IN:GET_STORIES_NEWS", "[SL:NEWS_TYPE", "@ptr2", "SL:NEWS_TYPE]", "[SL:NEWS_TOPIC", "@ptr4", "SL:NEWS_TOPIC]", "[SL:DATE_TIME", "@ptr5", "@ptr6", "@ptr7", "SL:DATE_TIME]", "IN:GET_STORIES_NEWS]"]}
{"loss": 0.9739680886268616, "class_log_probabilities": [-0.4173229932785034, -8.137190818786621, -8.238504409790039, -8.390971183776855], "predictions": [39, 40, 395, 41, 56, 397, 57, 42, 4], "target_tokens": ["[IN:GET_STORIES_NEWS", "[SL:NEWS_TYPE", "@ptr0", "SL:NEWS_TYPE]", "[SL:NEWS_TOPIC", "@ptr2", "SL:NEWS_TOPIC]", "IN:GET_STORIES_NEWS]"], "predicted_tokens": ["[IN:GET_STORIES_NEWS", "[SL:NEWS_TYPE", "@ptr0", "SL:NEWS_TYPE]", "[SL:NEWS_TOPIC", "@ptr2", "SL:NEWS_TOPIC]", "IN:GET_STORIES_NEWS]"]}
{"loss": 2.428490161895752, "class_log_probabilities": [-1.53583824634552, -1.5700483322143555, -6.244556427001953, -6.301110744476318], "predictions": [39, 40, 398, 41, 43, 399, 44, 42, 4, 4, 4, 4], "target_tokens": ["[IN:GET_STORIES_NEWS", "[SL:NEWS_CATEGORY", "@ptr4", "SL:NEWS_CATEGORY]", "[SL:NEWS_TYPE", "@ptr3", "SL:NEWS_TYPE]", "IN:GET_STORIES_NEWS]"], "predicted_tokens": ["[IN:GET_STORIES_NEWS", "[SL:NEWS_TYPE", "@ptr3", "SL:NEWS_TYPE]", "[SL:NEWS_CATEGORY", "@ptr4", "SL:NEWS_CATEGORY]", "IN:GET_STORIES_NEWS]"]}
{"loss": 0.9728482961654663, "class_log_probabilities": [-0.4695624113082886, -7.749806880950928, -8.10695743560791, -8.299847602844238], "predictions": [39, 40, 397, 41, 56, 400, 401, 57, 42, 4], "target_tokens": ["[IN:GET_STORIES_NEWS", "[SL:NEWS_TYPE", "@ptr2", "SL:NEWS_TYPE]", "[SL:NEWS_TOPIC", "@ptr5", "@ptr6", "SL:NEWS_TOPIC]", "IN:GET_STORIES_NEWS]"], "predicted_tokens": ["[IN:GET_STORIES_NEWS", "[SL:NEWS_TYPE", "@ptr2", "SL:NEWS_TYPE]", "[SL:NEWS_TOPIC", "@ptr5", "@ptr6", "SL:NEWS_TOPIC]", "IN:GET_STORIES_NEWS]"]}
{"loss": 0.9793326258659363, "class_log_probabilities": [-0.40705180168151855, -7.229557037353516, -7.672006607055664, -7.897775650024414], "predictions": [39, 40, 399, 41, 133, 401, 134, 42, 4, 4], "target_tokens": ["[IN:GET_STORIES_NEWS", "[SL:NEWS_TYPE", "@ptr4", "SL:NEWS_TYPE]", "[SL:NEWS_SOURCE", "@ptr6", "SL:NEWS_SOURCE]", "IN:GET_STORIES_NEWS]"], "predicted_tokens": ["[IN:GET_STORIES_NEWS", "[SL:NEWS_TYPE", "@ptr4", "SL:NEWS_TYPE]", "[SL:NEWS_SOURCE", "@ptr6", "SL:NEWS_SOURCE]", "IN:GET_STORIES_NEWS]"]}
{"loss": 2.3226122856140137, "class_log_probabilities": [-0.8836764097213745, -2.827439308166504, -4.40980863571167, -5.0281171798706055], "predictions": [39, 40, 399, 41, 43, 401, 44, 42, 4], "target_tokens": ["[IN:GET_STORIES_NEWS", "[SL:NEWS_CATEGORY", "@ptr5", "SL:NEWS_CATEGORY]", "[SL:NEWS_TYPE", "@ptr4", "SL:NEWS_TYPE]", "IN:GET_STORIES_NEWS]"], "predicted_tokens": ["[IN:GET_STORIES_NEWS", "[SL:NEWS_TYPE", "@ptr4", "SL:NEWS_TYPE]", "[SL:NEWS_CATEGORY", "@ptr6", "SL:NEWS_CATEGORY]", "IN:GET_STORIES_NEWS]"]}
{"loss": 2.213580369949341, "class_log_probabilities": [-0.5606101155281067, -7.953801155090332, -7.965474605560303, -8.045058250427246], "predictions": [39, 40, 397, 41, 16, 398, 17, 56, 400, 57, 42, 4, 4, 4, 4], "target_tokens": ["[IN:GET_STORIES_NEWS", "[SL:DATE_TIME", "@ptr3", "SL:DATE_TIME]", "[SL:NEWS_TYPE", "@ptr2", "SL:NEWS_TYPE]", "[SL:NEWS_TOPIC", "@ptr5", "SL:NEWS_TOPIC]", "IN:GET_STORIES_NEWS]"], "predicted_tokens": ["[IN:GET_STORIES_NEWS", "[SL:NEWS_TYPE", "@ptr2", "SL:NEWS_TYPE]", "[SL:DATE_TIME", "@ptr3", "SL:DATE_TIME]", "[SL:NEWS_TOPIC", "@ptr5", "SL:NEWS_TOPIC]", "IN:GET_STORIES_NEWS]"]}
{"loss": 2.411128044128418, "class_log_probabilities": [-0.5343519449234009, -4.823208808898926, -7.011667251586914, -7.617068290710449], "predictions": [39, 40, 399, 41, 16, 400, 401, 17, 42, 4, 4], "target_tokens": ["[IN:GET_STORIES_NEWS", "[SL:DATE_TIME", "@ptr5", "@ptr6", "SL:DATE_TIME]", "[SL:NEWS_TYPE", "@ptr4", "SL:NEWS_TYPE]", "IN:GET_STORIES_NEWS]"], "predicted_tokens": ["[IN:GET_STORIES_NEWS", "[SL:NEWS_TYPE", "@ptr4", "SL:NEWS_TYPE]", "[SL:DATE_TIME", "@ptr5", "@ptr6", "SL:DATE_TIME]", "IN:GET_STORIES_NEWS]"]}
{"loss": 0.9720016121864319, "class_log_probabilities": [-0.5786383748054504, -8.228271484375, -8.228405952453613, -8.300594329833984], "predictions": [39, 40, 397, 41, 56, 401, 402, 403, 404, 57, 42, 4, 4], "target_tokens": ["[IN:GET_STORIES_NEWS", "[SL:NEWS_TYPE", "@ptr2", "SL:NEWS_TYPE]", "[SL:NEWS_TOPIC", "@ptr6", "@ptr7", "@ptr8", "@ptr9", "SL:NEWS_TOPIC]", "IN:GET_STORIES_NEWS]"], "predicted_tokens": ["[IN:GET_STORIES_NEWS", "[SL:NEWS_TYPE", "@ptr2", "SL:NEWS_TYPE]", "[SL:NEWS_TOPIC", "@ptr6", "@ptr7", "@ptr8", "@ptr9", "SL:NEWS_TOPIC]", "IN:GET_STORIES_NEWS]"]}
{"loss": 2.4772069454193115, "class_log_probabilities": [-0.5871232748031616, -6.042724132537842, -7.4885149002075195, -7.754641056060791], "predictions": [39, 40, 398, 41, 56, 400, 401, 402, 403, 57, 42, 4], "target_tokens": ["[IN:GET_STORIES_NEWS", "[SL:NEWS_TOPIC", "@ptr5", "@ptr6", "@ptr7", "@ptr8", "SL:NEWS_TOPIC]", "[SL:NEWS_TYPE", "@ptr3", "SL:NEWS_TYPE]", "IN:GET_STORIES_NEWS]"], "predicted_tokens": ["[IN:GET_STORIES_NEWS", "[SL:NEWS_TYPE", "@ptr3", "SL:NEWS_TYPE]", "[SL:NEWS_TOPIC", "@ptr5", "@ptr6", "@ptr7", "@ptr8", "SL:NEWS_TOPIC]", "IN:GET_STORIES_NEWS]"]}
{"loss": 2.4438345432281494, "class_log_probabilities": [-0.43694087862968445, -7.922674655914307, -8.1553316116333, -8.194693565368652], "predictions": [39, 40, 399, 41, 56, 402, 57, 42, 4], "target_tokens": ["[IN:GET_STORIES_NEWS", "[SL:NEWS_REFERENCE", "@ptr5", "SL:NEWS_REFERENCE]", "[SL:NEWS_TYPE", "@ptr4", "SL:NEWS_TYPE]", "[SL:NEWS_TOPIC", "@ptr7", "SL:NEWS_TOPIC]", "IN:GET_STORIES_NEWS]"], "predicted_tokens": ["[IN:GET_STORIES_NEWS", "[SL:NEWS_TYPE", "@ptr4", "SL:NEWS_TYPE]", "[SL:NEWS_TOPIC", "@ptr7", "SL:NEWS_TOPIC]", "IN:GET_STORIES_NEWS]"]}
{"loss": 0.9696714878082275, "class_log_probabilities": [-0.5451380014419556, -8.146821022033691, -8.192276954650879, -8.276359558105469], "predictions": [39, 40, 397, 41, 56, 399, 400, 401, 57, 42, 4, 4], "target_tokens": ["[IN:GET_STORIES_NEWS", "[SL:NEWS_TYPE", "@ptr2", "SL:NEWS_TYPE]", "[SL:NEWS_TOPIC", "@ptr4", "@ptr5", "@ptr6", "SL:NEWS_TOPIC]", "IN:GET_STORIES_NEWS]"], "predicted_tokens": ["[IN:GET_STORIES_NEWS", "[SL:NEWS_TYPE", "@ptr2", "SL:NEWS_TYPE]", "[SL:NEWS_TOPIC", "@ptr4", "@ptr5", "@ptr6", "SL:NEWS_TOPIC]", "IN:GET_STORIES_NEWS]"]}
{"loss": 0.9737863540649414, "class_log_probabilities": [-0.45722779631614685, -7.577747821807861, -8.479506492614746, -8.596376419067383], "predictions": [39, 40, 399, 41, 16, 402, 403, 17, 42, 4], "target_tokens": ["[IN:GET_STORIES_NEWS", "[SL:NEWS_TYPE", "@ptr4", "SL:NEWS_TYPE]", "[SL:DATE_TIME", "@ptr7", "@ptr8", "SL:DATE_TIME]", "IN:GET_STORIES_NEWS]"], "predicted_tokens": ["[IN:GET_STORIES_NEWS", "[SL:NEWS_TYPE", "@ptr4", "SL:NEWS_TYPE]", "[SL:DATE_TIME", "@ptr7", "@ptr8", "SL:DATE_TIME]", "IN:GET_STORIES_NEWS]"]}
{"loss": 0.9704599976539612, "class_log_probabilities": [-0.5453086495399475, -7.633573532104492, -7.915185928344727, -8.257991790771484], "predictions": [39, 40, 399, 41, 56, 402, 403, 404, 57, 42, 4], "target_tokens": ["[IN:GET_STORIES_NEWS", "[SL:NEWS_TYPE", "@ptr4", "SL:NEWS_TYPE]", "[SL:NEWS_TOPIC", "@ptr7", "@ptr8", "@ptr9", "SL:NEWS_TOPIC]", "IN:GET_STORIES_NEWS]"], "predicted_tokens": ["[IN:GET_STORIES_NEWS", "[SL:NEWS_TYPE", "@ptr4", "SL:NEWS_TYPE]", "[SL:NEWS_TOPIC", "@ptr7", "@ptr8", "@ptr9", "SL:NEWS_TOPIC]", "IN:GET_STORIES_NEWS]"]}
{"loss": 0.9703524708747864, "class_log_probabilities": [-0.6436011791229248, -8.109135627746582, -8.182233810424805, -8.240849494934082], "predictions": [39, 40, 397, 41, 56, 400, 401, 402, 403, 404, 57, 42, 4], "target_tokens": ["[IN:GET_STORIES_NEWS", "[SL:NEWS_TYPE", "@ptr2", "SL:NEWS_TYPE]", "[SL:NEWS_TOPIC", "@ptr5", "@ptr6", "@ptr7", "@ptr8", "@ptr9", "SL:NEWS_TOPIC]", "IN:GET_STORIES_NEWS]"], "predicted_tokens": ["[IN:GET_STORIES_NEWS", "[SL:NEWS_TYPE", "@ptr2", "SL:NEWS_TYPE]", "[SL:NEWS_TOPIC", "@ptr5", "@ptr6", "@ptr7", "@ptr8", "@ptr9", "SL:NEWS_TOPIC]", "IN:GET_STORIES_NEWS]"]}
{"loss": 2.0236942768096924, "class_log_probabilities": [-0.6296443343162537, -5.440083026885986, -6.457122325897217, -6.464446544647217], "predictions": [39, 40, 397, 41, 43, 398, 44, 16, 400, 17, 42, 4], "target_tokens": ["[IN:GET_STORIES_NEWS", "[SL:NEWS_CATEGORY", "@ptr3", "SL:NEWS_CATEGORY]", "[SL:NEWS_TYPE", "@ptr2", "SL:NEWS_TYPE]", "[SL:DATE_TIME", "@ptr5", "SL:DATE_TIME]", "IN:GET_STORIES_NEWS]"], "predicted_tokens": ["[IN:GET_STORIES_NEWS", "[SL:NEWS_TYPE", "@ptr2", "SL:NEWS_TYPE]", "[SL:NEWS_CATEGORY", "@ptr3", "SL:NEWS_CATEGORY]", "[SL:DATE_TIME", "@ptr5", "SL:DATE_TIME]", "IN:GET_STORIES_NEWS]"]}
{"loss": 1.2434470653533936, "class_log_probabilities": [-0.6176342964172363, -3.5164413452148438, -5.244531154632568, -6.249351978302002], "predictions": [39, 40, 399, 41, 42, 4, 4, 4, 4], "target_tokens": ["[IN:GET_STORIES_NEWS", "[SL:NEWS_REFERENCE", "@ptr3", "SL:NEWS_REFERENCE]", "[SL:NEWS_TYPE", "@ptr4", "SL:NEWS_TYPE]", "IN:GET_STORIES_NEWS]"], "predicted_tokens": ["[IN:GET_STORIES_NEWS", "[SL:NEWS_TYPE", "@ptr4", "SL:NEWS_TYPE]", "IN:GET_STORIES_NEWS]"]}
{"loss": 1.2273614406585693, "class_log_probabilities": [-2.375317335128784, -2.5942294597625732, -3.1653199195861816, -4.478292465209961], "predictions": [55, 58, 4, 4, 4, 4, 4, 4], "target_tokens": ["[IN:QUESTION_NEWS", "[SL:NEWS_TOPIC", "@ptr2", "@ptr3", "@ptr4", "SL:NEWS_TOPIC]", "IN:QUESTION_NEWS]"], "predicted_tokens": ["[IN:QUESTION_NEWS", "IN:QUESTION_NEWS]"]}
{"loss": 0.972662627696991, "class_log_probabilities": [-0.28324922919273376, -8.634883880615234, -8.725661277770996, -8.7417631149292], "predictions": [39, 40, 397, 41, 42, 4], "target_tokens": ["[IN:GET_STORIES_NEWS", "[SL:NEWS_TYPE", "@ptr2", "SL:NEWS_TYPE]", "IN:GET_STORIES_NEWS]"], "predicted_tokens": ["[IN:GET_STORIES_NEWS", "[SL:NEWS_TYPE", "@ptr2", "SL:NEWS_TYPE]", "IN:GET_STORIES_NEWS]"]}
{"loss": 1.5308387279510498, "class_log_probabilities": [-0.6852667927742004, -4.624667167663574, -5.303561210632324, -5.408602714538574], "predictions": [39, 40, 400, 41, 16, 401, 402, 17, 42, 4, 4, 4, 4], "target_tokens": ["[IN:GET_STORIES_NEWS", "[SL:NEWS_REFERENCE", "@ptr4", "SL:NEWS_REFERENCE]", "[SL:NEWS_TYPE", "@ptr5", "SL:NEWS_TYPE]", "[SL:DATE_TIME", "@ptr6", "@ptr7", "SL:DATE_TIME]", "IN:GET_STORIES_NEWS]"], "predicted_tokens": ["[IN:GET_STORIES_NEWS", "[SL:NEWS_TYPE", "@ptr5", "SL:NEWS_TYPE]", "[SL:DATE_TIME", "@ptr6", "@ptr7", "SL:DATE_TIME]", "IN:GET_STORIES_NEWS]"]}
{"loss": 0.9706451892852783, "class_log_probabilities": [-0.6344794034957886, -8.035340309143066, -8.151708602905273, -8.373281478881836], "predictions": [39, 40, 397, 41, 56, 400, 401, 402, 403, 404, 57, 42, 4], "target_tokens": ["[IN:GET_STORIES_NEWS", "[SL:NEWS_TYPE", "@ptr2", "SL:NEWS_TYPE]", "[SL:NEWS_TOPIC", "@ptr5", "@ptr6", "@ptr7", "@ptr8", "@ptr9", "SL:NEWS_TOPIC]", "IN:GET_STORIES_NEWS]"], "predicted_tokens": ["[IN:GET_STORIES_NEWS", "[SL:NEWS_TYPE", "@ptr2", "SL:NEWS_TYPE]", "[SL:NEWS_TOPIC", "@ptr5", "@ptr6", "@ptr7", "@ptr8", "@ptr9", "SL:NEWS_TOPIC]", "IN:GET_STORIES_NEWS]"]}
{"loss": 2.489243507385254, "class_log_probabilities": [-0.4310227334499359, -8.201653480529785, -8.324007034301758, -8.41724967956543], "predictions": [39, 40, 398, 41, 56, 401, 57, 42, 4, 4, 4], "target_tokens": ["[IN:GET_STORIES_NEWS", "[SL:NEWS_TOPIC", "@ptr6", "SL:NEWS_TOPIC]", "[SL:NEWS_TYPE", "@ptr3", "SL:NEWS_TYPE]", "IN:GET_STORIES_NEWS]"], "predicted_tokens": ["[IN:GET_STORIES_NEWS", "[SL:NEWS_TYPE", "@ptr3", "SL:NEWS_TYPE]", "[SL:NEWS_TOPIC", "@ptr6", "SL:NEWS_TOPIC]", "IN:GET_STORIES_NEWS]"]}
{"loss": 0.9727120399475098, "class_log_probabilities": [-0.4724627733230591, -8.103897094726562, -8.251410484313965, -8.39819049835205], "predictions": [39, 40, 395, 41, 56, 397, 398, 57, 42, 4], "target_tokens": ["[IN:GET_STORIES_NEWS", "[SL:NEWS_TYPE", "@ptr0", "SL:NEWS_TYPE]", "[SL:NEWS_TOPIC", "@ptr2", "@ptr3", "SL:NEWS_TOPIC]", "IN:GET_STORIES_NEWS]"], "predicted_tokens": ["[IN:GET_STORIES_NEWS", "[SL:NEWS_TYPE", "@ptr0", "SL:NEWS_TYPE]", "[SL:NEWS_TOPIC", "@ptr2", "@ptr3", "SL:NEWS_TOPIC]", "IN:GET_STORIES_NEWS]"]}
{"loss": 1.758722186088562, "class_log_probabilities": [-0.8190035223960876, -2.9682459831237793, -3.828012228012085, -4.460603713989258], "predictions": [39, 40, 399, 41, 16, 401, 402, 17, 42, 4], "target_tokens": ["[IN:GET_STORIES_NEWS", "[SL:NEWS_TYPE", "@ptr4", "SL:NEWS_TYPE]", "IN:GET_STORIES_NEWS]"], "predicted_tokens": ["[IN:GET_STORIES_NEWS", "[SL:NEWS_TYPE", "@ptr4", "SL:NEWS_TYPE]", "[SL:DATE_TIME", "@ptr6", "@ptr7", "SL:DATE_TIME]", "IN:GET_STORIES_NEWS]"]}
{"loss": 0.9724560379981995, "class_log_probabilities": [-0.2843513488769531, -8.602720260620117, -8.662971496582031, -8.750713348388672], "predictions": [39, 40, 398, 41, 42, 4], "target_tokens": ["[IN:GET_STORIES_NEWS", "[SL:NEWS_TYPE", "@ptr3", "SL:NEWS_TYPE]", "IN:GET_STORIES_NEWS]"], "predicted_tokens": ["[IN:GET_STORIES_NEWS", "[SL:NEWS_TYPE", "@ptr3", "SL:NEWS_TYPE]", "IN:GET_STORIES_NEWS]"]}
{"loss": 4.540577411651611, "class_log_probabilities": [-0.5508452653884888, -5.911223411560059, -6.437272548675537, -6.715802192687988], "predictions": [39, 40, 398, 41, 40, 401, 41, 43, 402, 44, 42, 4, 4, 4, 4], "target_tokens": ["[IN:GET_STORIES_NEWS", "[SL:NEWS_CATEGORY", "@ptr7", "SL:NEWS_CATEGORY]", "[SL:NEWS_TYPE", "@ptr3", "@ptr4", "@ptr5", "@ptr6", "SL:NEWS_TYPE]", "IN:GET_STORIES_NEWS]"], "predicted_tokens": ["[IN:GET_STORIES_NEWS", "[SL:NEWS_TYPE", "@ptr3", "SL:NEWS_TYPE]", "[SL:NEWS_TYPE", "@ptr6", "SL:NEWS_TYPE]", "[SL:NEWS_CATEGORY", "@ptr7", "SL:NEWS_CATEGORY]", "IN:GET_STORIES_NEWS]"]}
{"loss": 4.379552841186523, "class_log_probabilities": [-0.5272341370582581, -5.6575927734375, -6.453800201416016, -7.125306129455566], "predictions": [39, 40, 397, 41, 40, 400, 41, 43, 401, 44, 42, 4], "target_tokens": ["[IN:GET_STORIES_NEWS", "[SL:NEWS_CATEGORY", "@ptr6", "SL:NEWS_CATEGORY]", "[SL:NEWS_TYPE", "@ptr2", "@ptr3", "@ptr4", "@ptr5", "SL:NEWS_TYPE]", "IN:GET_STORIES_NEWS]"], "predicted_tokens": ["[IN:GET_STORIES_NEWS", "[SL:NEWS_TYPE", "@ptr2", "SL:NEWS_TYPE]", "[SL:NEWS_TYPE", "@ptr5", "SL:NEWS_TYPE]", "[SL:NEWS_CATEGORY", "@ptr6", "SL:NEWS_CATEGORY]", "IN:GET_STORIES_NEWS]"]}
{"loss": 2.1835598945617676, "class_log_probabilities": [-0.48664039373397827, -3.7653913497924805, -7.1443634033203125, -7.603517055511475], "predictions": [39, 40, 399, 41, 43, 400, 44, 42, 4, 4, 4, 4], "target_tokens": ["[IN:GET_STORIES_NEWS", "[SL:NEWS_CATEGORY", "@ptr5", "SL:NEWS_CATEGORY]", "[SL:NEWS_TYPE", "@ptr4", "SL:NEWS_TYPE]", "IN:GET_STORIES_NEWS]"], "predicted_tokens": ["[IN:GET_STORIES_NEWS", "[SL:NEWS_TYPE", "@ptr4", "SL:NEWS_TYPE]", "[SL:NEWS_CATEGORY", "@ptr5", "SL:NEWS_CATEGORY]", "IN:GET_STORIES_NEWS]"]}
{"loss": 0.969251811504364, "class_log_probabilities": [-0.5468823313713074, -8.007070541381836, -8.172940254211426, -8.255165100097656], "predictions": [39, 40, 398, 41, 56, 400, 401, 402, 57, 42, 4], "target_tokens": ["[IN:GET_STORIES_NEWS", "[SL:NEWS_TYPE", "@ptr3", "SL:NEWS_TYPE]", "[SL:NEWS_TOPIC", "@ptr5", "@ptr6", "@ptr7", "SL:NEWS_TOPIC]", "IN:GET_STORIES_NEWS]"], "predicted_tokens": ["[IN:GET_STORIES_NEWS", "[SL:NEWS_TYPE", "@ptr3", "SL:NEWS_TYPE]", "[SL:NEWS_TOPIC", "@ptr5", "@ptr6", "@ptr7", "SL:NEWS_TOPIC]", "IN:GET_STORIES_NEWS]"]}
{"loss": 0.9711387753486633, "class_log_probabilities": [-0.581577718257904, -8.216940879821777, -8.2288818359375, -8.276593208312988], "predictions": [39, 40, 398, 41, 16, 400, 401, 402, 403, 17, 42, 4, 4], "target_tokens": ["[IN:GET_STORIES_NEWS", "[SL:NEWS_TYPE", "@ptr3", "SL:NEWS_TYPE]", "[SL:DATE_TIME", "@ptr5", "@ptr6", "@ptr7", "@ptr8", "SL:DATE_TIME]", "IN:GET_STORIES_NEWS]"], "predicted_tokens": ["[IN:GET_STORIES_NEWS", "[SL:NEWS_TYPE", "@ptr3", "SL:NEWS_TYPE]", "[SL:DATE_TIME", "@ptr5", "@ptr6", "@ptr7", "@ptr8", "SL:DATE_TIME]", "IN:GET_STORIES_NEWS]"]}
{"loss": 2.135560989379883, "class_log_probabilities": [-0.8584825992584229, -2.9497087001800537, -3.885438919067383, -5.081701755523682], "predictions": [39, 40, 398, 41, 56, 400, 57, 42, 4], "target_tokens": ["[IN:GET_STORIES_NEWS", "[SL:NEWS_CATEGORY", "@ptr5", "SL:NEWS_CATEGORY]", "[SL:NEWS_TYPE", "@ptr3", "SL:NEWS_TYPE]", "IN:GET_STORIES_NEWS]"], "predicted_tokens": ["[IN:GET_STORIES_NEWS", "[SL:NEWS_TYPE", "@ptr3", "SL:NEWS_TYPE]", "[SL:NEWS_TOPIC", "@ptr5", "SL:NEWS_TOPIC]", "IN:GET_STORIES_NEWS]"]}
{"loss": 0.9759025573730469, "class_log_probabilities": [-0.4683134853839874, -8.322571754455566, -8.52957820892334, -8.612335205078125], "predictions": [183, 90, 397, 91, 16, 398, 399, 17, 184, 4, 4], "target_tokens": ["[IN:ADD_TIME_TIMER", "[SL:METHOD_TIMER", "@ptr2", "SL:METHOD_TIMER]", "[SL:DATE_TIME", "@ptr3", "@ptr4", "SL:DATE_TIME]", "IN:ADD_TIME_TIMER]"], "predicted_tokens": ["[IN:ADD_TIME_TIMER", "[SL:METHOD_TIMER", "@ptr2", "SL:METHOD_TIMER]", "[SL:DATE_TIME", "@ptr3", "@ptr4", "SL:DATE_TIME]", "IN:ADD_TIME_TIMER]"]}
{"loss": 2.514688491821289, "class_log_probabilities": [-0.4925532937049866, -7.901490211486816, -7.940394401550293, -8.191784858703613], "predictions": [183, 16, 396, 397, 17, 90, 399, 91, 184, 4], "target_tokens": ["[IN:ADD_TIME_TIMER", "[SL:METHOD_TIMER", "@ptr4", "SL:METHOD_TIMER]", "[SL:DATE_TIME", "@ptr1", "@ptr2", "SL:DATE_TIME]", "IN:ADD_TIME_TIMER]"], "predicted_tokens": ["[IN:ADD_TIME_TIMER", "[SL:DATE_TIME", "@ptr1", "@ptr2", "SL:DATE_TIME]", "[SL:METHOD_TIMER", "@ptr4", "SL:METHOD_TIMER]", "IN:ADD_TIME_TIMER]"]}
{"loss": 0.978125810623169, "class_log_probabilities": [-0.5177507996559143, -6.39470100402832, -7.695603847503662, -7.73211145401001], "predictions": [183, 90, 397, 91, 16, 398, 399, 400, 17, 184, 4, 4], "target_tokens": ["[IN:ADD_TIME_TIMER", "[SL:METHOD_TIMER", "@ptr2", "SL:METHOD_TIMER]", "[SL:DATE_TIME", "@ptr3", "@ptr4", "@ptr5", "SL:DATE_TIME]", "IN:ADD_TIME_TIMER]"], "predicted_tokens": ["[IN:ADD_TIME_TIMER", "[SL:METHOD_TIMER", "@ptr2", "SL:METHOD_TIMER]", "[SL:DATE_TIME", "@ptr3", "@ptr4", "@ptr5", "SL:DATE_TIME]", "IN:ADD_TIME_TIMER]"]}
{"loss": 0.9763613343238831, "class_log_probabilities": [-0.7528661489486694, -3.7281343936920166, -3.941612482070923, -6.988004207611084], "predictions": [183, 90, 397, 91, 16, 398, 399, 400, 17, 184, 4, 4], "target_tokens": ["[IN:ADD_TIME_TIMER", "[SL:METHOD_TIMER", "@ptr2", "SL:METHOD_TIMER]", "[SL:DATE_TIME", "@ptr3", "@ptr4", "@ptr5", "SL:DATE_TIME]", "IN:ADD_TIME_TIMER]"], "predicted_tokens": ["[IN:ADD_TIME_TIMER", "[SL:METHOD_TIMER", "@ptr2", "SL:METHOD_TIMER]", "[SL:DATE_TIME", "@ptr3", "@ptr4", "@ptr5", "SL:DATE_TIME]", "IN:ADD_TIME_TIMER]"]}
{"loss": 0.9718928337097168, "class_log_probabilities": [-0.2915527820587158, -7.8508381843566895, -8.009188652038574, -8.109118461608887], "predictions": [115, 90, 397, 91, 116, 4], "target_tokens": ["[IN:GET_TIMER", "[SL:METHOD_TIMER", "@ptr2", "SL:METHOD_TIMER]", "IN:GET_TIMER]"], "predicted_tokens": ["[IN:GET_TIMER", "[SL:METHOD_TIMER", "@ptr2", "SL:METHOD_TIMER]", "IN:GET_TIMER]"]}
{"loss": 2.207045316696167, "class_log_probabilities": [-1.991727352142334, -2.000072479248047, -3.8654849529266357, -4.003183841705322], "predictions": [89, 90, 397, 91, 16, 398, 399, 400, 17, 16, 403, 404, 405, 17, 92, 4, 4, 4, 4, 4, 4], "target_tokens": ["[IN:CREATE_TIMER", "[SL:AMOUNT", "@ptr1", "SL:AMOUNT]", "[SL:METHOD_TIMER", "@ptr2", "SL:METHOD_TIMER]", "[SL:DATE_TIME", "@ptr3", "@ptr4", "@ptr5", "SL:DATE_TIME]", "[SL:DATE_TIME", "@ptr8", "@ptr9", "@ptr10", "SL:DATE_TIME]", "[SL:DATE_TIME", "@ptr13", "@ptr14", "@ptr15", "SL:DATE_TIME]", "IN:CREATE_TIMER]"], "predicted_tokens": ["[IN:CREATE_TIMER", "[SL:METHOD_TIMER", "@ptr2", "SL:METHOD_TIMER]", "[SL:DATE_TIME", "@ptr3", "@ptr4", "@ptr5", "SL:DATE_TIME]", "[SL:DATE_TIME", "@ptr8", "@ptr9", "@ptr10", "SL:DATE_TIME]", "IN:CREATE_TIMER]"]}
{"loss": 3.2299866676330566, "class_log_probabilities": [-0.37163472175598145, -5.597743034362793, -5.829259395599365, -6.316623687744141], "predictions": [255, 90, 397, 91, 256, 4], "target_tokens": ["[IN:PAUSE_TIMER", "[SL:TIMER_NAME", "@ptr3", "@ptr4", "SL:TIMER_NAME]", "[SL:METHOD_TIMER", "@ptr2", "SL:METHOD_TIMER]", "IN:PAUSE_TIMER]"], "predicted_tokens": ["[IN:PAUSE_TIMER", "[SL:METHOD_TIMER", "@ptr2", "SL:METHOD_TIMER]", "IN:PAUSE_TIMER]"]}
{"loss": 3.8259472846984863, "class_log_probabilities": [-0.7065575122833252, -2.7810094356536865, -4.6561598777771, -6.085002899169922], "predictions": [89, 90, 397, 91, 92, 4], "target_tokens": ["[IN:PAUSE_TIMER", "[SL:TIMER_NAME", "@ptr4", "@ptr5", "SL:TIMER_NAME]", "[SL:METHOD_TIMER", "@ptr2", "SL:METHOD_TIMER]", "IN:PAUSE_TIMER]"], "predicted_tokens": ["[IN:CREATE_TIMER", "[SL:METHOD_TIMER", "@ptr2", "SL:METHOD_TIMER]", "IN:CREATE_TIMER]"]}
{"loss": 1.9902676343917847, "class_log_probabilities": [-0.651263952255249, -3.281806468963623, -4.7720818519592285, -4.8555402755737305], "predictions": [115, 90, 400, 91, 116, 4, 4, 4, 4], "target_tokens": ["[IN:GET_TIMER", "[SL:TIMER_NAME", "@ptr7", "SL:TIMER_NAME]", "[SL:METHOD_TIMER", "@ptr5", "SL:METHOD_TIMER]", "IN:GET_TIMER]"], "predicted_tokens": ["[IN:GET_TIMER", "[SL:METHOD_TIMER", "@ptr5", "SL:METHOD_TIMER]", "IN:GET_TIMER]"]}
{"loss": 4.53480339050293, "class_log_probabilities": [-1.5244191884994507, -3.7826967239379883, -4.896113395690918, -5.072432518005371], "predictions": [27, 28, 399, 29, 113, 400, 114, 52, 403, 53, 30, 4], "target_tokens": ["[IN:GET_TIMER", "[SL:TIMER_NAME", "@ptr8", "SL:TIMER_NAME]", "[SL:METHOD_TIMER", "@ptr3", "@ptr4", "@ptr5", "SL:METHOD_TIMER]", "IN:GET_TIMER]"], "predicted_tokens": ["[IN:GET_INFO_RECIPES", "[SL:RECIPES_ATTRIBUTE", "@ptr4", "SL:RECIPES_ATTRIBUTE]", "[SL:RECIPES_COOKING_METHOD", "@ptr5", "SL:RECIPES_COOKING_METHOD]", "[SL:RECIPES_DISH", "@ptr8", "SL:RECIPES_DISH]", "IN:GET_INFO_RECIPES]"]}
{"loss": 2.6051907539367676, "class_log_probabilities": [-0.3059088885784149, -7.59735631942749, -8.929652214050293, -9.436610221862793], "predictions": [115, 90, 401, 91, 116, 4, 4, 4, 4, 4, 4], "target_tokens": ["[IN:GET_TIMER", "[SL:TIMER_NAME", "@ptr8", "@ptr9", "@ptr10", "SL:TIMER_NAME]", "[SL:METHOD_TIMER", "@ptr6", "SL:METHOD_TIMER]", "IN:GET_TIMER]"], "predicted_tokens": ["[IN:GET_TIMER", "[SL:METHOD_TIMER", "@ptr6", "SL:METHOD_TIMER]", "IN:GET_TIMER]"]}
{"loss": 2.1260228157043457, "class_log_probabilities": [-1.2421973943710327, -1.918951153755188, -5.773024559020996, -6.020571708679199], "predictions": [183, 90, 397, 91, 167, 399, 400, 168, 184, 4], "target_tokens": ["[IN:ADD_TIME_TIMER", "[SL:TIMER_NAME", "@ptr4", "SL:TIMER_NAME]", "[SL:METHOD_TIMER", "@ptr2", "SL:METHOD_TIMER]", "IN:ADD_TIME_TIMER]"], "predicted_tokens": ["[IN:ADD_TIME_TIMER", "[SL:METHOD_TIMER", "@ptr2", "SL:METHOD_TIMER]", "[SL:TIMER_NAME", "@ptr4", "@ptr5", "SL:TIMER_NAME]", "IN:ADD_TIME_TIMER]"]}
{"loss": 2.0959439277648926, "class_log_probabilities": [-0.556133508682251, -5.572897911071777, -5.773350238800049, -6.382017612457275], "predictions": [227, 90, 397, 91, 167, 400, 401, 168, 228, 4], "target_tokens": ["[IN:UPDATE_TIMER", "[SL:TIMER_NAME", "@ptr5", "@ptr6", "SL:TIMER_NAME]", "[SL:METHOD_TIMER", "@ptr2", "SL:METHOD_TIMER]", "IN:UPDATE_TIMER]"], "predicted_tokens": ["[IN:UPDATE_TIMER", "[SL:METHOD_TIMER", "@ptr2", "SL:METHOD_TIMER]", "[SL:TIMER_NAME", "@ptr5", "@ptr6", "SL:TIMER_NAME]", "IN:UPDATE_TIMER]"]}
{"loss": 1.888946294784546, "class_log_probabilities": [-0.7552127242088318, -5.840000629425049, -5.9513044357299805, -6.350063323974609], "predictions": [89, 90, 397, 91, 167, 400, 401, 402, 168, 92, 4], "target_tokens": ["[IN:CREATE_TIMER", "[SL:METHOD_TIMER", "@ptr2", "SL:METHOD_TIMER]", "[SL:TIMER_NAME", "@ptr7", "SL:TIMER_NAME]", "IN:CREATE_TIMER]"], "predicted_tokens": ["[IN:CREATE_TIMER", "[SL:METHOD_TIMER", "@ptr2", "SL:METHOD_TIMER]", "[SL:TIMER_NAME", "@ptr5", "@ptr6", "@ptr7", "SL:TIMER_NAME]", "IN:CREATE_TIMER]"]}
{"loss": 2.8502755165100098, "class_log_probabilities": [-0.5413528084754944, -5.010804176330566, -5.967595100402832, -7.238819599151611], "predictions": [89, 90, 397, 91, 92, 4, 4, 4, 4], "target_tokens": ["[IN:CREATE_TIMER", "[SL:TIMER_NAME", "@ptr4", "@ptr5", "SL:TIMER_NAME]", "[SL:METHOD_TIMER", "@ptr2", "SL:METHOD_TIMER]", "IN:CREATE_TIMER]"], "predicted_tokens": ["[IN:CREATE_TIMER", "[SL:METHOD_TIMER", "@ptr2", "SL:METHOD_TIMER]", "IN:CREATE_TIMER]"]}
{"loss": 3.3362133502960205, "class_log_probabilities": [-0.27817848324775696, -8.29289436340332, -8.380352973937988, -8.873357772827148], "predictions": [89, 90, 397, 91, 92, 4, 4], "target_tokens": ["[IN:CREATE_TIMER", "[SL:TIMER_NAME", "@ptr5", "SL:TIMER_NAME]", "[SL:METHOD_TIMER", "@ptr2", "SL:METHOD_TIMER]", "IN:CREATE_TIMER]"], "predicted_tokens": ["[IN:CREATE_TIMER", "[SL:METHOD_TIMER", "@ptr2", "SL:METHOD_TIMER]", "IN:CREATE_TIMER]"]}
{"loss": 2.7903308868408203, "class_log_probabilities": [-0.271712988615036, -7.417486190795898, -7.643475532531738, -7.717767238616943], "predictions": [227, 90, 397, 91, 228, 4], "target_tokens": ["[IN:UPDATE_TIMER", "[SL:TIMER_NAME", "@ptr4", "SL:TIMER_NAME]", "[SL:METHOD_TIMER", "@ptr2", "SL:METHOD_TIMER]", "IN:UPDATE_TIMER]"], "predicted_tokens": ["[IN:UPDATE_TIMER", "[SL:METHOD_TIMER", "@ptr2", "SL:METHOD_TIMER]", "IN:UPDATE_TIMER]"]}
{"loss": 2.5781562328338623, "class_log_probabilities": [-1.3916517496109009, -4.416908264160156, -6.045905590057373, -6.06411600112915], "predictions": [227, 90, 397, 91, 228, 4, 4, 4, 4, 4, 4, 4, 4, 4, 4], "target_tokens": ["[IN:UPDATE_TIMER", "[SL:TIMER_NAME", "@ptr4", "@ptr5", "@ptr6", "@ptr7", "@ptr8", "@ptr9", "SL:TIMER_NAME]", "[SL:METHOD_TIMER", "@ptr2", "SL:METHOD_TIMER]", "IN:UPDATE_TIMER]"], "predicted_tokens": ["[IN:UPDATE_TIMER", "[SL:METHOD_TIMER", "@ptr2", "SL:METHOD_TIMER]", "IN:UPDATE_TIMER]"]}
{"loss": 1.944988489151001, "class_log_probabilities": [-2.342495918273926, -2.695056438446045, -2.9879066944122314, -5.425457954406738], "predictions": [183, 16, 398, 399, 17, 90, 401, 91, 184, 4, 4, 4, 4, 4, 4, 4, 4], "target_tokens": ["[IN:ADD_TIME_TIMER", "[SL:DATE_TIME", "@ptr3", "@ptr4", "SL:DATE_TIME]", "[SL:TIMER_NAME", "@ptr8", "@ptr9", "@ptr10", "@ptr11", "@ptr12", "SL:TIMER_NAME]", "[SL:METHOD_TIMER", "@ptr6", "SL:METHOD_TIMER]", "IN:ADD_TIME_TIMER]"], "predicted_tokens": ["[IN:ADD_TIME_TIMER", "[SL:DATE_TIME", "@ptr3", "@ptr4", "SL:DATE_TIME]", "[SL:METHOD_TIMER", "@ptr6", "SL:METHOD_TIMER]", "IN:ADD_TIME_TIMER]"]}
{"loss": 3.6523654460906982, "class_log_probabilities": [-0.8997730612754822, -4.85414457321167, -4.978394508361816, -5.022946834564209], "predictions": [163, 16, 396, 397, 17, 34, 399, 35, 36, 402, 37, 164, 4], "target_tokens": ["[IN:ADD_TIME_TIMER", "[SL:DATE_TIME", "@ptr1", "@ptr2", "SL:DATE_TIME]", "[SL:TIMER_NAME", "@ptr7", "SL:TIMER_NAME]", "[SL:METHOD_TIMER", "@ptr5", "SL:METHOD_TIMER]", "IN:ADD_TIME_TIMER]"], "predicted_tokens": ["[IN:UPDATE_REMINDER_TODO", "[SL:DATE_TIME", "@ptr1", "@ptr2", "SL:DATE_TIME]", "[SL:PERSON_REMINDED", "@ptr4", "SL:PERSON_REMINDED]", "[SL:TODO", "@ptr7", "SL:TODO]", "IN:UPDATE_REMINDER_TODO]"]}
{"loss": 3.9790709018707275, "class_log_probabilities": [-0.285719633102417, -8.124140739440918, -8.2183198928833, -8.343864440917969], "predictions": [89, 90, 399, 91, 92, 4], "target_tokens": ["[IN:CREATE_TIMER", "[SL:AMOUNT", "@ptr3", "SL:AMOUNT]", "[SL:METHOD_TIMER", "@ptr4", "SL:METHOD_TIMER]", "IN:CREATE_TIMER]"], "predicted_tokens": ["[IN:CREATE_TIMER", "[SL:METHOD_TIMER", "@ptr4", "SL:METHOD_TIMER]", "IN:CREATE_TIMER]"]}
{"loss": 3.1140823364257812, "class_log_probabilities": [-0.2933482229709625, -7.995970726013184, -8.116658210754395, -8.168030738830566], "predictions": [89, 90, 397, 91, 92, 4], "target_tokens": ["[IN:RESUME_TIMER", "[SL:METHOD_TIMER", "@ptr2", "SL:METHOD_TIMER]", "IN:RESUME_TIMER]"], "predicted_tokens": ["[IN:CREATE_TIMER", "[SL:METHOD_TIMER", "@ptr2", "SL:METHOD_TIMER]", "IN:CREATE_TIMER]"]}
{"loss": 0.9663088321685791, "class_log_probabilities": [-0.6231281757354736, -5.614177703857422, -5.887500762939453, -6.035165786743164], "predictions": [89, 90, 399, 91, 16, 400, 401, 402, 17, 92, 4, 4], "target_tokens": ["[IN:CREATE_TIMER", "[SL:METHOD_TIMER", "@ptr4", "SL:METHOD_TIMER]", "[SL:DATE_TIME", "@ptr5", "@ptr6", "@ptr7", "SL:DATE_TIME]", "IN:CREATE_TIMER]"], "predicted_tokens": ["[IN:CREATE_TIMER", "[SL:METHOD_TIMER", "@ptr4", "SL:METHOD_TIMER]", "[SL:DATE_TIME", "@ptr5", "@ptr6", "@ptr7", "SL:DATE_TIME]", "IN:CREATE_TIMER]"]}
{"loss": 2.5792112350463867, "class_log_probabilities": [-0.26420658826828003, -8.135397911071777, -8.138470649719238, -8.286706924438477], "predictions": [273, 90, 397, 91, 274, 4, 4, 4, 4, 4], "target_tokens": ["[IN:RESUME_TIMER", "[SL:METHOD_TIMER", "@ptr2", "SL:METHOD_TIMER]", "IN:RESUME_TIMER]"], "predicted_tokens": ["[IN:RESTART_TIMER", "[SL:METHOD_TIMER", "@ptr2", "SL:METHOD_TIMER]", "IN:RESTART_TIMER]"]}
{"loss": 0.9713751673698425, "class_log_probabilities": [-0.2913510799407959, -7.777780055999756, -8.137598991394043, -8.15349292755127], "predictions": [115, 90, 401, 91, 116, 4], "target_tokens": ["[IN:GET_TIMER", "[SL:METHOD_TIMER", "@ptr6", "SL:METHOD_TIMER]", "IN:GET_TIMER]"], "predicted_tokens": ["[IN:GET_TIMER", "[SL:METHOD_TIMER", "@ptr6", "SL:METHOD_TIMER]", "IN:GET_TIMER]"]}
{"loss": 2.3193299770355225, "class_log_probabilities": [-0.44203996658325195, -6.95119571685791, -7.565830707550049, -7.678599834442139], "predictions": [89, 90, 397, 91, 167, 399, 168, 92, 4], "target_tokens": ["[IN:CREATE_TIMER", "[SL:TIMER_NAME", "@ptr4", "SL:TIMER_NAME]", "[SL:METHOD_TIMER", "@ptr2", "SL:METHOD_TIMER]", "IN:CREATE_TIMER]"], "predicted_tokens": ["[IN:CREATE_TIMER", "[SL:METHOD_TIMER", "@ptr2", "SL:METHOD_TIMER]", "[SL:TIMER_NAME", "@ptr4", "SL:TIMER_NAME]", "IN:CREATE_TIMER]"]}
{"loss": 2.5737032890319824, "class_log_probabilities": [-0.3443785607814789, -6.961735725402832, -7.3579325675964355, -7.520516395568848], "predictions": [115, 90, 401, 91, 116, 4], "target_tokens": ["[IN:GET_TIMER", "[SL:ORDINAL", "@ptr3", "SL:ORDINAL]", "[SL:METHOD_TIMER", "@ptr6", "SL:METHOD_TIMER]", "IN:GET_TIMER]"], "predicted_tokens": ["[IN:GET_TIMER", "[SL:METHOD_TIMER", "@ptr6", "SL:METHOD_TIMER]", "IN:GET_TIMER]"]}
{"loss": 0.9721442461013794, "class_log_probabilities": [-0.4991911053657532, -8.048484802246094, -8.063395500183105, -8.128473281860352], "predictions": [183, 16, 396, 397, 17, 90, 399, 91, 184, 4], "target_tokens": ["[IN:ADD_TIME_TIMER", "[SL:DATE_TIME", "@ptr1", "@ptr2", "SL:DATE_TIME]", "[SL:METHOD_TIMER", "@ptr4", "SL:METHOD_TIMER]", "IN:ADD_TIME_TIMER]"], "predicted_tokens": ["[IN:ADD_TIME_TIMER", "[SL:DATE_TIME", "@ptr1", "@ptr2", "SL:DATE_TIME]", "[SL:METHOD_TIMER", "@ptr4", "SL:METHOD_TIMER]", "IN:ADD_TIME_TIMER]"]}
{"loss": 3.3424019813537598, "class_log_probabilities": [-0.3080752491950989, -7.683697700500488, -7.779050350189209, -7.935540676116943], "predictions": [115, 90, 403, 91, 116, 4], "target_tokens": ["[IN:GET_TIMER", "[SL:METHOD_TIMER", "@ptr4", "@ptr5", "SL:METHOD_TIMER]", "[SL:METHOD_TIMER", "@ptr8", "SL:METHOD_TIMER]", "IN:GET_TIMER]"], "predicted_tokens": ["[IN:GET_TIMER", "[SL:METHOD_TIMER", "@ptr8", "SL:METHOD_TIMER]", "IN:GET_TIMER]"]}
{"loss": 1.0093477964401245, "class_log_probabilities": [-0.864971399307251, -3.259286403656006, -3.6329710483551025, -4.122534275054932], "predictions": [273, 90, 397, 91, 274, 4], "target_tokens": ["[IN:RESTART_TIMER", "[SL:METHOD_TIMER", "@ptr2", "SL:METHOD_TIMER]", "IN:RESTART_TIMER]"], "predicted_tokens": ["[IN:RESTART_TIMER", "[SL:METHOD_TIMER", "@ptr2", "SL:METHOD_TIMER]", "IN:RESTART_TIMER]"]}
{"loss": 5.3099517822265625, "class_log_probabilities": [-0.61805659532547, -4.526978969573975, -5.705842018127441, -6.409956455230713], "predictions": [225, 6, 395, 7, 226, 4], "target_tokens": ["[IN:GET_TIMER", "IN:GET_TIMER]"], "predicted_tokens": ["[IN:DELETE_TIMER", "[SL:CONTACT", "@ptr0", "SL:CONTACT]", "IN:DELETE_TIMER]"]}
{"loss": 3.572849988937378, "class_log_probabilities": [-0.20016565918922424, -4.784986972808838, -7.898979663848877, -8.802319526672363], "predictions": [27, 30, 4, 4, 4, 4], "target_tokens": ["[IN:GET_TIMER", "[SL:METHOD_TIMER", "@ptr8", "SL:METHOD_TIMER]", "IN:GET_TIMER]"], "predicted_tokens": ["[IN:GET_INFO_RECIPES", "IN:GET_INFO_RECIPES]"]}
{"loss": 0.9682580828666687, "class_log_probabilities": [-0.5627542734146118, -8.037588119506836, -8.212074279785156, -8.588446617126465], "predictions": [89, 90, 398, 91, 16, 399, 400, 401, 17, 92, 4, 4], "target_tokens": ["[IN:CREATE_TIMER", "[SL:METHOD_TIMER", "@ptr3", "SL:METHOD_TIMER]", "[SL:DATE_TIME", "@ptr4", "@ptr5", "@ptr6", "SL:DATE_TIME]", "IN:CREATE_TIMER]"], "predicted_tokens": ["[IN:CREATE_TIMER", "[SL:METHOD_TIMER", "@ptr3", "SL:METHOD_TIMER]", "[SL:DATE_TIME", "@ptr4", "@ptr5", "@ptr6", "SL:DATE_TIME]", "IN:CREATE_TIMER]"]}
{"loss": 0.9719049334526062, "class_log_probabilities": [-0.4986729323863983, -7.8673553466796875, -7.974733352661133, -8.076475143432617], "predictions": [183, 16, 396, 397, 17, 90, 399, 91, 184, 4], "target_tokens": ["[IN:ADD_TIME_TIMER", "[SL:DATE_TIME", "@ptr1", "@ptr2", "SL:DATE_TIME]", "[SL:METHOD_TIMER", "@ptr4", "SL:METHOD_TIMER]", "IN:ADD_TIME_TIMER]"], "predicted_tokens": ["[IN:ADD_TIME_TIMER", "[SL:DATE_TIME", "@ptr1", "@ptr2", "SL:DATE_TIME]", "[SL:METHOD_TIMER", "@ptr4", "SL:METHOD_TIMER]", "IN:ADD_TIME_TIMER]"]}
{"loss": 0.9834648370742798, "class_log_probabilities": [-0.48817551136016846, -8.107089042663574, -8.157346725463867, -8.164546012878418], "predictions": [227, 90, 397, 91, 16, 398, 399, 400, 17, 228, 4], "target_tokens": ["[IN:UPDATE_TIMER", "[SL:METHOD_TIMER", "@ptr2", "SL:METHOD_TIMER]", "[SL:DATE_TIME", "@ptr3", "@ptr4", "@ptr5", "SL:DATE_TIME]", "IN:UPDATE_TIMER]"], "predicted_tokens": ["[IN:UPDATE_TIMER", "[SL:METHOD_TIMER", "@ptr2", "SL:METHOD_TIMER]", "[SL:DATE_TIME", "@ptr3", "@ptr4", "@ptr5", "SL:DATE_TIME]", "IN:UPDATE_TIMER]"]}
{"loss": 0.9733865857124329, "class_log_probabilities": [-0.2924569845199585, -7.17913818359375, -7.628979206085205, -8.103772163391113], "predictions": [255, 90, 397, 91, 256, 4], "target_tokens": ["[IN:PAUSE_TIMER", "[SL:METHOD_TIMER", "@ptr2", "SL:METHOD_TIMER]", "IN:PAUSE_TIMER]"], "predicted_tokens": ["[IN:PAUSE_TIMER", "[SL:METHOD_TIMER", "@ptr2", "SL:METHOD_TIMER]", "IN:PAUSE_TIMER]"]}
{"loss": 0.9736413955688477, "class_log_probabilities": [-0.48415690660476685, -8.07589054107666, -8.220532417297363, -8.333724975585938], "predictions": [183, 16, 396, 397, 17, 90, 399, 91, 184, 4], "target_tokens": ["[IN:ADD_TIME_TIMER", "[SL:DATE_TIME", "@ptr1", "@ptr2", "SL:DATE_TIME]", "[SL:METHOD_TIMER", "@ptr4", "SL:METHOD_TIMER]", "IN:ADD_TIME_TIMER]"], "predicted_tokens": ["[IN:ADD_TIME_TIMER", "[SL:DATE_TIME", "@ptr1", "@ptr2", "SL:DATE_TIME]", "[SL:METHOD_TIMER", "@ptr4", "SL:METHOD_TIMER]", "IN:ADD_TIME_TIMER]"]}
{"loss": 0.9832116961479187, "class_log_probabilities": [-0.48922327160835266, -8.108325958251953, -8.113617897033691, -8.176767349243164], "predictions": [227, 90, 397, 91, 16, 398, 399, 400, 17, 228, 4], "target_tokens": ["[IN:UPDATE_TIMER", "[SL:METHOD_TIMER", "@ptr2", "SL:METHOD_TIMER]", "[SL:DATE_TIME", "@ptr3", "@ptr4", "@ptr5", "SL:DATE_TIME]", "IN:UPDATE_TIMER]"], "predicted_tokens": ["[IN:UPDATE_TIMER", "[SL:METHOD_TIMER", "@ptr2", "SL:METHOD_TIMER]", "[SL:DATE_TIME", "@ptr3", "@ptr4", "@ptr5", "SL:DATE_TIME]", "IN:UPDATE_TIMER]"]}
{"loss": 0.9660548567771912, "class_log_probabilities": [-0.5714700222015381, -8.395296096801758, -8.53963565826416, -9.250524520874023], "predictions": [89, 90, 397, 91, 16, 398, 399, 400, 17, 92, 4, 4], "target_tokens": ["[IN:CREATE_TIMER", "[SL:METHOD_TIMER", "@ptr2", "SL:METHOD_TIMER]", "[SL:DATE_TIME", "@ptr3", "@ptr4", "@ptr5", "SL:DATE_TIME]", "IN:CREATE_TIMER]"], "predicted_tokens": ["[IN:CREATE_TIMER", "[SL:METHOD_TIMER", "@ptr2", "SL:METHOD_TIMER]", "[SL:DATE_TIME", "@ptr3", "@ptr4", "@ptr5", "SL:DATE_TIME]", "IN:CREATE_TIMER]"]}
{"loss": 0.9720377922058105, "class_log_probabilities": [-0.4974943995475769, -7.922501564025879, -7.9410200119018555, -8.087841987609863], "predictions": [183, 16, 396, 397, 17, 90, 399, 91, 184, 4], "target_tokens": ["[IN:ADD_TIME_TIMER", "[SL:DATE_TIME", "@ptr1", "@ptr2", "SL:DATE_TIME]", "[SL:METHOD_TIMER", "@ptr4", "SL:METHOD_TIMER]", "IN:ADD_TIME_TIMER]"], "predicted_tokens": ["[IN:ADD_TIME_TIMER", "[SL:DATE_TIME", "@ptr1", "@ptr2", "SL:DATE_TIME]", "[SL:METHOD_TIMER", "@ptr4", "SL:METHOD_TIMER]", "IN:ADD_TIME_TIMER]"]}
{"loss": 0.9753852486610413, "class_log_probabilities": [-0.29307666420936584, -7.177000999450684, -7.600247383117676, -7.834201812744141], "predictions": [225, 90, 398, 91, 226, 4], "target_tokens": ["[IN:DELETE_TIMER", "[SL:METHOD_TIMER", "@ptr3", "SL:METHOD_TIMER]", "IN:DELETE_TIMER]"], "predicted_tokens": ["[IN:DELETE_TIMER", "[SL:METHOD_TIMER", "@ptr3", "SL:METHOD_TIMER]", "IN:DELETE_TIMER]"]}
{"loss": 0.9652979969978333, "class_log_probabilities": [-0.7467312812805176, -8.402791976928711, -8.417881965637207, -8.674150466918945], "predictions": [89, 90, 397, 91, 16, 398, 399, 400, 401, 402, 403, 17, 92, 4], "target_tokens": ["[IN:CREATE_TIMER", "[SL:METHOD_TIMER", "@ptr2", "SL:METHOD_TIMER]", "[SL:DATE_TIME", "@ptr3", "@ptr4", "@ptr5", "@ptr6", "@ptr7", "@ptr8", "SL:DATE_TIME]", "IN:CREATE_TIMER]"], "predicted_tokens": ["[IN:CREATE_TIMER", "[SL:METHOD_TIMER", "@ptr2", "SL:METHOD_TIMER]", "[SL:DATE_TIME", "@ptr3", "@ptr4", "@ptr5", "@ptr6", "@ptr7", "@ptr8", "SL:DATE_TIME]", "IN:CREATE_TIMER]"]}
{"loss": 1.4715118408203125, "class_log_probabilities": [-0.6433663368225098, -5.867727756500244, -5.868299961090088, -6.831920146942139], "predictions": [183, 16, 396, 397, 17, 90, 400, 91, 184, 4, 4], "target_tokens": ["[IN:ADD_TIME_TIMER", "[SL:DATE_TIME", "@ptr1", "@ptr2", "SL:DATE_TIME]", "[SL:METHOD_TIMER", "@ptr5", "@ptr6", "SL:METHOD_TIMER]", "IN:ADD_TIME_TIMER]"], "predicted_tokens": ["[IN:ADD_TIME_TIMER", "[SL:DATE_TIME", "@ptr1", "@ptr2", "SL:DATE_TIME]", "[SL:METHOD_TIMER", "@ptr5", "SL:METHOD_TIMER]", "IN:ADD_TIME_TIMER]"]}
{"loss": 2.8810067176818848, "class_log_probabilities": [-0.49906525015830994, -6.87771463394165, -7.012567043304443, -7.452456474304199], "predictions": [219, 16, 396, 397, 17, 90, 399, 91, 220, 4], "target_tokens": ["[IN:SUBTRACT_TIME_TIMER", "[SL:METHOD_TIMER", "@ptr4", "SL:METHOD_TIMER]", "[SL:DATE_TIME", "@ptr1", "@ptr2", "SL:DATE_TIME]", "IN:SUBTRACT_TIME_TIMER]"], "predicted_tokens": ["[IN:SUBTRACT_TIME_TIMER", "[SL:DATE_TIME", "@ptr1", "@ptr2", "SL:DATE_TIME]", "[SL:METHOD_TIMER", "@ptr4", "SL:METHOD_TIMER]", "IN:SUBTRACT_TIME_TIMER]"]}
{"loss": 0.9783592224121094, "class_log_probabilities": [-0.6540310978889465, -6.938282012939453, -6.995481491088867, -7.719728946685791], "predictions": [219, 16, 396, 397, 17, 20, 400, 21, 90, 401, 91, 220, 4], "target_tokens": ["[IN:SUBTRACT_TIME_TIMER", "[SL:DATE_TIME", "@ptr1", "@ptr2", "SL:DATE_TIME]", "[SL:ORDINAL", "@ptr5", "SL:ORDINAL]", "[SL:METHOD_TIMER", "@ptr6", "SL:METHOD_TIMER]", "IN:SUBTRACT_TIME_TIMER]"], "predicted_tokens": ["[IN:SUBTRACT_TIME_TIMER", "[SL:DATE_TIME", "@ptr1", "@ptr2", "SL:DATE_TIME]", "[SL:ORDINAL", "@ptr5", "SL:ORDINAL]", "[SL:METHOD_TIMER", "@ptr6", "SL:METHOD_TIMER]", "IN:SUBTRACT_TIME_TIMER]"]}
{"loss": 2.7692360877990723, "class_log_probabilities": [-1.4139927625656128, -2.149806261062622, -3.567667007446289, -4.325705051422119], "predictions": [183, 16, 396, 397, 17, 90, 399, 91, 184, 4], "target_tokens": ["[IN:SUBTRACT_TIME_TIMER", "[SL:METHOD_TIMER", "@ptr4", "SL:METHOD_TIMER]", "[SL:DATE_TIME", "@ptr1", "@ptr2", "SL:DATE_TIME]", "IN:SUBTRACT_TIME_TIMER]"], "predicted_tokens": ["[IN:ADD_TIME_TIMER", "[SL:DATE_TIME", "@ptr1", "@ptr2", "SL:DATE_TIME]", "[SL:METHOD_TIMER", "@ptr4", "SL:METHOD_TIMER]", "IN:ADD_TIME_TIMER]"]}
{"loss": 2.5109946727752686, "class_log_probabilities": [-0.7912569046020508, -2.591508388519287, -4.642856597900391, -6.644225120544434], "predictions": [227, 90, 396, 91, 16, 400, 401, 17, 228, 4, 4], "target_tokens": ["[IN:CREATE_TIMER", "[SL:METHOD_TIMER", "@ptr1", "SL:METHOD_TIMER]", "[SL:DATE_TIME", "@ptr4", "@ptr5", "SL:DATE_TIME]", "IN:CREATE_TIMER]"], "predicted_tokens": ["[IN:UPDATE_TIMER", "[SL:METHOD_TIMER", "@ptr1", "SL:METHOD_TIMER]", "[SL:DATE_TIME", "@ptr5", "@ptr6", "SL:DATE_TIME]", "IN:UPDATE_TIMER]"]}
{"loss": 1.6430212259292603, "class_log_probabilities": [-2.9556329250335693, -3.347130298614502, -4.392398834228516, -4.708252429962158], "predictions": [89, 92, 4], "target_tokens": ["[IN:CREATE_TIMER", "IN:CREATE_TIMER]"], "predicted_tokens": ["[IN:CREATE_TIMER", "IN:CREATE_TIMER]"]}
{"loss": 0.9786887168884277, "class_log_probabilities": [-0.13791139423847198, -8.296743392944336, -8.30137825012207, -8.430703163146973], "predictions": [115, 116, 4], "target_tokens": ["[IN:GET_TIMER", "IN:GET_TIMER]"], "predicted_tokens": ["[IN:GET_TIMER", "IN:GET_TIMER]"]}
{"loss": 1.52339768409729, "class_log_probabilities": [-0.716926634311676, -5.359091281890869, -5.573615550994873, -6.113152027130127], "predictions": [89, 90, 397, 91, 167, 401, 402, 403, 168, 92, 4], "target_tokens": ["[IN:CREATE_TIMER", "[SL:METHOD_TIMER", "@ptr2", "SL:METHOD_TIMER]", "[SL:TIMER_NAME", "@ptr7", "@ptr8", "SL:TIMER_NAME]", "IN:CREATE_TIMER]"], "predicted_tokens": ["[IN:CREATE_TIMER", "[SL:METHOD_TIMER", "@ptr2", "SL:METHOD_TIMER]", "[SL:TIMER_NAME", "@ptr6", "@ptr7", "@ptr8", "SL:TIMER_NAME]", "IN:CREATE_TIMER]"]}
{"loss": 0.9756105542182922, "class_log_probabilities": [-0.2831442058086395, -7.985562324523926, -8.228779792785645, -8.257575988769531], "predictions": [255, 90, 397, 91, 256, 4, 4], "target_tokens": ["[IN:PAUSE_TIMER", "[SL:METHOD_TIMER", "@ptr2", "SL:METHOD_TIMER]", "IN:PAUSE_TIMER]"], "predicted_tokens": ["[IN:PAUSE_TIMER", "[SL:METHOD_TIMER", "@ptr2", "SL:METHOD_TIMER]", "IN:PAUSE_TIMER]"]}
{"loss": 0.9722997546195984, "class_log_probabilities": [-0.29398801922798157, -7.4273362159729, -7.775369644165039, -8.372857093811035], "predictions": [115, 90, 402, 91, 116, 4], "target_tokens": ["[IN:GET_TIMER", "[SL:METHOD_TIMER", "@ptr7", "SL:METHOD_TIMER]", "IN:GET_TIMER]"], "predicted_tokens": ["[IN:GET_TIMER", "[SL:METHOD_TIMER", "@ptr7", "SL:METHOD_TIMER]", "IN:GET_TIMER]"]}
{"loss": 1.1065844297409058, "class_log_probabilities": [-0.8590157628059387, -2.4217448234558105, -4.171481132507324, -5.885159492492676], "predictions": [273, 90, 399, 91, 16, 401, 402, 17, 274, 4, 4], "target_tokens": ["[IN:RESTART_TIMER", "[SL:METHOD_TIMER", "@ptr4", "SL:METHOD_TIMER]", "[SL:DATE_TIME", "@ptr5", "@ptr6", "@ptr7", "SL:DATE_TIME]", "IN:RESTART_TIMER]"], "predicted_tokens": ["[IN:RESTART_TIMER", "[SL:METHOD_TIMER", "@ptr4", "SL:METHOD_TIMER]", "[SL:DATE_TIME", "@ptr6", "@ptr7", "SL:DATE_TIME]", "IN:RESTART_TIMER]"]}
{"loss": 1.0259357690811157, "class_log_probabilities": [-1.0046495199203491, -4.361815452575684, -4.531908988952637, -4.831593036651611], "predictions": [115, 90, 398, 91, 116, 4], "target_tokens": ["[IN:GET_TIMER", "[SL:METHOD_TIMER", "@ptr3", "SL:METHOD_TIMER]", "IN:GET_TIMER]"], "predicted_tokens": ["[IN:GET_TIMER", "[SL:METHOD_TIMER", "@ptr3", "SL:METHOD_TIMER]", "IN:GET_TIMER]"]}
{"loss": 0.9703918099403381, "class_log_probabilities": [-0.5332214832305908, -7.978890419006348, -8.311180114746094, -8.399866104125977], "predictions": [89, 90, 397, 91, 16, 398, 399, 400, 17, 92, 4], "target_tokens": ["[IN:CREATE_TIMER", "[SL:METHOD_TIMER", "@ptr2", "SL:METHOD_TIMER]", "[SL:DATE_TIME", "@ptr3", "@ptr4", "@ptr5", "SL:DATE_TIME]", "IN:CREATE_TIMER]"], "predicted_tokens": ["[IN:CREATE_TIMER", "[SL:METHOD_TIMER", "@ptr2", "SL:METHOD_TIMER]", "[SL:DATE_TIME", "@ptr3", "@ptr4", "@ptr5", "SL:DATE_TIME]", "IN:CREATE_TIMER]"]}
{"loss": 0.9716620445251465, "class_log_probabilities": [-0.2904566824436188, -8.000823974609375, -8.418323516845703, -8.518324851989746], "predictions": [115, 90, 400, 91, 116, 4, 4], "target_tokens": ["[IN:GET_TIMER", "[SL:METHOD_TIMER", "@ptr5", "SL:METHOD_TIMER]", "IN:GET_TIMER]"], "predicted_tokens": ["[IN:GET_TIMER", "[SL:METHOD_TIMER", "@ptr5", "SL:METHOD_TIMER]", "IN:GET_TIMER]"]}
{"loss": 0.9683890342712402, "class_log_probabilities": [-0.32441043853759766, -5.8234944343566895, -7.225331783294678, -8.03706169128418], "predictions": [115, 90, 399, 91, 116, 4], "target_tokens": ["[IN:GET_TIMER", "[SL:METHOD_TIMER", "@ptr4", "SL:METHOD_TIMER]", "IN:GET_TIMER]"], "predicted_tokens": ["[IN:GET_TIMER", "[SL:METHOD_TIMER", "@ptr4", "SL:METHOD_TIMER]", "IN:GET_TIMER]"]}
{"loss": 1.3697649240493774, "class_log_probabilities": [-0.8977059125900269, -4.5800371170043945, -5.926973819732666, -6.739109992980957], "predictions": [89, 90, 397, 91, 16, 399, 400, 401, 402, 17, 92, 4, 4, 4, 4, 4], "target_tokens": ["[IN:CREATE_TIMER", "[SL:METHOD_TIMER", "@ptr2", "SL:METHOD_TIMER]", "[SL:DATE_TIME", "@ptr3", "@ptr4", "@ptr5", "@ptr6", "@ptr7", "SL:DATE_TIME]", "IN:CREATE_TIMER]"], "predicted_tokens": ["[IN:CREATE_TIMER", "[SL:METHOD_TIMER", "@ptr2", "SL:METHOD_TIMER]", "[SL:DATE_TIME", "@ptr4", "@ptr5", "@ptr6", "@ptr7", "SL:DATE_TIME]", "IN:CREATE_TIMER]"]}
{"loss": 0.9733995199203491, "class_log_probabilities": [-0.5047672390937805, -6.993004322052002, -7.028820991516113, -7.427828788757324], "predictions": [219, 16, 396, 397, 17, 90, 399, 91, 220, 4], "target_tokens": ["[IN:SUBTRACT_TIME_TIMER", "[SL:DATE_TIME", "@ptr1", "@ptr2", "SL:DATE_TIME]", "[SL:METHOD_TIMER", "@ptr4", "SL:METHOD_TIMER]", "IN:SUBTRACT_TIME_TIMER]"], "predicted_tokens": ["[IN:SUBTRACT_TIME_TIMER", "[SL:DATE_TIME", "@ptr1", "@ptr2", "SL:DATE_TIME]", "[SL:METHOD_TIMER", "@ptr4", "SL:METHOD_TIMER]", "IN:SUBTRACT_TIME_TIMER]"]}
{"loss": 0.9697391390800476, "class_log_probabilities": [-0.2983976900577545, -7.795711517333984, -7.908189296722412, -8.385719299316406], "predictions": [115, 90, 399, 91, 116, 4, 4], "target_tokens": ["[IN:GET_TIMER", "[SL:METHOD_TIMER", "@ptr4", "SL:METHOD_TIMER]", "IN:GET_TIMER]"], "predicted_tokens": ["[IN:GET_TIMER", "[SL:METHOD_TIMER", "@ptr4", "SL:METHOD_TIMER]", "IN:GET_TIMER]"]}
{"loss": 0.9711815714836121, "class_log_probabilities": [-0.2973223030567169, -6.718271255493164, -8.320375442504883, -8.499724388122559], "predictions": [115, 90, 397, 91, 116, 4], "target_tokens": ["[IN:GET_TIMER", "[SL:METHOD_TIMER", "@ptr2", "SL:METHOD_TIMER]", "IN:GET_TIMER]"], "predicted_tokens": ["[IN:GET_TIMER", "[SL:METHOD_TIMER", "@ptr2", "SL:METHOD_TIMER]", "IN:GET_TIMER]"]}
{"loss": 0.9783969521522522, "class_log_probabilities": [-0.4304365813732147, -7.3381667137146, -7.406534671783447, -7.501955986022949], "predictions": [225, 120, 396, 121, 90, 398, 91, 226, 4], "target_tokens": ["[IN:DELETE_TIMER", "[SL:AMOUNT", "@ptr1", "SL:AMOUNT]", "[SL:METHOD_TIMER", "@ptr3", "SL:METHOD_TIMER]", "IN:DELETE_TIMER]"], "predicted_tokens": ["[IN:DELETE_TIMER", "[SL:AMOUNT", "@ptr1", "SL:AMOUNT]", "[SL:METHOD_TIMER", "@ptr3", "SL:METHOD_TIMER]", "IN:DELETE_TIMER]"]}
{"loss": 0.9771747589111328, "class_log_probabilities": [-0.2890847325325012, -7.668827056884766, -7.844369411468506, -7.866294860839844], "predictions": [225, 90, 397, 91, 226, 4, 4], "target_tokens": ["[IN:DELETE_TIMER", "[SL:METHOD_TIMER", "@ptr2", "SL:METHOD_TIMER]", "IN:DELETE_TIMER]"], "predicted_tokens": ["[IN:DELETE_TIMER", "[SL:METHOD_TIMER", "@ptr2", "SL:METHOD_TIMER]", "IN:DELETE_TIMER]"]}
{"loss": 2.846015453338623, "class_log_probabilities": [-0.29610303044319153, -8.110681533813477, -8.127107620239258, -8.214216232299805], "predictions": [89, 90, 397, 91, 92, 4], "target_tokens": ["[IN:CREATE_TIMER", "[SL:METHOD_TIMER", "@ptr2", "SL:METHOD_TIMER]", "[SL:TIMER_NAME", "@ptr5", "@ptr6", "SL:TIMER_NAME]", "IN:CREATE_TIMER]"], "predicted_tokens": ["[IN:CREATE_TIMER", "[SL:METHOD_TIMER", "@ptr2", "SL:METHOD_TIMER]", "IN:CREATE_TIMER]"]}
{"loss": 2.850236415863037, "class_log_probabilities": [-0.9973562359809875, -4.52147912979126, -5.018397808074951, -5.082155704498291], "predictions": [183, 16, 396, 397, 17, 90, 399, 91, 184, 4], "target_tokens": ["[IN:SUBTRACT_TIME_TIMER", "[SL:METHOD_TIMER", "@ptr4", "SL:METHOD_TIMER]", "[SL:DATE_TIME", "@ptr1", "@ptr2", "SL:DATE_TIME]", "IN:SUBTRACT_TIME_TIMER]"], "predicted_tokens": ["[IN:ADD_TIME_TIMER", "[SL:DATE_TIME", "@ptr1", "@ptr2", "SL:DATE_TIME]", "[SL:METHOD_TIMER", "@ptr4", "SL:METHOD_TIMER]", "IN:ADD_TIME_TIMER]"]}
{"loss": 0.9733985066413879, "class_log_probabilities": [-0.30684998631477356, -7.487729549407959, -7.558162212371826, -7.565845489501953], "predictions": [225, 90, 397, 91, 226, 4, 4], "target_tokens": ["[IN:DELETE_TIMER", "[SL:METHOD_TIMER", "@ptr2", "SL:METHOD_TIMER]", "IN:DELETE_TIMER]"], "predicted_tokens": ["[IN:DELETE_TIMER", "[SL:METHOD_TIMER", "@ptr2", "SL:METHOD_TIMER]", "IN:DELETE_TIMER]"]}
{"loss": 0.9666217565536499, "class_log_probabilities": [-0.5683492422103882, -8.33053207397461, -8.593973159790039, -8.820762634277344], "predictions": [89, 90, 397, 91, 16, 398, 399, 400, 17, 92, 4], "target_tokens": ["[IN:CREATE_TIMER", "[SL:METHOD_TIMER", "@ptr2", "SL:METHOD_TIMER]", "[SL:DATE_TIME", "@ptr3", "@ptr4", "@ptr5", "SL:DATE_TIME]", "IN:CREATE_TIMER]"], "predicted_tokens": ["[IN:CREATE_TIMER", "[SL:METHOD_TIMER", "@ptr2", "SL:METHOD_TIMER]", "[SL:DATE_TIME", "@ptr3", "@ptr4", "@ptr5", "SL:DATE_TIME]", "IN:CREATE_TIMER]"]}
{"loss": 0.9664264917373657, "class_log_probabilities": [-0.5710659027099609, -8.317395210266113, -8.563115119934082, -8.82094955444336], "predictions": [89, 90, 397, 91, 16, 398, 399, 400, 17, 92, 4], "target_tokens": ["[IN:CREATE_TIMER", "[SL:METHOD_TIMER", "@ptr2", "SL:METHOD_TIMER]", "[SL:DATE_TIME", "@ptr3", "@ptr4", "@ptr5", "SL:DATE_TIME]", "IN:CREATE_TIMER]"], "predicted_tokens": ["[IN:CREATE_TIMER", "[SL:METHOD_TIMER", "@ptr2", "SL:METHOD_TIMER]", "[SL:DATE_TIME", "@ptr3", "@ptr4", "@ptr5", "SL:DATE_TIME]", "IN:CREATE_TIMER]"]}
{"loss": 2.777266263961792, "class_log_probabilities": [-0.27234238386154175, -7.670340538024902, -7.765761375427246, -8.021294593811035], "predictions": [273, 90, 397, 91, 274, 4, 4, 4, 4, 4], "target_tokens": ["[IN:RESUME_TIMER", "[SL:METHOD_TIMER", "@ptr2", "SL:METHOD_TIMER]", "IN:RESUME_TIMER]"], "predicted_tokens": ["[IN:RESTART_TIMER", "[SL:METHOD_TIMER", "@ptr2", "SL:METHOD_TIMER]", "IN:RESTART_TIMER]"]}
{"loss": 0.9849498867988586, "class_log_probabilities": [-0.264812707901001, -6.824773788452148, -7.2046356201171875, -7.858199119567871], "predictions": [275, 90, 397, 91, 276, 4], "target_tokens": ["[IN:RESUME_TIMER", "[SL:METHOD_TIMER", "@ptr2", "SL:METHOD_TIMER]", "IN:RESUME_TIMER]"], "predicted_tokens": ["[IN:RESUME_TIMER", "[SL:METHOD_TIMER", "@ptr2", "SL:METHOD_TIMER]", "IN:RESUME_TIMER]"]}
{"loss": 0.9667907953262329, "class_log_probabilities": [-0.566268265247345, -8.316646575927734, -8.593603134155273, -9.39072036743164], "predictions": [89, 90, 397, 91, 16, 398, 399, 400, 17, 92, 4, 4, 4, 4, 4], "target_tokens": ["[IN:CREATE_TIMER", "[SL:METHOD_TIMER", "@ptr2", "SL:METHOD_TIMER]", "[SL:DATE_TIME", "@ptr3", "@ptr4", "@ptr5", "SL:DATE_TIME]", "IN:CREATE_TIMER]"], "predicted_tokens": ["[IN:CREATE_TIMER", "[SL:METHOD_TIMER", "@ptr2", "SL:METHOD_TIMER]", "[SL:DATE_TIME", "@ptr3", "@ptr4", "@ptr5", "SL:DATE_TIME]", "IN:CREATE_TIMER]"]}
{"loss": 2.7274343967437744, "class_log_probabilities": [-0.4741606116294861, -5.516718864440918, -6.102531909942627, -6.140682697296143], "predictions": [225, 90, 397, 91, 226, 4, 4, 4, 4], "target_tokens": ["[IN:PAUSE_TIMER", "[SL:METHOD_TIMER", "@ptr2", "SL:METHOD_TIMER]", "IN:PAUSE_TIMER]"], "predicted_tokens": ["[IN:DELETE_TIMER", "[SL:METHOD_TIMER", "@ptr2", "SL:METHOD_TIMER]", "IN:DELETE_TIMER]"]}
{"loss": 0.9667750000953674, "class_log_probabilities": [-0.5645819902420044, -8.369633674621582, -8.520120620727539, -9.242837905883789], "predictions": [89, 90, 397, 91, 16, 398, 399, 400, 17, 92, 4, 4], "target_tokens": ["[IN:CREATE_TIMER", "[SL:METHOD_TIMER", "@ptr2", "SL:METHOD_TIMER]", "[SL:DATE_TIME", "@ptr3", "@ptr4", "@ptr5", "SL:DATE_TIME]", "IN:CREATE_TIMER]"], "predicted_tokens": ["[IN:CREATE_TIMER", "[SL:METHOD_TIMER", "@ptr2", "SL:METHOD_TIMER]", "[SL:DATE_TIME", "@ptr3", "@ptr4", "@ptr5", "SL:DATE_TIME]", "IN:CREATE_TIMER]"]}
{"loss": 0.9701072573661804, "class_log_probabilities": [-0.3769513964653015, -4.274810791015625, -6.018080234527588, -6.6050238609313965], "predictions": [115, 90, 401, 91, 116, 4], "target_tokens": ["[IN:GET_TIMER", "[SL:METHOD_TIMER", "@ptr6", "SL:METHOD_TIMER]", "IN:GET_TIMER]"], "predicted_tokens": ["[IN:GET_TIMER", "[SL:METHOD_TIMER", "@ptr6", "SL:METHOD_TIMER]", "IN:GET_TIMER]"]}
{"loss": 0.9712186455726624, "class_log_probabilities": [-0.2906322777271271, -7.977155685424805, -8.122697830200195, -8.301074028015137], "predictions": [115, 90, 404, 91, 116, 4, 4], "target_tokens": ["[IN:GET_TIMER", "[SL:METHOD_TIMER", "@ptr9", "SL:METHOD_TIMER]", "IN:GET_TIMER]"], "predicted_tokens": ["[IN:GET_TIMER", "[SL:METHOD_TIMER", "@ptr9", "SL:METHOD_TIMER]", "IN:GET_TIMER]"]}
{"loss": 0.972070038318634, "class_log_probabilities": [-0.28854918479919434, -7.417888164520264, -8.316753387451172, -8.489376068115234], "predictions": [115, 90, 400, 91, 116, 4, 4], "target_tokens": ["[IN:GET_TIMER", "[SL:METHOD_TIMER", "@ptr5", "SL:METHOD_TIMER]", "IN:GET_TIMER]"], "predicted_tokens": ["[IN:GET_TIMER", "[SL:METHOD_TIMER", "@ptr5", "SL:METHOD_TIMER]", "IN:GET_TIMER]"]}
{"loss": 2.312363862991333, "class_log_probabilities": [-1.486676573753357, -2.438746929168701, -3.2976503372192383, -3.926499605178833], "predictions": [255, 90, 398, 91, 256, 4], "target_tokens": ["[IN:GET_TIMER", "[SL:METHOD_TIMER", "@ptr3", "SL:METHOD_TIMER]", "IN:GET_TIMER]"], "predicted_tokens": ["[IN:PAUSE_TIMER", "[SL:METHOD_TIMER", "@ptr3", "SL:METHOD_TIMER]", "IN:PAUSE_TIMER]"]}
{"loss": 0.966977059841156, "class_log_probabilities": [-0.5650418996810913, -8.339323997497559, -8.663280487060547, -9.243233680725098], "predictions": [89, 90, 397, 91, 16, 398, 399, 400, 17, 92, 4, 4], "target_tokens": ["[IN:CREATE_TIMER", "[SL:METHOD_TIMER", "@ptr2", "SL:METHOD_TIMER]", "[SL:DATE_TIME", "@ptr3", "@ptr4", "@ptr5", "SL:DATE_TIME]", "IN:CREATE_TIMER]"], "predicted_tokens": ["[IN:CREATE_TIMER", "[SL:METHOD_TIMER", "@ptr2", "SL:METHOD_TIMER]", "[SL:DATE_TIME", "@ptr3", "@ptr4", "@ptr5", "SL:DATE_TIME]", "IN:CREATE_TIMER]"]}
{"loss": 0.9750713109970093, "class_log_probabilities": [-0.4858078956604004, -8.105605125427246, -8.239079475402832, -8.425929069519043], "predictions": [183, 16, 396, 397, 17, 90, 399, 91, 184, 4], "target_tokens": ["[IN:ADD_TIME_TIMER", "[SL:DATE_TIME", "@ptr1", "@ptr2", "SL:DATE_TIME]", "[SL:METHOD_TIMER", "@ptr4", "SL:METHOD_TIMER]", "IN:ADD_TIME_TIMER]"], "predicted_tokens": ["[IN:ADD_TIME_TIMER", "[SL:DATE_TIME", "@ptr1", "@ptr2", "SL:DATE_TIME]", "[SL:METHOD_TIMER", "@ptr4", "SL:METHOD_TIMER]", "IN:ADD_TIME_TIMER]"]}
{"loss": 0.966681718826294, "class_log_probabilities": [-0.5684308409690857, -8.351851463317871, -8.542227745056152, -9.244140625], "predictions": [89, 90, 397, 91, 16, 398, 399, 400, 17, 92, 4, 4], "target_tokens": ["[IN:CREATE_TIMER", "[SL:METHOD_TIMER", "@ptr2", "SL:METHOD_TIMER]", "[SL:DATE_TIME", "@ptr3", "@ptr4", "@ptr5", "SL:DATE_TIME]", "IN:CREATE_TIMER]"], "predicted_tokens": ["[IN:CREATE_TIMER", "[SL:METHOD_TIMER", "@ptr2", "SL:METHOD_TIMER]", "[SL:DATE_TIME", "@ptr3", "@ptr4", "@ptr5", "SL:DATE_TIME]", "IN:CREATE_TIMER]"]}
{"loss": 0.9685346484184265, "class_log_probabilities": [-0.3041481375694275, -8.055709838867188, -8.30810546875, -8.598237037658691], "predictions": [115, 90, 397, 91, 116, 4, 4], "target_tokens": ["[IN:GET_TIMER", "[SL:METHOD_TIMER", "@ptr2", "SL:METHOD_TIMER]", "IN:GET_TIMER]"], "predicted_tokens": ["[IN:GET_TIMER", "[SL:METHOD_TIMER", "@ptr2", "SL:METHOD_TIMER]", "IN:GET_TIMER]"]}
{"loss": 0.9678115248680115, "class_log_probabilities": [-0.3122338056564331, -7.3831000328063965, -7.4308342933654785, -7.636739253997803], "predictions": [89, 90, 397, 91, 92, 4], "target_tokens": ["[IN:CREATE_TIMER", "[SL:METHOD_TIMER", "@ptr2", "SL:METHOD_TIMER]", "IN:CREATE_TIMER]"], "predicted_tokens": ["[IN:CREATE_TIMER", "[SL:METHOD_TIMER", "@ptr2", "SL:METHOD_TIMER]", "IN:CREATE_TIMER]"]}
{"loss": 0.9805319905281067, "class_log_probabilities": [-0.41229885816574097, -7.191897392272949, -7.483755588531494, -7.782138824462891], "predictions": [225, 20, 397, 21, 90, 398, 91, 226, 4], "target_tokens": ["[IN:DELETE_TIMER", "[SL:ORDINAL", "@ptr2", "SL:ORDINAL]", "[SL:METHOD_TIMER", "@ptr3", "SL:METHOD_TIMER]", "IN:DELETE_TIMER]"], "predicted_tokens": ["[IN:DELETE_TIMER", "[SL:ORDINAL", "@ptr2", "SL:ORDINAL]", "[SL:METHOD_TIMER", "@ptr3", "SL:METHOD_TIMER]", "IN:DELETE_TIMER]"]}
{"loss": 0.9669097661972046, "class_log_probabilities": [-0.5623002052307129, -8.404717445373535, -8.47184944152832, -9.237406730651855], "predictions": [89, 90, 397, 91, 16, 398, 399, 400, 17, 92, 4, 4], "target_tokens": ["[IN:CREATE_TIMER", "[SL:METHOD_TIMER", "@ptr2", "SL:METHOD_TIMER]", "[SL:DATE_TIME", "@ptr3", "@ptr4", "@ptr5", "SL:DATE_TIME]", "IN:CREATE_TIMER]"], "predicted_tokens": ["[IN:CREATE_TIMER", "[SL:METHOD_TIMER", "@ptr2", "SL:METHOD_TIMER]", "[SL:DATE_TIME", "@ptr3", "@ptr4", "@ptr5", "SL:DATE_TIME]", "IN:CREATE_TIMER]"]}
{"loss": 2.919816017150879, "class_log_probabilities": [-0.7371327877044678, -3.0746383666992188, -3.957618474960327, -7.8222808837890625], "predictions": [183, 16, 398, 399, 400, 17, 184, 4, 4, 4, 4], "target_tokens": ["[IN:RESUME_TIMER", "[SL:METHOD_TIMER", "@ptr2", "SL:METHOD_TIMER]", "[SL:DATE_TIME", "@ptr3", "@ptr4", "@ptr5", "@ptr6", "SL:DATE_TIME]", "IN:RESUME_TIMER]"], "predicted_tokens": ["[IN:ADD_TIME_TIMER", "[SL:DATE_TIME", "@ptr3", "@ptr4", "@ptr5", "SL:DATE_TIME]", "IN:ADD_TIME_TIMER]"]}
{"loss": 1.0241427421569824, "class_log_probabilities": [-0.94344162940979, -2.0010690689086914, -4.1009368896484375, -4.177494049072266], "predictions": [255, 90, 397, 91, 256, 4], "target_tokens": ["[IN:PAUSE_TIMER", "[SL:METHOD_TIMER", "@ptr2", "SL:METHOD_TIMER]", "IN:PAUSE_TIMER]"], "predicted_tokens": ["[IN:PAUSE_TIMER", "[SL:METHOD_TIMER", "@ptr2", "SL:METHOD_TIMER]", "IN:PAUSE_TIMER]"]}
{"loss": 0.9721522331237793, "class_log_probabilities": [-0.3110576272010803, -7.5574517250061035, -7.767227649688721, -7.783396244049072], "predictions": [225, 90, 397, 91, 226, 4, 4], "target_tokens": ["[IN:DELETE_TIMER", "[SL:METHOD_TIMER", "@ptr2", "SL:METHOD_TIMER]", "IN:DELETE_TIMER]"], "predicted_tokens": ["[IN:DELETE_TIMER", "[SL:METHOD_TIMER", "@ptr2", "SL:METHOD_TIMER]", "IN:DELETE_TIMER]"]}
{"loss": 0.9689070582389832, "class_log_probabilities": [-0.3047841489315033, -8.000142097473145, -8.053812026977539, -8.121702194213867], "predictions": [115, 90, 402, 91, 116, 4], "target_tokens": ["[IN:GET_TIMER", "[SL:METHOD_TIMER", "@ptr7", "SL:METHOD_TIMER]", "IN:GET_TIMER]"], "predicted_tokens": ["[IN:GET_TIMER", "[SL:METHOD_TIMER", "@ptr7", "SL:METHOD_TIMER]", "IN:GET_TIMER]"]}
{"loss": 2.454660415649414, "class_log_probabilities": [-0.38392961025238037, -5.425997257232666, -5.76436710357666, -6.757298469543457], "predictions": [89, 90, 397, 91, 92, 4], "target_tokens": ["[IN:PAUSE_TIMER", "[SL:METHOD_TIMER", "@ptr2", "SL:METHOD_TIMER]", "IN:PAUSE_TIMER]"], "predicted_tokens": ["[IN:CREATE_TIMER", "[SL:METHOD_TIMER", "@ptr2", "SL:METHOD_TIMER]", "IN:CREATE_TIMER]"]}
{"loss": 1.730920433998108, "class_log_probabilities": [-0.33118319511413574, -5.407547950744629, -7.482936859130859, -7.778286933898926], "predictions": [115, 90, 403, 91, 116, 4], "target_tokens": ["[IN:GET_TIMER", "[SL:METHOD_TIMER", "@ptr7", "SL:METHOD_TIMER]", "IN:GET_TIMER]"], "predicted_tokens": ["[IN:GET_TIMER", "[SL:METHOD_TIMER", "@ptr8", "SL:METHOD_TIMER]", "IN:GET_TIMER]"]}
{"loss": 0.9829491972923279, "class_log_probabilities": [-0.2706867456436157, -7.647955417633057, -7.762296199798584, -8.663928031921387], "predictions": [273, 90, 397, 91, 274, 4, 4, 4, 4, 4], "target_tokens": ["[IN:RESTART_TIMER", "[SL:METHOD_TIMER", "@ptr2", "SL:METHOD_TIMER]", "IN:RESTART_TIMER]"], "predicted_tokens": ["[IN:RESTART_TIMER", "[SL:METHOD_TIMER", "@ptr2", "SL:METHOD_TIMER]", "IN:RESTART_TIMER]"]}
{"loss": 0.9837120175361633, "class_log_probabilities": [-0.2728808522224426, -7.474639415740967, -7.856439590454102, -8.386171340942383], "predictions": [273, 90, 397, 91, 274, 4, 4, 4, 4, 4], "target_tokens": ["[IN:RESTART_TIMER", "[SL:METHOD_TIMER", "@ptr2", "SL:METHOD_TIMER]", "IN:RESTART_TIMER]"], "predicted_tokens": ["[IN:RESTART_TIMER", "[SL:METHOD_TIMER", "@ptr2", "SL:METHOD_TIMER]", "IN:RESTART_TIMER]"]}
{"loss": 0.9671211838722229, "class_log_probabilities": [-0.5705597400665283, -8.302862167358398, -8.458181381225586, -8.598861694335938], "predictions": [89, 90, 396, 91, 16, 397, 398, 399, 17, 92, 4, 4], "target_tokens": ["[IN:CREATE_TIMER", "[SL:METHOD_TIMER", "@ptr1", "SL:METHOD_TIMER]", "[SL:DATE_TIME", "@ptr2", "@ptr3", "@ptr4", "SL:DATE_TIME]", "IN:CREATE_TIMER]"], "predicted_tokens": ["[IN:CREATE_TIMER", "[SL:METHOD_TIMER", "@ptr1", "SL:METHOD_TIMER]", "[SL:DATE_TIME", "@ptr2", "@ptr3", "@ptr4", "SL:DATE_TIME]", "IN:CREATE_TIMER]"]}
{"loss": 1.9602030515670776, "class_log_probabilities": [-1.5003716945648193, -4.9399871826171875, -4.955923557281494, -5.324808597564697], "predictions": [159, 16, 396, 397, 17, 160, 4], "target_tokens": ["[IN:SUBTRACT_TIME_TIMER", "[SL:DATE_TIME", "@ptr1", "@ptr2", "SL:DATE_TIME]", "IN:SUBTRACT_TIME_TIMER]"], "predicted_tokens": ["[IN:SNOOZE_ALARM", "[SL:DATE_TIME", "@ptr1", "@ptr2", "SL:DATE_TIME]", "IN:SNOOZE_ALARM]"]}
{"loss": 0.9697861671447754, "class_log_probabilities": [-0.3040318489074707, -8.058928489685059, -8.247862815856934, -8.412822723388672], "predictions": [115, 90, 401, 91, 116, 4], "target_tokens": ["[IN:GET_TIMER", "[SL:METHOD_TIMER", "@ptr6", "SL:METHOD_TIMER]", "IN:GET_TIMER]"], "predicted_tokens": ["[IN:GET_TIMER", "[SL:METHOD_TIMER", "@ptr6", "SL:METHOD_TIMER]", "IN:GET_TIMER]"]}
{"loss": 1.0767567157745361, "class_log_probabilities": [-1.1898934841156006, -2.5173988342285156, -3.854980707168579, -6.801896095275879], "predictions": [89, 90, 397, 91, 16, 398, 399, 400, 17, 16, 401, 402, 403, 17, 92, 4, 4, 4, 4], "target_tokens": ["[IN:CREATE_TIMER", "[SL:METHOD_TIMER", "@ptr2", "SL:METHOD_TIMER]", "[SL:DATE_TIME", "@ptr3", "@ptr4", "@ptr5", "@ptr6", "@ptr7", "@ptr8", "SL:DATE_TIME]", "IN:CREATE_TIMER]"], "predicted_tokens": ["[IN:CREATE_TIMER", "[SL:METHOD_TIMER", "@ptr2", "SL:METHOD_TIMER]", "[SL:DATE_TIME", "@ptr3", "@ptr4", "@ptr5", "SL:DATE_TIME]", "[SL:DATE_TIME", "@ptr6", "@ptr7", "@ptr8", "SL:DATE_TIME]", "IN:CREATE_TIMER]"]}
{"loss": 1.3793295621871948, "class_log_probabilities": [-0.6807821989059448, -4.846136569976807, -5.749365329742432, -6.105714797973633], "predictions": [183, 16, 396, 397, 17, 90, 400, 91, 184, 4, 4], "target_tokens": ["[IN:ADD_TIME_TIMER", "[SL:DATE_TIME", "@ptr1", "@ptr2", "SL:DATE_TIME]", "[SL:METHOD_TIMER", "@ptr5", "@ptr6", "SL:METHOD_TIMER]", "IN:ADD_TIME_TIMER]"], "predicted_tokens": ["[IN:ADD_TIME_TIMER", "[SL:DATE_TIME", "@ptr1", "@ptr2", "SL:DATE_TIME]", "[SL:METHOD_TIMER", "@ptr5", "SL:METHOD_TIMER]", "IN:ADD_TIME_TIMER]"]}
{"loss": 0.9696452617645264, "class_log_probabilities": [-0.5472252368927002, -8.658828735351562, -8.667705535888672, -8.715117454528809], "predictions": [89, 90, 395, 91, 16, 396, 397, 398, 17, 92, 4], "target_tokens": ["[IN:CREATE_TIMER", "[SL:METHOD_TIMER", "@ptr0", "SL:METHOD_TIMER]", "[SL:DATE_TIME", "@ptr1", "@ptr2", "@ptr3", "SL:DATE_TIME]", "IN:CREATE_TIMER]"], "predicted_tokens": ["[IN:CREATE_TIMER", "[SL:METHOD_TIMER", "@ptr0", "SL:METHOD_TIMER]", "[SL:DATE_TIME", "@ptr1", "@ptr2", "@ptr3", "SL:DATE_TIME]", "IN:CREATE_TIMER]"]}
{"loss": 0.9714561700820923, "class_log_probabilities": [-0.5301223993301392, -8.168869018554688, -8.236891746520996, -8.603143692016602], "predictions": [89, 90, 397, 91, 16, 401, 402, 403, 17, 92, 4], "target_tokens": ["[IN:CREATE_TIMER", "[SL:METHOD_TIMER", "@ptr2", "SL:METHOD_TIMER]", "[SL:DATE_TIME", "@ptr6", "@ptr7", "@ptr8", "SL:DATE_TIME]", "IN:CREATE_TIMER]"], "predicted_tokens": ["[IN:CREATE_TIMER", "[SL:METHOD_TIMER", "@ptr2", "SL:METHOD_TIMER]", "[SL:DATE_TIME", "@ptr6", "@ptr7", "@ptr8", "SL:DATE_TIME]", "IN:CREATE_TIMER]"]}
{"loss": 0.9761082530021667, "class_log_probabilities": [-0.2928640842437744, -7.767736434936523, -7.9015936851501465, -7.963994026184082], "predictions": [225, 90, 397, 91, 226, 4, 4], "target_tokens": ["[IN:DELETE_TIMER", "[SL:METHOD_TIMER", "@ptr2", "SL:METHOD_TIMER]", "IN:DELETE_TIMER]"], "predicted_tokens": ["[IN:DELETE_TIMER", "[SL:METHOD_TIMER", "@ptr2", "SL:METHOD_TIMER]", "IN:DELETE_TIMER]"]}
{"loss": 0.971487283706665, "class_log_probabilities": [-0.29205039143562317, -8.09101676940918, -8.311505317687988, -8.484343528747559], "predictions": [115, 90, 401, 91, 116, 4, 4], "target_tokens": ["[IN:GET_TIMER", "[SL:METHOD_TIMER", "@ptr6", "SL:METHOD_TIMER]", "IN:GET_TIMER]"], "predicted_tokens": ["[IN:GET_TIMER", "[SL:METHOD_TIMER", "@ptr6", "SL:METHOD_TIMER]", "IN:GET_TIMER]"]}
{"loss": 0.966217577457428, "class_log_probabilities": [-0.5698556303977966, -8.38136100769043, -8.50827407836914, -9.247115135192871], "predictions": [89, 90, 397, 91, 16, 398, 399, 400, 17, 92, 4, 4], "target_tokens": ["[IN:CREATE_TIMER", "[SL:METHOD_TIMER", "@ptr2", "SL:METHOD_TIMER]", "[SL:DATE_TIME", "@ptr3", "@ptr4", "@ptr5", "SL:DATE_TIME]", "IN:CREATE_TIMER]"], "predicted_tokens": ["[IN:CREATE_TIMER", "[SL:METHOD_TIMER", "@ptr2", "SL:METHOD_TIMER]", "[SL:DATE_TIME", "@ptr3", "@ptr4", "@ptr5", "SL:DATE_TIME]", "IN:CREATE_TIMER]"]}
{"loss": 0.9660032391548157, "class_log_probabilities": [-0.5737004280090332, -8.338603973388672, -8.565001487731934, -8.620664596557617], "predictions": [89, 90, 397, 91, 16, 398, 399, 400, 17, 92, 4], "target_tokens": ["[IN:CREATE_TIMER", "[SL:METHOD_TIMER", "@ptr2", "SL:METHOD_TIMER]", "[SL:DATE_TIME", "@ptr3", "@ptr4", "@ptr5", "SL:DATE_TIME]", "IN:CREATE_TIMER]"], "predicted_tokens": ["[IN:CREATE_TIMER", "[SL:METHOD_TIMER", "@ptr2", "SL:METHOD_TIMER]", "[SL:DATE_TIME", "@ptr3", "@ptr4", "@ptr5", "SL:DATE_TIME]", "IN:CREATE_TIMER]"]}
{"loss": 0.9698198437690735, "class_log_probabilities": [-0.2956084609031677, -7.872025489807129, -8.034704208374023, -8.132695198059082], "predictions": [115, 90, 399, 91, 116, 4, 4], "target_tokens": ["[IN:GET_TIMER", "[SL:METHOD_TIMER", "@ptr4", "SL:METHOD_TIMER]", "IN:GET_TIMER]"], "predicted_tokens": ["[IN:GET_TIMER", "[SL:METHOD_TIMER", "@ptr4", "SL:METHOD_TIMER]", "IN:GET_TIMER]"]}
{"loss": 2.359180450439453, "class_log_probabilities": [-0.5718821287155151, -8.390620231628418, -8.54508113861084, -9.251914978027344], "predictions": [89, 90, 397, 91, 16, 398, 399, 400, 17, 92, 4, 4], "target_tokens": ["[IN:CREATE_TIMER", "[SL:DATE_TIME", "@ptr3", "@ptr4", "@ptr5", "SL:DATE_TIME]", "[SL:METHOD_TIMER", "@ptr2", "SL:METHOD_TIMER]", "IN:CREATE_TIMER]"], "predicted_tokens": ["[IN:CREATE_TIMER", "[SL:METHOD_TIMER", "@ptr2", "SL:METHOD_TIMER]", "[SL:DATE_TIME", "@ptr3", "@ptr4", "@ptr5", "SL:DATE_TIME]", "IN:CREATE_TIMER]"]}
{"loss": 0.987464189529419, "class_log_probabilities": [-1.141316294670105, -3.381152629852295, -5.779008388519287, -5.833229064941406], "predictions": [89, 90, 395, 396, 91, 16, 397, 398, 399, 17, 92, 4], "target_tokens": ["[IN:CREATE_TIMER", "[SL:METHOD_TIMER", "@ptr0", "@ptr1", "SL:METHOD_TIMER]", "[SL:DATE_TIME", "@ptr2", "@ptr3", "@ptr4", "SL:DATE_TIME]", "IN:CREATE_TIMER]"], "predicted_tokens": ["[IN:CREATE_TIMER", "[SL:METHOD_TIMER", "@ptr0", "@ptr1", "SL:METHOD_TIMER]", "[SL:DATE_TIME", "@ptr2", "@ptr3", "@ptr4", "SL:DATE_TIME]", "IN:CREATE_TIMER]"]}
{"loss": 0.968000590801239, "class_log_probabilities": [-0.3094766438007355, -7.371575832366943, -7.377614974975586, -7.594934463500977], "predictions": [115, 90, 399, 91, 116, 4], "target_tokens": ["[IN:GET_TIMER", "[SL:METHOD_TIMER", "@ptr4", "SL:METHOD_TIMER]", "IN:GET_TIMER]"], "predicted_tokens": ["[IN:GET_TIMER", "[SL:METHOD_TIMER", "@ptr4", "SL:METHOD_TIMER]", "IN:GET_TIMER]"]}
{"loss": 2.2167770862579346, "class_log_probabilities": [-0.779607892036438, -3.8075246810913086, -4.009657859802246, -4.293557167053223], "predictions": [227, 90, 397, 91, 228, 4], "target_tokens": ["[IN:GET_TIMER", "[SL:METHOD_TIMER", "@ptr2", "SL:METHOD_TIMER]", "IN:GET_TIMER]"], "predicted_tokens": ["[IN:UPDATE_TIMER", "[SL:METHOD_TIMER", "@ptr2", "SL:METHOD_TIMER]", "IN:UPDATE_TIMER]"]}
{"loss": 0.966060996055603, "class_log_probabilities": [-0.5716431736946106, -8.388413429260254, -8.54532527923584, -9.250894546508789], "predictions": [89, 90, 397, 91, 16, 398, 399, 400, 17, 92, 4, 4], "target_tokens": ["[IN:CREATE_TIMER", "[SL:METHOD_TIMER", "@ptr2", "SL:METHOD_TIMER]", "[SL:DATE_TIME", "@ptr3", "@ptr4", "@ptr5", "SL:DATE_TIME]", "IN:CREATE_TIMER]"], "predicted_tokens": ["[IN:CREATE_TIMER", "[SL:METHOD_TIMER", "@ptr2", "SL:METHOD_TIMER]", "[SL:DATE_TIME", "@ptr3", "@ptr4", "@ptr5", "SL:DATE_TIME]", "IN:CREATE_TIMER]"]}
{"loss": 0.9768274426460266, "class_log_probabilities": [-0.290053129196167, -7.88623046875, -7.954980373382568, -8.019302368164062], "predictions": [225, 90, 397, 91, 226, 4, 4], "target_tokens": ["[IN:DELETE_TIMER", "[SL:METHOD_TIMER", "@ptr2", "SL:METHOD_TIMER]", "IN:DELETE_TIMER]"], "predicted_tokens": ["[IN:DELETE_TIMER", "[SL:METHOD_TIMER", "@ptr2", "SL:METHOD_TIMER]", "IN:DELETE_TIMER]"]}
{"loss": 0.9717732071876526, "class_log_probabilities": [-0.2892414927482605, -8.207893371582031, -8.277331352233887, -8.327488899230957], "predictions": [89, 90, 399, 91, 92, 4], "target_tokens": ["[IN:CREATE_TIMER", "[SL:METHOD_TIMER", "@ptr4", "SL:METHOD_TIMER]", "IN:CREATE_TIMER]"], "predicted_tokens": ["[IN:CREATE_TIMER", "[SL:METHOD_TIMER", "@ptr4", "SL:METHOD_TIMER]", "IN:CREATE_TIMER]"]}
{"loss": 0.963616669178009, "class_log_probabilities": [-0.7070677876472473, -7.81239128112793, -8.409455299377441, -8.696268081665039], "predictions": [89, 90, 397, 91, 16, 398, 399, 400, 401, 402, 17, 92, 4, 4, 4], "target_tokens": ["[IN:CREATE_TIMER", "[SL:METHOD_TIMER", "@ptr2", "SL:METHOD_TIMER]", "[SL:DATE_TIME", "@ptr3", "@ptr4", "@ptr5", "@ptr6", "@ptr7", "SL:DATE_TIME]", "IN:CREATE_TIMER]"], "predicted_tokens": ["[IN:CREATE_TIMER", "[SL:METHOD_TIMER", "@ptr2", "SL:METHOD_TIMER]", "[SL:DATE_TIME", "@ptr3", "@ptr4", "@ptr5", "@ptr6", "@ptr7", "SL:DATE_TIME]", "IN:CREATE_TIMER]"]}
{"loss": 0.9629950523376465, "class_log_probabilities": [-0.3473622500896454, -6.353412628173828, -6.515369892120361, -7.886124134063721], "predictions": [115, 90, 401, 91, 116, 4], "target_tokens": ["[IN:GET_TIMER", "[SL:METHOD_TIMER", "@ptr6", "SL:METHOD_TIMER]", "IN:GET_TIMER]"], "predicted_tokens": ["[IN:GET_TIMER", "[SL:METHOD_TIMER", "@ptr6", "SL:METHOD_TIMER]", "IN:GET_TIMER]"]}
{"loss": 0.966966986656189, "class_log_probabilities": [-0.5649322867393494, -8.320402145385742, -8.62403678894043, -8.693513870239258], "predictions": [89, 90, 397, 91, 16, 398, 399, 400, 17, 92, 4], "target_tokens": ["[IN:CREATE_TIMER", "[SL:METHOD_TIMER", "@ptr2", "SL:METHOD_TIMER]", "[SL:DATE_TIME", "@ptr3", "@ptr4", "@ptr5", "SL:DATE_TIME]", "IN:CREATE_TIMER]"], "predicted_tokens": ["[IN:CREATE_TIMER", "[SL:METHOD_TIMER", "@ptr2", "SL:METHOD_TIMER]", "[SL:DATE_TIME", "@ptr3", "@ptr4", "@ptr5", "SL:DATE_TIME]", "IN:CREATE_TIMER]"]}
{"loss": 0.9664901494979858, "class_log_probabilities": [-0.5708788633346558, -8.308836936950684, -8.594414710998535, -8.780104637145996], "predictions": [89, 90, 397, 91, 16, 398, 399, 400, 17, 92, 4], "target_tokens": ["[IN:CREATE_TIMER", "[SL:METHOD_TIMER", "@ptr2", "SL:METHOD_TIMER]", "[SL:DATE_TIME", "@ptr3", "@ptr4", "@ptr5", "SL:DATE_TIME]", "IN:CREATE_TIMER]"], "predicted_tokens": ["[IN:CREATE_TIMER", "[SL:METHOD_TIMER", "@ptr2", "SL:METHOD_TIMER]", "[SL:DATE_TIME", "@ptr3", "@ptr4", "@ptr5", "SL:DATE_TIME]", "IN:CREATE_TIMER]"]}
{"loss": 0.9713729619979858, "class_log_probabilities": [-0.49891215562820435, -7.629152297973633, -7.812428951263428, -8.147256851196289], "predictions": [183, 16, 396, 397, 17, 90, 399, 91, 184, 4], "target_tokens": ["[IN:ADD_TIME_TIMER", "[SL:DATE_TIME", "@ptr1", "@ptr2", "SL:DATE_TIME]", "[SL:METHOD_TIMER", "@ptr4", "SL:METHOD_TIMER]", "IN:ADD_TIME_TIMER]"], "predicted_tokens": ["[IN:ADD_TIME_TIMER", "[SL:DATE_TIME", "@ptr1", "@ptr2", "SL:DATE_TIME]", "[SL:METHOD_TIMER", "@ptr4", "SL:METHOD_TIMER]", "IN:ADD_TIME_TIMER]"]}
{"loss": 0.9747166633605957, "class_log_probabilities": [-0.2861033082008362, -8.140491485595703, -8.25013256072998, -8.285375595092773], "predictions": [255, 90, 397, 91, 256, 4], "target_tokens": ["[IN:PAUSE_TIMER", "[SL:METHOD_TIMER", "@ptr2", "SL:METHOD_TIMER]", "IN:PAUSE_TIMER]"], "predicted_tokens": ["[IN:PAUSE_TIMER", "[SL:METHOD_TIMER", "@ptr2", "SL:METHOD_TIMER]", "IN:PAUSE_TIMER]"]}
{"loss": 0.9718831181526184, "class_log_probabilities": [-0.2903294563293457, -8.025816917419434, -8.102863311767578, -8.255669593811035], "predictions": [89, 90, 397, 91, 92, 4], "target_tokens": ["[IN:CREATE_TIMER", "[SL:METHOD_TIMER", "@ptr2", "SL:METHOD_TIMER]", "IN:CREATE_TIMER]"], "predicted_tokens": ["[IN:CREATE_TIMER", "[SL:METHOD_TIMER", "@ptr2", "SL:METHOD_TIMER]", "IN:CREATE_TIMER]"]}
{"loss": 0.9761477708816528, "class_log_probabilities": [-0.46660372614860535, -3.350581645965576, -5.6549177169799805, -6.649343490600586], "predictions": [115, 90, 401, 402, 91, 116, 4], "target_tokens": ["[IN:GET_TIMER", "[SL:METHOD_TIMER", "@ptr6", "@ptr7", "SL:METHOD_TIMER]", "IN:GET_TIMER]"], "predicted_tokens": ["[IN:GET_TIMER", "[SL:METHOD_TIMER", "@ptr6", "@ptr7", "SL:METHOD_TIMER]", "IN:GET_TIMER]"]}
{"loss": 0.9704933166503906, "class_log_probabilities": [-0.5392594337463379, -8.039629936218262, -8.361763000488281, -8.38126277923584], "predictions": [89, 90, 397, 91, 16, 401, 402, 403, 17, 92, 4], "target_tokens": ["[IN:CREATE_TIMER", "[SL:METHOD_TIMER", "@ptr2", "SL:METHOD_TIMER]", "[SL:DATE_TIME", "@ptr6", "@ptr7", "@ptr8", "SL:DATE_TIME]", "IN:CREATE_TIMER]"], "predicted_tokens": ["[IN:CREATE_TIMER", "[SL:METHOD_TIMER", "@ptr2", "SL:METHOD_TIMER]", "[SL:DATE_TIME", "@ptr6", "@ptr7", "@ptr8", "SL:DATE_TIME]", "IN:CREATE_TIMER]"]}
{"loss": 0.9815190434455872, "class_log_probabilities": [-0.2755764424800873, -7.584746360778809, -7.815171241760254, -8.3552885055542], "predictions": [273, 90, 397, 91, 274, 4, 4, 4, 4, 4], "target_tokens": ["[IN:RESTART_TIMER", "[SL:METHOD_TIMER", "@ptr2", "SL:METHOD_TIMER]", "IN:RESTART_TIMER]"], "predicted_tokens": ["[IN:RESTART_TIMER", "[SL:METHOD_TIMER", "@ptr2", "SL:METHOD_TIMER]", "IN:RESTART_TIMER]"]}
{"loss": 0.9766457676887512, "class_log_probabilities": [-0.27612417936325073, -8.167071342468262, -8.21170711517334, -8.259133338928223], "predictions": [255, 90, 398, 91, 256, 4], "target_tokens": ["[IN:PAUSE_TIMER", "[SL:METHOD_TIMER", "@ptr3", "SL:METHOD_TIMER]", "IN:PAUSE_TIMER]"], "predicted_tokens": ["[IN:PAUSE_TIMER", "[SL:METHOD_TIMER", "@ptr3", "SL:METHOD_TIMER]", "IN:PAUSE_TIMER]"]}
{"loss": 0.9769231081008911, "class_log_probabilities": [-0.474745512008667, -7.2525248527526855, -8.298744201660156, -8.354509353637695], "predictions": [183, 16, 398, 399, 17, 90, 401, 91, 184, 4, 4], "target_tokens": ["[IN:ADD_TIME_TIMER", "[SL:DATE_TIME", "@ptr3", "@ptr4", "SL:DATE_TIME]", "[SL:METHOD_TIMER", "@ptr6", "SL:METHOD_TIMER]", "IN:ADD_TIME_TIMER]"], "predicted_tokens": ["[IN:ADD_TIME_TIMER", "[SL:DATE_TIME", "@ptr3", "@ptr4", "SL:DATE_TIME]", "[SL:METHOD_TIMER", "@ptr6", "SL:METHOD_TIMER]", "IN:ADD_TIME_TIMER]"]}
{"loss": 0.9635864496231079, "class_log_probabilities": [-0.7122012376785278, -8.274550437927246, -8.512163162231445, -8.79212760925293], "predictions": [89, 90, 397, 91, 16, 398, 399, 400, 401, 402, 17, 92, 4, 4, 4], "target_tokens": ["[IN:CREATE_TIMER", "[SL:METHOD_TIMER", "@ptr2", "SL:METHOD_TIMER]", "[SL:DATE_TIME", "@ptr3", "@ptr4", "@ptr5", "@ptr6", "@ptr7", "SL:DATE_TIME]", "IN:CREATE_TIMER]"], "predicted_tokens": ["[IN:CREATE_TIMER", "[SL:METHOD_TIMER", "@ptr2", "SL:METHOD_TIMER]", "[SL:DATE_TIME", "@ptr3", "@ptr4", "@ptr5", "@ptr6", "@ptr7", "SL:DATE_TIME]", "IN:CREATE_TIMER]"]}
{"loss": 4.186601161956787, "class_log_probabilities": [-0.41067519783973694, -5.86418342590332, -6.258820056915283, -8.850264549255371], "predictions": [13, 79, 402, 80, 18, 4, 4, 4, 4], "target_tokens": ["[IN:GET_SUNSET", "IN:GET_SUNSET]"], "predicted_tokens": ["[IN:GET_WEATHER", "[SL:WEATHER_ATTRIBUTE", "@ptr7", "SL:WEATHER_ATTRIBUTE]", "IN:GET_WEATHER]"]}
{"loss": 0.971788227558136, "class_log_probabilities": [-0.48842620849609375, -5.364595413208008, -7.235722541809082, -7.477185249328613], "predictions": [13, 14, 400, 401, 402, 403, 404, 15, 18, 4], "target_tokens": ["[IN:GET_WEATHER", "[SL:LOCATION", "@ptr5", "@ptr6", "@ptr7", "@ptr8", "@ptr9", "SL:LOCATION]", "IN:GET_WEATHER]"], "predicted_tokens": ["[IN:GET_WEATHER", "[SL:LOCATION", "@ptr5", "@ptr6", "@ptr7", "@ptr8", "@ptr9", "SL:LOCATION]", "IN:GET_WEATHER]"]}
{"loss": 0.9700008630752563, "class_log_probabilities": [-0.681699275970459, -3.6196930408477783, -5.923555850982666, -6.572956085205078], "predictions": [13, 79, 399, 400, 401, 80, 16, 402, 17, 18, 4], "target_tokens": ["[IN:GET_WEATHER", "[SL:WEATHER_ATTRIBUTE", "@ptr4", "@ptr5", "@ptr6", "SL:WEATHER_ATTRIBUTE]", "[SL:DATE_TIME", "@ptr7", "SL:DATE_TIME]", "IN:GET_WEATHER]"], "predicted_tokens": ["[IN:GET_WEATHER", "[SL:WEATHER_ATTRIBUTE", "@ptr4", "@ptr5", "@ptr6", "SL:WEATHER_ATTRIBUTE]", "[SL:DATE_TIME", "@ptr7", "SL:DATE_TIME]", "IN:GET_WEATHER]"]}
{"loss": 0.9806516766548157, "class_log_probabilities": [-0.5961399078369141, -4.599893093109131, -6.703930854797363, -7.099469184875488], "predictions": [13, 14, 404, 405, 406, 15, 18, 4, 4], "target_tokens": ["[IN:GET_WEATHER", "[SL:LOCATION", "@ptr9", "@ptr10", "@ptr11", "SL:LOCATION]", "IN:GET_WEATHER]"], "predicted_tokens": ["[IN:GET_WEATHER", "[SL:LOCATION", "@ptr9", "@ptr10", "@ptr11", "SL:LOCATION]", "IN:GET_WEATHER]"]}
{"loss": 2.2681095600128174, "class_log_probabilities": [-0.3558329641819, -6.922062873840332, -6.922091007232666, -7.406700134277344], "predictions": [127, 16, 400, 401, 17, 128, 4], "target_tokens": ["[IN:GET_SUNRISE", "[SL:DATE_TIME", "@ptr6", "SL:DATE_TIME]", "IN:GET_SUNRISE]"], "predicted_tokens": ["[IN:GET_SUNRISE", "[SL:DATE_TIME", "@ptr5", "@ptr6", "SL:DATE_TIME]", "IN:GET_SUNRISE]"]}
{"loss": 0.9721453785896301, "class_log_probabilities": [-0.20228374004364014, -5.93701171875, -6.1578688621521, -6.946332931518555], "predictions": [221, 222, 4], "target_tokens": ["[IN:GET_SUNSET", "IN:GET_SUNSET]"], "predicted_tokens": ["[IN:GET_SUNSET", "IN:GET_SUNSET]"]}
{"loss": 0.9656129479408264, "class_log_probabilities": [-0.4720431864261627, -8.259708404541016, -8.459477424621582, -8.69014835357666], "predictions": [13, 79, 399, 80, 16, 404, 17, 18, 4], "target_tokens": ["[IN:GET_WEATHER", "[SL:WEATHER_ATTRIBUTE", "@ptr4", "SL:WEATHER_ATTRIBUTE]", "[SL:DATE_TIME", "@ptr9", "SL:DATE_TIME]", "IN:GET_WEATHER]"], "predicted_tokens": ["[IN:GET_WEATHER", "[SL:WEATHER_ATTRIBUTE", "@ptr4", "SL:WEATHER_ATTRIBUTE]", "[SL:DATE_TIME", "@ptr9", "SL:DATE_TIME]", "IN:GET_WEATHER]"]}
{"loss": 1.870889663696289, "class_log_probabilities": [-0.8674170970916748, -3.9045538902282715, -5.987226963043213, -7.078824520111084], "predictions": [13, 79, 399, 80, 18, 4, 4, 4, 4], "target_tokens": ["[IN:GET_WEATHER", "[SL:WEATHER_ATTRIBUTE", "@ptr4", "SL:WEATHER_ATTRIBUTE]", "[SL:DATE_TIME", "@ptr5", "@ptr6", "SL:DATE_TIME]", "IN:GET_WEATHER]"], "predicted_tokens": ["[IN:GET_WEATHER", "[SL:WEATHER_ATTRIBUTE", "@ptr4", "SL:WEATHER_ATTRIBUTE]", "IN:GET_WEATHER]"]}
{"loss": 0.9677971005439758, "class_log_probabilities": [-0.4936375617980957, -8.621331214904785, -8.663067817687988, -8.78254508972168], "predictions": [13, 16, 400, 401, 402, 403, 404, 17, 18, 4, 4], "target_tokens": ["[IN:GET_WEATHER", "[SL:DATE_TIME", "@ptr5", "@ptr6", "@ptr7", "@ptr8", "@ptr9", "SL:DATE_TIME]", "IN:GET_WEATHER]"], "predicted_tokens": ["[IN:GET_WEATHER", "[SL:DATE_TIME", "@ptr5", "@ptr6", "@ptr7", "@ptr8", "@ptr9", "SL:DATE_TIME]", "IN:GET_WEATHER]"]}
{"loss": 0.9670976996421814, "class_log_probabilities": [-0.35058820247650146, -8.80847454071045, -8.811578750610352, -8.816702842712402], "predictions": [13, 16, 400, 401, 17, 18, 4], "target_tokens": ["[IN:GET_WEATHER", "[SL:DATE_TIME", "@ptr5", "@ptr6", "SL:DATE_TIME]", "IN:GET_WEATHER]"], "predicted_tokens": ["[IN:GET_WEATHER", "[SL:DATE_TIME", "@ptr5", "@ptr6", "SL:DATE_TIME]", "IN:GET_WEATHER]"]}
{"loss": 0.967865526676178, "class_log_probabilities": [-0.5536406636238098, -8.275629997253418, -8.283028602600098, -8.441995620727539], "predictions": [13, 16, 399, 400, 401, 402, 403, 404, 17, 18, 4, 4], "target_tokens": ["[IN:GET_WEATHER", "[SL:DATE_TIME", "@ptr4", "@ptr5", "@ptr6", "@ptr7", "@ptr8", "@ptr9", "SL:DATE_TIME]", "IN:GET_WEATHER]"], "predicted_tokens": ["[IN:GET_WEATHER", "[SL:DATE_TIME", "@ptr4", "@ptr5", "@ptr6", "@ptr7", "@ptr8", "@ptr9", "SL:DATE_TIME]", "IN:GET_WEATHER]"]}
{"loss": 0.9665040373802185, "class_log_probabilities": [-0.557329535484314, -8.459391593933105, -8.725714683532715, -8.88135051727295], "predictions": [13, 16, 397, 398, 399, 400, 401, 402, 17, 18, 4, 4, 4, 4, 4], "target_tokens": ["[IN:GET_WEATHER", "[SL:DATE_TIME", "@ptr2", "@ptr3", "@ptr4", "@ptr5", "@ptr6", "@ptr7", "SL:DATE_TIME]", "IN:GET_WEATHER]"], "predicted_tokens": ["[IN:GET_WEATHER", "[SL:DATE_TIME", "@ptr2", "@ptr3", "@ptr4", "@ptr5", "@ptr6", "@ptr7", "SL:DATE_TIME]", "IN:GET_WEATHER]"]}
{"loss": 0.9671409726142883, "class_log_probabilities": [-0.5015401840209961, -8.607909202575684, -8.705048561096191, -8.747965812683105], "predictions": [13, 16, 400, 401, 402, 403, 404, 17, 18, 4, 4, 4, 4], "target_tokens": ["[IN:GET_WEATHER", "[SL:DATE_TIME", "@ptr5", "@ptr6", "@ptr7", "@ptr8", "@ptr9", "SL:DATE_TIME]", "IN:GET_WEATHER]"], "predicted_tokens": ["[IN:GET_WEATHER", "[SL:DATE_TIME", "@ptr5", "@ptr6", "@ptr7", "@ptr8", "@ptr9", "SL:DATE_TIME]", "IN:GET_WEATHER]"]}
{"loss": 0.9701129794120789, "class_log_probabilities": [-0.6048043966293335, -5.893706798553467, -7.631548881530762, -8.014894485473633], "predictions": [13, 79, 397, 80, 14, 400, 15, 16, 401, 17, 18, 4, 4], "target_tokens": ["[IN:GET_WEATHER", "[SL:WEATHER_ATTRIBUTE", "@ptr2", "SL:WEATHER_ATTRIBUTE]", "[SL:LOCATION", "@ptr5", "SL:LOCATION]", "[SL:DATE_TIME", "@ptr6", "SL:DATE_TIME]", "IN:GET_WEATHER]"], "predicted_tokens": ["[IN:GET_WEATHER", "[SL:WEATHER_ATTRIBUTE", "@ptr2", "SL:WEATHER_ATTRIBUTE]", "[SL:LOCATION", "@ptr5", "SL:LOCATION]", "[SL:DATE_TIME", "@ptr6", "SL:DATE_TIME]", "IN:GET_WEATHER]"]}
{"loss": 0.9710900187492371, "class_log_probabilities": [-0.6173458099365234, -7.906066417694092, -8.297210693359375, -8.609816551208496], "predictions": [13, 14, 401, 15, 16, 402, 403, 404, 405, 406, 17, 18, 4, 4], "target_tokens": ["[IN:GET_WEATHER", "[SL:LOCATION", "@ptr6", "SL:LOCATION]", "[SL:DATE_TIME", "@ptr7", "@ptr8", "@ptr9", "@ptr10", "@ptr11", "SL:DATE_TIME]", "IN:GET_WEATHER]"], "predicted_tokens": ["[IN:GET_WEATHER", "[SL:LOCATION", "@ptr6", "SL:LOCATION]", "[SL:DATE_TIME", "@ptr7", "@ptr8", "@ptr9", "@ptr10", "@ptr11", "SL:DATE_TIME]", "IN:GET_WEATHER]"]}
{"loss": 3.162799835205078, "class_log_probabilities": [-0.5381798148155212, -8.186328887939453, -8.422040939331055, -8.808062553405762], "predictions": [13, 16, 400, 401, 402, 17, 14, 404, 15, 18, 4, 4], "target_tokens": ["[IN:GET_WEATHER", "[SL:LOCATION", "@ptr9", "SL:LOCATION]", "[SL:DATE_TIME", "@ptr6", "@ptr7", "SL:DATE_TIME]", "IN:GET_WEATHER]"], "predicted_tokens": ["[IN:GET_WEATHER", "[SL:DATE_TIME", "@ptr5", "@ptr6", "@ptr7", "SL:DATE_TIME]", "[SL:LOCATION", "@ptr9", "SL:LOCATION]", "IN:GET_WEATHER]"]}
{"loss": 0.9675222039222717, "class_log_probabilities": [-0.5547513365745544, -7.757888317108154, -8.797368049621582, -8.798410415649414], "predictions": [13, 14, 401, 402, 15, 16, 403, 404, 17, 18, 4, 4], "target_tokens": ["[IN:GET_WEATHER", "[SL:LOCATION", "@ptr6", "@ptr7", "SL:LOCATION]", "[SL:DATE_TIME", "@ptr8", "@ptr9", "SL:DATE_TIME]", "IN:GET_WEATHER]"], "predicted_tokens": ["[IN:GET_WEATHER", "[SL:LOCATION", "@ptr6", "@ptr7", "SL:LOCATION]", "[SL:DATE_TIME", "@ptr8", "@ptr9", "SL:DATE_TIME]", "IN:GET_WEATHER]"]}
{"loss": 0.9695172309875488, "class_log_probabilities": [-0.3898901641368866, -7.422799110412598, -7.615203380584717, -7.874250411987305], "predictions": [13, 14, 400, 401, 402, 15, 18, 4, 4], "target_tokens": ["[IN:GET_WEATHER", "[SL:LOCATION", "@ptr5", "@ptr6", "@ptr7", "SL:LOCATION]", "IN:GET_WEATHER]"], "predicted_tokens": ["[IN:GET_WEATHER", "[SL:LOCATION", "@ptr5", "@ptr6", "@ptr7", "SL:LOCATION]", "IN:GET_WEATHER]"]}
{"loss": 4.989509105682373, "class_log_probabilities": [-0.33099085092544556, -7.5417561531066895, -7.698736667633057, -7.870450496673584], "predictions": [63, 66, 397, 67, 68, 4], "target_tokens": ["[IN:GET_WEATHER", "[SL:LOCATION", "@ptr2", "SL:LOCATION]", "IN:GET_WEATHER]"], "predicted_tokens": ["[IN:PLAY_MUSIC", "[SL:MUSIC_ARTIST_NAME", "@ptr2", "SL:MUSIC_ARTIST_NAME]", "IN:PLAY_MUSIC]"]}
{"loss": 0.9695031046867371, "class_log_probabilities": [-0.291059672832489, -8.652338981628418, -8.658330917358398, -8.706448554992676], "predictions": [13, 14, 397, 15, 18, 4], "target_tokens": ["[IN:GET_WEATHER", "[SL:LOCATION", "@ptr2", "SL:LOCATION]", "IN:GET_WEATHER]"], "predicted_tokens": ["[IN:GET_WEATHER", "[SL:LOCATION", "@ptr2", "SL:LOCATION]", "IN:GET_WEATHER]"]}
{"loss": 1.8394904136657715, "class_log_probabilities": [-0.5326529145240784, -5.747796535491943, -6.924115180969238, -6.988914489746094], "predictions": [13, 14, 400, 401, 402, 403, 15, 18, 4], "target_tokens": ["[IN:GET_WEATHER", "[SL:LOCATION", "@ptr6", "@ptr7", "@ptr8", "SL:LOCATION]", "IN:GET_WEATHER]"], "predicted_tokens": ["[IN:GET_WEATHER", "[SL:LOCATION", "@ptr5", "@ptr6", "@ptr7", "@ptr8", "SL:LOCATION]", "IN:GET_WEATHER]"]}
{"loss": 1.8441580533981323, "class_log_probabilities": [-0.6394813656806946, -8.371865272521973, -8.579635620117188, -8.646010398864746], "predictions": [13, 79, 398, 80, 16, 399, 400, 17, 14, 402, 15, 18, 4], "target_tokens": ["[IN:GET_WEATHER", "[SL:WEATHER_ATTRIBUTE", "@ptr3", "SL:WEATHER_ATTRIBUTE]", "[SL:LOCATION", "@ptr7", "SL:LOCATION]", "[SL:DATE_TIME", "@ptr4", "@ptr5", "SL:DATE_TIME]", "IN:GET_WEATHER]"], "predicted_tokens": ["[IN:GET_WEATHER", "[SL:WEATHER_ATTRIBUTE", "@ptr3", "SL:WEATHER_ATTRIBUTE]", "[SL:DATE_TIME", "@ptr4", "@ptr5", "SL:DATE_TIME]", "[SL:LOCATION", "@ptr7", "SL:LOCATION]", "IN:GET_WEATHER]"]}
{"loss": 0.9678594470024109, "class_log_probabilities": [-0.2997434735298157, -8.393515586853027, -8.477266311645508, -8.649258613586426], "predictions": [13, 14, 402, 15, 18, 4], "target_tokens": ["[IN:GET_WEATHER", "[SL:LOCATION", "@ptr7", "SL:LOCATION]", "IN:GET_WEATHER]"], "predicted_tokens": ["[IN:GET_WEATHER", "[SL:LOCATION", "@ptr7", "SL:LOCATION]", "IN:GET_WEATHER]"]}
{"loss": 0.9748080372810364, "class_log_probabilities": [-0.4862785339355469, -5.547916889190674, -6.482010364532471, -6.636996746063232], "predictions": [13, 14, 402, 403, 404, 405, 406, 15, 18, 4], "target_tokens": ["[IN:GET_WEATHER", "[SL:LOCATION", "@ptr7", "@ptr8", "@ptr9", "@ptr10", "@ptr11", "SL:LOCATION]", "IN:GET_WEATHER]"], "predicted_tokens": ["[IN:GET_WEATHER", "[SL:LOCATION", "@ptr7", "@ptr8", "@ptr9", "@ptr10", "@ptr11", "SL:LOCATION]", "IN:GET_WEATHER]"]}
{"loss": 2.2821524143218994, "class_log_probabilities": [-0.352485716342926, -8.734185218811035, -8.893628120422363, -8.907121658325195], "predictions": [13, 16, 400, 401, 17, 18, 4], "target_tokens": ["[IN:GET_WEATHER", "[SL:DATE_TIME", "@ptr6", "SL:DATE_TIME]", "IN:GET_WEATHER]"], "predicted_tokens": ["[IN:GET_WEATHER", "[SL:DATE_TIME", "@ptr5", "@ptr6", "SL:DATE_TIME]", "IN:GET_WEATHER]"]}
{"loss": 0.9650686383247375, "class_log_probabilities": [-0.5795137882232666, -4.5556464195251465, -7.001450538635254, -7.034647464752197], "predictions": [13, 16, 402, 403, 404, 405, 406, 17, 18, 4], "target_tokens": ["[IN:GET_WEATHER", "[SL:DATE_TIME", "@ptr7", "@ptr8", "@ptr9", "@ptr10", "@ptr11", "SL:DATE_TIME]", "IN:GET_WEATHER]"], "predicted_tokens": ["[IN:GET_WEATHER", "[SL:DATE_TIME", "@ptr7", "@ptr8", "@ptr9", "@ptr10", "@ptr11", "SL:DATE_TIME]", "IN:GET_WEATHER]"]}
{"loss": 0.9658960700035095, "class_log_probabilities": [-0.41042885184288025, -7.852015018463135, -7.968176364898682, -8.698474884033203], "predictions": [13, 16, 400, 401, 402, 17, 18, 4, 4], "target_tokens": ["[IN:GET_WEATHER", "[SL:DATE_TIME", "@ptr5", "@ptr6", "@ptr7", "SL:DATE_TIME]", "IN:GET_WEATHER]"], "predicted_tokens": ["[IN:GET_WEATHER", "[SL:DATE_TIME", "@ptr5", "@ptr6", "@ptr7", "SL:DATE_TIME]", "IN:GET_WEATHER]"]}
{"loss": 0.9662930369377136, "class_log_probabilities": [-0.3568630516529083, -8.589436531066895, -8.677679061889648, -8.821924209594727], "predictions": [13, 16, 400, 401, 17, 18, 4], "target_tokens": ["[IN:GET_WEATHER", "[SL:DATE_TIME", "@ptr5", "@ptr6", "SL:DATE_TIME]", "IN:GET_WEATHER]"], "predicted_tokens": ["[IN:GET_WEATHER", "[SL:DATE_TIME", "@ptr5", "@ptr6", "SL:DATE_TIME]", "IN:GET_WEATHER]"]}
{"loss": 0.968436062335968, "class_log_probabilities": [-0.2970437705516815, -8.536754608154297, -8.568404197692871, -8.571642875671387], "predictions": [13, 14, 401, 15, 18, 4], "target_tokens": ["[IN:GET_WEATHER", "[SL:LOCATION", "@ptr6", "SL:LOCATION]", "IN:GET_WEATHER]"], "predicted_tokens": ["[IN:GET_WEATHER", "[SL:LOCATION", "@ptr6", "SL:LOCATION]", "IN:GET_WEATHER]"]}
{"loss": 0.9687660336494446, "class_log_probabilities": [-0.2956448793411255, -8.3650484085083, -8.57838249206543, -8.631031036376953], "predictions": [13, 14, 401, 15, 18, 4], "target_tokens": ["[IN:GET_WEATHER", "[SL:LOCATION", "@ptr6", "SL:LOCATION]", "IN:GET_WEATHER]"], "predicted_tokens": ["[IN:GET_WEATHER", "[SL:LOCATION", "@ptr6", "SL:LOCATION]", "IN:GET_WEATHER]"]}
{"loss": 1.0055477619171143, "class_log_probabilities": [-0.6705849766731262, -1.7406548261642456, -5.523111820220947, -8.16612720489502], "predictions": [13, 14, 399, 15, 18, 4, 4, 4, 4], "target_tokens": ["[IN:GET_WEATHER", "[SL:LOCATION", "@ptr4", "SL:LOCATION]", "IN:GET_WEATHER]"], "predicted_tokens": ["[IN:GET_WEATHER", "[SL:LOCATION", "@ptr4", "SL:LOCATION]", "IN:GET_WEATHER]"]}
{"loss": 0.9684231877326965, "class_log_probabilities": [-0.29745545983314514, -8.281129837036133, -8.520813941955566, -8.539809226989746], "predictions": [13, 14, 399, 15, 18, 4], "target_tokens": ["[IN:GET_WEATHER", "[SL:LOCATION", "@ptr4", "SL:LOCATION]", "IN:GET_WEATHER]"], "predicted_tokens": ["[IN:GET_WEATHER", "[SL:LOCATION", "@ptr4", "SL:LOCATION]", "IN:GET_WEATHER]"]}
{"loss": 0.9694418907165527, "class_log_probabilities": [-0.2909325063228607, -8.677763938903809, -8.705924987792969, -8.743229866027832], "predictions": [13, 14, 401, 15, 18, 4], "target_tokens": ["[IN:GET_WEATHER", "[SL:LOCATION", "@ptr6", "SL:LOCATION]", "IN:GET_WEATHER]"], "predicted_tokens": ["[IN:GET_WEATHER", "[SL:LOCATION", "@ptr6", "SL:LOCATION]", "IN:GET_WEATHER]"]}
{"loss": 0.965668261051178, "class_log_probabilities": [-0.36642831563949585, -7.812220573425293, -8.413820266723633, -8.490216255187988], "predictions": [13, 14, 399, 400, 15, 18, 4], "target_tokens": ["[IN:GET_WEATHER", "[SL:LOCATION", "@ptr4", "@ptr5", "SL:LOCATION]", "IN:GET_WEATHER]"], "predicted_tokens": ["[IN:GET_WEATHER", "[SL:LOCATION", "@ptr4", "@ptr5", "SL:LOCATION]", "IN:GET_WEATHER]"]}
{"loss": 1.6861754655838013, "class_log_probabilities": [-0.6552415490150452, -8.406429290771484, -8.589818954467773, -8.652292251586914], "predictions": [13, 79, 398, 80, 16, 399, 400, 401, 402, 403, 17, 18, 4], "target_tokens": ["[IN:GET_WEATHER", "[SL:WEATHER_ATTRIBUTE", "@ptr3", "SL:WEATHER_ATTRIBUTE]", "[SL:DATE_TIME", "@ptr5", "@ptr6", "@ptr7", "@ptr8", "SL:DATE_TIME]", "IN:GET_WEATHER]"], "predicted_tokens": ["[IN:GET_WEATHER", "[SL:WEATHER_ATTRIBUTE", "@ptr3", "SL:WEATHER_ATTRIBUTE]", "[SL:DATE_TIME", "@ptr4", "@ptr5", "@ptr6", "@ptr7", "@ptr8", "SL:DATE_TIME]", "IN:GET_WEATHER]"]}
{"loss": 2.2558460235595703, "class_log_probabilities": [-0.9451574683189392, -5.343380928039551, -5.736992835998535, -5.907166481018066], "predictions": [251, 66, 396, 67, 16, 397, 17, 252, 4], "target_tokens": ["[IN:GET_WEATHER", "[SL:WEATHER_ATTRIBUTE", "@ptr1", "SL:WEATHER_ATTRIBUTE]", "[SL:DATE_TIME", "@ptr2", "SL:DATE_TIME]", "IN:GET_WEATHER]"], "predicted_tokens": ["[IN:QUESTION_MUSIC", "[SL:MUSIC_ARTIST_NAME", "@ptr1", "SL:MUSIC_ARTIST_NAME]", "[SL:DATE_TIME", "@ptr2", "SL:DATE_TIME]", "IN:QUESTION_MUSIC]"]}
{"loss": 0.9674092531204224, "class_log_probabilities": [-0.3547247350215912, -7.888119220733643, -8.601606369018555, -8.770729064941406], "predictions": [13, 14, 400, 401, 15, 18, 4], "target_tokens": ["[IN:GET_WEATHER", "[SL:LOCATION", "@ptr5", "@ptr6", "SL:LOCATION]", "IN:GET_WEATHER]"], "predicted_tokens": ["[IN:GET_WEATHER", "[SL:LOCATION", "@ptr5", "@ptr6", "SL:LOCATION]", "IN:GET_WEATHER]"]}
{"loss": 0.9688848257064819, "class_log_probabilities": [-0.391923725605011, -7.855163097381592, -7.901312351226807, -8.151253700256348], "predictions": [13, 14, 401, 402, 403, 15, 18, 4], "target_tokens": ["[IN:GET_WEATHER", "[SL:LOCATION", "@ptr6", "@ptr7", "@ptr8", "SL:LOCATION]", "IN:GET_WEATHER]"], "predicted_tokens": ["[IN:GET_WEATHER", "[SL:LOCATION", "@ptr6", "@ptr7", "@ptr8", "SL:LOCATION]", "IN:GET_WEATHER]"]}
{"loss": 0.9639922976493835, "class_log_probabilities": [-0.5876126289367676, -7.843805313110352, -8.105658531188965, -8.350397109985352], "predictions": [13, 16, 398, 399, 400, 401, 402, 403, 17, 18, 4], "target_tokens": ["[IN:GET_WEATHER", "[SL:DATE_TIME", "@ptr3", "@ptr4", "@ptr5", "@ptr6", "@ptr7", "@ptr8", "SL:DATE_TIME]", "IN:GET_WEATHER]"], "predicted_tokens": ["[IN:GET_WEATHER", "[SL:DATE_TIME", "@ptr3", "@ptr4", "@ptr5", "@ptr6", "@ptr7", "@ptr8", "SL:DATE_TIME]", "IN:GET_WEATHER]"]}
{"loss": 0.9690127372741699, "class_log_probabilities": [-0.2949044704437256, -8.530527114868164, -8.536186218261719, -8.600513458251953], "predictions": [13, 14, 399, 15, 18, 4], "target_tokens": ["[IN:GET_WEATHER", "[SL:LOCATION", "@ptr4", "SL:LOCATION]", "IN:GET_WEATHER]"], "predicted_tokens": ["[IN:GET_WEATHER", "[SL:LOCATION", "@ptr4", "SL:LOCATION]", "IN:GET_WEATHER]"]}
{"loss": 0.9670724868774414, "class_log_probabilities": [-0.4084252417087555, -6.903930187225342, -7.729072570800781, -7.81824254989624], "predictions": [13, 14, 402, 403, 404, 15, 18, 4], "target_tokens": ["[IN:GET_WEATHER", "[SL:LOCATION", "@ptr7", "@ptr8", "@ptr9", "SL:LOCATION]", "IN:GET_WEATHER]"], "predicted_tokens": ["[IN:GET_WEATHER", "[SL:LOCATION", "@ptr7", "@ptr8", "@ptr9", "SL:LOCATION]", "IN:GET_WEATHER]"]}
{"loss": 0.9670976996421814, "class_log_probabilities": [-0.35058820247650146, -8.80847454071045, -8.811578750610352, -8.816702842712402], "predictions": [13, 16, 400, 401, 17, 18, 4], "target_tokens": ["[IN:GET_WEATHER", "[SL:DATE_TIME", "@ptr5", "@ptr6", "SL:DATE_TIME]", "IN:GET_WEATHER]"], "predicted_tokens": ["[IN:GET_WEATHER", "[SL:DATE_TIME", "@ptr5", "@ptr6", "SL:DATE_TIME]", "IN:GET_WEATHER]"]}
{"loss": 0.9675174355506897, "class_log_probabilities": [-0.3514612317085266, -6.9228620529174805, -8.745551109313965, -8.771621704101562], "predictions": [13, 16, 399, 400, 17, 18, 4], "target_tokens": ["[IN:GET_WEATHER", "[SL:DATE_TIME", "@ptr4", "@ptr5", "SL:DATE_TIME]", "IN:GET_WEATHER]"], "predicted_tokens": ["[IN:GET_WEATHER", "[SL:DATE_TIME", "@ptr4", "@ptr5", "SL:DATE_TIME]", "IN:GET_WEATHER]"]}
{"loss": 1.9588322639465332, "class_log_probabilities": [-0.7573397755622864, -3.8771920204162598, -5.6977434158325195, -6.578236103057861], "predictions": [13, 79, 398, 399, 80, 135, 401, 136, 18, 4, 4, 4], "target_tokens": ["[IN:GET_WEATHER", "[SL:WEATHER_ATTRIBUTE", "@ptr2", "@ptr3", "@ptr4", "@ptr5", "SL:WEATHER_ATTRIBUTE]", "[SL:WEATHER_TEMPERATURE_UNIT", "@ptr6", "SL:WEATHER_TEMPERATURE_UNIT]", "IN:GET_WEATHER]"], "predicted_tokens": ["[IN:GET_WEATHER", "[SL:WEATHER_ATTRIBUTE", "@ptr3", "@ptr4", "SL:WEATHER_ATTRIBUTE]", "[SL:WEATHER_TEMPERATURE_UNIT", "@ptr6", "SL:WEATHER_TEMPERATURE_UNIT]", "IN:GET_WEATHER]"]}
{"loss": 1.3946455717086792, "class_log_probabilities": [-0.7823943495750427, -7.395097255706787, -7.605345249176025, -8.079863548278809], "predictions": [13, 14, 398, 399, 400, 401, 15, 16, 402, 403, 404, 405, 17, 18, 4, 4], "target_tokens": ["[IN:GET_WEATHER", "[SL:LOCATION", "@ptr4", "@ptr5", "@ptr6", "SL:LOCATION]", "[SL:DATE_TIME", "@ptr7", "@ptr8", "@ptr9", "@ptr10", "SL:DATE_TIME]", "IN:GET_WEATHER]"], "predicted_tokens": ["[IN:GET_WEATHER", "[SL:LOCATION", "@ptr3", "@ptr4", "@ptr5", "@ptr6", "SL:LOCATION]", "[SL:DATE_TIME", "@ptr7", "@ptr8", "@ptr9", "@ptr10", "SL:DATE_TIME]", "IN:GET_WEATHER]"]}
{"loss": 0.968315601348877, "class_log_probabilities": [-0.29635512828826904, -8.342106819152832, -8.8238525390625, -8.842325210571289], "predictions": [13, 16, 400, 17, 18, 4], "target_tokens": ["[IN:GET_WEATHER", "[SL:DATE_TIME", "@ptr5", "SL:DATE_TIME]", "IN:GET_WEATHER]"], "predicted_tokens": ["[IN:GET_WEATHER", "[SL:DATE_TIME", "@ptr5", "SL:DATE_TIME]", "IN:GET_WEATHER]"]}
{"loss": 1.5772029161453247, "class_log_probabilities": [-0.3922913074493408, -5.17756986618042, -5.359436988830566, -7.64452600479126], "predictions": [13, 16, 400, 17, 18, 4, 4], "target_tokens": ["[IN:GET_WEATHER", "[SL:DATE_TIME", "@ptr4", "@ptr5", "SL:DATE_TIME]", "IN:GET_WEATHER]"], "predicted_tokens": ["[IN:GET_WEATHER", "[SL:DATE_TIME", "@ptr5", "SL:DATE_TIME]", "IN:GET_WEATHER]"]}
{"loss": 0.965808629989624, "class_log_probabilities": [-0.46554818749427795, -8.302268981933594, -8.544471740722656, -8.554973602294922], "predictions": [13, 79, 399, 80, 16, 400, 17, 18, 4], "target_tokens": ["[IN:GET_WEATHER", "[SL:WEATHER_ATTRIBUTE", "@ptr4", "SL:WEATHER_ATTRIBUTE]", "[SL:DATE_TIME", "@ptr5", "SL:DATE_TIME]", "IN:GET_WEATHER]"], "predicted_tokens": ["[IN:GET_WEATHER", "[SL:WEATHER_ATTRIBUTE", "@ptr4", "SL:WEATHER_ATTRIBUTE]", "[SL:DATE_TIME", "@ptr5", "SL:DATE_TIME]", "IN:GET_WEATHER]"]}
{"loss": 2.402740478515625, "class_log_probabilities": [-0.5248345732688904, -7.52169942855835, -8.20510196685791, -8.589529037475586], "predictions": [13, 16, 398, 399, 400, 17, 79, 406, 80, 18, 4, 4, 4], "target_tokens": ["[IN:GET_WEATHER", "[SL:WEATHER_ATTRIBUTE", "@ptr11", "SL:WEATHER_ATTRIBUTE]", "[SL:DATE_TIME", "@ptr3", "@ptr4", "@ptr5", "SL:DATE_TIME]", "IN:GET_WEATHER]"], "predicted_tokens": ["[IN:GET_WEATHER", "[SL:DATE_TIME", "@ptr3", "@ptr4", "@ptr5", "SL:DATE_TIME]", "[SL:WEATHER_ATTRIBUTE", "@ptr11", "SL:WEATHER_ATTRIBUTE]", "IN:GET_WEATHER]"]}
{"loss": 2.7055225372314453, "class_log_probabilities": [-3.6750564575195312, -3.854301691055298, -4.337435722351074, -4.515000343322754], "predictions": [13, 18, 4, 4, 4, 4, 4, 4], "target_tokens": ["[IN:GET_WEATHER", "[SL:DATE_TIME", "@ptr6", "@ptr7", "@ptr8", "@ptr9", "@ptr10", "@ptr11", "@ptr12", "SL:DATE_TIME]", "IN:GET_WEATHER]"], "predicted_tokens": ["[IN:GET_WEATHER", "IN:GET_WEATHER]"]}
{"loss": 0.9692746996879578, "class_log_probabilities": [-0.5350275039672852, -7.869210243225098, -8.512529373168945, -8.72354793548584], "predictions": [13, 16, 400, 401, 17, 14, 403, 404, 15, 18, 4, 4], "target_tokens": ["[IN:GET_WEATHER", "[SL:DATE_TIME", "@ptr5", "@ptr6", "SL:DATE_TIME]", "[SL:LOCATION", "@ptr8", "@ptr9", "SL:LOCATION]", "IN:GET_WEATHER]"], "predicted_tokens": ["[IN:GET_WEATHER", "[SL:DATE_TIME", "@ptr5", "@ptr6", "SL:DATE_TIME]", "[SL:LOCATION", "@ptr8", "@ptr9", "SL:LOCATION]", "IN:GET_WEATHER]"]}
{"loss": 2.3992228507995605, "class_log_probabilities": [-0.5039293766021729, -8.282681465148926, -8.419119834899902, -8.598331451416016], "predictions": [13, 16, 399, 400, 17, 14, 402, 15, 18, 4], "target_tokens": ["[IN:GET_WEATHER", "[SL:LOCATION", "@ptr7", "SL:LOCATION]", "[SL:DATE_TIME", "@ptr4", "@ptr5", "SL:DATE_TIME]", "IN:GET_WEATHER]"], "predicted_tokens": ["[IN:GET_WEATHER", "[SL:DATE_TIME", "@ptr4", "@ptr5", "SL:DATE_TIME]", "[SL:LOCATION", "@ptr7", "SL:LOCATION]", "IN:GET_WEATHER]"]}
{"loss": 1.4052231311798096, "class_log_probabilities": [-0.8244837522506714, -2.9373908042907715, -4.954713344573975, -6.114584445953369], "predictions": [13, 14, 400, 401, 402, 15, 16, 404, 405, 406, 407, 17, 18, 4], "target_tokens": ["[IN:GET_WEATHER", "[SL:LOCATION", "@ptr5", "@ptr6", "@ptr7", "SL:LOCATION]", "[SL:DATE_TIME", "@ptr10", "@ptr11", "@ptr12", "SL:DATE_TIME]", "IN:GET_WEATHER]"], "predicted_tokens": ["[IN:GET_WEATHER", "[SL:LOCATION", "@ptr5", "@ptr6", "@ptr7", "SL:LOCATION]", "[SL:DATE_TIME", "@ptr9", "@ptr10", "@ptr11", "@ptr12", "SL:DATE_TIME]", "IN:GET_WEATHER]"]}
{"loss": 1.5084857940673828, "class_log_probabilities": [-0.7010684609413147, -7.646617412567139, -7.72171688079834, -7.933034896850586], "predictions": [13, 14, 401, 15, 16, 402, 403, 404, 405, 406, 407, 408, 17, 18, 4, 4, 4, 4, 4, 4], "target_tokens": ["[IN:GET_WEATHER", "[SL:LOCATION", "@ptr6", "SL:LOCATION]", "[SL:DATE_TIME", "@ptr8", "@ptr9", "@ptr10", "@ptr11", "@ptr12", "@ptr13", "SL:DATE_TIME]", "IN:GET_WEATHER]"], "predicted_tokens": ["[IN:GET_WEATHER", "[SL:LOCATION", "@ptr6", "SL:LOCATION]", "[SL:DATE_TIME", "@ptr7", "@ptr8", "@ptr9", "@ptr10", "@ptr11", "@ptr12", "@ptr13", "SL:DATE_TIME]", "IN:GET_WEATHER]"]}
{"loss": 2.596083879470825, "class_log_probabilities": [-0.4414750635623932, -6.92816162109375, -7.610991477966309, -7.8061842918396], "predictions": [13, 79, 397, 80, 135, 401, 136, 18, 4], "target_tokens": ["[IN:GET_WEATHER", "[SL:WEATHER_ATTRIBUTE", "@ptr2", "SL:WEATHER_ATTRIBUTE]", "[SL:WEATHER_TEMPERATURE_UNIT", "@ptr5", "@ptr6", "SL:WEATHER_TEMPERATURE_UNIT]", "IN:GET_WEATHER]"], "predicted_tokens": ["[IN:GET_WEATHER", "[SL:WEATHER_ATTRIBUTE", "@ptr2", "SL:WEATHER_ATTRIBUTE]", "[SL:WEATHER_TEMPERATURE_UNIT", "@ptr6", "SL:WEATHER_TEMPERATURE_UNIT]", "IN:GET_WEATHER]"]}
{"loss": 0.9651790261268616, "class_log_probabilities": [-0.4403434991836548, -5.157469749450684, -8.093084335327148, -8.49915599822998], "predictions": [13, 16, 397, 398, 399, 17, 18, 4], "target_tokens": ["[IN:GET_WEATHER", "[SL:DATE_TIME", "@ptr2", "@ptr3", "@ptr4", "SL:DATE_TIME]", "IN:GET_WEATHER]"], "predicted_tokens": ["[IN:GET_WEATHER", "[SL:DATE_TIME", "@ptr2", "@ptr3", "@ptr4", "SL:DATE_TIME]", "IN:GET_WEATHER]"]}
{"loss": 0.9670976996421814, "class_log_probabilities": [-0.35058820247650146, -8.80847454071045, -8.811578750610352, -8.816702842712402], "predictions": [13, 16, 400, 401, 17, 18, 4], "target_tokens": ["[IN:GET_WEATHER", "[SL:DATE_TIME", "@ptr5", "@ptr6", "SL:DATE_TIME]", "IN:GET_WEATHER]"], "predicted_tokens": ["[IN:GET_WEATHER", "[SL:DATE_TIME", "@ptr5", "@ptr6", "SL:DATE_TIME]", "IN:GET_WEATHER]"]}
{"loss": 0.9690654873847961, "class_log_probabilities": [-0.48236361145973206, -8.523902893066406, -8.68387222290039, -8.695250511169434], "predictions": [13, 16, 400, 401, 402, 403, 404, 17, 18, 4, 4], "target_tokens": ["[IN:GET_WEATHER", "[SL:DATE_TIME", "@ptr5", "@ptr6", "@ptr7", "@ptr8", "@ptr9", "SL:DATE_TIME]", "IN:GET_WEATHER]"], "predicted_tokens": ["[IN:GET_WEATHER", "[SL:DATE_TIME", "@ptr5", "@ptr6", "@ptr7", "@ptr8", "@ptr9", "SL:DATE_TIME]", "IN:GET_WEATHER]"]}
{"loss": 0.9670892357826233, "class_log_probabilities": [-0.35060638189315796, -8.786831855773926, -8.805557250976562, -8.809310913085938], "predictions": [13, 16, 400, 401, 17, 18, 4], "target_tokens": ["[IN:GET_WEATHER", "[SL:DATE_TIME", "@ptr5", "@ptr6", "SL:DATE_TIME]", "IN:GET_WEATHER]"], "predicted_tokens": ["[IN:GET_WEATHER", "[SL:DATE_TIME", "@ptr5", "@ptr6", "SL:DATE_TIME]", "IN:GET_WEATHER]"]}
{"loss": 0.9686987996101379, "class_log_probabilities": [-0.2967272698879242, -8.35925579071045, -8.423971176147461, -8.533218383789062], "predictions": [13, 14, 401, 15, 18, 4], "target_tokens": ["[IN:GET_WEATHER", "[SL:LOCATION", "@ptr6", "SL:LOCATION]", "IN:GET_WEATHER]"], "predicted_tokens": ["[IN:GET_WEATHER", "[SL:LOCATION", "@ptr6", "SL:LOCATION]", "IN:GET_WEATHER]"]}
{"loss": 0.96812504529953, "class_log_probabilities": [-0.29907864332199097, -8.49921703338623, -8.666890144348145, -8.684626579284668], "predictions": [13, 14, 402, 15, 18, 4], "target_tokens": ["[IN:GET_WEATHER", "[SL:LOCATION", "@ptr7", "SL:LOCATION]", "IN:GET_WEATHER]"], "predicted_tokens": ["[IN:GET_WEATHER", "[SL:LOCATION", "@ptr7", "SL:LOCATION]", "IN:GET_WEATHER]"]}
{"loss": 0.969610869884491, "class_log_probabilities": [-0.3394944965839386, -8.374266624450684, -8.598077774047852, -8.648681640625], "predictions": [13, 14, 402, 403, 15, 18, 4, 4], "target_tokens": ["[IN:GET_WEATHER", "[SL:LOCATION", "@ptr7", "@ptr8", "SL:LOCATION]", "IN:GET_WEATHER]"], "predicted_tokens": ["[IN:GET_WEATHER", "[SL:LOCATION", "@ptr7", "@ptr8", "SL:LOCATION]", "IN:GET_WEATHER]"]}
{"loss": 0.9702150821685791, "class_log_probabilities": [-0.4408462941646576, -7.705419063568115, -7.824556827545166, -7.941278457641602], "predictions": [13, 14, 401, 402, 403, 404, 15, 18, 4], "target_tokens": ["[IN:GET_WEATHER", "[SL:LOCATION", "@ptr6", "@ptr7", "@ptr8", "@ptr9", "SL:LOCATION]", "IN:GET_WEATHER]"], "predicted_tokens": ["[IN:GET_WEATHER", "[SL:LOCATION", "@ptr6", "@ptr7", "@ptr8", "@ptr9", "SL:LOCATION]", "IN:GET_WEATHER]"]}
{"loss": 1.7416425943374634, "class_log_probabilities": [-0.385336697101593, -6.344610214233398, -6.761785507202148, -7.17110538482666], "predictions": [13, 14, 402, 403, 404, 15, 18, 4, 4], "target_tokens": ["[IN:GET_WEATHER", "[SL:LOCATION", "@ptr8", "@ptr9", "SL:LOCATION]", "IN:GET_WEATHER]"], "predicted_tokens": ["[IN:GET_WEATHER", "[SL:LOCATION", "@ptr7", "@ptr8", "@ptr9", "SL:LOCATION]", "IN:GET_WEATHER]"]}
{"loss": 0.9706005454063416, "class_log_probabilities": [-0.5264225602149963, -7.949373722076416, -8.053361892700195, -8.08158016204834], "predictions": [13, 16, 400, 401, 402, 403, 404, 405, 17, 18, 4, 4], "target_tokens": ["[IN:GET_WEATHER", "[SL:DATE_TIME", "@ptr5", "@ptr6", "@ptr7", "@ptr8", "@ptr9", "@ptr10", "SL:DATE_TIME]", "IN:GET_WEATHER]"], "predicted_tokens": ["[IN:GET_WEATHER", "[SL:DATE_TIME", "@ptr5", "@ptr6", "@ptr7", "@ptr8", "@ptr9", "@ptr10", "SL:DATE_TIME]", "IN:GET_WEATHER]"]}
{"loss": 0.9684276580810547, "class_log_probabilities": [-0.3952680826187134, -7.302875995635986, -8.348011016845703, -8.588682174682617], "predictions": [13, 16, 401, 402, 403, 17, 18, 4, 4], "target_tokens": ["[IN:GET_WEATHER", "[SL:DATE_TIME", "@ptr6", "@ptr7", "@ptr8", "SL:DATE_TIME]", "IN:GET_WEATHER]"], "predicted_tokens": ["[IN:GET_WEATHER", "[SL:DATE_TIME", "@ptr6", "@ptr7", "@ptr8", "SL:DATE_TIME]", "IN:GET_WEATHER]"]}
{"loss": 0.9699116349220276, "class_log_probabilities": [-0.6256089806556702, -5.783154010772705, -7.366532802581787, -7.8656110763549805], "predictions": [13, 16, 398, 399, 400, 401, 402, 403, 404, 17, 18, 4, 4], "target_tokens": ["[IN:GET_WEATHER", "[SL:DATE_TIME", "@ptr3", "@ptr4", "@ptr5", "@ptr6", "@ptr7", "@ptr8", "@ptr9", "SL:DATE_TIME]", "IN:GET_WEATHER]"], "predicted_tokens": ["[IN:GET_WEATHER", "[SL:DATE_TIME", "@ptr3", "@ptr4", "@ptr5", "@ptr6", "@ptr7", "@ptr8", "@ptr9", "SL:DATE_TIME]", "IN:GET_WEATHER]"]}
{"loss": 1.0433413982391357, "class_log_probabilities": [-1.0505590438842773, -1.8827892541885376, -6.165639400482178, -7.031661510467529], "predictions": [13, 16, 401, 402, 403, 404, 405, 406, 407, 408, 409, 410, 17, 18, 4, 4], "target_tokens": ["[IN:GET_WEATHER", "[SL:DATE_TIME", "@ptr6", "@ptr7", "@ptr8", "@ptr9", "@ptr10", "@ptr11", "@ptr12", "@ptr13", "@ptr14", "@ptr15", "@ptr16", "SL:DATE_TIME]", "IN:GET_WEATHER]"], "predicted_tokens": ["[IN:GET_WEATHER", "[SL:DATE_TIME", "@ptr6", "@ptr7", "@ptr8", "@ptr9", "@ptr10", "@ptr11", "@ptr12", "@ptr13", "@ptr14", "@ptr15", "SL:DATE_TIME]", "IN:GET_WEATHER]"]}
{"loss": 1.1862837076187134, "class_log_probabilities": [-0.8621929883956909, -3.503941059112549, -5.860340595245361, -7.566342353820801], "predictions": [13, 16, 400, 401, 402, 403, 17, 16, 404, 405, 406, 17, 18, 4, 4], "target_tokens": ["[IN:GET_WEATHER", "[SL:DATE_TIME", "@ptr5", "@ptr6", "@ptr7", "@ptr8", "@ptr9", "@ptr10", "@ptr11", "SL:DATE_TIME]", "IN:GET_WEATHER]"], "predicted_tokens": ["[IN:GET_WEATHER", "[SL:DATE_TIME", "@ptr5", "@ptr6", "@ptr7", "@ptr8", "SL:DATE_TIME]", "[SL:DATE_TIME", "@ptr9", "@ptr10", "@ptr11", "SL:DATE_TIME]", "IN:GET_WEATHER]"]}
{"loss": 0.9663819670677185, "class_log_probabilities": [-0.4082159101963043, -8.09775447845459, -8.612589836120605, -8.701988220214844], "predictions": [13, 16, 400, 401, 402, 17, 18, 4, 4], "target_tokens": ["[IN:GET_WEATHER", "[SL:DATE_TIME", "@ptr5", "@ptr6", "@ptr7", "SL:DATE_TIME]", "IN:GET_WEATHER]"], "predicted_tokens": ["[IN:GET_WEATHER", "[SL:DATE_TIME", "@ptr5", "@ptr6", "@ptr7", "SL:DATE_TIME]", "IN:GET_WEATHER]"]}
{"loss": 0.992877185344696, "class_log_probabilities": [-0.7685863971710205, -2.0562989711761475, -7.072075843811035, -7.4442853927612305], "predictions": [13, 16, 400, 401, 17, 18, 4], "target_tokens": ["[IN:GET_WEATHER", "[SL:DATE_TIME", "@ptr5", "@ptr6", "SL:DATE_TIME]", "IN:GET_WEATHER]"], "predicted_tokens": ["[IN:GET_WEATHER", "[SL:DATE_TIME", "@ptr5", "@ptr6", "SL:DATE_TIME]", "IN:GET_WEATHER]"]}
{"loss": 2.3441240787506104, "class_log_probabilities": [-0.35574376583099365, -8.690690040588379, -8.806811332702637, -8.829883575439453], "predictions": [13, 16, 400, 401, 17, 18, 4], "target_tokens": ["[IN:GET_WEATHER", "[SL:DATE_TIME", "@ptr6", "SL:DATE_TIME]", "IN:GET_WEATHER]"], "predicted_tokens": ["[IN:GET_WEATHER", "[SL:DATE_TIME", "@ptr5", "@ptr6", "SL:DATE_TIME]", "IN:GET_WEATHER]"]}
{"loss": 0.9710953831672668, "class_log_probabilities": [-0.5745870471000671, -3.7802343368530273, -6.732713222503662, -7.416808128356934], "predictions": [13, 16, 396, 397, 17, 18, 4], "target_tokens": ["[IN:GET_WEATHER", "[SL:DATE_TIME", "@ptr1", "@ptr2", "SL:DATE_TIME]", "IN:GET_WEATHER]"], "predicted_tokens": ["[IN:GET_WEATHER", "[SL:DATE_TIME", "@ptr1", "@ptr2", "SL:DATE_TIME]", "IN:GET_WEATHER]"]}
{"loss": 1.7665107250213623, "class_log_probabilities": [-0.5236790776252747, -6.982653617858887, -7.77419900894165, -7.888913631439209], "predictions": [13, 16, 401, 402, 403, 404, 405, 406, 17, 18, 4, 4], "target_tokens": ["[IN:GET_WEATHER", "[SL:DATE_TIME", "@ptr7", "@ptr8", "@ptr9", "@ptr10", "@ptr11", "SL:DATE_TIME]", "IN:GET_WEATHER]"], "predicted_tokens": ["[IN:GET_WEATHER", "[SL:DATE_TIME", "@ptr6", "@ptr7", "@ptr8", "@ptr9", "@ptr10", "@ptr11", "SL:DATE_TIME]", "IN:GET_WEATHER]"]}
{"loss": 0.9675345420837402, "class_log_probabilities": [-0.4090861976146698, -7.149064540863037, -8.270403861999512, -8.678682327270508], "predictions": [13, 16, 401, 402, 403, 17, 18, 4, 4], "target_tokens": ["[IN:GET_WEATHER", "[SL:DATE_TIME", "@ptr6", "@ptr7", "@ptr8", "SL:DATE_TIME]", "IN:GET_WEATHER]"], "predicted_tokens": ["[IN:GET_WEATHER", "[SL:DATE_TIME", "@ptr6", "@ptr7", "@ptr8", "SL:DATE_TIME]", "IN:GET_WEATHER]"]}
{"loss": 0.9684218168258667, "class_log_probabilities": [-0.39669325947761536, -7.534494400024414, -8.348241806030273, -8.775789260864258], "predictions": [13, 16, 400, 401, 402, 17, 18, 4, 4], "target_tokens": ["[IN:GET_WEATHER", "[SL:DATE_TIME", "@ptr5", "@ptr6", "@ptr7", "SL:DATE_TIME]", "IN:GET_WEATHER]"], "predicted_tokens": ["[IN:GET_WEATHER", "[SL:DATE_TIME", "@ptr5", "@ptr6", "@ptr7", "SL:DATE_TIME]", "IN:GET_WEATHER]"]}
{"loss": 0.9692893624305725, "class_log_probabilities": [-0.2926269471645355, -8.496722221374512, -8.539237022399902, -8.611952781677246], "predictions": [13, 14, 401, 15, 18, 4], "target_tokens": ["[IN:GET_WEATHER", "[SL:LOCATION", "@ptr6", "SL:LOCATION]", "IN:GET_WEATHER]"], "predicted_tokens": ["[IN:GET_WEATHER", "[SL:LOCATION", "@ptr6", "SL:LOCATION]", "IN:GET_WEATHER]"]}
{"loss": 0.9693090915679932, "class_log_probabilities": [-0.29268360137939453, -8.420450210571289, -8.504535675048828, -8.648824691772461], "predictions": [13, 14, 401, 15, 18, 4], "target_tokens": ["[IN:GET_WEATHER", "[SL:LOCATION", "@ptr6", "SL:LOCATION]", "IN:GET_WEATHER]"], "predicted_tokens": ["[IN:GET_WEATHER", "[SL:LOCATION", "@ptr6", "SL:LOCATION]", "IN:GET_WEATHER]"]}
{"loss": 0.9691298007965088, "class_log_probabilities": [-0.297587513923645, -6.637701034545898, -8.364270210266113, -8.568562507629395], "predictions": [13, 14, 403, 15, 18, 4], "target_tokens": ["[IN:GET_WEATHER", "[SL:LOCATION", "@ptr8", "SL:LOCATION]", "IN:GET_WEATHER]"], "predicted_tokens": ["[IN:GET_WEATHER", "[SL:LOCATION", "@ptr8", "SL:LOCATION]", "IN:GET_WEATHER]"]}
{"loss": 0.9672989845275879, "class_log_probabilities": [-0.30284738540649414, -8.385537147521973, -8.461958885192871, -8.542218208312988], "predictions": [13, 14, 398, 15, 18, 4], "target_tokens": ["[IN:GET_WEATHER", "[SL:LOCATION", "@ptr3", "SL:LOCATION]", "IN:GET_WEATHER]"], "predicted_tokens": ["[IN:GET_WEATHER", "[SL:LOCATION", "@ptr3", "SL:LOCATION]", "IN:GET_WEATHER]"]}
{"loss": 0.9686724543571472, "class_log_probabilities": [-0.2958625555038452, -8.548666000366211, -8.57387924194336, -8.648804664611816], "predictions": [13, 14, 401, 15, 18, 4], "target_tokens": ["[IN:GET_WEATHER", "[SL:LOCATION", "@ptr6", "SL:LOCATION]", "IN:GET_WEATHER]"], "predicted_tokens": ["[IN:GET_WEATHER", "[SL:LOCATION", "@ptr6", "SL:LOCATION]", "IN:GET_WEATHER]"]}
{"loss": 0.967699408531189, "class_log_probabilities": [-0.40369120240211487, -7.30913782119751, -7.981225967407227, -8.104269027709961], "predictions": [13, 14, 402, 403, 404, 15, 18, 4, 4], "target_tokens": ["[IN:GET_WEATHER", "[SL:LOCATION", "@ptr7", "@ptr8", "@ptr9", "SL:LOCATION]", "IN:GET_WEATHER]"], "predicted_tokens": ["[IN:GET_WEATHER", "[SL:LOCATION", "@ptr7", "@ptr8", "@ptr9", "SL:LOCATION]", "IN:GET_WEATHER]"]}
{"loss": 0.9790270924568176, "class_log_probabilities": [-0.2794461250305176, -6.455936431884766, -7.4543657302856445, -7.871138572692871], "predictions": [13, 135, 402, 136, 18, 4, 4, 4], "target_tokens": ["[IN:GET_WEATHER", "[SL:WEATHER_TEMPERATURE_UNIT", "@ptr7", "SL:WEATHER_TEMPERATURE_UNIT]", "IN:GET_WEATHER]"], "predicted_tokens": ["[IN:GET_WEATHER", "[SL:WEATHER_TEMPERATURE_UNIT", "@ptr7", "SL:WEATHER_TEMPERATURE_UNIT]", "IN:GET_WEATHER]"]}
{"loss": 2.0308825969696045, "class_log_probabilities": [-0.41449201107025146, -6.838839530944824, -7.332920551300049, -7.836942672729492], "predictions": [221, 16, 402, 403, 404, 405, 17, 222, 4, 4], "target_tokens": ["[IN:GET_SUNSET", "[SL:DATE_TIME", "@ptr8", "@ptr9", "@ptr10", "SL:DATE_TIME]", "IN:GET_SUNSET]"], "predicted_tokens": ["[IN:GET_SUNSET", "[SL:DATE_TIME", "@ptr7", "@ptr8", "@ptr9", "@ptr10", "SL:DATE_TIME]", "IN:GET_SUNSET]"]}
{"loss": 1.2972640991210938, "class_log_probabilities": [-3.806326150894165, -3.8694145679473877, -5.369427680969238, -5.449826717376709], "predictions": [13, 249, 401, 402, 403, 84, 16, 404, 405, 17, 18, 4], "target_tokens": ["[IN:GET_WEATHER", "[SL:WEATHER_ATTRIBUTE", "@ptr4", "SL:WEATHER_ATTRIBUTE]", "[SL:DATE_TIME", "@ptr9", "@ptr10", "SL:DATE_TIME]", "IN:GET_WEATHER]"], "predicted_tokens": ["[IN:GET_WEATHER", "[SL:ALARM_NAME", "@ptr6", "@ptr7", "@ptr8", "SL:CATEGORY_EVENT]", "[SL:DATE_TIME", "@ptr9", "@ptr10", "SL:DATE_TIME]", "IN:GET_WEATHER]"]}
{"loss": 1.0041629076004028, "class_log_probabilities": [-0.7490969896316528, -3.643524169921875, -3.837481737136841, -4.283952713012695], "predictions": [13, 14, 404, 405, 406, 15, 16, 407, 408, 409, 410, 17, 18, 4, 4], "target_tokens": ["[IN:GET_WEATHER", "[SL:LOCATION", "@ptr9", "@ptr10", "@ptr11", "SL:LOCATION]", "[SL:DATE_TIME", "@ptr12", "@ptr13", "@ptr14", "@ptr15", "SL:DATE_TIME]", "IN:GET_WEATHER]"], "predicted_tokens": ["[IN:GET_WEATHER", "[SL:LOCATION", "@ptr9", "@ptr10", "@ptr11", "SL:LOCATION]", "[SL:DATE_TIME", "@ptr12", "@ptr13", "@ptr14", "@ptr15", "SL:DATE_TIME]", "IN:GET_WEATHER]"]}
{"loss": 1.3614331483840942, "class_log_probabilities": [-1.4518660306930542, -3.8428735733032227, -4.774477481842041, -5.037421703338623], "predictions": [13, 16, 399, 400, 401, 402, 403, 404, 405, 17, 14, 408, 409, 410, 411, 15, 18, 4, 4], "target_tokens": ["[IN:GET_WEATHER", "[SL:DATE_TIME", "@ptr4", "@ptr5", "@ptr6", "@ptr7", "@ptr8", "@ptr9", "@ptr10", "SL:DATE_TIME]", "[SL:LOCATION", "@ptr15", "@ptr16", "SL:LOCATION]", "IN:GET_WEATHER]"], "predicted_tokens": ["[IN:GET_WEATHER", "[SL:DATE_TIME", "@ptr4", "@ptr5", "@ptr6", "@ptr7", "@ptr8", "@ptr9", "@ptr10", "SL:DATE_TIME]", "[SL:LOCATION", "@ptr13", "@ptr14", "@ptr15", "@ptr16", "SL:LOCATION]", "IN:GET_WEATHER]"]}
{"loss": 1.6894278526306152, "class_log_probabilities": [-0.592078685760498, -7.429286003112793, -7.888681888580322, -8.27237319946289], "predictions": [13, 14, 401, 402, 15, 16, 403, 404, 405, 17, 18, 4, 4], "target_tokens": ["[IN:GET_WEATHER", "[SL:LOCATION", "@ptr6", "@ptr7", "SL:LOCATION]", "[SL:DATE_TIME", "@ptr9", "@ptr10", "SL:DATE_TIME]", "IN:GET_WEATHER]"], "predicted_tokens": ["[IN:GET_WEATHER", "[SL:LOCATION", "@ptr6", "@ptr7", "SL:LOCATION]", "[SL:DATE_TIME", "@ptr8", "@ptr9", "@ptr10", "SL:DATE_TIME]", "IN:GET_WEATHER]"]}
{"loss": 2.424985647201538, "class_log_probabilities": [-2.5399694442749023, -3.429694175720215, -5.1938700675964355, -5.480547904968262], "predictions": [13, 79, 397, 80, 135, 402, 136, 16, 403, 404, 405, 17, 18, 4, 4, 4, 4, 4], "target_tokens": ["[IN:GET_WEATHER", "[SL:WEATHER_ATTRIBUTE", "@ptr2", "SL:WEATHER_ATTRIBUTE]", "[SL:DATE_TIME", "@ptr7", "@ptr8", "@ptr9", "@ptr10", "SL:DATE_TIME]", "[SL:WEATHER_TEMPERATURE_UNIT", "@ptr6", "SL:WEATHER_TEMPERATURE_UNIT]", "IN:GET_WEATHER]"], "predicted_tokens": ["[IN:GET_WEATHER", "[SL:WEATHER_ATTRIBUTE", "@ptr2", "SL:WEATHER_ATTRIBUTE]", "[SL:WEATHER_TEMPERATURE_UNIT", "@ptr7", "SL:WEATHER_TEMPERATURE_UNIT]", "[SL:DATE_TIME", "@ptr8", "@ptr9", "@ptr10", "SL:DATE_TIME]", "IN:GET_WEATHER]"]}
{"loss": 0.9791646003723145, "class_log_probabilities": [-0.27314502000808716, -7.49598503112793, -7.666472434997559, -7.671664237976074], "predictions": [13, 135, 397, 136, 18, 4, 4, 4], "target_tokens": ["[IN:GET_WEATHER", "[SL:WEATHER_TEMPERATURE_UNIT", "@ptr2", "SL:WEATHER_TEMPERATURE_UNIT]", "IN:GET_WEATHER]"], "predicted_tokens": ["[IN:GET_WEATHER", "[SL:WEATHER_TEMPERATURE_UNIT", "@ptr2", "SL:WEATHER_TEMPERATURE_UNIT]", "IN:GET_WEATHER]"]}
{"loss": 0.9675024151802063, "class_log_probabilities": [-0.499998539686203, -8.566598892211914, -8.714983940124512, -8.738541603088379], "predictions": [13, 79, 398, 80, 16, 399, 400, 17, 18, 4], "target_tokens": ["[IN:GET_WEATHER", "[SL:WEATHER_ATTRIBUTE", "@ptr3", "SL:WEATHER_ATTRIBUTE]", "[SL:DATE_TIME", "@ptr4", "@ptr5", "SL:DATE_TIME]", "IN:GET_WEATHER]"], "predicted_tokens": ["[IN:GET_WEATHER", "[SL:WEATHER_ATTRIBUTE", "@ptr3", "SL:WEATHER_ATTRIBUTE]", "[SL:DATE_TIME", "@ptr4", "@ptr5", "SL:DATE_TIME]", "IN:GET_WEATHER]"]}
{"loss": 1.5827163457870483, "class_log_probabilities": [-0.5017853379249573, -4.412971496582031, -5.288241386413574, -5.4434356689453125], "predictions": [13, 79, 400, 80, 18, 4, 4], "target_tokens": ["[IN:GET_WEATHER", "[SL:WEATHER_ATTRIBUTE", "@ptr4", "@ptr5", "SL:WEATHER_ATTRIBUTE]", "IN:GET_WEATHER]"], "predicted_tokens": ["[IN:GET_WEATHER", "[SL:WEATHER_ATTRIBUTE", "@ptr5", "SL:WEATHER_ATTRIBUTE]", "IN:GET_WEATHER]"]}
{"loss": 0.9715569019317627, "class_log_probabilities": [-0.4223674535751343, -7.664061546325684, -7.953861713409424, -8.45085620880127], "predictions": [13, 16, 400, 401, 402, 403, 17, 18, 4, 4], "target_tokens": ["[IN:GET_WEATHER", "[SL:DATE_TIME", "@ptr5", "@ptr6", "@ptr7", "@ptr8", "SL:DATE_TIME]", "IN:GET_WEATHER]"], "predicted_tokens": ["[IN:GET_WEATHER", "[SL:DATE_TIME", "@ptr5", "@ptr6", "@ptr7", "@ptr8", "SL:DATE_TIME]", "IN:GET_WEATHER]"]}
{"loss": 1.8363935947418213, "class_log_probabilities": [-0.5065411329269409, -8.423396110534668, -8.453716278076172, -8.658992767333984], "predictions": [13, 16, 400, 401, 17, 14, 403, 15, 18, 4], "target_tokens": ["[IN:GET_WEATHER", "[SL:DATE_TIME", "@ptr6", "SL:DATE_TIME]", "[SL:LOCATION", "@ptr8", "SL:LOCATION]", "IN:GET_WEATHER]"], "predicted_tokens": ["[IN:GET_WEATHER", "[SL:DATE_TIME", "@ptr5", "@ptr6", "SL:DATE_TIME]", "[SL:LOCATION", "@ptr8", "SL:LOCATION]", "IN:GET_WEATHER]"]}
{"loss": 1.0001412630081177, "class_log_probabilities": [-0.12626942992210388, -7.532980918884277, -7.842250347137451, -7.882494926452637], "predictions": [221, 222, 4, 4], "target_tokens": ["[IN:GET_SUNSET", "IN:GET_SUNSET]"], "predicted_tokens": ["[IN:GET_SUNSET", "IN:GET_SUNSET]"]}
{"loss": 0.9676908850669861, "class_log_probabilities": [-0.35059553384780884, -7.784877777099609, -8.648335456848145, -8.745038986206055], "predictions": [13, 14, 399, 400, 15, 18, 4], "target_tokens": ["[IN:GET_WEATHER", "[SL:LOCATION", "@ptr4", "@ptr5", "SL:LOCATION]", "IN:GET_WEATHER]"], "predicted_tokens": ["[IN:GET_WEATHER", "[SL:LOCATION", "@ptr4", "@ptr5", "SL:LOCATION]", "IN:GET_WEATHER]"]}
{"loss": 0.9704486131668091, "class_log_probabilities": [-0.33526185154914856, -8.117456436157227, -8.211549758911133, -8.94223690032959], "predictions": [13, 16, 395, 396, 17, 18, 4, 4], "target_tokens": ["[IN:GET_WEATHER", "[SL:DATE_TIME", "@ptr0", "@ptr1", "SL:DATE_TIME]", "IN:GET_WEATHER]"], "predicted_tokens": ["[IN:GET_WEATHER", "[SL:DATE_TIME", "@ptr0", "@ptr1", "SL:DATE_TIME]", "IN:GET_WEATHER]"]}
{"loss": 0.9692738056182861, "class_log_probabilities": [-0.5880009531974792, -5.595500946044922, -5.724316596984863, -6.750256061553955], "predictions": [13, 79, 401, 80, 16, 402, 403, 404, 17, 18, 4, 4], "target_tokens": ["[IN:GET_WEATHER", "[SL:WEATHER_ATTRIBUTE", "@ptr6", "SL:WEATHER_ATTRIBUTE]", "[SL:DATE_TIME", "@ptr7", "@ptr8", "@ptr9", "SL:DATE_TIME]", "IN:GET_WEATHER]"], "predicted_tokens": ["[IN:GET_WEATHER", "[SL:WEATHER_ATTRIBUTE", "@ptr6", "SL:WEATHER_ATTRIBUTE]", "[SL:DATE_TIME", "@ptr7", "@ptr8", "@ptr9", "SL:DATE_TIME]", "IN:GET_WEATHER]"]}
{"loss": 0.9766092300415039, "class_log_probabilities": [-0.3122888207435608, -6.84769868850708, -7.304062366485596, -7.504400253295898], "predictions": [221, 14, 404, 15, 222, 4], "target_tokens": ["[IN:GET_SUNSET", "[SL:LOCATION", "@ptr9", "SL:LOCATION]", "IN:GET_SUNSET]"], "predicted_tokens": ["[IN:GET_SUNSET", "[SL:LOCATION", "@ptr9", "SL:LOCATION]", "IN:GET_SUNSET]"]}
{"loss": 0.9912160038948059, "class_log_probabilities": [-0.3003591299057007, -6.869171619415283, -7.596149444580078, -8.089397430419922], "predictions": [221, 16, 402, 403, 17, 222, 4], "target_tokens": ["[IN:GET_SUNSET", "[SL:DATE_TIME", "@ptr7", "@ptr8", "SL:DATE_TIME]", "IN:GET_SUNSET]"], "predicted_tokens": ["[IN:GET_SUNSET", "[SL:DATE_TIME", "@ptr7", "@ptr8", "SL:DATE_TIME]", "IN:GET_SUNSET]"]}
{"loss": 1.327154278755188, "class_log_probabilities": [-0.9662256240844727, -3.3539087772369385, -6.1913580894470215, -7.205231189727783], "predictions": [13, 14, 404, 405, 15, 16, 406, 407, 17, 18, 4, 4, 4], "target_tokens": ["[IN:GET_WEATHER", "[SL:LOCATION", "@ptr7", "@ptr8", "@ptr9", "@ptr10", "SL:LOCATION]", "[SL:DATE_TIME", "@ptr11", "@ptr12", "SL:DATE_TIME]", "IN:GET_WEATHER]"], "predicted_tokens": ["[IN:GET_WEATHER", "[SL:LOCATION", "@ptr9", "@ptr10", "SL:LOCATION]", "[SL:DATE_TIME", "@ptr11", "@ptr12", "SL:DATE_TIME]", "IN:GET_WEATHER]"]}
{"loss": 4.366634368896484, "class_log_probabilities": [-0.9109280705451965, -2.3748364448547363, -4.6551971435546875, -5.283302307128906], "predictions": [27, 30, 4], "target_tokens": ["[IN:GET_WEATHER", "[SL:WEATHER_ATTRIBUTE", "@ptr4", "@ptr5", "@ptr6", "SL:WEATHER_ATTRIBUTE]", "IN:GET_WEATHER]"], "predicted_tokens": ["[IN:GET_INFO_RECIPES", "IN:GET_INFO_RECIPES]"]}
{"loss": 0.968354344367981, "class_log_probabilities": [-0.35312074422836304, -7.3136115074157715, -7.741767883300781, -8.224613189697266], "predictions": [13, 79, 402, 403, 80, 18, 4, 4], "target_tokens": ["[IN:GET_WEATHER", "[SL:WEATHER_ATTRIBUTE", "@ptr7", "@ptr8", "SL:WEATHER_ATTRIBUTE]", "IN:GET_WEATHER]"], "predicted_tokens": ["[IN:GET_WEATHER", "[SL:WEATHER_ATTRIBUTE", "@ptr7", "@ptr8", "SL:WEATHER_ATTRIBUTE]", "IN:GET_WEATHER]"]}
{"loss": 0.9740100502967834, "class_log_probabilities": [-0.32507064938545227, -6.588143825531006, -7.101938247680664, -7.301687717437744], "predictions": [221, 14, 404, 15, 222, 4], "target_tokens": ["[IN:GET_SUNSET", "[SL:LOCATION", "@ptr9", "SL:LOCATION]", "IN:GET_SUNSET]"], "predicted_tokens": ["[IN:GET_SUNSET", "[SL:LOCATION", "@ptr9", "SL:LOCATION]", "IN:GET_SUNSET]"]}
{"loss": 0.9740160703659058, "class_log_probabilities": [-0.4122144877910614, -8.512962341308594, -8.537389755249023, -8.561129570007324], "predictions": [13, 79, 400, 80, 14, 404, 15, 18, 4], "target_tokens": ["[IN:GET_WEATHER", "[SL:WEATHER_ATTRIBUTE", "@ptr5", "SL:WEATHER_ATTRIBUTE]", "[SL:LOCATION", "@ptr9", "SL:LOCATION]", "IN:GET_WEATHER]"], "predicted_tokens": ["[IN:GET_WEATHER", "[SL:WEATHER_ATTRIBUTE", "@ptr5", "SL:WEATHER_ATTRIBUTE]", "[SL:LOCATION", "@ptr9", "SL:LOCATION]", "IN:GET_WEATHER]"]}
{"loss": 0.9707241058349609, "class_log_probabilities": [-0.4725381135940552, -8.732468605041504, -8.897546768188477, -8.97376823425293], "predictions": [13, 79, 397, 80, 16, 398, 399, 17, 18, 4, 4], "target_tokens": ["[IN:GET_WEATHER", "[SL:WEATHER_ATTRIBUTE", "@ptr2", "SL:WEATHER_ATTRIBUTE]", "[SL:DATE_TIME", "@ptr3", "@ptr4", "SL:DATE_TIME]", "IN:GET_WEATHER]"], "predicted_tokens": ["[IN:GET_WEATHER", "[SL:WEATHER_ATTRIBUTE", "@ptr2", "SL:WEATHER_ATTRIBUTE]", "[SL:DATE_TIME", "@ptr3", "@ptr4", "SL:DATE_TIME]", "IN:GET_WEATHER]"]}
{"loss": 0.9675710797309875, "class_log_probabilities": [-0.5696574449539185, -4.470387935638428, -5.246504783630371, -6.938952922821045], "predictions": [13, 79, 399, 80, 16, 400, 401, 17, 18, 4, 4], "target_tokens": ["[IN:GET_WEATHER", "[SL:WEATHER_ATTRIBUTE", "@ptr4", "SL:WEATHER_ATTRIBUTE]", "[SL:DATE_TIME", "@ptr5", "@ptr6", "SL:DATE_TIME]", "IN:GET_WEATHER]"], "predicted_tokens": ["[IN:GET_WEATHER", "[SL:WEATHER_ATTRIBUTE", "@ptr4", "SL:WEATHER_ATTRIBUTE]", "[SL:DATE_TIME", "@ptr5", "@ptr6", "SL:DATE_TIME]", "IN:GET_WEATHER]"]}
{"loss": 0.9706830978393555, "class_log_probabilities": [-0.4759065508842468, -8.800244331359863, -8.85166072845459, -9.08822250366211], "predictions": [13, 79, 397, 80, 16, 398, 399, 17, 18, 4, 4], "target_tokens": ["[IN:GET_WEATHER", "[SL:WEATHER_ATTRIBUTE", "@ptr2", "SL:WEATHER_ATTRIBUTE]", "[SL:DATE_TIME", "@ptr3", "@ptr4", "SL:DATE_TIME]", "IN:GET_WEATHER]"], "predicted_tokens": ["[IN:GET_WEATHER", "[SL:WEATHER_ATTRIBUTE", "@ptr2", "SL:WEATHER_ATTRIBUTE]", "[SL:DATE_TIME", "@ptr3", "@ptr4", "SL:DATE_TIME]", "IN:GET_WEATHER]"]}
{"loss": 1.0117734670639038, "class_log_probabilities": [-0.11584866791963577, -7.646483898162842, -8.019299507141113, -8.14151668548584], "predictions": [221, 222, 4, 4], "target_tokens": ["[IN:GET_SUNSET", "IN:GET_SUNSET]"], "predicted_tokens": ["[IN:GET_SUNSET", "IN:GET_SUNSET]"]}
{"loss": 0.952232837677002, "class_log_probabilities": [-0.2475602924823761, -5.663559436798096, -6.090173244476318, -7.439226150512695], "predictions": [13, 18, 4], "target_tokens": ["[IN:GET_WEATHER", "IN:GET_WEATHER]"], "predicted_tokens": ["[IN:GET_WEATHER", "IN:GET_WEATHER]"]}
{"loss": 0.9703870415687561, "class_log_probabilities": [-0.3374427855014801, -7.566408157348633, -8.095473289489746, -8.247234344482422], "predictions": [13, 79, 398, 399, 80, 18, 4], "target_tokens": ["[IN:GET_WEATHER", "[SL:WEATHER_ATTRIBUTE", "@ptr3", "@ptr4", "SL:WEATHER_ATTRIBUTE]", "IN:GET_WEATHER]"], "predicted_tokens": ["[IN:GET_WEATHER", "[SL:WEATHER_ATTRIBUTE", "@ptr3", "@ptr4", "SL:WEATHER_ATTRIBUTE]", "IN:GET_WEATHER]"]}
{"loss": 4.005542278289795, "class_log_probabilities": [-4.460859298706055, -5.341734409332275, -5.4445109367370605, -5.771072864532471], "predictions": [105, 6, 396, 7, 16, 398, 17, 106, 4, 4], "target_tokens": ["[IN:GET_WEATHER", "[SL:WEATHER_ATTRIBUTE", "@ptr2", "SL:WEATHER_ATTRIBUTE]", "[SL:DATE_TIME", "@ptr3", "SL:DATE_TIME]", "IN:GET_WEATHER]"], "predicted_tokens": ["[IN:GET_INFO_CONTACT", "[SL:CONTACT", "@ptr1", "SL:CONTACT]", "[SL:DATE_TIME", "@ptr3", "SL:DATE_TIME]", "IN:GET_INFO_CONTACT]"]}
{"loss": 1.8161530494689941, "class_log_probabilities": [-0.6634112596511841, -4.534836292266846, -5.223366737365723, -5.647380352020264], "predictions": [13, 14, 401, 402, 403, 15, 18, 4, 4, 4, 4, 4, 4], "target_tokens": ["[IN:GET_WEATHER", "[SL:WEATHER_ATTRIBUTE", "@ptr2", "SL:WEATHER_ATTRIBUTE]", "[SL:LOCATION", "@ptr6", "@ptr7", "@ptr8", "SL:LOCATION]", "IN:GET_WEATHER]"], "predicted_tokens": ["[IN:GET_WEATHER", "[SL:LOCATION", "@ptr6", "@ptr7", "@ptr8", "SL:LOCATION]", "IN:GET_WEATHER]"]}
{"loss": 0.9645695686340332, "class_log_probabilities": [-1.003153920173645, -5.437280178070068, -5.5830888748168945, -6.343031406402588], "predictions": [13, 79, 397, 80, 16, 398, 399, 400, 401, 17, 18, 4], "target_tokens": ["[IN:GET_WEATHER", "[SL:WEATHER_ATTRIBUTE", "@ptr2", "SL:WEATHER_ATTRIBUTE]", "[SL:DATE_TIME", "@ptr3", "@ptr4", "@ptr5", "@ptr6", "SL:DATE_TIME]", "IN:GET_WEATHER]"], "predicted_tokens": ["[IN:GET_WEATHER", "[SL:WEATHER_ATTRIBUTE", "@ptr2", "SL:WEATHER_ATTRIBUTE]", "[SL:DATE_TIME", "@ptr3", "@ptr4", "@ptr5", "@ptr6", "SL:DATE_TIME]", "IN:GET_WEATHER]"]}
{"loss": 0.9677632451057434, "class_log_probabilities": [-0.3041262924671173, -8.371063232421875, -8.383506774902344, -8.516961097717285], "predictions": [13, 79, 400, 80, 18, 4], "target_tokens": ["[IN:GET_WEATHER", "[SL:WEATHER_ATTRIBUTE", "@ptr5", "SL:WEATHER_ATTRIBUTE]", "IN:GET_WEATHER]"], "predicted_tokens": ["[IN:GET_WEATHER", "[SL:WEATHER_ATTRIBUTE", "@ptr5", "SL:WEATHER_ATTRIBUTE]", "IN:GET_WEATHER]"]}
{"loss": 0.9638870358467102, "class_log_probabilities": [-0.5717054009437561, -5.666140556335449, -7.764144420623779, -8.02397632598877], "predictions": [13, 79, 399, 80, 16, 400, 401, 17, 18, 4], "target_tokens": ["[IN:GET_WEATHER", "[SL:WEATHER_ATTRIBUTE", "@ptr4", "SL:WEATHER_ATTRIBUTE]", "[SL:DATE_TIME", "@ptr5", "@ptr6", "SL:DATE_TIME]", "IN:GET_WEATHER]"], "predicted_tokens": ["[IN:GET_WEATHER", "[SL:WEATHER_ATTRIBUTE", "@ptr4", "SL:WEATHER_ATTRIBUTE]", "[SL:DATE_TIME", "@ptr5", "@ptr6", "SL:DATE_TIME]", "IN:GET_WEATHER]"]}
{"loss": 0.9686304926872253, "class_log_probabilities": [-0.49495598673820496, -7.279841899871826, -7.84754753112793, -7.852783679962158], "predictions": [13, 16, 401, 402, 403, 404, 405, 17, 18, 4, 4], "target_tokens": ["[IN:GET_WEATHER", "[SL:DATE_TIME", "@ptr6", "@ptr7", "@ptr8", "@ptr9", "@ptr10", "SL:DATE_TIME]", "IN:GET_WEATHER]"], "predicted_tokens": ["[IN:GET_WEATHER", "[SL:DATE_TIME", "@ptr6", "@ptr7", "@ptr8", "@ptr9", "@ptr10", "SL:DATE_TIME]", "IN:GET_WEATHER]"]}
{"loss": 2.998997688293457, "class_log_probabilities": [-0.515092134475708, -4.314035415649414, -5.033969879150391, -5.834561347961426], "predictions": [13, 79, 399, 80, 79, 402, 80, 18, 4], "target_tokens": ["[IN:GET_WEATHER", "[SL:WEATHER_ATTRIBUTE", "@ptr4", "@ptr5", "@ptr6", "@ptr7", "SL:WEATHER_ATTRIBUTE]", "IN:GET_WEATHER]"], "predicted_tokens": ["[IN:GET_WEATHER", "[SL:WEATHER_ATTRIBUTE", "@ptr4", "SL:WEATHER_ATTRIBUTE]", "[SL:WEATHER_ATTRIBUTE", "@ptr7", "SL:WEATHER_ATTRIBUTE]", "IN:GET_WEATHER]"]}
{"loss": 0.9679529666900635, "class_log_probabilities": [-0.3965436816215515, -7.433999061584473, -8.153160095214844, -8.658473014831543], "predictions": [13, 16, 400, 401, 402, 17, 18, 4, 4], "target_tokens": ["[IN:GET_WEATHER", "[SL:DATE_TIME", "@ptr5", "@ptr6", "@ptr7", "SL:DATE_TIME]", "IN:GET_WEATHER]"], "predicted_tokens": ["[IN:GET_WEATHER", "[SL:DATE_TIME", "@ptr5", "@ptr6", "@ptr7", "SL:DATE_TIME]", "IN:GET_WEATHER]"]}
{"loss": 0.9702770709991455, "class_log_probabilities": [-0.4311325252056122, -6.629858016967773, -8.394373893737793, -8.657489776611328], "predictions": [13, 79, 397, 80, 16, 399, 17, 18, 4], "target_tokens": ["[IN:GET_WEATHER", "[SL:WEATHER_ATTRIBUTE", "@ptr2", "SL:WEATHER_ATTRIBUTE]", "[SL:DATE_TIME", "@ptr4", "SL:DATE_TIME]", "IN:GET_WEATHER]"], "predicted_tokens": ["[IN:GET_WEATHER", "[SL:WEATHER_ATTRIBUTE", "@ptr2", "SL:WEATHER_ATTRIBUTE]", "[SL:DATE_TIME", "@ptr4", "SL:DATE_TIME]", "IN:GET_WEATHER]"]}
{"loss": 0.9651551842689514, "class_log_probabilities": [-0.48559436202049255, -7.765977382659912, -8.058960914611816, -8.07288646697998], "predictions": [13, 79, 396, 80, 16, 397, 17, 18, 4], "target_tokens": ["[IN:GET_WEATHER", "[SL:WEATHER_ATTRIBUTE", "@ptr1", "SL:WEATHER_ATTRIBUTE]", "[SL:DATE_TIME", "@ptr2", "SL:DATE_TIME]", "IN:GET_WEATHER]"], "predicted_tokens": ["[IN:GET_WEATHER", "[SL:WEATHER_ATTRIBUTE", "@ptr1", "SL:WEATHER_ATTRIBUTE]", "[SL:DATE_TIME", "@ptr2", "SL:DATE_TIME]", "IN:GET_WEATHER]"]}
{"loss": 1.4441128969192505, "class_log_probabilities": [-1.008912444114685, -4.237475395202637, -6.019385814666748, -6.065219402313232], "predictions": [13, 79, 397, 398, 80, 14, 403, 15, 16, 404, 17, 18, 4, 4, 4, 4], "target_tokens": ["[IN:GET_WEATHER", "[SL:WEATHER_ATTRIBUTE", "@ptr2", "@ptr3", "SL:WEATHER_ATTRIBUTE]", "[SL:DATE_TIME", "@ptr9", "SL:DATE_TIME]", "IN:GET_WEATHER]"], "predicted_tokens": ["[IN:GET_WEATHER", "[SL:WEATHER_ATTRIBUTE", "@ptr2", "@ptr3", "SL:WEATHER_ATTRIBUTE]", "[SL:LOCATION", "@ptr8", "SL:LOCATION]", "[SL:DATE_TIME", "@ptr9", "SL:DATE_TIME]", "IN:GET_WEATHER]"]}
{"loss": 0.9662111401557922, "class_log_probabilities": [-0.514276921749115, -8.083008766174316, -8.358105659484863, -8.408782958984375], "predictions": [13, 16, 400, 401, 17, 14, 403, 15, 18, 4], "target_tokens": ["[IN:GET_WEATHER", "[SL:DATE_TIME", "@ptr5", "@ptr6", "SL:DATE_TIME]", "[SL:LOCATION", "@ptr8", "SL:LOCATION]", "IN:GET_WEATHER]"], "predicted_tokens": ["[IN:GET_WEATHER", "[SL:DATE_TIME", "@ptr5", "@ptr6", "SL:DATE_TIME]", "[SL:LOCATION", "@ptr8", "SL:LOCATION]", "IN:GET_WEATHER]"]}
{"loss": 2.131605625152588, "class_log_probabilities": [-0.45986369252204895, -7.148249626159668, -8.23667049407959, -8.24925708770752], "predictions": [13, 16, 400, 401, 402, 403, 404, 17, 18, 4], "target_tokens": ["[IN:GET_WEATHER", "[SL:DATE_TIME", "@ptr8", "@ptr9", "SL:DATE_TIME]", "IN:GET_WEATHER]"], "predicted_tokens": ["[IN:GET_WEATHER", "[SL:DATE_TIME", "@ptr5", "@ptr6", "@ptr7", "@ptr8", "@ptr9", "SL:DATE_TIME]", "IN:GET_WEATHER]"]}
{"loss": 2.0657246112823486, "class_log_probabilities": [-2.3448970317840576, -3.452523708343506, -4.0692596435546875, -4.365340232849121], "predictions": [13, 79, 396, 80, 16, 397, 17, 14, 399, 400, 401, 402, 403, 15, 18, 4], "target_tokens": ["[IN:GET_WEATHER", "[SL:WEATHER_ATTRIBUTE", "@ptr1", "SL:WEATHER_ATTRIBUTE]", "[SL:LOCATION", "@ptr5", "@ptr6", "@ptr7", "@ptr8", "SL:LOCATION]", "[SL:DATE_TIME", "@ptr2", "SL:DATE_TIME]", "IN:GET_WEATHER]"], "predicted_tokens": ["[IN:GET_WEATHER", "[SL:WEATHER_ATTRIBUTE", "@ptr1", "SL:WEATHER_ATTRIBUTE]", "[SL:DATE_TIME", "@ptr2", "SL:DATE_TIME]", "[SL:LOCATION", "@ptr4", "@ptr5", "@ptr6", "@ptr7", "@ptr8", "SL:LOCATION]", "IN:GET_WEATHER]"]}
{"loss": 0.9763111472129822, "class_log_probabilities": [-0.7507831454277039, -3.7384400367736816, -5.700891017913818, -6.9024658203125], "predictions": [13, 16, 402, 403, 404, 17, 14, 406, 407, 408, 409, 15, 18, 4, 4], "target_tokens": ["[IN:GET_WEATHER", "[SL:DATE_TIME", "@ptr7", "@ptr8", "@ptr9", "SL:DATE_TIME]", "[SL:LOCATION", "@ptr11", "@ptr12", "@ptr13", "@ptr14", "SL:LOCATION]", "IN:GET_WEATHER]"], "predicted_tokens": ["[IN:GET_WEATHER", "[SL:DATE_TIME", "@ptr7", "@ptr8", "@ptr9", "SL:DATE_TIME]", "[SL:LOCATION", "@ptr11", "@ptr12", "@ptr13", "@ptr14", "SL:LOCATION]", "IN:GET_WEATHER]"]}
{"loss": 0.9694215059280396, "class_log_probabilities": [-0.4395487904548645, -8.411940574645996, -8.536463737487793, -8.596282005310059], "predictions": [13, 79, 401, 80, 16, 402, 17, 18, 4], "target_tokens": ["[IN:GET_WEATHER", "[SL:WEATHER_ATTRIBUTE", "@ptr6", "SL:WEATHER_ATTRIBUTE]", "[SL:DATE_TIME", "@ptr7", "SL:DATE_TIME]", "IN:GET_WEATHER]"], "predicted_tokens": ["[IN:GET_WEATHER", "[SL:WEATHER_ATTRIBUTE", "@ptr6", "SL:WEATHER_ATTRIBUTE]", "[SL:DATE_TIME", "@ptr7", "SL:DATE_TIME]", "IN:GET_WEATHER]"]}
{"loss": 0.9671461582183838, "class_log_probabilities": [-0.46469902992248535, -7.998221397399902, -8.117015838623047, -8.318077087402344], "predictions": [13, 79, 397, 80, 14, 399, 15, 18, 4], "target_tokens": ["[IN:GET_WEATHER", "[SL:WEATHER_ATTRIBUTE", "@ptr2", "SL:WEATHER_ATTRIBUTE]", "[SL:LOCATION", "@ptr4", "SL:LOCATION]", "IN:GET_WEATHER]"], "predicted_tokens": ["[IN:GET_WEATHER", "[SL:WEATHER_ATTRIBUTE", "@ptr2", "SL:WEATHER_ATTRIBUTE]", "[SL:LOCATION", "@ptr4", "SL:LOCATION]", "IN:GET_WEATHER]"]}
{"loss": 0.9695098400115967, "class_log_probabilities": [-0.44223031401634216, -7.356226921081543, -8.350913047790527, -8.531519889831543], "predictions": [13, 79, 401, 80, 16, 402, 17, 18, 4], "target_tokens": ["[IN:GET_WEATHER", "[SL:WEATHER_ATTRIBUTE", "@ptr6", "SL:WEATHER_ATTRIBUTE]", "[SL:DATE_TIME", "@ptr7", "SL:DATE_TIME]", "IN:GET_WEATHER]"], "predicted_tokens": ["[IN:GET_WEATHER", "[SL:WEATHER_ATTRIBUTE", "@ptr6", "SL:WEATHER_ATTRIBUTE]", "[SL:DATE_TIME", "@ptr7", "SL:DATE_TIME]", "IN:GET_WEATHER]"]}
{"loss": 0.968113124370575, "class_log_probabilities": [-0.30056899785995483, -7.9104695320129395, -8.299230575561523, -8.476161003112793], "predictions": [13, 79, 401, 80, 18, 4], "target_tokens": ["[IN:GET_WEATHER", "[SL:WEATHER_ATTRIBUTE", "@ptr6", "SL:WEATHER_ATTRIBUTE]", "IN:GET_WEATHER]"], "predicted_tokens": ["[IN:GET_WEATHER", "[SL:WEATHER_ATTRIBUTE", "@ptr6", "SL:WEATHER_ATTRIBUTE]", "IN:GET_WEATHER]"]}
{"loss": 0.9647433161735535, "class_log_probabilities": [-0.3748321831226349, -6.371841907501221, -7.608832836151123, -8.776405334472656], "predictions": [13, 16, 400, 401, 17, 18, 4], "target_tokens": ["[IN:GET_WEATHER", "[SL:DATE_TIME", "@ptr5", "@ptr6", "SL:DATE_TIME]", "IN:GET_WEATHER]"], "predicted_tokens": ["[IN:GET_WEATHER", "[SL:DATE_TIME", "@ptr5", "@ptr6", "SL:DATE_TIME]", "IN:GET_WEATHER]"]}
{"loss": 2.9857263565063477, "class_log_probabilities": [-0.5081114172935486, -8.340702056884766, -8.403319358825684, -8.698665618896484], "predictions": [13, 16, 400, 401, 17, 14, 403, 15, 18, 4], "target_tokens": ["[IN:GET_WEATHER", "[SL:LOCATION", "@ptr8", "SL:LOCATION]", "[SL:DATE_TIME", "@ptr6", "SL:DATE_TIME]", "IN:GET_WEATHER]"], "predicted_tokens": ["[IN:GET_WEATHER", "[SL:DATE_TIME", "@ptr5", "@ptr6", "SL:DATE_TIME]", "[SL:LOCATION", "@ptr8", "SL:LOCATION]", "IN:GET_WEATHER]"]}
{"loss": 1.0078859329223633, "class_log_probabilities": [-1.5255820751190186, -2.6636767387390137, -5.936542510986328, -6.771167755126953], "predictions": [13, 79, 396, 80, 14, 401, 402, 403, 15, 16, 404, 17, 18, 4, 4, 4], "target_tokens": ["[IN:GET_WEATHER", "[SL:WEATHER_ATTRIBUTE", "@ptr1", "SL:WEATHER_ATTRIBUTE]", "[SL:LOCATION", "@ptr6", "@ptr7", "@ptr8", "SL:LOCATION]", "[SL:DATE_TIME", "@ptr9", "SL:DATE_TIME]", "IN:GET_WEATHER]"], "predicted_tokens": ["[IN:GET_WEATHER", "[SL:WEATHER_ATTRIBUTE", "@ptr1", "SL:WEATHER_ATTRIBUTE]", "[SL:LOCATION", "@ptr6", "@ptr7", "@ptr8", "SL:LOCATION]", "[SL:DATE_TIME", "@ptr9", "SL:DATE_TIME]", "IN:GET_WEATHER]"]}
{"loss": 0.9645607471466064, "class_log_probabilities": [-1.3140531778335571, -4.875367641448975, -5.571476459503174, -6.172261714935303], "predictions": [13, 79, 398, 80, 16, 399, 400, 401, 402, 403, 17, 18, 4], "target_tokens": ["[IN:GET_WEATHER", "[SL:WEATHER_ATTRIBUTE", "@ptr3", "SL:WEATHER_ATTRIBUTE]", "[SL:DATE_TIME", "@ptr4", "@ptr5", "@ptr6", "@ptr7", "@ptr8", "SL:DATE_TIME]", "IN:GET_WEATHER]"], "predicted_tokens": ["[IN:GET_WEATHER", "[SL:WEATHER_ATTRIBUTE", "@ptr3", "SL:WEATHER_ATTRIBUTE]", "[SL:DATE_TIME", "@ptr4", "@ptr5", "@ptr6", "@ptr7", "@ptr8", "SL:DATE_TIME]", "IN:GET_WEATHER]"]}
{"loss": 1.9525150060653687, "class_log_probabilities": [-0.3786696791648865, -6.898839473724365, -7.860415458679199, -8.627663612365723], "predictions": [13, 14, 401, 402, 15, 18, 4, 4, 4], "target_tokens": ["[IN:GET_WEATHER", "[SL:LOCATION", "@ptr7", "SL:LOCATION]", "IN:GET_WEATHER]"], "predicted_tokens": ["[IN:GET_WEATHER", "[SL:LOCATION", "@ptr6", "@ptr7", "SL:LOCATION]", "IN:GET_WEATHER]"]}
{"loss": 3.456681489944458, "class_log_probabilities": [-3.8610589504241943, -4.123702049255371, -4.195131301879883, -4.830222129821777], "predictions": [217, 66, 399, 67, 218, 4], "target_tokens": ["[IN:GET_WEATHER", "[SL:WEATHER_ATTRIBUTE", "@ptr4", "SL:WEATHER_ATTRIBUTE]", "IN:GET_WEATHER]"], "predicted_tokens": ["[IN:GET_TRACK_INFO_MUSIC", "[SL:MUSIC_ARTIST_NAME", "@ptr4", "SL:MUSIC_ARTIST_NAME]", "IN:GET_TRACK_INFO_MUSIC]"]}
{"loss": 0.9704259634017944, "class_log_probabilities": [-0.4757550358772278, -8.365574836730957, -8.508411407470703, -8.546388626098633], "predictions": [13, 16, 400, 401, 402, 403, 404, 17, 18, 4], "target_tokens": ["[IN:GET_WEATHER", "[SL:DATE_TIME", "@ptr5", "@ptr6", "@ptr7", "@ptr8", "@ptr9", "SL:DATE_TIME]", "IN:GET_WEATHER]"], "predicted_tokens": ["[IN:GET_WEATHER", "[SL:DATE_TIME", "@ptr5", "@ptr6", "@ptr7", "@ptr8", "@ptr9", "SL:DATE_TIME]", "IN:GET_WEATHER]"]}
{"loss": 0.9717506170272827, "class_log_probabilities": [-0.5134758353233337, -7.495968341827393, -8.416801452636719, -8.423954963684082], "predictions": [13, 16, 400, 401, 402, 403, 404, 405, 17, 18, 4], "target_tokens": ["[IN:GET_WEATHER", "[SL:DATE_TIME", "@ptr5", "@ptr6", "@ptr7", "@ptr8", "@ptr9", "@ptr10", "SL:DATE_TIME]", "IN:GET_WEATHER]"], "predicted_tokens": ["[IN:GET_WEATHER", "[SL:DATE_TIME", "@ptr5", "@ptr6", "@ptr7", "@ptr8", "@ptr9", "@ptr10", "SL:DATE_TIME]", "IN:GET_WEATHER]"]}
{"loss": 0.9673343896865845, "class_log_probabilities": [-0.5034634470939636, -8.274276733398438, -8.301239967346191, -8.571677207946777], "predictions": [13, 79, 397, 80, 16, 400, 401, 17, 18, 4, 4], "target_tokens": ["[IN:GET_WEATHER", "[SL:WEATHER_ATTRIBUTE", "@ptr2", "SL:WEATHER_ATTRIBUTE]", "[SL:DATE_TIME", "@ptr5", "@ptr6", "SL:DATE_TIME]", "IN:GET_WEATHER]"], "predicted_tokens": ["[IN:GET_WEATHER", "[SL:WEATHER_ATTRIBUTE", "@ptr2", "SL:WEATHER_ATTRIBUTE]", "[SL:DATE_TIME", "@ptr5", "@ptr6", "SL:DATE_TIME]", "IN:GET_WEATHER]"]}
{"loss": 0.9670372009277344, "class_log_probabilities": [-0.30743569135665894, -8.349191665649414, -8.392021179199219, -8.44716739654541], "predictions": [13, 79, 399, 80, 18, 4], "target_tokens": ["[IN:GET_WEATHER", "[SL:WEATHER_ATTRIBUTE", "@ptr4", "SL:WEATHER_ATTRIBUTE]", "IN:GET_WEATHER]"], "predicted_tokens": ["[IN:GET_WEATHER", "[SL:WEATHER_ATTRIBUTE", "@ptr4", "SL:WEATHER_ATTRIBUTE]", "IN:GET_WEATHER]"]}
{"loss": 0.9685168862342834, "class_log_probabilities": [-0.44394463300704956, -7.877933502197266, -8.43766975402832, -8.483388900756836], "predictions": [13, 79, 398, 80, 16, 399, 17, 18, 4], "target_tokens": ["[IN:GET_WEATHER", "[SL:WEATHER_ATTRIBUTE", "@ptr3", "SL:WEATHER_ATTRIBUTE]", "[SL:DATE_TIME", "@ptr4", "SL:DATE_TIME]", "IN:GET_WEATHER]"], "predicted_tokens": ["[IN:GET_WEATHER", "[SL:WEATHER_ATTRIBUTE", "@ptr3", "SL:WEATHER_ATTRIBUTE]", "[SL:DATE_TIME", "@ptr4", "SL:DATE_TIME]", "IN:GET_WEATHER]"]}
{"loss": 0.9667370319366455, "class_log_probabilities": [-0.4741988778114319, -8.101520538330078, -8.420218467712402, -8.465563774108887], "predictions": [13, 79, 396, 80, 16, 397, 17, 18, 4], "target_tokens": ["[IN:GET_WEATHER", "[SL:WEATHER_ATTRIBUTE", "@ptr1", "SL:WEATHER_ATTRIBUTE]", "[SL:DATE_TIME", "@ptr2", "SL:DATE_TIME]", "IN:GET_WEATHER]"], "predicted_tokens": ["[IN:GET_WEATHER", "[SL:WEATHER_ATTRIBUTE", "@ptr1", "SL:WEATHER_ATTRIBUTE]", "[SL:DATE_TIME", "@ptr2", "SL:DATE_TIME]", "IN:GET_WEATHER]"]}
{"loss": 0.9698362350463867, "class_log_probabilities": [-0.4312117397785187, -8.563374519348145, -8.761127471923828, -8.796472549438477], "predictions": [13, 79, 397, 80, 16, 398, 17, 18, 4], "target_tokens": ["[IN:GET_WEATHER", "[SL:WEATHER_ATTRIBUTE", "@ptr2", "SL:WEATHER_ATTRIBUTE]", "[SL:DATE_TIME", "@ptr3", "SL:DATE_TIME]", "IN:GET_WEATHER]"], "predicted_tokens": ["[IN:GET_WEATHER", "[SL:WEATHER_ATTRIBUTE", "@ptr2", "SL:WEATHER_ATTRIBUTE]", "[SL:DATE_TIME", "@ptr3", "SL:DATE_TIME]", "IN:GET_WEATHER]"]}
{"loss": 0.9624873995780945, "class_log_probabilities": [-0.6932613253593445, -7.074227809906006, -7.215827941894531, -7.218983173370361], "predictions": [13, 79, 396, 80, 16, 397, 398, 399, 400, 17, 18, 4], "target_tokens": ["[IN:GET_WEATHER", "[SL:WEATHER_ATTRIBUTE", "@ptr1", "SL:WEATHER_ATTRIBUTE]", "[SL:DATE_TIME", "@ptr2", "@ptr3", "@ptr4", "@ptr5", "SL:DATE_TIME]", "IN:GET_WEATHER]"], "predicted_tokens": ["[IN:GET_WEATHER", "[SL:WEATHER_ATTRIBUTE", "@ptr1", "SL:WEATHER_ATTRIBUTE]", "[SL:DATE_TIME", "@ptr2", "@ptr3", "@ptr4", "@ptr5", "SL:DATE_TIME]", "IN:GET_WEATHER]"]}
{"loss": 0.9711999893188477, "class_log_probabilities": [-0.4680061638355255, -8.670356750488281, -8.761312484741211, -8.776177406311035], "predictions": [13, 79, 397, 80, 16, 398, 399, 17, 18, 4], "target_tokens": ["[IN:GET_WEATHER", "[SL:WEATHER_ATTRIBUTE", "@ptr2", "SL:WEATHER_ATTRIBUTE]", "[SL:DATE_TIME", "@ptr3", "@ptr4", "SL:DATE_TIME]", "IN:GET_WEATHER]"], "predicted_tokens": ["[IN:GET_WEATHER", "[SL:WEATHER_ATTRIBUTE", "@ptr2", "SL:WEATHER_ATTRIBUTE]", "[SL:DATE_TIME", "@ptr3", "@ptr4", "SL:DATE_TIME]", "IN:GET_WEATHER]"]}
{"loss": 0.966761589050293, "class_log_probabilities": [-0.4728930592536926, -7.860005855560303, -8.089091300964355, -8.296368598937988], "predictions": [13, 79, 400, 80, 16, 401, 17, 18, 4], "target_tokens": ["[IN:GET_WEATHER", "[SL:WEATHER_ATTRIBUTE", "@ptr5", "SL:WEATHER_ATTRIBUTE]", "[SL:DATE_TIME", "@ptr6", "SL:DATE_TIME]", "IN:GET_WEATHER]"], "predicted_tokens": ["[IN:GET_WEATHER", "[SL:WEATHER_ATTRIBUTE", "@ptr5", "SL:WEATHER_ATTRIBUTE]", "[SL:DATE_TIME", "@ptr6", "SL:DATE_TIME]", "IN:GET_WEATHER]"]}
{"loss": 0.9695906639099121, "class_log_probabilities": [-0.5818766355514526, -8.427834510803223, -8.550726890563965, -8.78536605834961], "predictions": [13, 79, 397, 80, 14, 399, 15, 16, 400, 17, 18, 4, 4], "target_tokens": ["[IN:GET_WEATHER", "[SL:WEATHER_ATTRIBUTE", "@ptr2", "SL:WEATHER_ATTRIBUTE]", "[SL:LOCATION", "@ptr4", "SL:LOCATION]", "[SL:DATE_TIME", "@ptr5", "SL:DATE_TIME]", "IN:GET_WEATHER]"], "predicted_tokens": ["[IN:GET_WEATHER", "[SL:WEATHER_ATTRIBUTE", "@ptr2", "SL:WEATHER_ATTRIBUTE]", "[SL:LOCATION", "@ptr4", "SL:LOCATION]", "[SL:DATE_TIME", "@ptr5", "SL:DATE_TIME]", "IN:GET_WEATHER]"]}
{"loss": 1.6937881708145142, "class_log_probabilities": [-0.4854331612586975, -7.702802658081055, -8.29963493347168, -8.56312370300293], "predictions": [13, 79, 399, 80, 16, 400, 401, 17, 18, 4], "target_tokens": ["[IN:GET_WEATHER", "[SL:WEATHER_ATTRIBUTE", "@ptr4", "SL:WEATHER_ATTRIBUTE]", "[SL:DATE_TIME", "@ptr6", "SL:DATE_TIME]", "IN:GET_WEATHER]"], "predicted_tokens": ["[IN:GET_WEATHER", "[SL:WEATHER_ATTRIBUTE", "@ptr4", "SL:WEATHER_ATTRIBUTE]", "[SL:DATE_TIME", "@ptr5", "@ptr6", "SL:DATE_TIME]", "IN:GET_WEATHER]"]}
{"loss": 0.9662801623344421, "class_log_probabilities": [-0.30822908878326416, -8.773249626159668, -8.964308738708496, -8.97468376159668], "predictions": [13, 16, 402, 17, 18, 4, 4, 4], "target_tokens": ["[IN:GET_WEATHER", "[SL:DATE_TIME", "@ptr7", "SL:DATE_TIME]", "IN:GET_WEATHER]"], "predicted_tokens": ["[IN:GET_WEATHER", "[SL:DATE_TIME", "@ptr7", "SL:DATE_TIME]", "IN:GET_WEATHER]"]}
{"loss": 0.9685828685760498, "class_log_probabilities": [-0.2982179820537567, -8.33326530456543, -8.401717185974121, -8.526203155517578], "predictions": [13, 79, 398, 80, 18, 4], "target_tokens": ["[IN:GET_WEATHER", "[SL:WEATHER_ATTRIBUTE", "@ptr3", "SL:WEATHER_ATTRIBUTE]", "IN:GET_WEATHER]"], "predicted_tokens": ["[IN:GET_WEATHER", "[SL:WEATHER_ATTRIBUTE", "@ptr3", "SL:WEATHER_ATTRIBUTE]", "IN:GET_WEATHER]"]}
{"loss": 1.8440661430358887, "class_log_probabilities": [-0.506702184677124, -8.373601913452148, -8.472596168518066, -8.757342338562012], "predictions": [13, 16, 400, 401, 17, 14, 403, 15, 18, 4], "target_tokens": ["[IN:GET_WEATHER", "[SL:DATE_TIME", "@ptr6", "SL:DATE_TIME]", "[SL:LOCATION", "@ptr8", "SL:LOCATION]", "IN:GET_WEATHER]"], "predicted_tokens": ["[IN:GET_WEATHER", "[SL:DATE_TIME", "@ptr5", "@ptr6", "SL:DATE_TIME]", "[SL:LOCATION", "@ptr8", "SL:LOCATION]", "IN:GET_WEATHER]"]}
{"loss": 0.9689407348632812, "class_log_probabilities": [-0.3415678143501282, -8.018649101257324, -8.47388744354248, -8.703744888305664], "predictions": [13, 14, 402, 403, 15, 18, 4, 4], "target_tokens": ["[IN:GET_WEATHER", "[SL:LOCATION", "@ptr7", "@ptr8", "SL:LOCATION]", "IN:GET_WEATHER]"], "predicted_tokens": ["[IN:GET_WEATHER", "[SL:LOCATION", "@ptr7", "@ptr8", "SL:LOCATION]", "IN:GET_WEATHER]"]}
{"loss": 0.9661389589309692, "class_log_probabilities": [-0.4648917019367218, -8.6985445022583, -8.799243927001953, -8.869824409484863], "predictions": [13, 79, 399, 80, 16, 400, 17, 18, 4, 4, 4], "target_tokens": ["[IN:GET_WEATHER", "[SL:WEATHER_ATTRIBUTE", "@ptr4", "SL:WEATHER_ATTRIBUTE]", "[SL:DATE_TIME", "@ptr5", "SL:DATE_TIME]", "IN:GET_WEATHER]"], "predicted_tokens": ["[IN:GET_WEATHER", "[SL:WEATHER_ATTRIBUTE", "@ptr4", "SL:WEATHER_ATTRIBUTE]", "[SL:DATE_TIME", "@ptr5", "SL:DATE_TIME]", "IN:GET_WEATHER]"]}
{"loss": 0.9676143527030945, "class_log_probabilities": [-0.5199413299560547, -6.253745079040527, -6.973889350891113, -7.755234718322754], "predictions": [13, 79, 397, 80, 79, 400, 401, 80, 18, 4], "target_tokens": ["[IN:GET_WEATHER", "[SL:WEATHER_ATTRIBUTE", "@ptr2", "SL:WEATHER_ATTRIBUTE]", "[SL:WEATHER_ATTRIBUTE", "@ptr5", "@ptr6", "SL:WEATHER_ATTRIBUTE]", "IN:GET_WEATHER]"], "predicted_tokens": ["[IN:GET_WEATHER", "[SL:WEATHER_ATTRIBUTE", "@ptr2", "SL:WEATHER_ATTRIBUTE]", "[SL:WEATHER_ATTRIBUTE", "@ptr5", "@ptr6", "SL:WEATHER_ATTRIBUTE]", "IN:GET_WEATHER]"]}
{"loss": 0.9698203802108765, "class_log_probabilities": [-0.480281263589859, -8.333937644958496, -8.414253234863281, -8.57648754119873], "predictions": [13, 16, 400, 401, 402, 403, 404, 17, 18, 4, 4], "target_tokens": ["[IN:GET_WEATHER", "[SL:DATE_TIME", "@ptr5", "@ptr6", "@ptr7", "@ptr8", "@ptr9", "SL:DATE_TIME]", "IN:GET_WEATHER]"], "predicted_tokens": ["[IN:GET_WEATHER", "[SL:DATE_TIME", "@ptr5", "@ptr6", "@ptr7", "@ptr8", "@ptr9", "SL:DATE_TIME]", "IN:GET_WEATHER]"]}
{"loss": 0.9672617316246033, "class_log_probabilities": [-0.48472148180007935, -5.2826151847839355, -8.585233688354492, -9.15028190612793], "predictions": [13, 79, 397, 80, 14, 400, 15, 18, 4, 4, 4], "target_tokens": ["[IN:GET_WEATHER", "[SL:WEATHER_ATTRIBUTE", "@ptr2", "SL:WEATHER_ATTRIBUTE]", "[SL:LOCATION", "@ptr5", "SL:LOCATION]", "IN:GET_WEATHER]"], "predicted_tokens": ["[IN:GET_WEATHER", "[SL:WEATHER_ATTRIBUTE", "@ptr2", "SL:WEATHER_ATTRIBUTE]", "[SL:LOCATION", "@ptr5", "SL:LOCATION]", "IN:GET_WEATHER]"]}
{"loss": 0.9688940048217773, "class_log_probabilities": [-0.295633465051651, -8.369500160217285, -8.394827842712402, -8.626222610473633], "predictions": [13, 79, 397, 80, 18, 4], "target_tokens": ["[IN:GET_WEATHER", "[SL:WEATHER_ATTRIBUTE", "@ptr2", "SL:WEATHER_ATTRIBUTE]", "IN:GET_WEATHER]"], "predicted_tokens": ["[IN:GET_WEATHER", "[SL:WEATHER_ATTRIBUTE", "@ptr2", "SL:WEATHER_ATTRIBUTE]", "IN:GET_WEATHER]"]}
{"loss": 0.9694080352783203, "class_log_probabilities": [-0.440998911857605, -8.536431312561035, -8.580699920654297, -8.74558162689209], "predictions": [13, 79, 398, 80, 14, 400, 15, 18, 4], "target_tokens": ["[IN:GET_WEATHER", "[SL:WEATHER_ATTRIBUTE", "@ptr3", "SL:WEATHER_ATTRIBUTE]", "[SL:LOCATION", "@ptr5", "SL:LOCATION]", "IN:GET_WEATHER]"], "predicted_tokens": ["[IN:GET_WEATHER", "[SL:WEATHER_ATTRIBUTE", "@ptr3", "SL:WEATHER_ATTRIBUTE]", "[SL:LOCATION", "@ptr5", "SL:LOCATION]", "IN:GET_WEATHER]"]}
{"loss": 0.9679684638977051, "class_log_probabilities": [-0.3012726306915283, -8.530322074890137, -8.531246185302734, -8.534184455871582], "predictions": [13, 79, 397, 80, 18, 4], "target_tokens": ["[IN:GET_WEATHER", "[SL:WEATHER_ATTRIBUTE", "@ptr2", "SL:WEATHER_ATTRIBUTE]", "IN:GET_WEATHER]"], "predicted_tokens": ["[IN:GET_WEATHER", "[SL:WEATHER_ATTRIBUTE", "@ptr2", "SL:WEATHER_ATTRIBUTE]", "IN:GET_WEATHER]"]}
{"loss": 0.9682105183601379, "class_log_probabilities": [-0.29788637161254883, -8.54619026184082, -8.58117389678955, -8.668603897094727], "predictions": [13, 14, 401, 15, 18, 4], "target_tokens": ["[IN:GET_WEATHER", "[SL:LOCATION", "@ptr6", "SL:LOCATION]", "IN:GET_WEATHER]"], "predicted_tokens": ["[IN:GET_WEATHER", "[SL:LOCATION", "@ptr6", "SL:LOCATION]", "IN:GET_WEATHER]"]}
{"loss": 1.7747496366500854, "class_log_probabilities": [-0.7909741997718811, -3.5768661499023438, -7.024427890777588, -8.469712257385254], "predictions": [13, 79, 397, 80, 16, 398, 399, 400, 401, 402, 17, 18, 4, 4, 4, 4], "target_tokens": ["[IN:GET_WEATHER", "[SL:WEATHER_ATTRIBUTE", "@ptr2", "SL:WEATHER_ATTRIBUTE]", "[SL:DATE_TIME", "@ptr5", "@ptr6", "@ptr7", "SL:DATE_TIME]", "IN:GET_WEATHER]"], "predicted_tokens": ["[IN:GET_WEATHER", "[SL:WEATHER_ATTRIBUTE", "@ptr2", "SL:WEATHER_ATTRIBUTE]", "[SL:DATE_TIME", "@ptr3", "@ptr4", "@ptr5", "@ptr6", "@ptr7", "SL:DATE_TIME]", "IN:GET_WEATHER]"]}
{"loss": 0.9671691656112671, "class_log_probabilities": [-0.7883232831954956, -4.36207914352417, -6.607681751251221, -6.609931945800781], "predictions": [13, 79, 397, 80, 16, 398, 399, 400, 17, 18, 4, 4], "target_tokens": ["[IN:GET_WEATHER", "[SL:WEATHER_ATTRIBUTE", "@ptr2", "SL:WEATHER_ATTRIBUTE]", "[SL:DATE_TIME", "@ptr3", "@ptr4", "@ptr5", "SL:DATE_TIME]", "IN:GET_WEATHER]"], "predicted_tokens": ["[IN:GET_WEATHER", "[SL:WEATHER_ATTRIBUTE", "@ptr2", "SL:WEATHER_ATTRIBUTE]", "[SL:DATE_TIME", "@ptr3", "@ptr4", "@ptr5", "SL:DATE_TIME]", "IN:GET_WEATHER]"]}
{"loss": 3.101472854614258, "class_log_probabilities": [-0.45995020866394043, -8.261862754821777, -8.455514907836914, -8.497403144836426], "predictions": [13, 16, 399, 17, 14, 402, 15, 18, 4], "target_tokens": ["[IN:GET_WEATHER", "[SL:WEATHER_ATTRIBUTE", "@ptr6", "SL:WEATHER_ATTRIBUTE]", "[SL:LOCATION", "@ptr7", "SL:LOCATION]", "[SL:DATE_TIME", "@ptr4", "SL:DATE_TIME]", "IN:GET_WEATHER]"], "predicted_tokens": ["[IN:GET_WEATHER", "[SL:DATE_TIME", "@ptr4", "SL:DATE_TIME]", "[SL:LOCATION", "@ptr7", "SL:LOCATION]", "IN:GET_WEATHER]"]}
{"loss": 3.4328739643096924, "class_log_probabilities": [-1.4927479028701782, -3.726447343826294, -4.069695949554443, -4.52731466293335], "predictions": [13, 16, 397, 398, 399, 17, 79, 401, 80, 18, 4, 4, 4, 4, 4], "target_tokens": ["[IN:GET_WEATHER", "[SL:WEATHER_ATTRIBUTE", "@ptr6", "SL:WEATHER_ATTRIBUTE]", "[SL:DATE_TIME", "@ptr4", "@ptr7", "@ptr8", "@ptr9", "SL:DATE_TIME]", "IN:GET_WEATHER]"], "predicted_tokens": ["[IN:GET_WEATHER", "[SL:DATE_TIME", "@ptr2", "@ptr3", "@ptr4", "SL:DATE_TIME]", "[SL:WEATHER_ATTRIBUTE", "@ptr6", "SL:WEATHER_ATTRIBUTE]", "IN:GET_WEATHER]"]}
{"loss": 1.691497564315796, "class_log_probabilities": [-0.5076839923858643, -7.6563029289245605, -7.696741104125977, -8.54438591003418], "predictions": [13, 79, 398, 80, 16, 400, 401, 17, 18, 4], "target_tokens": ["[IN:GET_WEATHER", "[SL:WEATHER_ATTRIBUTE", "@ptr3", "SL:WEATHER_ATTRIBUTE]", "[SL:DATE_TIME", "@ptr5", "SL:DATE_TIME]", "IN:GET_WEATHER]"], "predicted_tokens": ["[IN:GET_WEATHER", "[SL:WEATHER_ATTRIBUTE", "@ptr3", "SL:WEATHER_ATTRIBUTE]", "[SL:DATE_TIME", "@ptr5", "@ptr6", "SL:DATE_TIME]", "IN:GET_WEATHER]"]}
{"loss": 0.9672126770019531, "class_log_probabilities": [-0.46053051948547363, -8.165497779846191, -8.347829818725586, -8.424080848693848], "predictions": [13, 79, 397, 80, 14, 402, 15, 18, 4, 4], "target_tokens": ["[IN:GET_WEATHER", "[SL:WEATHER_ATTRIBUTE", "@ptr2", "SL:WEATHER_ATTRIBUTE]", "[SL:LOCATION", "@ptr7", "SL:LOCATION]", "IN:GET_WEATHER]"], "predicted_tokens": ["[IN:GET_WEATHER", "[SL:WEATHER_ATTRIBUTE", "@ptr2", "SL:WEATHER_ATTRIBUTE]", "[SL:LOCATION", "@ptr7", "SL:LOCATION]", "IN:GET_WEATHER]"]}
{"loss": 0.9666836857795715, "class_log_probabilities": [-0.3102980852127075, -8.312968254089355, -8.36060905456543, -8.448359489440918], "predictions": [13, 79, 399, 80, 18, 4], "target_tokens": ["[IN:GET_WEATHER", "[SL:WEATHER_ATTRIBUTE", "@ptr4", "SL:WEATHER_ATTRIBUTE]", "IN:GET_WEATHER]"], "predicted_tokens": ["[IN:GET_WEATHER", "[SL:WEATHER_ATTRIBUTE", "@ptr4", "SL:WEATHER_ATTRIBUTE]", "IN:GET_WEATHER]"]}
{"loss": 0.9687660336494446, "class_log_probabilities": [-0.2951505780220032, -8.486714363098145, -8.572239875793457, -8.64468002319336], "predictions": [13, 14, 401, 15, 18, 4], "target_tokens": ["[IN:GET_WEATHER", "[SL:LOCATION", "@ptr6", "SL:LOCATION]", "IN:GET_WEATHER]"], "predicted_tokens": ["[IN:GET_WEATHER", "[SL:LOCATION", "@ptr6", "SL:LOCATION]", "IN:GET_WEATHER]"]}
{"loss": 2.781344413757324, "class_log_probabilities": [-0.42260777950286865, -8.339917182922363, -8.61937427520752, -8.699906349182129], "predictions": [13, 79, 397, 80, 16, 398, 17, 18, 4], "target_tokens": ["[IN:GET_WEATHER", "[SL:DATE_TIME", "@ptr3", "SL:DATE_TIME]", "[SL:WEATHER_ATTRIBUTE", "@ptr2", "SL:WEATHER_ATTRIBUTE]", "IN:GET_WEATHER]"], "predicted_tokens": ["[IN:GET_WEATHER", "[SL:WEATHER_ATTRIBUTE", "@ptr2", "SL:WEATHER_ATTRIBUTE]", "[SL:DATE_TIME", "@ptr3", "SL:DATE_TIME]", "IN:GET_WEATHER]"]}
{"loss": 1.1034318208694458, "class_log_probabilities": [-1.8704285621643066, -3.776646137237549, -4.412384033203125, -4.5165019035339355], "predictions": [13, 79, 397, 80, 18, 4], "target_tokens": ["[IN:GET_WEATHER", "[SL:WEATHER_ATTRIBUTE", "@ptr2", "SL:WEATHER_ATTRIBUTE]", "IN:GET_WEATHER]"], "predicted_tokens": ["[IN:GET_WEATHER", "[SL:WEATHER_ATTRIBUTE", "@ptr2", "SL:WEATHER_ATTRIBUTE]", "IN:GET_WEATHER]"]}
{"loss": 0.9646154046058655, "class_log_probabilities": [-0.3341187834739685, -8.216611862182617, -8.251635551452637, -8.443483352661133], "predictions": [13, 79, 399, 80, 18, 4], "target_tokens": ["[IN:GET_WEATHER", "[SL:WEATHER_ATTRIBUTE", "@ptr4", "SL:WEATHER_ATTRIBUTE]", "IN:GET_WEATHER]"], "predicted_tokens": ["[IN:GET_WEATHER", "[SL:WEATHER_ATTRIBUTE", "@ptr4", "SL:WEATHER_ATTRIBUTE]", "IN:GET_WEATHER]"]}
{"loss": 0.9670457243919373, "class_log_probabilities": [-0.5984793901443481, -5.8033528327941895, -6.878847599029541, -7.039231777191162], "predictions": [13, 16, 400, 401, 17, 14, 403, 404, 15, 18, 4, 4], "target_tokens": ["[IN:GET_WEATHER", "[SL:DATE_TIME", "@ptr5", "@ptr6", "SL:DATE_TIME]", "[SL:LOCATION", "@ptr8", "@ptr9", "SL:LOCATION]", "IN:GET_WEATHER]"], "predicted_tokens": ["[IN:GET_WEATHER", "[SL:DATE_TIME", "@ptr5", "@ptr6", "SL:DATE_TIME]", "[SL:LOCATION", "@ptr8", "@ptr9", "SL:LOCATION]", "IN:GET_WEATHER]"]}
{"loss": 0.9673752188682556, "class_log_probabilities": [-0.4521369934082031, -7.320094585418701, -8.454411506652832, -8.566219329833984], "predictions": [13, 16, 400, 401, 402, 403, 17, 18, 4, 4], "target_tokens": ["[IN:GET_WEATHER", "[SL:DATE_TIME", "@ptr5", "@ptr6", "@ptr7", "@ptr8", "SL:DATE_TIME]", "IN:GET_WEATHER]"], "predicted_tokens": ["[IN:GET_WEATHER", "[SL:DATE_TIME", "@ptr5", "@ptr6", "@ptr7", "@ptr8", "SL:DATE_TIME]", "IN:GET_WEATHER]"]}
{"loss": 1.0075960159301758, "class_log_probabilities": [-0.7598143219947815, -1.661906123161316, -6.392792224884033, -6.600697040557861], "predictions": [13, 79, 399, 80, 16, 401, 17, 18, 4, 4], "target_tokens": ["[IN:GET_WEATHER", "[SL:WEATHER_ATTRIBUTE", "@ptr4", "SL:WEATHER_ATTRIBUTE]", "[SL:DATE_TIME", "@ptr6", "SL:DATE_TIME]", "IN:GET_WEATHER]"], "predicted_tokens": ["[IN:GET_WEATHER", "[SL:WEATHER_ATTRIBUTE", "@ptr4", "SL:WEATHER_ATTRIBUTE]", "[SL:DATE_TIME", "@ptr6", "SL:DATE_TIME]", "IN:GET_WEATHER]"]}
{"loss": 0.9788371324539185, "class_log_probabilities": [-0.6026114821434021, -3.703220844268799, -7.250209808349609, -7.418772220611572], "predictions": [13, 79, 403, 404, 80, 18, 4, 4, 4], "target_tokens": ["[IN:GET_WEATHER", "[SL:WEATHER_ATTRIBUTE", "@ptr8", "@ptr9", "SL:WEATHER_ATTRIBUTE]", "IN:GET_WEATHER]"], "predicted_tokens": ["[IN:GET_WEATHER", "[SL:WEATHER_ATTRIBUTE", "@ptr8", "@ptr9", "SL:WEATHER_ATTRIBUTE]", "IN:GET_WEATHER]"]}
{"loss": 0.9655731916427612, "class_log_probabilities": [-0.45038390159606934, -4.004266738891602, -6.133692741394043, -8.483187675476074], "predictions": [13, 16, 400, 401, 17, 18, 4, 4], "target_tokens": ["[IN:GET_WEATHER", "[SL:DATE_TIME", "@ptr5", "@ptr6", "SL:DATE_TIME]", "IN:GET_WEATHER]"], "predicted_tokens": ["[IN:GET_WEATHER", "[SL:DATE_TIME", "@ptr5", "@ptr6", "SL:DATE_TIME]", "IN:GET_WEATHER]"]}
{"loss": 3.4257709980010986, "class_log_probabilities": [-0.3012823462486267, -8.203231811523438, -8.240945816040039, -8.325379371643066], "predictions": [13, 14, 400, 15, 18, 4], "target_tokens": ["[IN:GET_WEATHER", "IN:GET_WEATHER]"], "predicted_tokens": ["[IN:GET_WEATHER", "[SL:LOCATION", "@ptr5", "SL:LOCATION]", "IN:GET_WEATHER]"]}
{"loss": 2.6797447204589844, "class_log_probabilities": [-0.6375606656074524, -7.733177185058594, -7.980716228485107, -8.388799667358398], "predictions": [13, 14, 401, 15, 16, 402, 403, 404, 405, 406, 407, 17, 18, 4], "target_tokens": ["[IN:GET_WEATHER", "[SL:DATE_TIME", "@ptr7", "@ptr8", "@ptr9", "@ptr10", "@ptr11", "@ptr12", "SL:DATE_TIME]", "[SL:LOCATION", "@ptr6", "SL:LOCATION]", "IN:GET_WEATHER]"], "predicted_tokens": ["[IN:GET_WEATHER", "[SL:LOCATION", "@ptr6", "SL:LOCATION]", "[SL:DATE_TIME", "@ptr7", "@ptr8", "@ptr9", "@ptr10", "@ptr11", "@ptr12", "SL:DATE_TIME]", "IN:GET_WEATHER]"]}
{"loss": 0.9663544297218323, "class_log_probabilities": [-0.31207045912742615, -8.230560302734375, -8.427096366882324, -8.486662864685059], "predictions": [13, 79, 400, 80, 18, 4], "target_tokens": ["[IN:GET_WEATHER", "[SL:WEATHER_ATTRIBUTE", "@ptr5", "SL:WEATHER_ATTRIBUTE]", "IN:GET_WEATHER]"], "predicted_tokens": ["[IN:GET_WEATHER", "[SL:WEATHER_ATTRIBUTE", "@ptr5", "SL:WEATHER_ATTRIBUTE]", "IN:GET_WEATHER]"]}
{"loss": 0.9690625071525574, "class_log_probabilities": [-0.4376874566078186, -8.27175521850586, -8.645668983459473, -8.663130760192871], "predictions": [13, 79, 398, 80, 16, 399, 17, 18, 4], "target_tokens": ["[IN:GET_WEATHER", "[SL:WEATHER_ATTRIBUTE", "@ptr3", "SL:WEATHER_ATTRIBUTE]", "[SL:DATE_TIME", "@ptr4", "SL:DATE_TIME]", "IN:GET_WEATHER]"], "predicted_tokens": ["[IN:GET_WEATHER", "[SL:WEATHER_ATTRIBUTE", "@ptr3", "SL:WEATHER_ATTRIBUTE]", "[SL:DATE_TIME", "@ptr4", "SL:DATE_TIME]", "IN:GET_WEATHER]"]}
{"loss": 0.9677028059959412, "class_log_probabilities": [-0.5633432865142822, -5.73243522644043, -7.286834239959717, -7.791354179382324], "predictions": [13, 79, 399, 400, 80, 16, 401, 402, 17, 18, 4], "target_tokens": ["[IN:GET_WEATHER", "[SL:WEATHER_ATTRIBUTE", "@ptr4", "@ptr5", "SL:WEATHER_ATTRIBUTE]", "[SL:DATE_TIME", "@ptr6", "@ptr7", "SL:DATE_TIME]", "IN:GET_WEATHER]"], "predicted_tokens": ["[IN:GET_WEATHER", "[SL:WEATHER_ATTRIBUTE", "@ptr4", "@ptr5", "SL:WEATHER_ATTRIBUTE]", "[SL:DATE_TIME", "@ptr6", "@ptr7", "SL:DATE_TIME]", "IN:GET_WEATHER]"]}
{"loss": 3.3107693195343018, "class_log_probabilities": [-1.321117639541626, -2.2604684829711914, -4.658055782318115, -5.404714107513428], "predictions": [13, 79, 400, 401, 402, 80, 18, 4, 4, 4], "target_tokens": ["[IN:GET_WEATHER", "[SL:WEATHER_ATTRIBUTE", "@ptr4", "SL:WEATHER_ATTRIBUTE]", "IN:GET_WEATHER]"], "predicted_tokens": ["[IN:GET_WEATHER", "[SL:WEATHER_ATTRIBUTE", "@ptr5", "@ptr6", "@ptr7", "SL:WEATHER_ATTRIBUTE]", "IN:GET_WEATHER]"]}
{"loss": 0.9686727523803711, "class_log_probabilities": [-0.439571350812912, -8.600947380065918, -8.64999771118164, -8.816020011901855], "predictions": [13, 14, 401, 15, 16, 402, 17, 18, 4], "target_tokens": ["[IN:GET_WEATHER", "[SL:LOCATION", "@ptr6", "SL:LOCATION]", "[SL:DATE_TIME", "@ptr7", "SL:DATE_TIME]", "IN:GET_WEATHER]"], "predicted_tokens": ["[IN:GET_WEATHER", "[SL:LOCATION", "@ptr6", "SL:LOCATION]", "[SL:DATE_TIME", "@ptr7", "SL:DATE_TIME]", "IN:GET_WEATHER]"]}
{"loss": 0.9684098362922668, "class_log_probabilities": [-0.2971717119216919, -8.521371841430664, -8.535714149475098, -8.610158920288086], "predictions": [13, 14, 401, 15, 18, 4], "target_tokens": ["[IN:GET_WEATHER", "[SL:LOCATION", "@ptr6", "SL:LOCATION]", "IN:GET_WEATHER]"], "predicted_tokens": ["[IN:GET_WEATHER", "[SL:LOCATION", "@ptr6", "SL:LOCATION]", "IN:GET_WEATHER]"]}
{"loss": 1.7425436973571777, "class_log_probabilities": [-0.5651765465736389, -7.583740711212158, -7.625566482543945, -7.7522711753845215], "predictions": [13, 79, 396, 80, 16, 397, 398, 17, 18, 4], "target_tokens": ["[IN:GET_WEATHER", "[SL:WEATHER_ATTRIBUTE", "@ptr1", "SL:WEATHER_ATTRIBUTE]", "[SL:DATE_TIME", "@ptr3", "SL:DATE_TIME]", "IN:GET_WEATHER]"], "predicted_tokens": ["[IN:GET_WEATHER", "[SL:WEATHER_ATTRIBUTE", "@ptr1", "SL:WEATHER_ATTRIBUTE]", "[SL:DATE_TIME", "@ptr2", "@ptr3", "SL:DATE_TIME]", "IN:GET_WEATHER]"]}
{"loss": 2.951969623565674, "class_log_probabilities": [-0.8028921484947205, -5.355411529541016, -5.491601467132568, -6.349862098693848], "predictions": [45, 16, 400, 401, 402, 403, 17, 46, 4], "target_tokens": ["[IN:GET_WEATHER", "[SL:WEATHER_ATTRIBUTE", "@ptr1", "SL:WEATHER_ATTRIBUTE]", "[SL:DATE_TIME", "@ptr4", "@ptr5", "@ptr6", "@ptr7", "@ptr8", "SL:DATE_TIME]", "IN:GET_WEATHER]"], "predicted_tokens": ["[IN:CREATE_ALARM", "[SL:DATE_TIME", "@ptr5", "@ptr6", "@ptr7", "@ptr8", "SL:DATE_TIME]", "IN:CREATE_ALARM]"]}
{"loss": 0.9675384759902954, "class_log_probabilities": [-0.40024441480636597, -8.23171615600586, -8.516985893249512, -8.620397567749023], "predictions": [13, 16, 400, 401, 402, 17, 18, 4, 4], "target_tokens": ["[IN:GET_WEATHER", "[SL:DATE_TIME", "@ptr5", "@ptr6", "@ptr7", "SL:DATE_TIME]", "IN:GET_WEATHER]"], "predicted_tokens": ["[IN:GET_WEATHER", "[SL:DATE_TIME", "@ptr5", "@ptr6", "@ptr7", "SL:DATE_TIME]", "IN:GET_WEATHER]"]}
{"loss": 0.9655621647834778, "class_log_probabilities": [-0.36558929085731506, -7.7187275886535645, -8.244430541992188, -8.48087215423584], "predictions": [13, 16, 401, 402, 17, 18, 4], "target_tokens": ["[IN:GET_WEATHER", "[SL:DATE_TIME", "@ptr6", "@ptr7", "SL:DATE_TIME]", "IN:GET_WEATHER]"], "predicted_tokens": ["[IN:GET_WEATHER", "[SL:DATE_TIME", "@ptr6", "@ptr7", "SL:DATE_TIME]", "IN:GET_WEATHER]"]}
{"loss": 0.9666303992271423, "class_log_probabilities": [-0.458149790763855, -8.525819778442383, -8.55374526977539, -8.57138442993164], "predictions": [13, 79, 399, 80, 16, 400, 17, 18, 4], "target_tokens": ["[IN:GET_WEATHER", "[SL:WEATHER_ATTRIBUTE", "@ptr4", "SL:WEATHER_ATTRIBUTE]", "[SL:DATE_TIME", "@ptr5", "SL:DATE_TIME]", "IN:GET_WEATHER]"], "predicted_tokens": ["[IN:GET_WEATHER", "[SL:WEATHER_ATTRIBUTE", "@ptr4", "SL:WEATHER_ATTRIBUTE]", "[SL:DATE_TIME", "@ptr5", "SL:DATE_TIME]", "IN:GET_WEATHER]"]}
{"loss": 0.9778305888175964, "class_log_probabilities": [-0.6154516339302063, -7.519167423248291, -7.769900321960449, -7.9120354652404785], "predictions": [13, 16, 400, 401, 402, 403, 404, 405, 406, 407, 408, 17, 18, 4], "target_tokens": ["[IN:GET_WEATHER", "[SL:DATE_TIME", "@ptr5", "@ptr6", "@ptr7", "@ptr8", "@ptr9", "@ptr10", "@ptr11", "@ptr12", "@ptr13", "SL:DATE_TIME]", "IN:GET_WEATHER]"], "predicted_tokens": ["[IN:GET_WEATHER", "[SL:DATE_TIME", "@ptr5", "@ptr6", "@ptr7", "@ptr8", "@ptr9", "@ptr10", "@ptr11", "@ptr12", "@ptr13", "SL:DATE_TIME]", "IN:GET_WEATHER]"]}
{"loss": 0.9685118198394775, "class_log_probabilities": [-0.29558393359184265, -8.892191886901855, -8.944479942321777, -9.555265426635742], "predictions": [13, 16, 399, 17, 18, 4, 4, 4], "target_tokens": ["[IN:GET_WEATHER", "[SL:DATE_TIME", "@ptr4", "SL:DATE_TIME]", "IN:GET_WEATHER]"], "predicted_tokens": ["[IN:GET_WEATHER", "[SL:DATE_TIME", "@ptr4", "SL:DATE_TIME]", "IN:GET_WEATHER]"]}
{"loss": 0.9670684337615967, "class_log_probabilities": [-0.6614210605621338, -7.74200439453125, -8.672425270080566, -8.863789558410645], "predictions": [13, 79, 398, 80, 14, 400, 401, 15, 16, 402, 17, 18, 4, 4, 4], "target_tokens": ["[IN:GET_WEATHER", "[SL:WEATHER_ATTRIBUTE", "@ptr3", "SL:WEATHER_ATTRIBUTE]", "[SL:LOCATION", "@ptr5", "@ptr6", "SL:LOCATION]", "[SL:DATE_TIME", "@ptr7", "SL:DATE_TIME]", "IN:GET_WEATHER]"], "predicted_tokens": ["[IN:GET_WEATHER", "[SL:WEATHER_ATTRIBUTE", "@ptr3", "SL:WEATHER_ATTRIBUTE]", "[SL:LOCATION", "@ptr5", "@ptr6", "SL:LOCATION]", "[SL:DATE_TIME", "@ptr7", "SL:DATE_TIME]", "IN:GET_WEATHER]"]}
{"loss": 2.100832462310791, "class_log_probabilities": [-0.7489917278289795, -8.101001739501953, -8.50133228302002, -8.781745910644531], "predictions": [13, 79, 397, 80, 16, 398, 399, 400, 17, 14, 402, 403, 15, 18, 4, 4], "target_tokens": ["[IN:GET_WEATHER", "[SL:WEATHER_ATTRIBUTE", "@ptr2", "SL:WEATHER_ATTRIBUTE]", "[SL:LOCATION", "@ptr7", "@ptr8", "SL:LOCATION]", "[SL:DATE_TIME", "@ptr4", "@ptr5", "SL:DATE_TIME]", "IN:GET_WEATHER]"], "predicted_tokens": ["[IN:GET_WEATHER", "[SL:WEATHER_ATTRIBUTE", "@ptr2", "SL:WEATHER_ATTRIBUTE]", "[SL:DATE_TIME", "@ptr3", "@ptr4", "@ptr5", "SL:DATE_TIME]", "[SL:LOCATION", "@ptr7", "@ptr8", "SL:LOCATION]", "IN:GET_WEATHER]"]}
{"loss": 1.905315637588501, "class_log_probabilities": [-0.4774545729160309, -8.709136962890625, -8.839829444885254, -8.920140266418457], "predictions": [13, 79, 397, 80, 16, 398, 399, 17, 18, 4, 4], "target_tokens": ["[IN:GET_WEATHER", "[SL:WEATHER_ATTRIBUTE", "@ptr2", "SL:WEATHER_ATTRIBUTE]", "[SL:DATE_TIME", "@ptr4", "SL:DATE_TIME]", "IN:GET_WEATHER]"], "predicted_tokens": ["[IN:GET_WEATHER", "[SL:WEATHER_ATTRIBUTE", "@ptr2", "SL:WEATHER_ATTRIBUTE]", "[SL:DATE_TIME", "@ptr3", "@ptr4", "SL:DATE_TIME]", "IN:GET_WEATHER]"]}
{"loss": 0.9692943692207336, "class_log_probabilities": [-0.29869237542152405, -5.850717067718506, -8.47262191772461, -8.549912452697754], "predictions": [13, 14, 403, 15, 18, 4], "target_tokens": ["[IN:GET_WEATHER", "[SL:LOCATION", "@ptr8", "SL:LOCATION]", "IN:GET_WEATHER]"], "predicted_tokens": ["[IN:GET_WEATHER", "[SL:LOCATION", "@ptr8", "SL:LOCATION]", "IN:GET_WEATHER]"]}
{"loss": 0.9652647376060486, "class_log_probabilities": [-0.3301316797733307, -7.363026142120361, -7.853963851928711, -8.126333236694336], "predictions": [13, 79, 398, 80, 18, 4], "target_tokens": ["[IN:GET_WEATHER", "[SL:WEATHER_ATTRIBUTE", "@ptr3", "SL:WEATHER_ATTRIBUTE]", "IN:GET_WEATHER]"], "predicted_tokens": ["[IN:GET_WEATHER", "[SL:WEATHER_ATTRIBUTE", "@ptr3", "SL:WEATHER_ATTRIBUTE]", "IN:GET_WEATHER]"]}
{"loss": 0.9684802889823914, "class_log_probabilities": [-0.2967855930328369, -8.525251388549805, -8.55954647064209, -8.65224838256836], "predictions": [13, 14, 401, 15, 18, 4], "target_tokens": ["[IN:GET_WEATHER", "[SL:LOCATION", "@ptr6", "SL:LOCATION]", "IN:GET_WEATHER]"], "predicted_tokens": ["[IN:GET_WEATHER", "[SL:LOCATION", "@ptr6", "SL:LOCATION]", "IN:GET_WEATHER]"]}
{"loss": 0.9653303027153015, "class_log_probabilities": [-0.32768934965133667, -7.809914588928223, -8.305027961730957, -8.36429500579834], "predictions": [13, 79, 399, 80, 18, 4], "target_tokens": ["[IN:GET_WEATHER", "[SL:WEATHER_ATTRIBUTE", "@ptr4", "SL:WEATHER_ATTRIBUTE]", "IN:GET_WEATHER]"], "predicted_tokens": ["[IN:GET_WEATHER", "[SL:WEATHER_ATTRIBUTE", "@ptr4", "SL:WEATHER_ATTRIBUTE]", "IN:GET_WEATHER]"]}
{"loss": 0.9824674725532532, "class_log_probabilities": [-0.9176322221755981, -3.0363950729370117, -3.3368823528289795, -5.047473430633545], "predictions": [13, 14, 403, 404, 15, 16, 405, 406, 17, 18, 4], "target_tokens": ["[IN:GET_WEATHER", "[SL:LOCATION", "@ptr8", "@ptr9", "SL:LOCATION]", "[SL:DATE_TIME", "@ptr10", "@ptr11", "SL:DATE_TIME]", "IN:GET_WEATHER]"], "predicted_tokens": ["[IN:GET_WEATHER", "[SL:LOCATION", "@ptr8", "@ptr9", "SL:LOCATION]", "[SL:DATE_TIME", "@ptr10", "@ptr11", "SL:DATE_TIME]", "IN:GET_WEATHER]"]}
{"loss": 0.9681633114814758, "class_log_probabilities": [-0.39814454317092896, -7.452595233917236, -8.091952323913574, -8.145147323608398], "predictions": [13, 14, 397, 398, 399, 15, 18, 4], "target_tokens": ["[IN:GET_WEATHER", "[SL:LOCATION", "@ptr2", "@ptr3", "@ptr4", "SL:LOCATION]", "IN:GET_WEATHER]"], "predicted_tokens": ["[IN:GET_WEATHER", "[SL:LOCATION", "@ptr2", "@ptr3", "@ptr4", "SL:LOCATION]", "IN:GET_WEATHER]"]}
{"loss": 0.9669158458709717, "class_log_probabilities": [-0.4533673822879791, -8.583885192871094, -8.710580825805664, -8.744112968444824], "predictions": [13, 16, 400, 401, 402, 403, 17, 18, 4, 4], "target_tokens": ["[IN:GET_WEATHER", "[SL:DATE_TIME", "@ptr5", "@ptr6", "@ptr7", "@ptr8", "SL:DATE_TIME]", "IN:GET_WEATHER]"], "predicted_tokens": ["[IN:GET_WEATHER", "[SL:DATE_TIME", "@ptr5", "@ptr6", "@ptr7", "@ptr8", "SL:DATE_TIME]", "IN:GET_WEATHER]"]}
{"loss": 0.9754440188407898, "class_log_probabilities": [-0.835173487663269, -3.3243792057037354, -4.4344048500061035, -6.265498161315918], "predictions": [13, 79, 398, 399, 80, 18, 4], "target_tokens": ["[IN:GET_WEATHER", "[SL:WEATHER_ATTRIBUTE", "@ptr3", "@ptr4", "SL:WEATHER_ATTRIBUTE]", "IN:GET_WEATHER]"], "predicted_tokens": ["[IN:GET_WEATHER", "[SL:WEATHER_ATTRIBUTE", "@ptr3", "@ptr4", "SL:WEATHER_ATTRIBUTE]", "IN:GET_WEATHER]"]}
{"loss": 0.968224823474884, "class_log_probabilities": [-0.44237715005874634, -8.53398323059082, -8.62159538269043, -8.755287170410156], "predictions": [13, 14, 401, 15, 16, 402, 17, 18, 4, 4], "target_tokens": ["[IN:GET_WEATHER", "[SL:LOCATION", "@ptr6", "SL:LOCATION]", "[SL:DATE_TIME", "@ptr7", "SL:DATE_TIME]", "IN:GET_WEATHER]"], "predicted_tokens": ["[IN:GET_WEATHER", "[SL:LOCATION", "@ptr6", "SL:LOCATION]", "[SL:DATE_TIME", "@ptr7", "SL:DATE_TIME]", "IN:GET_WEATHER]"]}
{"loss": 0.9707276225090027, "class_log_probabilities": [-0.6960055232048035, -6.49189567565918, -7.185017108917236, -7.58847188949585], "predictions": [13, 79, 401, 80, 16, 403, 404, 405, 406, 407, 408, 17, 18, 4, 4], "target_tokens": ["[IN:GET_WEATHER", "[SL:WEATHER_ATTRIBUTE", "@ptr6", "SL:WEATHER_ATTRIBUTE]", "[SL:DATE_TIME", "@ptr8", "@ptr9", "@ptr10", "@ptr11", "@ptr12", "@ptr13", "SL:DATE_TIME]", "IN:GET_WEATHER]"], "predicted_tokens": ["[IN:GET_WEATHER", "[SL:WEATHER_ATTRIBUTE", "@ptr6", "SL:WEATHER_ATTRIBUTE]", "[SL:DATE_TIME", "@ptr8", "@ptr9", "@ptr10", "@ptr11", "@ptr12", "@ptr13", "SL:DATE_TIME]", "IN:GET_WEATHER]"]}
{"loss": 0.9663196802139282, "class_log_probabilities": [-0.4073295295238495, -7.367737770080566, -7.933959007263184, -8.482132911682129], "predictions": [13, 16, 400, 401, 402, 17, 18, 4, 4], "target_tokens": ["[IN:GET_WEATHER", "[SL:DATE_TIME", "@ptr5", "@ptr6", "@ptr7", "SL:DATE_TIME]", "IN:GET_WEATHER]"], "predicted_tokens": ["[IN:GET_WEATHER", "[SL:DATE_TIME", "@ptr5", "@ptr6", "@ptr7", "SL:DATE_TIME]", "IN:GET_WEATHER]"]}
{"loss": 2.060903549194336, "class_log_probabilities": [-0.5378983616828918, -7.675601005554199, -7.911373615264893, -8.243985176086426], "predictions": [13, 79, 396, 80, 16, 397, 398, 399, 17, 18, 4, 4, 4], "target_tokens": ["[IN:GET_WEATHER", "[SL:WEATHER_ATTRIBUTE", "@ptr1", "SL:WEATHER_ATTRIBUTE]", "[SL:DATE_TIME", "@ptr4", "SL:DATE_TIME]", "IN:GET_WEATHER]"], "predicted_tokens": ["[IN:GET_WEATHER", "[SL:WEATHER_ATTRIBUTE", "@ptr1", "SL:WEATHER_ATTRIBUTE]", "[SL:DATE_TIME", "@ptr2", "@ptr3", "@ptr4", "SL:DATE_TIME]", "IN:GET_WEATHER]"]}
{"loss": 2.7527811527252197, "class_log_probabilities": [-0.4666236639022827, -7.977217674255371, -8.357769966125488, -8.375240325927734], "predictions": [13, 79, 398, 80, 14, 404, 15, 18, 4], "target_tokens": ["[IN:GET_WEATHER", "[SL:WEATHER_ATTRIBUTE", "@ptr3", "SL:WEATHER_ATTRIBUTE]", "[SL:LOCATION", "@ptr7", "@ptr8", "@ptr9", "SL:LOCATION]", "IN:GET_WEATHER]"], "predicted_tokens": ["[IN:GET_WEATHER", "[SL:WEATHER_ATTRIBUTE", "@ptr3", "SL:WEATHER_ATTRIBUTE]", "[SL:LOCATION", "@ptr9", "SL:LOCATION]", "IN:GET_WEATHER]"]}
{"loss": 0.9686089158058167, "class_log_probabilities": [-0.2960130572319031, -8.538338661193848, -8.605477333068848, -8.626264572143555], "predictions": [13, 14, 401, 15, 18, 4], "target_tokens": ["[IN:GET_WEATHER", "[SL:LOCATION", "@ptr6", "SL:LOCATION]", "IN:GET_WEATHER]"], "predicted_tokens": ["[IN:GET_WEATHER", "[SL:LOCATION", "@ptr6", "SL:LOCATION]", "IN:GET_WEATHER]"]}
{"loss": 1.9497402906417847, "class_log_probabilities": [-0.6778789758682251, -4.92950963973999, -6.3047308921813965, -6.557766914367676], "predictions": [247, 156, 401, 402, 403, 404, 405, 406, 157, 248, 4], "target_tokens": ["[IN:SET_RSVP_INTERESTED", "[SL:TITLE_EVENT", "@ptr8", "@ptr9", "@ptr10", "@ptr11", "SL:TITLE_EVENT]", "IN:SET_RSVP_INTERESTED]"], "predicted_tokens": ["[IN:SET_RSVP_INTERESTED", "[SL:TITLE_EVENT", "@ptr6", "@ptr7", "@ptr8", "@ptr9", "@ptr10", "@ptr11", "SL:TITLE_EVENT]", "IN:SET_RSVP_INTERESTED]"]}
{"loss": 0.9922027587890625, "class_log_probabilities": [-0.2582899332046509, -6.219770908355713, -7.402340888977051, -7.762050151824951], "predictions": [321, 20, 400, 21, 322, 4, 4, 4], "target_tokens": ["[IN:SET_RSVP_NO", "[SL:ORDINAL", "@ptr5", "SL:ORDINAL]", "IN:SET_RSVP_NO]"], "predicted_tokens": ["[IN:SET_RSVP_NO", "[SL:ORDINAL", "@ptr5", "SL:ORDINAL]", "IN:SET_RSVP_NO]"]}
{"loss": 0.9915059804916382, "class_log_probabilities": [-0.6086630821228027, -6.854006290435791, -7.216305255889893, -7.303341865539551], "predictions": [247, 156, 399, 400, 401, 402, 403, 404, 405, 406, 407, 408, 157, 248, 4], "target_tokens": ["[IN:SET_RSVP_INTERESTED", "[SL:TITLE_EVENT", "@ptr4", "@ptr5", "@ptr6", "@ptr7", "@ptr8", "@ptr9", "@ptr10", "@ptr11", "@ptr12", "@ptr13", "SL:TITLE_EVENT]", "IN:SET_RSVP_INTERESTED]"], "predicted_tokens": ["[IN:SET_RSVP_INTERESTED", "[SL:TITLE_EVENT", "@ptr4", "@ptr5", "@ptr6", "@ptr7", "@ptr8", "@ptr9", "@ptr10", "@ptr11", "@ptr12", "@ptr13", "SL:TITLE_EVENT]", "IN:SET_RSVP_INTERESTED]"]}
{"loss": 4.178787708282471, "class_log_probabilities": [-0.9705281853675842, -2.3192243576049805, -5.529407978057861, -5.7625274658203125], "predictions": [63, 66, 397, 398, 67, 68, 4, 4], "target_tokens": ["[IN:SET_RSVP_YES", "[SL:TITLE_EVENT", "@ptr2", "@ptr3", "SL:TITLE_EVENT]", "IN:SET_RSVP_YES]"], "predicted_tokens": ["[IN:PLAY_MUSIC", "[SL:MUSIC_ARTIST_NAME", "@ptr2", "@ptr3", "SL:MUSIC_ARTIST_NAME]", "IN:PLAY_MUSIC]"]}
{"loss": 0.9853044152259827, "class_log_probabilities": [-0.2899743318557739, -7.191211223602295, -7.585174083709717, -7.7124433517456055], "predictions": [321, 156, 400, 157, 322, 4], "target_tokens": ["[IN:SET_RSVP_NO", "[SL:TITLE_EVENT", "@ptr5", "SL:TITLE_EVENT]", "IN:SET_RSVP_NO]"], "predicted_tokens": ["[IN:SET_RSVP_NO", "[SL:TITLE_EVENT", "@ptr5", "SL:TITLE_EVENT]", "IN:SET_RSVP_NO]"]}
{"loss": 2.5103330612182617, "class_log_probabilities": [-6.64829683303833, -8.73102855682373, -9.070003509521484, -9.488548278808594], "predictions": [49, 36, 402, 403, 404, 405, 406, 407, 409, 37, 50, 4], "target_tokens": ["[IN:SET_RSVP_INTERESTED", "[SL:TITLE_EVENT", "@ptr7", "@ptr8", "@ptr9", "@ptr10", "@ptr11", "@ptr12", "@ptr13", "@ptr14", "SL:TITLE_EVENT]", "IN:SET_RSVP_INTERESTED]"], "predicted_tokens": ["[IN:CREATE_REMINDER", "[SL:TODO", "@ptr7", "@ptr8", "@ptr9", "@ptr10", "@ptr11", "@ptr12", "@ptr14", "SL:TODO]", "IN:CREATE_REMINDER]"]}
{"loss": 0.9918015599250793, "class_log_probabilities": [-0.39769813418388367, -6.5980224609375, -7.163405895233154, -7.537847518920898], "predictions": [155, 156, 402, 403, 404, 405, 157, 158, 4, 4], "target_tokens": ["[IN:SET_RSVP_YES", "[SL:TITLE_EVENT", "@ptr7", "@ptr8", "@ptr9", "@ptr10", "SL:TITLE_EVENT]", "IN:SET_RSVP_YES]"], "predicted_tokens": ["[IN:SET_RSVP_YES", "[SL:TITLE_EVENT", "@ptr7", "@ptr8", "@ptr9", "@ptr10", "SL:TITLE_EVENT]", "IN:SET_RSVP_YES]"]}
{"loss": 3.70638108253479, "class_log_probabilities": [-0.13927051424980164, -8.842296600341797, -8.87160873413086, -8.983749389648438], "predictions": [61, 62, 4, 4, 4], "target_tokens": ["[IN:GET_EVENT", "[SL:ATTRIBUTE_EVENT", "@ptr6", "@ptr7", "@ptr8", "SL:ATTRIBUTE_EVENT]", "IN:GET_EVENT]"], "predicted_tokens": ["[IN:GET_EVENT", "IN:GET_EVENT]"]}
{"loss": 0.9925399422645569, "class_log_probabilities": [-0.364202082157135, -7.032556533813477, -7.761325359344482, -7.786843776702881], "predictions": [197, 20, 397, 21, 6, 400, 7, 198, 4, 4, 4], "target_tokens": ["[IN:SHARE_EVENT", "[SL:ORDINAL", "@ptr2", "SL:ORDINAL]", "[SL:CONTACT", "@ptr5", "SL:CONTACT]", "IN:SHARE_EVENT]"], "predicted_tokens": ["[IN:SHARE_EVENT", "[SL:ORDINAL", "@ptr2", "SL:ORDINAL]", "[SL:CONTACT", "@ptr5", "SL:CONTACT]", "IN:SHARE_EVENT]"]}
{"loss": 1.5968958139419556, "class_log_probabilities": [-0.25233083963394165, -4.754895210266113, -4.836691379547119, -9.003457069396973], "predictions": [61, 62, 4, 4, 4, 4], "target_tokens": ["[IN:GET_EVENT", "[SL:USER_ATTENDEE_EVENT", "@ptr5", "SL:USER_ATTENDEE_EVENT]", "IN:GET_EVENT]"], "predicted_tokens": ["[IN:GET_EVENT", "IN:GET_EVENT]"]}
{"loss": 2.0260722637176514, "class_log_probabilities": [-1.7276824712753296, -2.9882006645202637, -4.774574279785156, -7.018101215362549], "predictions": [61, 343, 396, 344, 62, 4, 4, 4, 4], "target_tokens": ["[IN:GET_EVENT", "[SL:USER_ATTENDEE_EVENT", "@ptr1", "SL:USER_ATTENDEE_EVENT]", "[SL:DATE_TIME", "@ptr3", "SL:DATE_TIME]", "IN:GET_EVENT]"], "predicted_tokens": ["[IN:GET_EVENT", "[SL:USER_ATTENDEE_EVENT", "@ptr1", "SL:USER_ATTENDEE_EVENT]", "IN:GET_EVENT]"]}
{"loss": 0.9909238815307617, "class_log_probabilities": [-0.310042142868042, -5.840340614318848, -5.957330226898193, -6.692708969116211], "predictions": [61, 343, 396, 344, 62, 4], "target_tokens": ["[IN:GET_EVENT", "[SL:USER_ATTENDEE_EVENT", "@ptr1", "SL:USER_ATTENDEE_EVENT]", "IN:GET_EVENT]"], "predicted_tokens": ["[IN:GET_EVENT", "[SL:USER_ATTENDEE_EVENT", "@ptr1", "SL:USER_ATTENDEE_EVENT]", "IN:GET_EVENT]"]}
{"loss": 0.983700692653656, "class_log_probabilities": [-0.12827664613723755, -8.261381149291992, -8.827597618103027, -9.217941284179688], "predictions": [61, 62, 4, 4, 4], "target_tokens": ["[IN:GET_EVENT", "IN:GET_EVENT]"], "predicted_tokens": ["[IN:GET_EVENT", "IN:GET_EVENT]"]}
{"loss": 1.3466367721557617, "class_log_probabilities": [-2.60308575630188, -2.836071252822876, -2.963459014892578, -4.27195405960083], "predictions": [265, 313, 70, 93, 398, 94, 71, 399, 72, 73, 314, 156, 402, 403, 404, 405, 406, 407, 408, 157, 266, 4], "target_tokens": ["[IN:GET_ATTENDEE_EVENT", "[SL:ATTENDEE_EVENT", "[IN:GET_CONTACT", "[SL:CONTACT_RELATED", "@ptr3", "SL:CONTACT_RELATED]", "[SL:TYPE_RELATION", "@ptr4", "SL:TYPE_RELATION]", "IN:GET_CONTACT]", "SL:ATTENDEE_EVENT]", "[SL:TITLE_EVENT", "@ptr9", "@ptr10", "@ptr11", "@ptr12", "@ptr13", "SL:TITLE_EVENT]", "IN:GET_ATTENDEE_EVENT]"], "predicted_tokens": ["[IN:GET_ATTENDEE_EVENT", "[SL:ATTENDEE_EVENT", "[IN:GET_CONTACT", "[SL:CONTACT_RELATED", "@ptr3", "SL:CONTACT_RELATED]", "[SL:TYPE_RELATION", "@ptr4", "SL:TYPE_RELATION]", "IN:GET_CONTACT]", "SL:ATTENDEE_EVENT]", "[SL:TITLE_EVENT", "@ptr7", "@ptr8", "@ptr9", "@ptr10", "@ptr11", "@ptr12", "@ptr13", "SL:TITLE_EVENT]", "IN:GET_ATTENDEE_EVENT]"]}
{"loss": 1.0031559467315674, "class_log_probabilities": [-0.7195534110069275, -6.904699802398682, -6.947631359100342, -6.9534783363342285], "predictions": [265, 313, 70, 93, 398, 94, 71, 399, 72, 73, 314, 156, 403, 404, 157, 266, 4], "target_tokens": ["[IN:GET_ATTENDEE_EVENT", "[SL:ATTENDEE_EVENT", "[IN:GET_CONTACT", "[SL:CONTACT_RELATED", "@ptr3", "SL:CONTACT_RELATED]", "[SL:TYPE_RELATION", "@ptr4", "SL:TYPE_RELATION]", "IN:GET_CONTACT]", "SL:ATTENDEE_EVENT]", "[SL:TITLE_EVENT", "@ptr8", "@ptr9", "SL:TITLE_EVENT]", "IN:GET_ATTENDEE_EVENT]"], "predicted_tokens": ["[IN:GET_ATTENDEE_EVENT", "[SL:ATTENDEE_EVENT", "[IN:GET_CONTACT", "[SL:CONTACT_RELATED", "@ptr3", "SL:CONTACT_RELATED]", "[SL:TYPE_RELATION", "@ptr4", "SL:TYPE_RELATION]", "IN:GET_CONTACT]", "SL:ATTENDEE_EVENT]", "[SL:TITLE_EVENT", "@ptr8", "@ptr9", "SL:TITLE_EVENT]", "IN:GET_ATTENDEE_EVENT]"]}
{"loss": 0.9720981121063232, "class_log_probabilities": [-0.29903045296669006, -7.893986701965332, -8.00659465789795, -8.145261764526367], "predictions": [61, 83, 400, 84, 62, 4, 4, 4], "target_tokens": ["[IN:GET_EVENT", "[SL:CATEGORY_EVENT", "@ptr5", "SL:CATEGORY_EVENT]", "IN:GET_EVENT]"], "predicted_tokens": ["[IN:GET_EVENT", "[SL:CATEGORY_EVENT", "@ptr5", "SL:CATEGORY_EVENT]", "IN:GET_EVENT]"]}
{"loss": 0.9787226915359497, "class_log_probabilities": [-0.355577677488327, -6.567516326904297, -7.042635917663574, -7.526123046875], "predictions": [61, 83, 397, 398, 399, 84, 62, 4, 4], "target_tokens": ["[IN:GET_EVENT", "[SL:CATEGORY_EVENT", "@ptr2", "@ptr3", "@ptr4", "SL:CATEGORY_EVENT]", "IN:GET_EVENT]"], "predicted_tokens": ["[IN:GET_EVENT", "[SL:CATEGORY_EVENT", "@ptr2", "@ptr3", "@ptr4", "SL:CATEGORY_EVENT]", "IN:GET_EVENT]"]}
{"loss": 0.9765278697013855, "class_log_probabilities": [-0.31936848163604736, -7.650454998016357, -7.79874849319458, -8.099372863769531], "predictions": [61, 83, 398, 399, 84, 62, 4, 4, 4, 4], "target_tokens": ["[IN:GET_EVENT", "[SL:CATEGORY_EVENT", "@ptr3", "@ptr4", "SL:CATEGORY_EVENT]", "IN:GET_EVENT]"], "predicted_tokens": ["[IN:GET_EVENT", "[SL:CATEGORY_EVENT", "@ptr3", "@ptr4", "SL:CATEGORY_EVENT]", "IN:GET_EVENT]"]}
{"loss": 3.64313006401062, "class_log_probabilities": [-0.24456371366977692, -8.077141761779785, -8.34380054473877, -8.35315227508545], "predictions": [61, 83, 398, 84, 62, 4, 4, 4], "target_tokens": ["[IN:GET_EVENT", "IN:GET_EVENT]"], "predicted_tokens": ["[IN:GET_EVENT", "[SL:CATEGORY_EVENT", "@ptr3", "SL:CATEGORY_EVENT]", "IN:GET_EVENT]"]}
{"loss": 0.9971944689750671, "class_log_probabilities": [-0.24599097669124603, -7.600430488586426, -7.793075084686279, -7.81132698059082], "predictions": [295, 20, 400, 21, 296, 4, 4, 4], "target_tokens": ["[IN:GET_DATE_TIME_EVENT", "[SL:ORDINAL", "@ptr5", "SL:ORDINAL]", "IN:GET_DATE_TIME_EVENT]"], "predicted_tokens": ["[IN:GET_DATE_TIME_EVENT", "[SL:ORDINAL", "@ptr5", "SL:ORDINAL]", "IN:GET_DATE_TIME_EVENT]"]}
{"loss": 1.8238155841827393, "class_log_probabilities": [-0.8411896824836731, -4.663589954376221, -5.522462368011475, -5.770153045654297], "predictions": [61, 83, 398, 399, 84, 16, 402, 403, 404, 17, 14, 406, 407, 408, 15, 62, 4, 4], "target_tokens": ["[IN:GET_EVENT", "[SL:CATEGORY_EVENT", "@ptr3", "SL:CATEGORY_EVENT]", "[SL:DATE_TIME", "@ptr6", "@ptr7", "@ptr8", "SL:DATE_TIME]", "[SL:LOCATION", "@ptr11", "@ptr12", "@ptr13", "SL:LOCATION]", "IN:GET_EVENT]"], "predicted_tokens": ["[IN:GET_EVENT", "[SL:CATEGORY_EVENT", "@ptr3", "@ptr4", "SL:CATEGORY_EVENT]", "[SL:DATE_TIME", "@ptr7", "@ptr8", "@ptr9", "SL:DATE_TIME]", "[SL:LOCATION", "@ptr11", "@ptr12", "@ptr13", "SL:LOCATION]", "IN:GET_EVENT]"]}
{"loss": 1.198119878768921, "class_log_probabilities": [-1.4660923480987549, -2.516252279281616, -2.966919183731079, -3.4006662368774414], "predictions": [61, 83, 399, 84, 16, 401, 402, 17, 14, 403, 15, 62, 4, 4], "target_tokens": ["[IN:GET_EVENT", "[SL:CATEGORY_EVENT", "@ptr4", "SL:CATEGORY_EVENT]", "[SL:DATE_TIME", "@ptr5", "@ptr6", "SL:DATE_TIME]", "[SL:LOCATION", "@ptr8", "SL:LOCATION]", "IN:GET_EVENT]"], "predicted_tokens": ["[IN:GET_EVENT", "[SL:CATEGORY_EVENT", "@ptr4", "SL:CATEGORY_EVENT]", "[SL:DATE_TIME", "@ptr6", "@ptr7", "SL:DATE_TIME]", "[SL:LOCATION", "@ptr8", "SL:LOCATION]", "IN:GET_EVENT]"]}
{"loss": 0.9747917056083679, "class_log_probabilities": [-0.5498018860816956, -8.216287612915039, -8.306732177734375, -8.411012649536133], "predictions": [61, 83, 397, 84, 16, 401, 17, 14, 403, 15, 62, 4, 4, 4, 4], "target_tokens": ["[IN:GET_EVENT", "[SL:CATEGORY_EVENT", "@ptr2", "SL:CATEGORY_EVENT]", "[SL:DATE_TIME", "@ptr6", "SL:DATE_TIME]", "[SL:LOCATION", "@ptr8", "SL:LOCATION]", "IN:GET_EVENT]"], "predicted_tokens": ["[IN:GET_EVENT", "[SL:CATEGORY_EVENT", "@ptr2", "SL:CATEGORY_EVENT]", "[SL:DATE_TIME", "@ptr6", "SL:DATE_TIME]", "[SL:LOCATION", "@ptr8", "SL:LOCATION]", "IN:GET_EVENT]"]}
{"loss": 0.9700806140899658, "class_log_probabilities": [-0.42253708839416504, -5.892533779144287, -6.755313396453857, -7.368656635284424], "predictions": [61, 83, 397, 398, 399, 84, 62, 4, 4], "target_tokens": ["[IN:GET_EVENT", "[SL:CATEGORY_EVENT", "@ptr2", "@ptr3", "@ptr4", "SL:CATEGORY_EVENT]", "IN:GET_EVENT]"], "predicted_tokens": ["[IN:GET_EVENT", "[SL:CATEGORY_EVENT", "@ptr2", "@ptr3", "@ptr4", "SL:CATEGORY_EVENT]", "IN:GET_EVENT]"]}
{"loss": 1.6220663785934448, "class_log_probabilities": [-0.7215684652328491, -7.065360069274902, -7.247520446777344, -7.616199016571045], "predictions": [61, 83, 398, 399, 400, 84, 16, 401, 402, 403, 404, 17, 62, 4], "target_tokens": ["[IN:GET_EVENT", "[SL:CATEGORY_EVENT", "@ptr3", "@ptr4", "@ptr5", "SL:CATEGORY_EVENT]", "[SL:DATE_TIME", "@ptr7", "@ptr8", "@ptr9", "SL:DATE_TIME]", "IN:GET_EVENT]"], "predicted_tokens": ["[IN:GET_EVENT", "[SL:CATEGORY_EVENT", "@ptr3", "@ptr4", "@ptr5", "SL:CATEGORY_EVENT]", "[SL:DATE_TIME", "@ptr6", "@ptr7", "@ptr8", "@ptr9", "SL:DATE_TIME]", "IN:GET_EVENT]"]}
{"loss": 0.9748080372810364, "class_log_probabilities": [-0.5624241828918457, -4.632273197174072, -4.688531398773193, -5.785188674926758], "predictions": [61, 83, 399, 400, 401, 84, 62, 4], "target_tokens": ["[IN:GET_EVENT", "[SL:CATEGORY_EVENT", "@ptr4", "@ptr5", "@ptr6", "SL:CATEGORY_EVENT]", "IN:GET_EVENT]"], "predicted_tokens": ["[IN:GET_EVENT", "[SL:CATEGORY_EVENT", "@ptr4", "@ptr5", "@ptr6", "SL:CATEGORY_EVENT]", "IN:GET_EVENT]"]}
{"loss": 0.968019962310791, "class_log_probabilities": [-0.6235806941986084, -7.132720947265625, -7.161586761474609, -7.452256202697754], "predictions": [61, 83, 397, 398, 399, 84, 16, 400, 401, 17, 62, 4, 4], "target_tokens": ["[IN:GET_EVENT", "[SL:CATEGORY_EVENT", "@ptr2", "@ptr3", "@ptr4", "SL:CATEGORY_EVENT]", "[SL:DATE_TIME", "@ptr5", "@ptr6", "SL:DATE_TIME]", "IN:GET_EVENT]"], "predicted_tokens": ["[IN:GET_EVENT", "[SL:CATEGORY_EVENT", "@ptr2", "@ptr3", "@ptr4", "SL:CATEGORY_EVENT]", "[SL:DATE_TIME", "@ptr5", "@ptr6", "SL:DATE_TIME]", "IN:GET_EVENT]"]}
{"loss": 0.9689373970031738, "class_log_probabilities": [-0.5976354479789734, -8.150976181030273, -8.377093315124512, -8.465141296386719], "predictions": [61, 83, 396, 84, 14, 398, 15, 16, 399, 17, 62, 4, 4, 4], "target_tokens": ["[IN:GET_EVENT", "[SL:CATEGORY_EVENT", "@ptr1", "SL:CATEGORY_EVENT]", "[SL:LOCATION", "@ptr3", "SL:LOCATION]", "[SL:DATE_TIME", "@ptr4", "SL:DATE_TIME]", "IN:GET_EVENT]"], "predicted_tokens": ["[IN:GET_EVENT", "[SL:CATEGORY_EVENT", "@ptr1", "SL:CATEGORY_EVENT]", "[SL:LOCATION", "@ptr3", "SL:LOCATION]", "[SL:DATE_TIME", "@ptr4", "SL:DATE_TIME]", "IN:GET_EVENT]"]}
{"loss": 0.9686464667320251, "class_log_probabilities": [-0.5518776178359985, -7.29296350479126, -7.814143180847168, -8.634991645812988], "predictions": [61, 14, 400, 401, 15, 16, 402, 403, 17, 62, 4, 4, 4], "target_tokens": ["[IN:GET_EVENT", "[SL:LOCATION", "@ptr5", "@ptr6", "SL:LOCATION]", "[SL:DATE_TIME", "@ptr7", "@ptr8", "SL:DATE_TIME]", "IN:GET_EVENT]"], "predicted_tokens": ["[IN:GET_EVENT", "[SL:LOCATION", "@ptr5", "@ptr6", "SL:LOCATION]", "[SL:DATE_TIME", "@ptr7", "@ptr8", "SL:DATE_TIME]", "IN:GET_EVENT]"]}
{"loss": 1.5260071754455566, "class_log_probabilities": [-0.665104329586029, -7.46502685546875, -8.542304992675781, -8.577506065368652], "predictions": [61, 83, 397, 84, 14, 400, 401, 15, 16, 402, 403, 17, 62, 4], "target_tokens": ["[IN:GET_EVENT", "[SL:CATEGORY_EVENT", "@ptr2", "SL:CATEGORY_EVENT]", "[SL:LOCATION", "@ptr5", "@ptr6", "SL:LOCATION]", "[SL:DATE_TIME", "@ptr8", "SL:DATE_TIME]", "IN:GET_EVENT]"], "predicted_tokens": ["[IN:GET_EVENT", "[SL:CATEGORY_EVENT", "@ptr2", "SL:CATEGORY_EVENT]", "[SL:LOCATION", "@ptr5", "@ptr6", "SL:LOCATION]", "[SL:DATE_TIME", "@ptr7", "@ptr8", "SL:DATE_TIME]", "IN:GET_EVENT]"]}
{"loss": 0.9673550724983215, "class_log_probabilities": [-0.4530799090862274, -8.47367000579834, -8.73140811920166, -8.82166576385498], "predictions": [61, 14, 399, 15, 16, 400, 17, 62, 4, 4], "target_tokens": ["[IN:GET_EVENT", "[SL:LOCATION", "@ptr4", "SL:LOCATION]", "[SL:DATE_TIME", "@ptr5", "SL:DATE_TIME]", "IN:GET_EVENT]"], "predicted_tokens": ["[IN:GET_EVENT", "[SL:LOCATION", "@ptr4", "SL:LOCATION]", "[SL:DATE_TIME", "@ptr5", "SL:DATE_TIME]", "IN:GET_EVENT]"]}
{"loss": 0.9734888076782227, "class_log_probabilities": [-0.5563544034957886, -8.187819480895996, -8.315987586975098, -8.45555591583252], "predictions": [61, 83, 398, 84, 14, 401, 15, 16, 402, 17, 62, 4, 4, 4], "target_tokens": ["[IN:GET_EVENT", "[SL:CATEGORY_EVENT", "@ptr3", "SL:CATEGORY_EVENT]", "[SL:LOCATION", "@ptr6", "SL:LOCATION]", "[SL:DATE_TIME", "@ptr7", "SL:DATE_TIME]", "IN:GET_EVENT]"], "predicted_tokens": ["[IN:GET_EVENT", "[SL:CATEGORY_EVENT", "@ptr3", "SL:CATEGORY_EVENT]", "[SL:LOCATION", "@ptr6", "SL:LOCATION]", "[SL:DATE_TIME", "@ptr7", "SL:DATE_TIME]", "IN:GET_EVENT]"]}
{"loss": 1.512919545173645, "class_log_probabilities": [-0.723711371421814, -6.951879978179932, -7.524587154388428, -7.589133262634277], "predictions": [61, 83, 398, 399, 400, 84, 16, 401, 402, 17, 14, 404, 15, 62, 4], "target_tokens": ["[IN:GET_EVENT", "[SL:CATEGORY_EVENT", "@ptr3", "@ptr4", "@ptr5", "SL:CATEGORY_EVENT]", "[SL:LOCATION", "@ptr9", "SL:LOCATION]", "[SL:DATE_TIME", "@ptr6", "@ptr7", "SL:DATE_TIME]", "IN:GET_EVENT]"], "predicted_tokens": ["[IN:GET_EVENT", "[SL:CATEGORY_EVENT", "@ptr3", "@ptr4", "@ptr5", "SL:CATEGORY_EVENT]", "[SL:DATE_TIME", "@ptr6", "@ptr7", "SL:DATE_TIME]", "[SL:LOCATION", "@ptr9", "SL:LOCATION]", "IN:GET_EVENT]"]}
{"loss": 0.9666610956192017, "class_log_probabilities": [-0.5710737705230713, -7.775516986846924, -7.963622093200684, -8.245174407958984], "predictions": [61, 14, 402, 403, 15, 16, 404, 405, 17, 62, 4], "target_tokens": ["[IN:GET_EVENT", "[SL:LOCATION", "@ptr7", "@ptr8", "SL:LOCATION]", "[SL:DATE_TIME", "@ptr9", "@ptr10", "SL:DATE_TIME]", "IN:GET_EVENT]"], "predicted_tokens": ["[IN:GET_EVENT", "[SL:LOCATION", "@ptr7", "@ptr8", "SL:LOCATION]", "[SL:DATE_TIME", "@ptr9", "@ptr10", "SL:DATE_TIME]", "IN:GET_EVENT]"]}
{"loss": 0.9708825945854187, "class_log_probabilities": [-0.2885816693305969, -8.210458755493164, -8.73568058013916, -8.805099487304688], "predictions": [61, 14, 404, 15, 62, 4], "target_tokens": ["[IN:GET_EVENT", "[SL:LOCATION", "@ptr9", "SL:LOCATION]", "IN:GET_EVENT]"], "predicted_tokens": ["[IN:GET_EVENT", "[SL:LOCATION", "@ptr9", "SL:LOCATION]", "IN:GET_EVENT]"]}
{"loss": 1.4232314825057983, "class_log_probabilities": [-0.5174888968467712, -5.881742477416992, -7.77646541595459, -7.990916728973389], "predictions": [61, 14, 400, 15, 16, 402, 17, 62, 4, 4], "target_tokens": ["[IN:GET_EVENT", "[SL:LOCATION", "@ptr5", "SL:LOCATION]", "[SL:DATE_TIME", "@ptr6", "@ptr7", "SL:DATE_TIME]", "IN:GET_EVENT]"], "predicted_tokens": ["[IN:GET_EVENT", "[SL:LOCATION", "@ptr5", "SL:LOCATION]", "[SL:DATE_TIME", "@ptr7", "SL:DATE_TIME]", "IN:GET_EVENT]"]}
{"loss": 0.9689233899116516, "class_log_probabilities": [-0.503028929233551, -8.033190727233887, -8.294215202331543, -8.469447135925293], "predictions": [61, 83, 398, 84, 16, 399, 400, 17, 62, 4, 4, 4], "target_tokens": ["[IN:GET_EVENT", "[SL:CATEGORY_EVENT", "@ptr3", "SL:CATEGORY_EVENT]", "[SL:DATE_TIME", "@ptr4", "@ptr5", "SL:DATE_TIME]", "IN:GET_EVENT]"], "predicted_tokens": ["[IN:GET_EVENT", "[SL:CATEGORY_EVENT", "@ptr3", "SL:CATEGORY_EVENT]", "[SL:DATE_TIME", "@ptr4", "@ptr5", "SL:DATE_TIME]", "IN:GET_EVENT]"]}
{"loss": 1.9611364603042603, "class_log_probabilities": [-0.953762412071228, -3.919386148452759, -4.065243721008301, -5.610076427459717], "predictions": [55, 58, 4], "target_tokens": ["[IN:GET_EVENT", "IN:GET_EVENT]"], "predicted_tokens": ["[IN:QUESTION_NEWS", "IN:QUESTION_NEWS]"]}
{"loss": 1.884650707244873, "class_log_probabilities": [-0.48010924458503723, -7.421393871307373, -7.870527267456055, -8.691142082214355], "predictions": [61, 16, 398, 399, 400, 401, 17, 62, 4, 4], "target_tokens": ["[IN:GET_EVENT", "[SL:DATE_TIME", "@ptr4", "@ptr5", "@ptr6", "SL:DATE_TIME]", "IN:GET_EVENT]"], "predicted_tokens": ["[IN:GET_EVENT", "[SL:DATE_TIME", "@ptr3", "@ptr4", "@ptr5", "@ptr6", "SL:DATE_TIME]", "IN:GET_EVENT]"]}
{"loss": 0.9684589505195618, "class_log_probabilities": [-0.4970859885215759, -8.139118194580078, -8.453943252563477, -8.726896286010742], "predictions": [61, 14, 400, 15, 16, 401, 402, 17, 62, 4, 4], "target_tokens": ["[IN:GET_EVENT", "[SL:LOCATION", "@ptr5", "SL:LOCATION]", "[SL:DATE_TIME", "@ptr6", "@ptr7", "SL:DATE_TIME]", "IN:GET_EVENT]"], "predicted_tokens": ["[IN:GET_EVENT", "[SL:LOCATION", "@ptr5", "SL:LOCATION]", "[SL:DATE_TIME", "@ptr6", "@ptr7", "SL:DATE_TIME]", "IN:GET_EVENT]"]}
{"loss": 0.966376543045044, "class_log_probabilities": [-0.6121910810470581, -7.841446399688721, -8.56136417388916, -8.770121574401855], "predictions": [61, 14, 398, 15, 16, 399, 400, 401, 402, 17, 62, 4, 4], "target_tokens": ["[IN:GET_EVENT", "[SL:LOCATION", "@ptr3", "SL:LOCATION]", "[SL:DATE_TIME", "@ptr4", "@ptr5", "@ptr6", "@ptr7", "SL:DATE_TIME]", "IN:GET_EVENT]"], "predicted_tokens": ["[IN:GET_EVENT", "[SL:LOCATION", "@ptr3", "SL:LOCATION]", "[SL:DATE_TIME", "@ptr4", "@ptr5", "@ptr6", "@ptr7", "SL:DATE_TIME]", "IN:GET_EVENT]"]}
{"loss": 0.9923319816589355, "class_log_probabilities": [-0.7799403667449951, -3.323258638381958, -4.597414970397949, -4.620428562164307], "predictions": [61, 14, 401, 15, 62, 4], "target_tokens": ["[IN:GET_EVENT", "[SL:LOCATION", "@ptr6", "SL:LOCATION]", "IN:GET_EVENT]"], "predicted_tokens": ["[IN:GET_EVENT", "[SL:LOCATION", "@ptr6", "SL:LOCATION]", "IN:GET_EVENT]"]}
{"loss": 0.9647729396820068, "class_log_probabilities": [-0.4739047586917877, -8.471250534057617, -8.598958015441895, -8.879777908325195], "predictions": [61, 16, 399, 400, 401, 402, 17, 62, 4, 4], "target_tokens": ["[IN:GET_EVENT", "[SL:DATE_TIME", "@ptr4", "@ptr5", "@ptr6", "@ptr7", "SL:DATE_TIME]", "IN:GET_EVENT]"], "predicted_tokens": ["[IN:GET_EVENT", "[SL:DATE_TIME", "@ptr4", "@ptr5", "@ptr6", "@ptr7", "SL:DATE_TIME]", "IN:GET_EVENT]"]}
{"loss": 0.9691791534423828, "class_log_probabilities": [-0.5452370047569275, -7.175498962402344, -7.605640888214111, -7.7620849609375], "predictions": [61, 14, 400, 401, 402, 15, 16, 404, 17, 62, 4, 4], "target_tokens": ["[IN:GET_EVENT", "[SL:LOCATION", "@ptr5", "@ptr6", "@ptr7", "SL:LOCATION]", "[SL:DATE_TIME", "@ptr9", "SL:DATE_TIME]", "IN:GET_EVENT]"], "predicted_tokens": ["[IN:GET_EVENT", "[SL:LOCATION", "@ptr5", "@ptr6", "@ptr7", "SL:LOCATION]", "[SL:DATE_TIME", "@ptr9", "SL:DATE_TIME]", "IN:GET_EVENT]"]}
{"loss": 0.9652566909790039, "class_log_probabilities": [-0.6704140305519104, -6.508594989776611, -6.680399417877197, -7.144248008728027], "predictions": [61, 83, 399, 400, 401, 84, 16, 402, 403, 17, 62, 4], "target_tokens": ["[IN:GET_EVENT", "[SL:CATEGORY_EVENT", "@ptr4", "@ptr5", "@ptr6", "SL:CATEGORY_EVENT]", "[SL:DATE_TIME", "@ptr7", "@ptr8", "SL:DATE_TIME]", "IN:GET_EVENT]"], "predicted_tokens": ["[IN:GET_EVENT", "[SL:CATEGORY_EVENT", "@ptr4", "@ptr5", "@ptr6", "SL:CATEGORY_EVENT]", "[SL:DATE_TIME", "@ptr7", "@ptr8", "SL:DATE_TIME]", "IN:GET_EVENT]"]}
{"loss": 1.7944549322128296, "class_log_probabilities": [-0.6130601763725281, -3.860158681869507, -4.120299339294434, -6.193973541259766], "predictions": [61, 83, 395, 396, 84, 16, 398, 17, 62, 4, 4], "target_tokens": ["[IN:GET_EVENT", "[SL:CATEGORY_EVENT", "@ptr0", "SL:CATEGORY_EVENT]", "[SL:DATE_TIME", "@ptr2", "@ptr3", "SL:DATE_TIME]", "IN:GET_EVENT]"], "predicted_tokens": ["[IN:GET_EVENT", "[SL:CATEGORY_EVENT", "@ptr0", "@ptr1", "SL:CATEGORY_EVENT]", "[SL:DATE_TIME", "@ptr3", "SL:DATE_TIME]", "IN:GET_EVENT]"]}
{"loss": 2.1797902584075928, "class_log_probabilities": [-0.35477200150489807, -8.37995719909668, -8.59751033782959, -8.817158699035645], "predictions": [61, 16, 397, 398, 17, 62, 4], "target_tokens": ["[IN:GET_EVENT", "[SL:DATE_TIME", "@ptr3", "SL:DATE_TIME]", "IN:GET_EVENT]"], "predicted_tokens": ["[IN:GET_EVENT", "[SL:DATE_TIME", "@ptr2", "@ptr3", "SL:DATE_TIME]", "IN:GET_EVENT]"]}
{"loss": 0.9665844440460205, "class_log_probabilities": [-0.4601600766181946, -8.417070388793945, -8.62310791015625, -8.709126472473145], "predictions": [61, 14, 398, 15, 16, 399, 17, 62, 4, 4], "target_tokens": ["[IN:GET_EVENT", "[SL:LOCATION", "@ptr3", "SL:LOCATION]", "[SL:DATE_TIME", "@ptr4", "SL:DATE_TIME]", "IN:GET_EVENT]"], "predicted_tokens": ["[IN:GET_EVENT", "[SL:LOCATION", "@ptr3", "SL:LOCATION]", "[SL:DATE_TIME", "@ptr4", "SL:DATE_TIME]", "IN:GET_EVENT]"]}
{"loss": 0.9674807786941528, "class_log_probabilities": [-0.35225316882133484, -8.80241584777832, -8.816744804382324, -8.914746284484863], "predictions": [61, 16, 400, 401, 17, 62, 4, 4, 4], "target_tokens": ["[IN:GET_EVENT", "[SL:DATE_TIME", "@ptr5", "@ptr6", "SL:DATE_TIME]", "IN:GET_EVENT]"], "predicted_tokens": ["[IN:GET_EVENT", "[SL:DATE_TIME", "@ptr5", "@ptr6", "SL:DATE_TIME]", "IN:GET_EVENT]"]}
{"loss": 0.9670652151107788, "class_log_probabilities": [-0.6919939517974854, -6.425551414489746, -7.328494071960449, -7.64487361907959], "predictions": [61, 14, 399, 400, 15, 16, 401, 402, 403, 404, 17, 62, 4], "target_tokens": ["[IN:GET_EVENT", "[SL:LOCATION", "@ptr4", "@ptr5", "SL:LOCATION]", "[SL:DATE_TIME", "@ptr6", "@ptr7", "@ptr8", "@ptr9", "SL:DATE_TIME]", "IN:GET_EVENT]"], "predicted_tokens": ["[IN:GET_EVENT", "[SL:LOCATION", "@ptr4", "@ptr5", "SL:LOCATION]", "[SL:DATE_TIME", "@ptr6", "@ptr7", "@ptr8", "@ptr9", "SL:DATE_TIME]", "IN:GET_EVENT]"]}
{"loss": 0.9620969295501709, "class_log_probabilities": [-0.5139386653900146, -8.289300918579102, -8.451301574707031, -9.23617935180664], "predictions": [61, 16, 399, 400, 401, 402, 17, 62, 4, 4], "target_tokens": ["[IN:GET_EVENT", "[SL:DATE_TIME", "@ptr4", "@ptr5", "@ptr6", "@ptr7", "SL:DATE_TIME]", "IN:GET_EVENT]"], "predicted_tokens": ["[IN:GET_EVENT", "[SL:DATE_TIME", "@ptr4", "@ptr5", "@ptr6", "@ptr7", "SL:DATE_TIME]", "IN:GET_EVENT]"]}
{"loss": 0.9679245948791504, "class_log_probabilities": [-0.49566709995269775, -8.545974731445312, -8.58531665802002, -8.610233306884766], "predictions": [61, 14, 400, 15, 16, 401, 402, 17, 62, 4], "target_tokens": ["[IN:GET_EVENT", "[SL:LOCATION", "@ptr5", "SL:LOCATION]", "[SL:DATE_TIME", "@ptr6", "@ptr7", "SL:DATE_TIME]", "IN:GET_EVENT]"], "predicted_tokens": ["[IN:GET_EVENT", "[SL:LOCATION", "@ptr5", "SL:LOCATION]", "[SL:DATE_TIME", "@ptr6", "@ptr7", "SL:DATE_TIME]", "IN:GET_EVENT]"]}
{"loss": 0.9706001877784729, "class_log_probabilities": [-0.5948435664176941, -6.924535751342773, -7.115905284881592, -7.506864547729492], "predictions": [61, 14, 401, 402, 403, 15, 16, 405, 406, 17, 62, 4, 4], "target_tokens": ["[IN:GET_EVENT", "[SL:LOCATION", "@ptr6", "@ptr7", "@ptr8", "SL:LOCATION]", "[SL:DATE_TIME", "@ptr10", "@ptr11", "SL:DATE_TIME]", "IN:GET_EVENT]"], "predicted_tokens": ["[IN:GET_EVENT", "[SL:LOCATION", "@ptr6", "@ptr7", "@ptr8", "SL:LOCATION]", "[SL:DATE_TIME", "@ptr10", "@ptr11", "SL:DATE_TIME]", "IN:GET_EVENT]"]}
{"loss": 1.1429811716079712, "class_log_probabilities": [-1.0624504089355469, -4.07224178314209, -5.962676048278809, -7.204279899597168], "predictions": [61, 83, 395, 396, 397, 84, 16, 398, 399, 17, 14, 401, 402, 403, 404, 15, 62, 4], "target_tokens": ["[IN:GET_EVENT", "[SL:CATEGORY_EVENT", "@ptr0", "@ptr1", "@ptr2", "SL:CATEGORY_EVENT]", "[SL:DATE_TIME", "@ptr3", "@ptr4", "SL:DATE_TIME]", "[SL:LOCATION", "@ptr7", "@ptr8", "@ptr9", "SL:LOCATION]", "IN:GET_EVENT]"], "predicted_tokens": ["[IN:GET_EVENT", "[SL:CATEGORY_EVENT", "@ptr0", "@ptr1", "@ptr2", "SL:CATEGORY_EVENT]", "[SL:DATE_TIME", "@ptr3", "@ptr4", "SL:DATE_TIME]", "[SL:LOCATION", "@ptr6", "@ptr7", "@ptr8", "@ptr9", "SL:LOCATION]", "IN:GET_EVENT]"]}
{"loss": 0.9676560759544373, "class_log_probabilities": [-0.3482561707496643, -8.55168628692627, -9.104825019836426, -9.120530128479004], "predictions": [61, 16, 397, 398, 17, 62, 4, 4, 4], "target_tokens": ["[IN:GET_EVENT", "[SL:DATE_TIME", "@ptr2", "@ptr3", "SL:DATE_TIME]", "IN:GET_EVENT]"], "predicted_tokens": ["[IN:GET_EVENT", "[SL:DATE_TIME", "@ptr2", "@ptr3", "SL:DATE_TIME]", "IN:GET_EVENT]"]}
{"loss": 0.9678415656089783, "class_log_probabilities": [-0.5951955318450928, -8.409459114074707, -8.638381004333496, -8.696916580200195], "predictions": [61, 14, 399, 15, 16, 400, 401, 402, 403, 17, 62, 4], "target_tokens": ["[IN:GET_EVENT", "[SL:LOCATION", "@ptr4", "SL:LOCATION]", "[SL:DATE_TIME", "@ptr5", "@ptr6", "@ptr7", "@ptr8", "SL:DATE_TIME]", "IN:GET_EVENT]"], "predicted_tokens": ["[IN:GET_EVENT", "[SL:LOCATION", "@ptr4", "SL:LOCATION]", "[SL:DATE_TIME", "@ptr5", "@ptr6", "@ptr7", "@ptr8", "SL:DATE_TIME]", "IN:GET_EVENT]"]}
{"loss": 0.9745154976844788, "class_log_probabilities": [-0.28133177757263184, -7.81942892074585, -7.901552677154541, -7.9921393394470215], "predictions": [61, 83, 400, 84, 62, 4, 4, 4], "target_tokens": ["[IN:GET_EVENT", "[SL:CATEGORY_EVENT", "@ptr5", "SL:CATEGORY_EVENT]", "IN:GET_EVENT]"], "predicted_tokens": ["[IN:GET_EVENT", "[SL:CATEGORY_EVENT", "@ptr5", "SL:CATEGORY_EVENT]", "IN:GET_EVENT]"]}
{"loss": 0.9676912426948547, "class_log_probabilities": [-0.547993540763855, -7.8596296310424805, -8.889022827148438, -8.912357330322266], "predictions": [61, 16, 398, 399, 17, 14, 401, 402, 15, 62, 4], "target_tokens": ["[IN:GET_EVENT", "[SL:DATE_TIME", "@ptr3", "@ptr4", "SL:DATE_TIME]", "[SL:LOCATION", "@ptr6", "@ptr7", "SL:LOCATION]", "IN:GET_EVENT]"], "predicted_tokens": ["[IN:GET_EVENT", "[SL:DATE_TIME", "@ptr3", "@ptr4", "SL:DATE_TIME]", "[SL:LOCATION", "@ptr6", "@ptr7", "SL:LOCATION]", "IN:GET_EVENT]"]}
{"loss": 1.3823801279067993, "class_log_probabilities": [-0.597588062286377, -6.383228778839111, -6.723504066467285, -6.745294094085693], "predictions": [61, 14, 400, 401, 402, 403, 404, 15, 16, 405, 406, 17, 62, 4], "target_tokens": ["[IN:GET_EVENT", "[SL:LOCATION", "@ptr6", "@ptr7", "@ptr8", "@ptr9", "SL:LOCATION]", "[SL:DATE_TIME", "@ptr10", "@ptr11", "SL:DATE_TIME]", "IN:GET_EVENT]"], "predicted_tokens": ["[IN:GET_EVENT", "[SL:LOCATION", "@ptr5", "@ptr6", "@ptr7", "@ptr8", "@ptr9", "SL:LOCATION]", "[SL:DATE_TIME", "@ptr10", "@ptr11", "SL:DATE_TIME]", "IN:GET_EVENT]"]}
{"loss": 0.9657873511314392, "class_log_probabilities": [-0.3615567088127136, -8.808206558227539, -8.842524528503418, -8.89708423614502], "predictions": [61, 16, 398, 399, 17, 62, 4], "target_tokens": ["[IN:GET_EVENT", "[SL:DATE_TIME", "@ptr3", "@ptr4", "SL:DATE_TIME]", "IN:GET_EVENT]"], "predicted_tokens": ["[IN:GET_EVENT", "[SL:DATE_TIME", "@ptr3", "@ptr4", "SL:DATE_TIME]", "IN:GET_EVENT]"]}
{"loss": 0.9961024522781372, "class_log_probabilities": [-1.2861435413360596, -1.8070292472839355, -7.56959342956543, -7.8132710456848145], "predictions": [61, 83, 398, 84, 16, 400, 401, 402, 403, 404, 17, 62, 4], "target_tokens": ["[IN:GET_EVENT", "[SL:CATEGORY_EVENT", "@ptr3", "SL:CATEGORY_EVENT]", "[SL:DATE_TIME", "@ptr5", "@ptr6", "@ptr7", "@ptr8", "@ptr9", "SL:DATE_TIME]", "IN:GET_EVENT]"], "predicted_tokens": ["[IN:GET_EVENT", "[SL:CATEGORY_EVENT", "@ptr3", "SL:CATEGORY_EVENT]", "[SL:DATE_TIME", "@ptr5", "@ptr6", "@ptr7", "@ptr8", "@ptr9", "SL:DATE_TIME]", "IN:GET_EVENT]"]}
{"loss": 1.8274589776992798, "class_log_probabilities": [-0.5569971799850464, -8.517587661743164, -8.6012601852417, -8.67539119720459], "predictions": [61, 14, 397, 15, 16, 398, 399, 400, 17, 62, 4, 4], "target_tokens": ["[IN:GET_EVENT", "[SL:LOCATION", "@ptr2", "SL:LOCATION]", "[SL:DATE_TIME", "@ptr4", "@ptr5", "SL:DATE_TIME]", "IN:GET_EVENT]"], "predicted_tokens": ["[IN:GET_EVENT", "[SL:LOCATION", "@ptr2", "SL:LOCATION]", "[SL:DATE_TIME", "@ptr3", "@ptr4", "@ptr5", "SL:DATE_TIME]", "IN:GET_EVENT]"]}
{"loss": 0.9666283130645752, "class_log_probabilities": [-0.682693362236023, -8.10858154296875, -8.14168643951416, -9.37899398803711], "predictions": [61, 83, 398, 84, 16, 399, 400, 401, 402, 403, 17, 62, 4, 4, 4], "target_tokens": ["[IN:GET_EVENT", "[SL:CATEGORY_EVENT", "@ptr3", "SL:CATEGORY_EVENT]", "[SL:DATE_TIME", "@ptr4", "@ptr5", "@ptr6", "@ptr7", "@ptr8", "SL:DATE_TIME]", "IN:GET_EVENT]"], "predicted_tokens": ["[IN:GET_EVENT", "[SL:CATEGORY_EVENT", "@ptr3", "SL:CATEGORY_EVENT]", "[SL:DATE_TIME", "@ptr4", "@ptr5", "@ptr6", "@ptr7", "@ptr8", "SL:DATE_TIME]", "IN:GET_EVENT]"]}
{"loss": 0.9639308452606201, "class_log_probabilities": [-0.4276321828365326, -8.591869354248047, -8.720037460327148, -9.291276931762695], "predictions": [61, 16, 398, 399, 400, 17, 62, 4, 4, 4], "target_tokens": ["[IN:GET_EVENT", "[SL:DATE_TIME", "@ptr3", "@ptr4", "@ptr5", "SL:DATE_TIME]", "IN:GET_EVENT]"], "predicted_tokens": ["[IN:GET_EVENT", "[SL:DATE_TIME", "@ptr3", "@ptr4", "@ptr5", "SL:DATE_TIME]", "IN:GET_EVENT]"]}
{"loss": 0.9648535847663879, "class_log_probabilities": [-0.6705734729766846, -6.4456562995910645, -7.709256649017334, -8.063697814941406], "predictions": [61, 83, 396, 84, 16, 397, 398, 399, 400, 17, 62, 4, 4], "target_tokens": ["[IN:GET_EVENT", "[SL:CATEGORY_EVENT", "@ptr1", "SL:CATEGORY_EVENT]", "[SL:DATE_TIME", "@ptr2", "@ptr3", "@ptr4", "@ptr5", "SL:DATE_TIME]", "IN:GET_EVENT]"], "predicted_tokens": ["[IN:GET_EVENT", "[SL:CATEGORY_EVENT", "@ptr1", "SL:CATEGORY_EVENT]", "[SL:DATE_TIME", "@ptr2", "@ptr3", "@ptr4", "@ptr5", "SL:DATE_TIME]", "IN:GET_EVENT]"]}
{"loss": 0.9759684205055237, "class_log_probabilities": [-0.5328094959259033, -8.476362228393555, -8.499303817749023, -8.5820951461792], "predictions": [61, 83, 397, 84, 16, 399, 17, 14, 401, 15, 62, 4, 4, 4], "target_tokens": ["[IN:GET_EVENT", "[SL:CATEGORY_EVENT", "@ptr2", "SL:CATEGORY_EVENT]", "[SL:DATE_TIME", "@ptr4", "SL:DATE_TIME]", "[SL:LOCATION", "@ptr6", "SL:LOCATION]", "IN:GET_EVENT]"], "predicted_tokens": ["[IN:GET_EVENT", "[SL:CATEGORY_EVENT", "@ptr2", "SL:CATEGORY_EVENT]", "[SL:DATE_TIME", "@ptr4", "SL:DATE_TIME]", "[SL:LOCATION", "@ptr6", "SL:LOCATION]", "IN:GET_EVENT]"]}
{"loss": 0.9691567420959473, "class_log_probabilities": [-0.5814937353134155, -8.346697807312012, -8.422464370727539, -8.624396324157715], "predictions": [61, 14, 399, 15, 16, 400, 401, 402, 403, 17, 62, 4, 4], "target_tokens": ["[IN:GET_EVENT", "[SL:LOCATION", "@ptr4", "SL:LOCATION]", "[SL:DATE_TIME", "@ptr5", "@ptr6", "@ptr7", "@ptr8", "SL:DATE_TIME]", "IN:GET_EVENT]"], "predicted_tokens": ["[IN:GET_EVENT", "[SL:LOCATION", "@ptr4", "SL:LOCATION]", "[SL:DATE_TIME", "@ptr5", "@ptr6", "@ptr7", "@ptr8", "SL:DATE_TIME]", "IN:GET_EVENT]"]}
{"loss": 0.9667580723762512, "class_log_probabilities": [-0.4595526456832886, -8.29994010925293, -8.358115196228027, -8.899351119995117], "predictions": [61, 16, 397, 398, 399, 400, 17, 62, 4, 4], "target_tokens": ["[IN:GET_EVENT", "[SL:DATE_TIME", "@ptr2", "@ptr3", "@ptr4", "@ptr5", "SL:DATE_TIME]", "IN:GET_EVENT]"], "predicted_tokens": ["[IN:GET_EVENT", "[SL:DATE_TIME", "@ptr2", "@ptr3", "@ptr4", "@ptr5", "SL:DATE_TIME]", "IN:GET_EVENT]"]}
{"loss": 0.9696598052978516, "class_log_probabilities": [-0.29138851165771484, -8.711010932922363, -8.796279907226562, -8.81399154663086], "predictions": [61, 16, 399, 17, 62, 4], "target_tokens": ["[IN:GET_EVENT", "[SL:DATE_TIME", "@ptr4", "SL:DATE_TIME]", "IN:GET_EVENT]"], "predicted_tokens": ["[IN:GET_EVENT", "[SL:DATE_TIME", "@ptr4", "SL:DATE_TIME]", "IN:GET_EVENT]"]}
{"loss": 0.9673726558685303, "class_log_probabilities": [-0.5569891929626465, -7.913405418395996, -8.407184600830078, -8.619117736816406], "predictions": [61, 14, 397, 398, 15, 16, 399, 400, 17, 62, 4], "target_tokens": ["[IN:GET_EVENT", "[SL:LOCATION", "@ptr2", "@ptr3", "SL:LOCATION]", "[SL:DATE_TIME", "@ptr4", "@ptr5", "SL:DATE_TIME]", "IN:GET_EVENT]"], "predicted_tokens": ["[IN:GET_EVENT", "[SL:LOCATION", "@ptr2", "@ptr3", "SL:LOCATION]", "[SL:DATE_TIME", "@ptr4", "@ptr5", "SL:DATE_TIME]", "IN:GET_EVENT]"]}
{"loss": 0.9699954986572266, "class_log_probabilities": [-0.5585249066352844, -4.752396106719971, -8.13088607788086, -8.284720420837402], "predictions": [61, 83, 399, 84, 16, 400, 401, 17, 62, 4, 4, 4], "target_tokens": ["[IN:GET_EVENT", "[SL:CATEGORY_EVENT", "@ptr4", "SL:CATEGORY_EVENT]", "[SL:DATE_TIME", "@ptr5", "@ptr6", "SL:DATE_TIME]", "IN:GET_EVENT]"], "predicted_tokens": ["[IN:GET_EVENT", "[SL:CATEGORY_EVENT", "@ptr4", "SL:CATEGORY_EVENT]", "[SL:DATE_TIME", "@ptr5", "@ptr6", "SL:DATE_TIME]", "IN:GET_EVENT]"]}
{"loss": 0.9670388102531433, "class_log_probabilities": [-0.45899465680122375, -8.561973571777344, -8.651470184326172, -8.678786277770996], "predictions": [61, 14, 398, 15, 16, 399, 17, 62, 4, 4], "target_tokens": ["[IN:GET_EVENT", "[SL:LOCATION", "@ptr3", "SL:LOCATION]", "[SL:DATE_TIME", "@ptr4", "SL:DATE_TIME]", "IN:GET_EVENT]"], "predicted_tokens": ["[IN:GET_EVENT", "[SL:LOCATION", "@ptr3", "SL:LOCATION]", "[SL:DATE_TIME", "@ptr4", "SL:DATE_TIME]", "IN:GET_EVENT]"]}
{"loss": 0.9677385091781616, "class_log_probabilities": [-0.34825223684310913, -8.938884735107422, -8.948697090148926, -8.952465057373047], "predictions": [61, 16, 398, 399, 17, 62, 4, 4], "target_tokens": ["[IN:GET_EVENT", "[SL:DATE_TIME", "@ptr3", "@ptr4", "SL:DATE_TIME]", "IN:GET_EVENT]"], "predicted_tokens": ["[IN:GET_EVENT", "[SL:DATE_TIME", "@ptr3", "@ptr4", "SL:DATE_TIME]", "IN:GET_EVENT]"]}
{"loss": 0.9665833115577698, "class_log_probabilities": [-0.3056858777999878, -8.701728820800781, -8.763484001159668, -8.855802536010742], "predictions": [61, 16, 399, 17, 62, 4, 4], "target_tokens": ["[IN:GET_EVENT", "[SL:DATE_TIME", "@ptr4", "SL:DATE_TIME]", "IN:GET_EVENT]"], "predicted_tokens": ["[IN:GET_EVENT", "[SL:DATE_TIME", "@ptr4", "SL:DATE_TIME]", "IN:GET_EVENT]"]}
{"loss": 1.5704905986785889, "class_log_probabilities": [-0.8938592672348022, -4.202920436859131, -4.791451930999756, -5.493099689483643], "predictions": [61, 83, 399, 84, 16, 403, 404, 17, 62, 4], "target_tokens": ["[IN:GET_EVENT", "[SL:ATTRIBUTE_EVENT", "@ptr4", "SL:ATTRIBUTE_EVENT]", "[SL:DATE_TIME", "@ptr8", "@ptr9", "SL:DATE_TIME]", "IN:GET_EVENT]"], "predicted_tokens": ["[IN:GET_EVENT", "[SL:CATEGORY_EVENT", "@ptr4", "SL:CATEGORY_EVENT]", "[SL:DATE_TIME", "@ptr8", "@ptr9", "SL:DATE_TIME]", "IN:GET_EVENT]"]}
{"loss": 0.9661477208137512, "class_log_probabilities": [-0.3169683516025543, -7.463263511657715, -8.500837326049805, -9.065982818603516], "predictions": [61, 16, 400, 17, 62, 4, 4, 4], "target_tokens": ["[IN:GET_EVENT", "[SL:DATE_TIME", "@ptr5", "SL:DATE_TIME]", "IN:GET_EVENT]"], "predicted_tokens": ["[IN:GET_EVENT", "[SL:DATE_TIME", "@ptr5", "SL:DATE_TIME]", "IN:GET_EVENT]"]}
{"loss": 1.4841150045394897, "class_log_probabilities": [-2.114290952682495, -3.837512254714966, -4.205508708953857, -4.561776638031006], "predictions": [49, 36, 143, 36, 396, 397, 398, 37, 16, 399, 400, 401, 17, 144, 37, 34, 405, 35, 16, 406, 407, 408, 17, 50, 4, 4], "target_tokens": ["[IN:CREATE_REMINDER", "[SL:TODO", "[IN:GET_TODO", "[SL:TODO", "@ptr1", "@ptr2", "@ptr3", "SL:TODO]", "[SL:DATE_TIME", "@ptr4", "@ptr5", "@ptr6", "SL:DATE_TIME]", "IN:GET_TODO]", "SL:TODO]", "[SL:PERSON_REMINDED", "@ptr9", "SL:PERSON_REMINDED]", "[SL:DATE_TIME", "@ptr10", "@ptr11", "@ptr12", "SL:DATE_TIME]", "IN:CREATE_REMINDER]"], "predicted_tokens": ["[IN:CREATE_REMINDER", "[SL:TODO", "[IN:GET_TODO", "[SL:TODO", "@ptr1", "@ptr2", "@ptr3", "SL:TODO]", "[SL:DATE_TIME", "@ptr4", "@ptr5", "@ptr6", "SL:DATE_TIME]", "IN:GET_TODO]", "SL:TODO]", "[SL:PERSON_REMINDED", "@ptr10", "SL:PERSON_REMINDED]", "[SL:DATE_TIME", "@ptr11", "@ptr12", "@ptr13", "SL:DATE_TIME]", "IN:CREATE_REMINDER]"]}
{"loss": 0.9711187481880188, "class_log_probabilities": [-0.4954404830932617, -8.301584243774414, -8.596531867980957, -8.656190872192383], "predictions": [33, 34, 396, 35, 16, 398, 399, 17, 38, 4, 4], "target_tokens": ["[IN:DELETE_REMINDER", "[SL:PERSON_REMINDED", "@ptr1", "SL:PERSON_REMINDED]", "[SL:DATE_TIME", "@ptr3", "@ptr4", "SL:DATE_TIME]", "IN:DELETE_REMINDER]"], "predicted_tokens": ["[IN:DELETE_REMINDER", "[SL:PERSON_REMINDED", "@ptr1", "SL:PERSON_REMINDED]", "[SL:DATE_TIME", "@ptr3", "@ptr4", "SL:DATE_TIME]", "IN:DELETE_REMINDER]"]}
{"loss": 0.976860523223877, "class_log_probabilities": [-0.7835161685943604, -6.798043251037598, -6.828126907348633, -7.755365371704102], "predictions": [49, 36, 399, 400, 401, 402, 403, 37, 16, 404, 405, 406, 407, 408, 17, 50, 4, 4], "target_tokens": ["[IN:CREATE_REMINDER", "[SL:TODO", "@ptr4", "@ptr5", "@ptr6", "@ptr7", "@ptr8", "SL:TODO]", "[SL:DATE_TIME", "@ptr9", "@ptr10", "@ptr11", "@ptr12", "@ptr13", "SL:DATE_TIME]", "IN:CREATE_REMINDER]"], "predicted_tokens": ["[IN:CREATE_REMINDER", "[SL:TODO", "@ptr4", "@ptr5", "@ptr6", "@ptr7", "@ptr8", "SL:TODO]", "[SL:DATE_TIME", "@ptr9", "@ptr10", "@ptr11", "@ptr12", "@ptr13", "SL:DATE_TIME]", "IN:CREATE_REMINDER]"]}
{"loss": 1.0829105377197266, "class_log_probabilities": [-1.9903473854064941, -2.1631507873535156, -3.1715056896209717, -4.093247890472412], "predictions": [49, 34, 396, 35, 36, 75, 6, 399, 7, 78, 37, 16, 404, 17, 50, 4, 4, 4, 4, 4, 4, 4, 4, 4], "target_tokens": ["[IN:CREATE_REMINDER", "[SL:PERSON_REMINDED", "@ptr1", "SL:PERSON_REMINDED]", "[SL:TODO", "[IN:CREATE_CALL", "[SL:CONTACT", "@ptr4", "@ptr5", "@ptr6", "@ptr7", "@ptr8", "SL:CONTACT]", "IN:CREATE_CALL]", "SL:TODO]", "[SL:DATE_TIME", "@ptr9", "SL:DATE_TIME]", "IN:CREATE_REMINDER]"], "predicted_tokens": ["[IN:CREATE_REMINDER", "[SL:PERSON_REMINDED", "@ptr1", "SL:PERSON_REMINDED]", "[SL:TODO", "[IN:CREATE_CALL", "[SL:CONTACT", "@ptr4", "SL:CONTACT]", "IN:CREATE_CALL]", "SL:TODO]", "[SL:DATE_TIME", "@ptr9", "SL:DATE_TIME]", "IN:CREATE_REMINDER]"]}
{"loss": 0.9713873267173767, "class_log_probabilities": [-0.5414409637451172, -7.332086563110352, -7.7437567710876465, -8.38213062286377], "predictions": [33, 36, 398, 399, 400, 401, 402, 403, 37, 38, 4, 4, 4], "target_tokens": ["[IN:DELETE_REMINDER", "[SL:TODO", "@ptr3", "@ptr4", "@ptr5", "@ptr6", "@ptr7", "@ptr8", "SL:TODO]", "IN:DELETE_REMINDER]"], "predicted_tokens": ["[IN:DELETE_REMINDER", "[SL:TODO", "@ptr3", "@ptr4", "@ptr5", "@ptr6", "@ptr7", "@ptr8", "SL:TODO]", "IN:DELETE_REMINDER]"]}
{"loss": 1.1176323890686035, "class_log_probabilities": [-1.2523326873779297, -3.490598201751709, -3.8132150173187256, -4.952099800109863], "predictions": [49, 34, 396, 35, 36, 143, 36, 75, 6, 399, 400, 7, 78, 37, 36, 402, 403, 404, 37, 144, 37, 50, 4], "target_tokens": ["[IN:CREATE_REMINDER", "[SL:PERSON_REMINDED", "@ptr1", "SL:PERSON_REMINDED]", "[SL:TODO", "[IN:GET_TODO", "[SL:TODO", "[IN:CREATE_CALL", "[SL:CONTACT", "@ptr5", "SL:CONTACT]", "IN:CREATE_CALL]", "SL:TODO]", "[SL:TODO", "@ptr7", "@ptr8", "@ptr9", "SL:TODO]", "IN:GET_TODO]", "SL:TODO]", "IN:CREATE_REMINDER]"], "predicted_tokens": ["[IN:CREATE_REMINDER", "[SL:PERSON_REMINDED", "@ptr1", "SL:PERSON_REMINDED]", "[SL:TODO", "[IN:GET_TODO", "[SL:TODO", "[IN:CREATE_CALL", "[SL:CONTACT", "@ptr4", "@ptr5", "SL:CONTACT]", "IN:CREATE_CALL]", "SL:TODO]", "[SL:TODO", "@ptr7", "@ptr8", "@ptr9", "SL:TODO]", "IN:GET_TODO]", "SL:TODO]", "IN:CREATE_REMINDER]"]}
{"loss": 1.343409538269043, "class_log_probabilities": [-2.421783924102783, -3.657052516937256, -4.025854110717773, -4.481166839599609], "predictions": [49, 34, 396, 35, 36, 143, 36, 75, 6, 70, 71, 400, 72, 73, 7, 78, 37, 16, 401, 17, 36, 403, 404, 37, 144, 37, 50, 4], "target_tokens": ["[IN:CREATE_REMINDER", "[SL:PERSON_REMINDED", "@ptr1", "SL:PERSON_REMINDED]", "[SL:TODO", "[IN:GET_TODO", "[SL:TODO", "[IN:CREATE_CALL", "[SL:CONTACT", "[IN:GET_CONTACT", "[SL:CONTACT_RELATED", "@ptr4", "SL:CONTACT_RELATED]", "[SL:TYPE_RELATION", "@ptr5", "SL:TYPE_RELATION]", "IN:GET_CONTACT]", "SL:CONTACT]", "IN:CREATE_CALL]", "SL:TODO]", "[SL:DATE_TIME", "@ptr6", "SL:DATE_TIME]", "[SL:TODO", "@ptr7", "@ptr8", "@ptr9", "SL:TODO]", "IN:GET_TODO]", "SL:TODO]", "IN:CREATE_REMINDER]"], "predicted_tokens": ["[IN:CREATE_REMINDER", "[SL:PERSON_REMINDED", "@ptr1", "SL:PERSON_REMINDED]", "[SL:TODO", "[IN:GET_TODO", "[SL:TODO", "[IN:CREATE_CALL", "[SL:CONTACT", "[IN:GET_CONTACT", "[SL:TYPE_RELATION", "@ptr5", "SL:TYPE_RELATION]", "IN:GET_CONTACT]", "SL:CONTACT]", "IN:CREATE_CALL]", "SL:TODO]", "[SL:DATE_TIME", "@ptr6", "SL:DATE_TIME]", "[SL:TODO", "@ptr8", "@ptr9", "SL:TODO]", "IN:GET_TODO]", "SL:TODO]", "IN:CREATE_REMINDER]"]}
{"loss": 0.9840535521507263, "class_log_probabilities": [-0.9638524651527405, -5.5597920417785645, -5.823799133300781, -7.011756896972656], "predictions": [49, 34, 396, 35, 36, 75, 6, 399, 7, 78, 37, 16, 400, 401, 402, 403, 404, 405, 406, 17, 50, 4, 4, 4, 4, 4], "target_tokens": ["[IN:CREATE_REMINDER", "[SL:PERSON_REMINDED", "@ptr1", "SL:PERSON_REMINDED]", "[SL:TODO", "[IN:CREATE_CALL", "[SL:CONTACT", "@ptr4", "SL:CONTACT]", "IN:CREATE_CALL]", "SL:TODO]", "[SL:DATE_TIME", "@ptr5", "@ptr6", "@ptr7", "@ptr8", "@ptr9", "@ptr10", "@ptr11", "SL:DATE_TIME]", "IN:CREATE_REMINDER]"], "predicted_tokens": ["[IN:CREATE_REMINDER", "[SL:PERSON_REMINDED", "@ptr1", "SL:PERSON_REMINDED]", "[SL:TODO", "[IN:CREATE_CALL", "[SL:CONTACT", "@ptr4", "SL:CONTACT]", "IN:CREATE_CALL]", "SL:TODO]", "[SL:DATE_TIME", "@ptr5", "@ptr6", "@ptr7", "@ptr8", "@ptr9", "@ptr10", "@ptr11", "SL:DATE_TIME]", "IN:CREATE_REMINDER]"]}
{"loss": 1.0732704401016235, "class_log_probabilities": [-1.571947693824768, -2.6068010330200195, -2.8671281337738037, -3.0867621898651123], "predictions": [49, 34, 396, 35, 36, 75, 6, 400, 7, 78, 37, 16, 402, 403, 404, 17, 50, 4, 4], "target_tokens": ["[IN:CREATE_REMINDER", "[SL:PERSON_REMINDED", "@ptr1", "SL:PERSON_REMINDED]", "[SL:TODO", "[IN:CREATE_CALL", "[SL:CONTACT", "@ptr5", "SL:CONTACT]", "IN:CREATE_CALL]", "SL:TODO]", "[SL:DATE_TIME", "@ptr6", "@ptr7", "@ptr8", "@ptr9", "SL:DATE_TIME]", "IN:CREATE_REMINDER]"], "predicted_tokens": ["[IN:CREATE_REMINDER", "[SL:PERSON_REMINDED", "@ptr1", "SL:PERSON_REMINDED]", "[SL:TODO", "[IN:CREATE_CALL", "[SL:CONTACT", "@ptr5", "SL:CONTACT]", "IN:CREATE_CALL]", "SL:TODO]", "[SL:DATE_TIME", "@ptr7", "@ptr8", "@ptr9", "SL:DATE_TIME]", "IN:CREATE_REMINDER]"]}
{"loss": 1.2269904613494873, "class_log_probabilities": [-2.821594715118408, -3.465785264968872, -5.183716773986816, -5.50068473815918], "predictions": [49, 36, 75, 6, 401, 402, 403, 7, 78, 37, 16, 404, 17, 50, 4, 4, 4, 4, 4, 4], "target_tokens": ["[IN:CREATE_REMINDER", "[SL:TODO", "[IN:CREATE_CALL", "[SL:CONTACT", "[IN:GET_CONTACT", "[SL:TYPE_RELATION", "@ptr8", "SL:TYPE_RELATION]", "IN:GET_CONTACT]", "SL:CONTACT]", "IN:CREATE_CALL]", "SL:TODO]", "[SL:DATE_TIME", "@ptr9", "SL:DATE_TIME]", "IN:CREATE_REMINDER]"], "predicted_tokens": ["[IN:CREATE_REMINDER", "[SL:TODO", "[IN:CREATE_CALL", "[SL:CONTACT", "@ptr6", "@ptr7", "@ptr8", "SL:CONTACT]", "IN:CREATE_CALL]", "SL:TODO]", "[SL:DATE_TIME", "@ptr9", "SL:DATE_TIME]", "IN:CREATE_REMINDER]"]}
{"loss": 0.9854605793952942, "class_log_probabilities": [-0.5917197465896606, -7.136363506317139, -7.60502815246582, -7.736542701721191], "predictions": [33, 36, 75, 6, 70, 71, 401, 72, 73, 7, 78, 37, 38, 4], "target_tokens": ["[IN:DELETE_REMINDER", "[SL:TODO", "[IN:CREATE_CALL", "[SL:CONTACT", "[IN:GET_CONTACT", "[SL:TYPE_RELATION", "@ptr6", "SL:TYPE_RELATION]", "IN:GET_CONTACT]", "SL:CONTACT]", "IN:CREATE_CALL]", "SL:TODO]", "IN:DELETE_REMINDER]"], "predicted_tokens": ["[IN:DELETE_REMINDER", "[SL:TODO", "[IN:CREATE_CALL", "[SL:CONTACT", "[IN:GET_CONTACT", "[SL:TYPE_RELATION", "@ptr6", "SL:TYPE_RELATION]", "IN:GET_CONTACT]", "SL:CONTACT]", "IN:CREATE_CALL]", "SL:TODO]", "IN:DELETE_REMINDER]"]}
{"loss": 0.9724838137626648, "class_log_probabilities": [-0.7369768023490906, -6.036710739135742, -6.269506931304932, -6.597500801086426], "predictions": [49, 36, 398, 399, 400, 401, 37, 16, 402, 403, 404, 405, 17, 50, 4, 4, 4], "target_tokens": ["[IN:CREATE_REMINDER", "[SL:TODO", "@ptr3", "@ptr4", "@ptr5", "@ptr6", "SL:TODO]", "[SL:DATE_TIME", "@ptr7", "@ptr8", "@ptr9", "@ptr10", "SL:DATE_TIME]", "IN:CREATE_REMINDER]"], "predicted_tokens": ["[IN:CREATE_REMINDER", "[SL:TODO", "@ptr3", "@ptr4", "@ptr5", "@ptr6", "SL:TODO]", "[SL:DATE_TIME", "@ptr7", "@ptr8", "@ptr9", "@ptr10", "SL:DATE_TIME]", "IN:CREATE_REMINDER]"]}
{"loss": 1.2938116788864136, "class_log_probabilities": [-1.8466823101043701, -2.3147521018981934, -4.618473052978516, -4.769187927246094], "predictions": [49, 34, 396, 35, 36, 75, 6, 400, 401, 7, 78, 37, 16, 402, 403, 404, 405, 406, 407, 408, 409, 17, 50, 4, 4, 4, 4, 4], "target_tokens": ["[IN:CREATE_REMINDER", "[SL:PERSON_REMINDED", "@ptr1", "SL:PERSON_REMINDED]", "[SL:TODO", "[IN:CREATE_CALL", "[SL:CONTACT", "@ptr6", "SL:CONTACT]", "IN:CREATE_CALL]", "SL:TODO]", "[SL:DATE_TIME", "@ptr7", "@ptr8", "@ptr9", "@ptr10", "@ptr11", "@ptr12", "@ptr13", "@ptr14", "SL:DATE_TIME]", "IN:CREATE_REMINDER]"], "predicted_tokens": ["[IN:CREATE_REMINDER", "[SL:PERSON_REMINDED", "@ptr1", "SL:PERSON_REMINDED]", "[SL:TODO", "[IN:CREATE_CALL", "[SL:CONTACT", "@ptr5", "@ptr6", "SL:CONTACT]", "IN:CREATE_CALL]", "SL:TODO]", "[SL:DATE_TIME", "@ptr7", "@ptr8", "@ptr9", "@ptr10", "@ptr11", "@ptr12", "@ptr13", "@ptr14", "SL:DATE_TIME]", "IN:CREATE_REMINDER]"]}
{"loss": 1.1852933168411255, "class_log_probabilities": [-0.9300493597984314, -1.9599860906600952, -4.687715530395508, -4.749758243560791], "predictions": [111, 36, 402, 37, 112, 4], "target_tokens": ["[IN:UPDATE_REMINDER", "[SL:TODO", "@ptr7", "SL:TODO]", "IN:UPDATE_REMINDER]"], "predicted_tokens": ["[IN:UPDATE_REMINDER_DATE_TIME", "[SL:TODO", "@ptr7", "SL:TODO]", "IN:UPDATE_REMINDER_DATE_TIME]"]}
{"loss": 0.9778826832771301, "class_log_probabilities": [-0.9542331099510193, -5.9147725105285645, -7.239284992218018, -7.970548152923584], "predictions": [49, 34, 396, 35, 36, 75, 6, 399, 7, 78, 37, 16, 400, 401, 402, 403, 404, 405, 17, 50, 4, 4, 4, 4, 4], "target_tokens": ["[IN:CREATE_REMINDER", "[SL:PERSON_REMINDED", "@ptr1", "SL:PERSON_REMINDED]", "[SL:TODO", "[IN:CREATE_CALL", "[SL:CONTACT", "@ptr4", "SL:CONTACT]", "IN:CREATE_CALL]", "SL:TODO]", "[SL:DATE_TIME", "@ptr5", "@ptr6", "@ptr7", "@ptr8", "@ptr9", "@ptr10", "SL:DATE_TIME]", "IN:CREATE_REMINDER]"], "predicted_tokens": ["[IN:CREATE_REMINDER", "[SL:PERSON_REMINDED", "@ptr1", "SL:PERSON_REMINDED]", "[SL:TODO", "[IN:CREATE_CALL", "[SL:CONTACT", "@ptr4", "SL:CONTACT]", "IN:CREATE_CALL]", "SL:TODO]", "[SL:DATE_TIME", "@ptr5", "@ptr6", "@ptr7", "@ptr8", "@ptr9", "@ptr10", "SL:DATE_TIME]", "IN:CREATE_REMINDER]"]}
{"loss": 0.978005588054657, "class_log_probabilities": [-0.7719534635543823, -6.879425048828125, -7.040466785430908, -7.283973217010498], "predictions": [49, 34, 396, 35, 36, 75, 6, 399, 7, 78, 37, 16, 400, 401, 17, 50, 4, 4, 4, 4, 4], "target_tokens": ["[IN:CREATE_REMINDER", "[SL:PERSON_REMINDED", "@ptr1", "SL:PERSON_REMINDED]", "[SL:TODO", "[IN:CREATE_CALL", "[SL:CONTACT", "@ptr4", "SL:CONTACT]", "IN:CREATE_CALL]", "SL:TODO]", "[SL:DATE_TIME", "@ptr5", "@ptr6", "SL:DATE_TIME]", "IN:CREATE_REMINDER]"], "predicted_tokens": ["[IN:CREATE_REMINDER", "[SL:PERSON_REMINDED", "@ptr1", "SL:PERSON_REMINDED]", "[SL:TODO", "[IN:CREATE_CALL", "[SL:CONTACT", "@ptr4", "SL:CONTACT]", "IN:CREATE_CALL]", "SL:TODO]", "[SL:DATE_TIME", "@ptr5", "@ptr6", "SL:DATE_TIME]", "IN:CREATE_REMINDER]"]}
{"loss": 0.9921073317527771, "class_log_probabilities": [-1.6008535623550415, -3.1068954467773438, -4.484362602233887, -5.029016971588135], "predictions": [49, 34, 396, 35, 36, 397, 398, 399, 400, 401, 37, 16, 402, 17, 50, 4, 4, 4], "target_tokens": ["[IN:CREATE_REMINDER", "[SL:PERSON_REMINDED", "@ptr1", "SL:PERSON_REMINDED]", "[SL:TODO", "@ptr2", "@ptr3", "@ptr4", "@ptr5", "@ptr6", "SL:TODO]", "[SL:DATE_TIME", "@ptr7", "SL:DATE_TIME]", "IN:CREATE_REMINDER]"], "predicted_tokens": ["[IN:CREATE_REMINDER", "[SL:PERSON_REMINDED", "@ptr1", "SL:PERSON_REMINDED]", "[SL:TODO", "@ptr2", "@ptr3", "@ptr4", "@ptr5", "@ptr6", "SL:TODO]", "[SL:DATE_TIME", "@ptr7", "SL:DATE_TIME]", "IN:CREATE_REMINDER]"]}
{"loss": 0.9636085629463196, "class_log_probabilities": [-0.8138619065284729, -5.478085517883301, -7.5507941246032715, -7.878554821014404], "predictions": [49, 34, 396, 35, 36, 397, 398, 399, 400, 401, 402, 37, 50, 4, 4, 4, 4, 4], "target_tokens": ["[IN:CREATE_REMINDER", "[SL:PERSON_REMINDED", "@ptr1", "SL:PERSON_REMINDED]", "[SL:TODO", "@ptr2", "@ptr3", "@ptr4", "@ptr5", "@ptr6", "@ptr7", "SL:TODO]", "IN:CREATE_REMINDER]"], "predicted_tokens": ["[IN:CREATE_REMINDER", "[SL:PERSON_REMINDED", "@ptr1", "SL:PERSON_REMINDED]", "[SL:TODO", "@ptr2", "@ptr3", "@ptr4", "@ptr5", "@ptr6", "@ptr7", "SL:TODO]", "IN:CREATE_REMINDER]"]}
{"loss": 1.7106558084487915, "class_log_probabilities": [-1.743454098701477, -1.9691334962844849, -3.5337369441986084, -4.8079142570495605], "predictions": [49, 36, 399, 400, 401, 402, 403, 37, 16, 405, 406, 407, 408, 409, 410, 17, 50, 4, 4], "target_tokens": ["[IN:CREATE_REMINDER", "[SL:TODO", "[IN:GET_TODO", "[SL:TODO", "@ptr4", "@ptr5", "@ptr6", "@ptr7", "@ptr8", "SL:TODO]", "[SL:DATE_TIME", "@ptr10", "@ptr11", "@ptr12", "SL:DATE_TIME]", "[SL:TODO", "@ptr13", "@ptr14", "@ptr15", "SL:TODO]", "IN:GET_TODO]", "SL:TODO]", "IN:CREATE_REMINDER]"], "predicted_tokens": ["[IN:CREATE_REMINDER", "[SL:TODO", "@ptr4", "@ptr5", "@ptr6", "@ptr7", "@ptr8", "SL:TODO]", "[SL:DATE_TIME", "@ptr10", "@ptr11", "@ptr12", "@ptr13", "@ptr14", "@ptr15", "SL:DATE_TIME]", "IN:CREATE_REMINDER]"]}
{"loss": 1.182245135307312, "class_log_probabilities": [-3.169631242752075, -3.4461379051208496, -3.826308250427246, -8.123480796813965], "predictions": [49, 34, 396, 35, 36, 143, 36, 400, 401, 37, 16, 402, 403, 404, 405, 406, 407, 408, 409, 410, 411, 412, 17, 144, 37, 50, 4, 4, 4, 4, 4, 4, 4, 4], "target_tokens": ["[IN:CREATE_REMINDER", "[SL:PERSON_REMINDED", "@ptr1", "SL:PERSON_REMINDED]", "[SL:TODO", "@ptr3", "@ptr4", "@ptr5", "@ptr6", "SL:TODO]", "[SL:DATE_TIME", "@ptr7", "@ptr8", "@ptr9", "@ptr10", "@ptr11", "@ptr12", "@ptr13", "@ptr14", "@ptr15", "@ptr16", "@ptr17", "SL:DATE_TIME]", "IN:CREATE_REMINDER]"], "predicted_tokens": ["[IN:CREATE_REMINDER", "[SL:PERSON_REMINDED", "@ptr1", "SL:PERSON_REMINDED]", "[SL:TODO", "[IN:GET_TODO", "[SL:TODO", "@ptr5", "@ptr6", "SL:TODO]", "[SL:DATE_TIME", "@ptr7", "@ptr8", "@ptr9", "@ptr10", "@ptr11", "@ptr12", "@ptr13", "@ptr14", "@ptr15", "@ptr16", "@ptr17", "SL:DATE_TIME]", "IN:GET_TODO]", "SL:TODO]", "IN:CREATE_REMINDER]"]}
{"loss": 0.9710981249809265, "class_log_probabilities": [-0.5014181137084961, -7.684349060058594, -8.044008255004883, -8.363757133483887], "predictions": [33, 16, 398, 399, 400, 401, 402, 17, 38, 4], "target_tokens": ["[IN:DELETE_REMINDER", "[SL:DATE_TIME", "@ptr3", "@ptr4", "@ptr5", "@ptr6", "@ptr7", "SL:DATE_TIME]", "IN:DELETE_REMINDER]"], "predicted_tokens": ["[IN:DELETE_REMINDER", "[SL:DATE_TIME", "@ptr3", "@ptr4", "@ptr5", "@ptr6", "@ptr7", "SL:DATE_TIME]", "IN:DELETE_REMINDER]"]}
{"loss": 0.9770905375480652, "class_log_probabilities": [-0.41792213916778564, -7.662753582000732, -8.0862398147583, -8.112565994262695], "predictions": [33, 120, 396, 121, 34, 397, 35, 38, 4], "target_tokens": ["[IN:DELETE_REMINDER", "[SL:AMOUNT", "@ptr1", "SL:AMOUNT]", "[SL:PERSON_REMINDED", "@ptr2", "SL:PERSON_REMINDED]", "IN:DELETE_REMINDER]"], "predicted_tokens": ["[IN:DELETE_REMINDER", "[SL:AMOUNT", "@ptr1", "SL:AMOUNT]", "[SL:PERSON_REMINDED", "@ptr2", "SL:PERSON_REMINDED]", "IN:DELETE_REMINDER]"]}
{"loss": 0.9645897150039673, "class_log_probabilities": [-0.6269333362579346, -6.56089448928833, -7.008891582489014, -7.0122785568237305], "predictions": [49, 34, 396, 35, 36, 397, 398, 399, 37, 50, 4, 4], "target_tokens": ["[IN:CREATE_REMINDER", "[SL:PERSON_REMINDED", "@ptr1", "SL:PERSON_REMINDED]", "[SL:TODO", "@ptr2", "@ptr3", "@ptr4", "SL:TODO]", "IN:CREATE_REMINDER]"], "predicted_tokens": ["[IN:CREATE_REMINDER", "[SL:PERSON_REMINDED", "@ptr1", "SL:PERSON_REMINDED]", "[SL:TODO", "@ptr2", "@ptr3", "@ptr4", "SL:TODO]", "IN:CREATE_REMINDER]"]}
{"loss": 0.9843571186065674, "class_log_probabilities": [-1.1267259120941162, -4.543752670288086, -5.045467376708984, -5.838314056396484], "predictions": [49, 36, 399, 400, 401, 402, 403, 404, 405, 406, 407, 408, 409, 37, 16, 410, 17, 50, 4, 4, 4, 4, 4], "target_tokens": ["[IN:CREATE_REMINDER", "[SL:TODO", "@ptr4", "@ptr5", "@ptr6", "@ptr7", "@ptr8", "@ptr9", "@ptr10", "@ptr11", "@ptr12", "@ptr13", "@ptr14", "SL:TODO]", "[SL:DATE_TIME", "@ptr15", "SL:DATE_TIME]", "IN:CREATE_REMINDER]"], "predicted_tokens": ["[IN:CREATE_REMINDER", "[SL:TODO", "@ptr4", "@ptr5", "@ptr6", "@ptr7", "@ptr8", "@ptr9", "@ptr10", "@ptr11", "@ptr12", "@ptr13", "@ptr14", "SL:TODO]", "[SL:DATE_TIME", "@ptr15", "SL:DATE_TIME]", "IN:CREATE_REMINDER]"]}
{"loss": 0.9692921042442322, "class_log_probabilities": [-0.5451951622962952, -7.725897312164307, -7.93507719039917, -8.470090866088867], "predictions": [49, 34, 396, 35, 16, 397, 398, 399, 17, 50, 4, 4, 4, 4], "target_tokens": ["[IN:CREATE_REMINDER", "[SL:PERSON_REMINDED", "@ptr1", "SL:PERSON_REMINDED]", "[SL:DATE_TIME", "@ptr2", "@ptr3", "@ptr4", "SL:DATE_TIME]", "IN:CREATE_REMINDER]"], "predicted_tokens": ["[IN:CREATE_REMINDER", "[SL:PERSON_REMINDED", "@ptr1", "SL:PERSON_REMINDED]", "[SL:DATE_TIME", "@ptr2", "@ptr3", "@ptr4", "SL:DATE_TIME]", "IN:CREATE_REMINDER]"]}
{"loss": 0.9691812992095947, "class_log_probabilities": [-0.6359672546386719, -7.924806118011475, -8.217812538146973, -8.65857219696045], "predictions": [49, 36, 398, 399, 400, 37, 16, 401, 402, 403, 17, 50, 4, 4, 4], "target_tokens": ["[IN:CREATE_REMINDER", "[SL:TODO", "@ptr3", "@ptr4", "@ptr5", "SL:TODO]", "[SL:DATE_TIME", "@ptr6", "@ptr7", "@ptr8", "SL:DATE_TIME]", "IN:CREATE_REMINDER]"], "predicted_tokens": ["[IN:CREATE_REMINDER", "[SL:TODO", "@ptr3", "@ptr4", "@ptr5", "SL:TODO]", "[SL:DATE_TIME", "@ptr6", "@ptr7", "@ptr8", "SL:DATE_TIME]", "IN:CREATE_REMINDER]"]}
{"loss": 0.9706268906593323, "class_log_probabilities": [-0.5464975237846375, -6.18130350112915, -6.609478950500488, -7.01438045501709], "predictions": [49, 36, 399, 37, 16, 400, 401, 402, 17, 50, 4, 4], "target_tokens": ["[IN:CREATE_REMINDER", "[SL:TODO", "@ptr4", "SL:TODO]", "[SL:DATE_TIME", "@ptr5", "@ptr6", "@ptr7", "SL:DATE_TIME]", "IN:CREATE_REMINDER]"], "predicted_tokens": ["[IN:CREATE_REMINDER", "[SL:TODO", "@ptr4", "SL:TODO]", "[SL:DATE_TIME", "@ptr5", "@ptr6", "@ptr7", "SL:DATE_TIME]", "IN:CREATE_REMINDER]"]}
{"loss": 0.9668648838996887, "class_log_probabilities": [-0.641960620880127, -8.032430648803711, -8.357610702514648, -8.66157054901123], "predictions": [33, 34, 396, 35, 36, 399, 400, 401, 402, 37, 38, 4, 4, 4], "target_tokens": ["[IN:DELETE_REMINDER", "[SL:PERSON_REMINDED", "@ptr1", "SL:PERSON_REMINDED]", "[SL:TODO", "@ptr4", "@ptr5", "@ptr6", "@ptr7", "SL:TODO]", "IN:DELETE_REMINDER]"], "predicted_tokens": ["[IN:DELETE_REMINDER", "[SL:PERSON_REMINDED", "@ptr1", "SL:PERSON_REMINDED]", "[SL:TODO", "@ptr4", "@ptr5", "@ptr6", "@ptr7", "SL:TODO]", "IN:DELETE_REMINDER]"]}
{"loss": 1.517711877822876, "class_log_probabilities": [-0.7740655541419983, -6.330115795135498, -7.382676601409912, -8.32179069519043], "predictions": [49, 34, 396, 35, 36, 398, 399, 37, 16, 400, 401, 17, 50, 4, 4, 4, 4, 4], "target_tokens": ["[IN:CREATE_REMINDER", "[SL:PERSON_REMINDED", "@ptr1", "SL:PERSON_REMINDED]", "[SL:TODO", "@ptr4", "SL:TODO]", "[SL:DATE_TIME", "@ptr5", "@ptr6", "SL:DATE_TIME]", "IN:CREATE_REMINDER]"], "predicted_tokens": ["[IN:CREATE_REMINDER", "[SL:PERSON_REMINDED", "@ptr1", "SL:PERSON_REMINDED]", "[SL:TODO", "@ptr3", "@ptr4", "SL:TODO]", "[SL:DATE_TIME", "@ptr5", "@ptr6", "SL:DATE_TIME]", "IN:CREATE_REMINDER]"]}
{"loss": 1.9453380107879639, "class_log_probabilities": [-0.44643330574035645, -7.757258892059326, -8.112929344177246, -9.004114151000977], "predictions": [49, 36, 399, 400, 401, 402, 37, 50, 4, 4, 4], "target_tokens": ["[IN:CREATE_REMINDER", "[SL:TODO", "@ptr5", "@ptr6", "@ptr7", "SL:TODO]", "IN:CREATE_REMINDER]"], "predicted_tokens": ["[IN:CREATE_REMINDER", "[SL:TODO", "@ptr4", "@ptr5", "@ptr6", "@ptr7", "SL:TODO]", "IN:CREATE_REMINDER]"]}
{"loss": 1.4296950101852417, "class_log_probabilities": [-0.6930258870124817, -6.783974647521973, -7.643304347991943, -7.773613452911377], "predictions": [33, 34, 396, 35, 36, 399, 400, 401, 402, 403, 37, 38, 4, 4, 4], "target_tokens": ["[IN:DELETE_REMINDER", "[SL:PERSON_REMINDED", "@ptr1", "SL:PERSON_REMINDED]", "[SL:TODO", "@ptr5", "@ptr6", "@ptr7", "@ptr8", "SL:TODO]", "IN:DELETE_REMINDER]"], "predicted_tokens": ["[IN:DELETE_REMINDER", "[SL:PERSON_REMINDED", "@ptr1", "SL:PERSON_REMINDED]", "[SL:TODO", "@ptr4", "@ptr5", "@ptr6", "@ptr7", "@ptr8", "SL:TODO]", "IN:DELETE_REMINDER]"]}
{"loss": 0.9693536162376404, "class_log_probabilities": [-0.8492993116378784, -7.174529075622559, -7.795853137969971, -8.04279899597168], "predictions": [33, 120, 396, 121, 34, 397, 35, 16, 399, 400, 401, 402, 403, 17, 38, 4, 4], "target_tokens": ["[IN:DELETE_REMINDER", "[SL:AMOUNT", "@ptr1", "SL:AMOUNT]", "[SL:PERSON_REMINDED", "@ptr2", "SL:PERSON_REMINDED]", "[SL:DATE_TIME", "@ptr4", "@ptr5", "@ptr6", "@ptr7", "@ptr8", "SL:DATE_TIME]", "IN:DELETE_REMINDER]"], "predicted_tokens": ["[IN:DELETE_REMINDER", "[SL:AMOUNT", "@ptr1", "SL:AMOUNT]", "[SL:PERSON_REMINDED", "@ptr2", "SL:PERSON_REMINDED]", "[SL:DATE_TIME", "@ptr4", "@ptr5", "@ptr6", "@ptr7", "@ptr8", "SL:DATE_TIME]", "IN:DELETE_REMINDER]"]}
{"loss": 3.732750654220581, "class_log_probabilities": [-1.073298454284668, -3.2788896560668945, -4.798037528991699, -5.225536823272705], "predictions": [119, 122, 4, 4, 4, 4, 4, 4, 4, 4], "target_tokens": ["[IN:CREATE_REMINDER", "[SL:PERSON_REMINDED", "@ptr1", "SL:PERSON_REMINDED]", "[SL:TODO", "@ptr2", "@ptr3", "@ptr4", "@ptr5", "SL:TODO]", "IN:CREATE_REMINDER]"], "predicted_tokens": ["[IN:DELETE_ALARM", "IN:DELETE_ALARM]"]}
{"loss": 1.4405277967453003, "class_log_probabilities": [-1.652315616607666, -3.1810927391052246, -3.3190078735351562, -3.370182514190674], "predictions": [49, 34, 396, 35, 36, 143, 36, 398, 399, 400, 401, 37, 243, 402, 244, 144, 37, 16, 403, 404, 17, 50, 4], "target_tokens": ["[IN:CREATE_REMINDER", "[SL:PERSON_REMINDED", "@ptr1", "SL:PERSON_REMINDED]", "[SL:TODO", "[IN:GET_TODO", "[SL:TODO", "@ptr3", "@ptr4", "@ptr5", "SL:TODO]", "[SL:ATTENDEE", "@ptr7", "SL:ATTENDEE]", "IN:GET_TODO]", "SL:TODO]", "[SL:DATE_TIME", "@ptr9", "SL:DATE_TIME]", "IN:CREATE_REMINDER]"], "predicted_tokens": ["[IN:CREATE_REMINDER", "[SL:PERSON_REMINDED", "@ptr1", "SL:PERSON_REMINDED]", "[SL:TODO", "[IN:GET_TODO", "[SL:TODO", "@ptr3", "@ptr4", "@ptr5", "@ptr6", "SL:TODO]", "[SL:ATTENDEE", "@ptr7", "SL:ATTENDEE]", "IN:GET_TODO]", "SL:TODO]", "[SL:DATE_TIME", "@ptr8", "@ptr9", "SL:DATE_TIME]", "IN:CREATE_REMINDER]"]}
{"loss": 0.9665066003799438, "class_log_probabilities": [-0.5827878713607788, -8.234329223632812, -8.322834014892578, -8.657472610473633], "predictions": [33, 34, 396, 35, 36, 399, 400, 401, 37, 38, 4, 4, 4], "target_tokens": ["[IN:DELETE_REMINDER", "[SL:PERSON_REMINDED", "@ptr1", "SL:PERSON_REMINDED]", "[SL:TODO", "@ptr4", "@ptr5", "@ptr6", "SL:TODO]", "IN:DELETE_REMINDER]"], "predicted_tokens": ["[IN:DELETE_REMINDER", "[SL:PERSON_REMINDED", "@ptr1", "SL:PERSON_REMINDED]", "[SL:TODO", "@ptr4", "@ptr5", "@ptr6", "SL:TODO]", "IN:DELETE_REMINDER]"]}
{"loss": 0.9719442129135132, "class_log_probabilities": [-0.48541826009750366, -5.669050216674805, -7.719260215759277, -7.786788463592529], "predictions": [49, 36, 399, 400, 401, 402, 403, 37, 50, 4], "target_tokens": ["[IN:CREATE_REMINDER", "[SL:TODO", "@ptr4", "@ptr5", "@ptr6", "@ptr7", "@ptr8", "SL:TODO]", "IN:CREATE_REMINDER]"], "predicted_tokens": ["[IN:CREATE_REMINDER", "[SL:TODO", "@ptr4", "@ptr5", "@ptr6", "@ptr7", "@ptr8", "SL:TODO]", "IN:CREATE_REMINDER]"]}
{"loss": 0.9691761136054993, "class_log_probabilities": [-0.5440985560417175, -8.087138175964355, -8.432793617248535, -8.633658409118652], "predictions": [49, 34, 396, 35, 36, 398, 399, 400, 37, 50, 4, 4, 4], "target_tokens": ["[IN:CREATE_REMINDER", "[SL:PERSON_REMINDED", "@ptr1", "SL:PERSON_REMINDED]", "[SL:TODO", "@ptr3", "@ptr4", "@ptr5", "SL:TODO]", "IN:CREATE_REMINDER]"], "predicted_tokens": ["[IN:CREATE_REMINDER", "[SL:PERSON_REMINDED", "@ptr1", "SL:PERSON_REMINDED]", "[SL:TODO", "@ptr3", "@ptr4", "@ptr5", "SL:TODO]", "IN:CREATE_REMINDER]"]}
{"loss": 0.983248233795166, "class_log_probabilities": [-0.12834292650222778, -8.478405952453613, -8.555290222167969, -8.632072448730469], "predictions": [49, 50, 4, 4], "target_tokens": ["[IN:CREATE_REMINDER", "IN:CREATE_REMINDER]"], "predicted_tokens": ["[IN:CREATE_REMINDER", "IN:CREATE_REMINDER]"]}
{"loss": 1.4818123579025269, "class_log_probabilities": [-2.610173225402832, -3.1733386516571045, -5.615180015563965, -6.150676250457764], "predictions": [49, 34, 396, 35, 36, 143, 36, 398, 399, 400, 401, 402, 403, 404, 37, 16, 405, 406, 407, 408, 409, 410, 17, 144, 37, 50, 4, 4, 4, 4, 4, 4, 4, 4, 4, 4, 4], "target_tokens": ["[IN:CREATE_REMINDER", "[SL:PERSON_REMINDED", "@ptr1", "SL:PERSON_REMINDED]", "[SL:TODO", "@ptr3", "@ptr4", "@ptr5", "@ptr6", "@ptr7", "@ptr8", "@ptr9", "SL:TODO]", "[SL:DATE_TIME", "@ptr11", "@ptr12", "@ptr13", "@ptr14", "@ptr15", "@ptr16", "SL:DATE_TIME]", "IN:CREATE_REMINDER]"], "predicted_tokens": ["[IN:CREATE_REMINDER", "[SL:PERSON_REMINDED", "@ptr1", "SL:PERSON_REMINDED]", "[SL:TODO", "[IN:GET_TODO", "[SL:TODO", "@ptr3", "@ptr4", "@ptr5", "@ptr6", "@ptr7", "@ptr8", "@ptr9", "SL:TODO]", "[SL:DATE_TIME", "@ptr10", "@ptr11", "@ptr12", "@ptr13", "@ptr14", "@ptr15", "SL:DATE_TIME]", "IN:GET_TODO]", "SL:TODO]", "IN:CREATE_REMINDER]"]}
{"loss": 0.9688554406166077, "class_log_probabilities": [-0.3484572768211365, -8.134173393249512, -8.202218055725098, -8.371798515319824], "predictions": [49, 16, 398, 399, 17, 50, 4], "target_tokens": ["[IN:CREATE_REMINDER", "[SL:DATE_TIME", "@ptr3", "@ptr4", "SL:DATE_TIME]", "IN:CREATE_REMINDER]"], "predicted_tokens": ["[IN:CREATE_REMINDER", "[SL:DATE_TIME", "@ptr3", "@ptr4", "SL:DATE_TIME]", "IN:CREATE_REMINDER]"]}
{"loss": 0.9864854216575623, "class_log_probabilities": [-0.12672749161720276, -8.105073928833008, -8.234665870666504, -8.249533653259277], "predictions": [49, 50, 4], "target_tokens": ["[IN:CREATE_REMINDER", "IN:CREATE_REMINDER]"], "predicted_tokens": ["[IN:CREATE_REMINDER", "IN:CREATE_REMINDER]"]}
{"loss": 0.9722129702568054, "class_log_probabilities": [-0.4930591583251953, -8.024755477905273, -8.20903205871582, -8.425460815429688], "predictions": [47, 34, 399, 35, 16, 403, 404, 17, 48, 4, 4], "target_tokens": ["[IN:GET_REMINDER", "[SL:PERSON_REMINDED", "@ptr4", "SL:PERSON_REMINDED]", "[SL:DATE_TIME", "@ptr8", "@ptr9", "SL:DATE_TIME]", "IN:GET_REMINDER]"], "predicted_tokens": ["[IN:GET_REMINDER", "[SL:PERSON_REMINDED", "@ptr4", "SL:PERSON_REMINDED]", "[SL:DATE_TIME", "@ptr8", "@ptr9", "SL:DATE_TIME]", "IN:GET_REMINDER]"]}
{"loss": 1.596618890762329, "class_log_probabilities": [-0.7521763443946838, -7.694721698760986, -7.7163896560668945, -7.861310958862305], "predictions": [49, 34, 396, 35, 36, 397, 398, 37, 16, 399, 400, 17, 50, 4, 4, 4], "target_tokens": ["[IN:CREATE_REMINDER", "[SL:PERSON_REMINDED", "@ptr1", "SL:PERSON_REMINDED]", "[SL:TODO", "@ptr2", "@ptr3", "SL:TODO]", "[SL:DATE_TIME", "@ptr5", "SL:DATE_TIME]", "IN:CREATE_REMINDER]"], "predicted_tokens": ["[IN:CREATE_REMINDER", "[SL:PERSON_REMINDED", "@ptr1", "SL:PERSON_REMINDED]", "[SL:TODO", "@ptr2", "@ptr3", "SL:TODO]", "[SL:DATE_TIME", "@ptr4", "@ptr5", "SL:DATE_TIME]", "IN:CREATE_REMINDER]"]}
{"loss": 0.9787886738777161, "class_log_probabilities": [-0.7044944167137146, -4.600478172302246, -6.61372184753418, -6.890961647033691], "predictions": [47, 199, 395, 200, 34, 396, 35, 16, 398, 399, 17, 48, 4], "target_tokens": ["[IN:GET_REMINDER", "[SL:METHOD_RETRIEVAL_REMINDER", "@ptr0", "SL:METHOD_RETRIEVAL_REMINDER]", "[SL:PERSON_REMINDED", "@ptr1", "SL:PERSON_REMINDED]", "[SL:DATE_TIME", "@ptr3", "@ptr4", "SL:DATE_TIME]", "IN:GET_REMINDER]"], "predicted_tokens": ["[IN:GET_REMINDER", "[SL:METHOD_RETRIEVAL_REMINDER", "@ptr0", "SL:METHOD_RETRIEVAL_REMINDER]", "[SL:PERSON_REMINDED", "@ptr1", "SL:PERSON_REMINDED]", "[SL:DATE_TIME", "@ptr3", "@ptr4", "SL:DATE_TIME]", "IN:GET_REMINDER]"]}
{"loss": 0.9681952595710754, "class_log_probabilities": [-0.5306846499443054, -7.90814733505249, -8.105245590209961, -8.301383018493652], "predictions": [49, 16, 398, 399, 400, 401, 402, 17, 50, 4], "target_tokens": ["[IN:CREATE_REMINDER", "[SL:DATE_TIME", "@ptr3", "@ptr4", "@ptr5", "@ptr6", "@ptr7", "SL:DATE_TIME]", "IN:CREATE_REMINDER]"], "predicted_tokens": ["[IN:CREATE_REMINDER", "[SL:DATE_TIME", "@ptr3", "@ptr4", "@ptr5", "@ptr6", "@ptr7", "SL:DATE_TIME]", "IN:CREATE_REMINDER]"]}
{"loss": 0.9697607159614563, "class_log_probabilities": [-0.9514248371124268, -7.431243896484375, -7.724364757537842, -8.422564506530762], "predictions": [49, 34, 396, 35, 36, 398, 399, 400, 37, 16, 401, 402, 403, 404, 405, 406, 17, 50, 4, 4, 4, 4, 4], "target_tokens": ["[IN:CREATE_REMINDER", "[SL:PERSON_REMINDED", "@ptr1", "SL:PERSON_REMINDED]", "[SL:TODO", "@ptr3", "@ptr4", "@ptr5", "SL:TODO]", "[SL:DATE_TIME", "@ptr6", "@ptr7", "@ptr8", "@ptr9", "@ptr10", "@ptr11", "SL:DATE_TIME]", "IN:CREATE_REMINDER]"], "predicted_tokens": ["[IN:CREATE_REMINDER", "[SL:PERSON_REMINDED", "@ptr1", "SL:PERSON_REMINDED]", "[SL:TODO", "@ptr3", "@ptr4", "@ptr5", "SL:TODO]", "[SL:DATE_TIME", "@ptr6", "@ptr7", "@ptr8", "@ptr9", "@ptr10", "@ptr11", "SL:DATE_TIME]", "IN:CREATE_REMINDER]"]}
{"loss": 0.9679511189460754, "class_log_probabilities": [-1.2272495031356812, -6.710787773132324, -6.720088958740234, -7.425613880157471], "predictions": [49, 34, 396, 35, 36, 397, 398, 399, 400, 401, 37, 16, 402, 403, 404, 405, 406, 17, 50, 4, 4, 4, 4, 4], "target_tokens": ["[IN:CREATE_REMINDER", "[SL:PERSON_REMINDED", "@ptr1", "SL:PERSON_REMINDED]", "[SL:TODO", "@ptr2", "@ptr3", "@ptr4", "@ptr5", "@ptr6", "SL:TODO]", "[SL:DATE_TIME", "@ptr7", "@ptr8", "@ptr9", "@ptr10", "@ptr11", "SL:DATE_TIME]", "IN:CREATE_REMINDER]"], "predicted_tokens": ["[IN:CREATE_REMINDER", "[SL:PERSON_REMINDED", "@ptr1", "SL:PERSON_REMINDED]", "[SL:TODO", "@ptr2", "@ptr3", "@ptr4", "@ptr5", "@ptr6", "SL:TODO]", "[SL:DATE_TIME", "@ptr7", "@ptr8", "@ptr9", "@ptr10", "@ptr11", "SL:DATE_TIME]", "IN:CREATE_REMINDER]"]}
{"loss": 0.9781599640846252, "class_log_probabilities": [-0.5263340473175049, -7.275757312774658, -7.717585563659668, -8.033727645874023], "predictions": [49, 36, 399, 400, 401, 402, 403, 404, 405, 37, 50, 4], "target_tokens": ["[IN:CREATE_REMINDER", "[SL:TODO", "@ptr4", "@ptr5", "@ptr6", "@ptr7", "@ptr8", "@ptr9", "@ptr10", "SL:TODO]", "IN:CREATE_REMINDER]"], "predicted_tokens": ["[IN:CREATE_REMINDER", "[SL:TODO", "@ptr4", "@ptr5", "@ptr6", "@ptr7", "@ptr8", "@ptr9", "@ptr10", "SL:TODO]", "IN:CREATE_REMINDER]"]}
{"loss": 0.9683944582939148, "class_log_probabilities": [-0.8123511075973511, -7.566096782684326, -7.589012145996094, -8.820558547973633], "predictions": [49, 34, 396, 35, 36, 398, 399, 37, 16, 400, 401, 402, 403, 17, 50, 4, 4, 4], "target_tokens": ["[IN:CREATE_REMINDER", "[SL:PERSON_REMINDED", "@ptr1", "SL:PERSON_REMINDED]", "[SL:TODO", "@ptr3", "@ptr4", "SL:TODO]", "[SL:DATE_TIME", "@ptr5", "@ptr6", "@ptr7", "@ptr8", "SL:DATE_TIME]", "IN:CREATE_REMINDER]"], "predicted_tokens": ["[IN:CREATE_REMINDER", "[SL:PERSON_REMINDED", "@ptr1", "SL:PERSON_REMINDED]", "[SL:TODO", "@ptr3", "@ptr4", "SL:TODO]", "[SL:DATE_TIME", "@ptr5", "@ptr6", "@ptr7", "@ptr8", "SL:DATE_TIME]", "IN:CREATE_REMINDER]"]}
{"loss": 1.0298311710357666, "class_log_probabilities": [-1.508695363998413, -2.0570430755615234, -4.167610168457031, -5.747901439666748], "predictions": [49, 36, 399, 37, 16, 400, 401, 17, 50, 4, 4, 4, 4, 4, 4, 4, 4, 4, 4, 4], "target_tokens": ["[IN:CREATE_REMINDER", "[SL:TODO", "@ptr4", "SL:TODO]", "[SL:DATE_TIME", "@ptr5", "@ptr6", "@ptr7", "@ptr8", "@ptr9", "@ptr10", "@ptr11", "@ptr12", "SL:DATE_TIME]", "IN:CREATE_REMINDER]"], "predicted_tokens": ["[IN:CREATE_REMINDER", "[SL:TODO", "@ptr4", "SL:TODO]", "[SL:DATE_TIME", "@ptr5", "@ptr6", "SL:DATE_TIME]", "IN:CREATE_REMINDER]"]}
{"loss": 0.9699474573135376, "class_log_probabilities": [-0.523345410823822, -8.017227172851562, -8.269678115844727, -8.712145805358887], "predictions": [33, 120, 396, 121, 16, 399, 400, 17, 38, 4, 4, 4], "target_tokens": ["[IN:DELETE_REMINDER", "[SL:AMOUNT", "@ptr1", "SL:AMOUNT]", "[SL:DATE_TIME", "@ptr4", "@ptr5", "SL:DATE_TIME]", "IN:DELETE_REMINDER]"], "predicted_tokens": ["[IN:DELETE_REMINDER", "[SL:AMOUNT", "@ptr1", "SL:AMOUNT]", "[SL:DATE_TIME", "@ptr4", "@ptr5", "SL:DATE_TIME]", "IN:DELETE_REMINDER]"]}
{"loss": 0.9656720161437988, "class_log_probabilities": [-0.8824915885925293, -7.713366508483887, -7.771385192871094, -7.959668159484863], "predictions": [49, 34, 396, 35, 36, 397, 398, 37, 16, 399, 400, 401, 402, 17, 50, 4, 4, 4], "target_tokens": ["[IN:CREATE_REMINDER", "[SL:PERSON_REMINDED", "@ptr1", "SL:PERSON_REMINDED]", "[SL:TODO", "@ptr2", "@ptr3", "SL:TODO]", "[SL:DATE_TIME", "@ptr4", "@ptr5", "@ptr6", "@ptr7", "SL:DATE_TIME]", "IN:CREATE_REMINDER]"], "predicted_tokens": ["[IN:CREATE_REMINDER", "[SL:PERSON_REMINDED", "@ptr1", "SL:PERSON_REMINDED]", "[SL:TODO", "@ptr2", "@ptr3", "SL:TODO]", "[SL:DATE_TIME", "@ptr4", "@ptr5", "@ptr6", "@ptr7", "SL:DATE_TIME]", "IN:CREATE_REMINDER]"]}
{"loss": 1.3978685140609741, "class_log_probabilities": [-0.7842788100242615, -7.542434215545654, -7.8560709953308105, -8.189043045043945], "predictions": [49, 34, 396, 35, 36, 398, 399, 400, 37, 16, 401, 402, 403, 17, 50, 4, 4, 4], "target_tokens": ["[IN:CREATE_REMINDER", "[SL:PERSON_REMINDED", "@ptr1", "SL:PERSON_REMINDED]", "[SL:TODO", "@ptr4", "@ptr5", "SL:TODO]", "[SL:DATE_TIME", "@ptr6", "@ptr7", "@ptr8", "SL:DATE_TIME]", "IN:CREATE_REMINDER]"], "predicted_tokens": ["[IN:CREATE_REMINDER", "[SL:PERSON_REMINDED", "@ptr1", "SL:PERSON_REMINDED]", "[SL:TODO", "@ptr3", "@ptr4", "@ptr5", "SL:TODO]", "[SL:DATE_TIME", "@ptr6", "@ptr7", "@ptr8", "SL:DATE_TIME]", "IN:CREATE_REMINDER]"]}
{"loss": 1.880711555480957, "class_log_probabilities": [-2.2997076511383057, -2.9569544792175293, -3.557277202606201, -3.718596935272217], "predictions": [49, 34, 396, 35, 36, 143, 36, 397, 398, 399, 400, 37, 16, 402, 403, 404, 405, 17, 144, 37, 50, 4, 4], "target_tokens": ["[IN:CREATE_REMINDER", "[SL:PERSON_REMINDED", "@ptr1", "SL:PERSON_REMINDED]", "[SL:TODO", "@ptr3", "@ptr4", "@ptr5", "@ptr6", "SL:TODO]", "[SL:DATE_TIME", "@ptr8", "@ptr9", "@ptr10", "SL:DATE_TIME]", "IN:CREATE_REMINDER]"], "predicted_tokens": ["[IN:CREATE_REMINDER", "[SL:PERSON_REMINDED", "@ptr1", "SL:PERSON_REMINDED]", "[SL:TODO", "[IN:GET_TODO", "[SL:TODO", "@ptr2", "@ptr3", "@ptr4", "@ptr5", "SL:TODO]", "[SL:DATE_TIME", "@ptr7", "@ptr8", "@ptr9", "@ptr10", "SL:DATE_TIME]", "IN:GET_TODO]", "SL:TODO]", "IN:CREATE_REMINDER]"]}
{"loss": 0.977410614490509, "class_log_probabilities": [-0.9957593679428101, -4.921773433685303, -5.64793586730957, -6.275677680969238], "predictions": [49, 34, 396, 35, 36, 398, 399, 400, 401, 402, 403, 37, 16, 404, 405, 406, 407, 408, 17, 50, 4, 4], "target_tokens": ["[IN:CREATE_REMINDER", "[SL:PERSON_REMINDED", "@ptr1", "SL:PERSON_REMINDED]", "[SL:TODO", "@ptr3", "@ptr4", "@ptr5", "@ptr6", "@ptr7", "@ptr8", "SL:TODO]", "[SL:DATE_TIME", "@ptr9", "@ptr10", "@ptr11", "@ptr12", "@ptr13", "SL:DATE_TIME]", "IN:CREATE_REMINDER]"], "predicted_tokens": ["[IN:CREATE_REMINDER", "[SL:PERSON_REMINDED", "@ptr1", "SL:PERSON_REMINDED]", "[SL:TODO", "@ptr3", "@ptr4", "@ptr5", "@ptr6", "@ptr7", "@ptr8", "SL:TODO]", "[SL:DATE_TIME", "@ptr9", "@ptr10", "@ptr11", "@ptr12", "@ptr13", "SL:DATE_TIME]", "IN:CREATE_REMINDER]"]}
{"loss": 0.9682323932647705, "class_log_probabilities": [-0.650174081325531, -7.940093994140625, -8.722162246704102, -8.774559020996094], "predictions": [49, 34, 396, 35, 36, 398, 399, 400, 401, 402, 37, 50, 4, 4, 4], "target_tokens": ["[IN:CREATE_REMINDER", "[SL:PERSON_REMINDED", "@ptr1", "SL:PERSON_REMINDED]", "[SL:TODO", "@ptr3", "@ptr4", "@ptr5", "@ptr6", "@ptr7", "SL:TODO]", "IN:CREATE_REMINDER]"], "predicted_tokens": ["[IN:CREATE_REMINDER", "[SL:PERSON_REMINDED", "@ptr1", "SL:PERSON_REMINDED]", "[SL:TODO", "@ptr3", "@ptr4", "@ptr5", "@ptr6", "@ptr7", "SL:TODO]", "IN:CREATE_REMINDER]"]}
{"loss": 0.9683214426040649, "class_log_probabilities": [-0.7249627709388733, -5.5697102546691895, -7.195804119110107, -8.227066040039062], "predictions": [49, 34, 396, 35, 36, 399, 400, 37, 16, 401, 17, 50, 4, 4, 4, 4, 4], "target_tokens": ["[IN:CREATE_REMINDER", "[SL:PERSON_REMINDED", "@ptr1", "SL:PERSON_REMINDED]", "[SL:TODO", "@ptr4", "@ptr5", "SL:TODO]", "[SL:DATE_TIME", "@ptr6", "SL:DATE_TIME]", "IN:CREATE_REMINDER]"], "predicted_tokens": ["[IN:CREATE_REMINDER", "[SL:PERSON_REMINDED", "@ptr1", "SL:PERSON_REMINDED]", "[SL:TODO", "@ptr4", "@ptr5", "SL:TODO]", "[SL:DATE_TIME", "@ptr6", "SL:DATE_TIME]", "IN:CREATE_REMINDER]"]}
{"loss": 4.0650482177734375, "class_log_probabilities": [-0.3258363604545593, -6.658752918243408, -7.50739049911499, -7.705237865447998], "predictions": [33, 36, 401, 402, 37, 38, 4, 4], "target_tokens": ["[IN:HELP_REMINDER", "IN:HELP_REMINDER]"], "predicted_tokens": ["[IN:DELETE_REMINDER", "[SL:TODO", "@ptr6", "@ptr7", "SL:TODO]", "IN:DELETE_REMINDER]"]}
{"loss": 1.6065086126327515, "class_log_probabilities": [-0.6520287990570068, -8.138286590576172, -8.393248558044434, -8.693130493164062], "predictions": [49, 36, 399, 400, 401, 402, 37, 16, 403, 404, 17, 50, 4, 4, 4], "target_tokens": ["[IN:CREATE_REMINDER", "[SL:TODO", "@ptr4", "@ptr5", "@ptr6", "@ptr7", "SL:TODO]", "[SL:DATE_TIME", "@ptr9", "SL:DATE_TIME]", "IN:CREATE_REMINDER]"], "predicted_tokens": ["[IN:CREATE_REMINDER", "[SL:TODO", "@ptr4", "@ptr5", "@ptr6", "@ptr7", "SL:TODO]", "[SL:DATE_TIME", "@ptr8", "@ptr9", "SL:DATE_TIME]", "IN:CREATE_REMINDER]"]}
{"loss": 0.9686979055404663, "class_log_probabilities": [-0.5007215738296509, -8.448870658874512, -8.455397605895996, -8.58420181274414], "predictions": [49, 34, 397, 35, 36, 398, 399, 37, 50, 4, 4, 4], "target_tokens": ["[IN:CREATE_REMINDER", "[SL:PERSON_REMINDED", "@ptr2", "SL:PERSON_REMINDED]", "[SL:TODO", "@ptr3", "@ptr4", "SL:TODO]", "IN:CREATE_REMINDER]"], "predicted_tokens": ["[IN:CREATE_REMINDER", "[SL:PERSON_REMINDED", "@ptr2", "SL:PERSON_REMINDED]", "[SL:TODO", "@ptr3", "@ptr4", "SL:TODO]", "IN:CREATE_REMINDER]"]}
{"loss": 0.9747241139411926, "class_log_probabilities": [-0.286846786737442, -7.591222763061523, -7.89693546295166, -7.929731845855713], "predictions": [33, 34, 396, 35, 38, 4], "target_tokens": ["[IN:DELETE_REMINDER", "[SL:PERSON_REMINDED", "@ptr1", "SL:PERSON_REMINDED]", "IN:DELETE_REMINDER]"], "predicted_tokens": ["[IN:DELETE_REMINDER", "[SL:PERSON_REMINDED", "@ptr1", "SL:PERSON_REMINDED]", "IN:DELETE_REMINDER]"]}
{"loss": 1.6129201650619507, "class_log_probabilities": [-0.9049450755119324, -7.039767742156982, -7.445922374725342, -7.448841094970703], "predictions": [49, 34, 396, 35, 36, 397, 398, 399, 37, 16, 400, 401, 17, 50, 4, 4, 4], "target_tokens": ["[IN:CREATE_REMINDER", "[SL:PERSON_REMINDED", "@ptr1", "SL:PERSON_REMINDED]", "[SL:TODO", "@ptr2", "@ptr3", "@ptr4", "SL:TODO]", "[SL:DATE_TIME", "@ptr6", "SL:DATE_TIME]", "IN:CREATE_REMINDER]"], "predicted_tokens": ["[IN:CREATE_REMINDER", "[SL:PERSON_REMINDED", "@ptr1", "SL:PERSON_REMINDED]", "[SL:TODO", "@ptr2", "@ptr3", "@ptr4", "SL:TODO]", "[SL:DATE_TIME", "@ptr5", "@ptr6", "SL:DATE_TIME]", "IN:CREATE_REMINDER]"]}
{"loss": 1.4415054321289062, "class_log_probabilities": [-2.2669711112976074, -3.833345413208008, -4.035581111907959, -4.521782398223877], "predictions": [49, 34, 396, 35, 36, 143, 36, 397, 398, 399, 400, 401, 402, 403, 37, 16, 404, 405, 406, 407, 408, 409, 410, 17, 144, 37, 50, 4, 4, 4, 4, 4], "target_tokens": ["[IN:CREATE_REMINDER", "[SL:PERSON_REMINDED", "@ptr1", "SL:PERSON_REMINDED]", "[SL:TODO", "@ptr2", "@ptr3", "@ptr4", "@ptr5", "@ptr6", "@ptr7", "@ptr8", "SL:TODO]", "[SL:DATE_TIME", "@ptr10", "@ptr11", "@ptr12", "@ptr13", "@ptr14", "@ptr15", "SL:DATE_TIME]", "IN:CREATE_REMINDER]"], "predicted_tokens": ["[IN:CREATE_REMINDER", "[SL:PERSON_REMINDED", "@ptr1", "SL:PERSON_REMINDED]", "[SL:TODO", "[IN:GET_TODO", "[SL:TODO", "@ptr2", "@ptr3", "@ptr4", "@ptr5", "@ptr6", "@ptr7", "@ptr8", "SL:TODO]", "[SL:DATE_TIME", "@ptr9", "@ptr10", "@ptr11", "@ptr12", "@ptr13", "@ptr14", "@ptr15", "SL:DATE_TIME]", "IN:GET_TODO]", "SL:TODO]", "IN:CREATE_REMINDER]"]}
{"loss": 2.1964213848114014, "class_log_probabilities": [-0.3369331955909729, -8.371208190917969, -8.424542427062988, -8.426127433776855], "predictions": [49, 36, 397, 398, 37, 50, 4, 4, 4], "target_tokens": ["[IN:CREATE_REMINDER", "[SL:TODO", "@ptr3", "SL:TODO]", "IN:CREATE_REMINDER]"], "predicted_tokens": ["[IN:CREATE_REMINDER", "[SL:TODO", "@ptr2", "@ptr3", "SL:TODO]", "IN:CREATE_REMINDER]"]}
{"loss": 0.9676661491394043, "class_log_probabilities": [-0.6347719430923462, -6.738773345947266, -7.1140055656433105, -7.787076473236084], "predictions": [49, 34, 396, 35, 36, 397, 398, 399, 400, 37, 50, 4, 4], "target_tokens": ["[IN:CREATE_REMINDER", "[SL:PERSON_REMINDED", "@ptr1", "SL:PERSON_REMINDED]", "[SL:TODO", "@ptr2", "@ptr3", "@ptr4", "@ptr5", "SL:TODO]", "IN:CREATE_REMINDER]"], "predicted_tokens": ["[IN:CREATE_REMINDER", "[SL:PERSON_REMINDED", "@ptr1", "SL:PERSON_REMINDED]", "[SL:TODO", "@ptr2", "@ptr3", "@ptr4", "@ptr5", "SL:TODO]", "IN:CREATE_REMINDER]"]}
{"loss": 0.9710428714752197, "class_log_probabilities": [-0.44093745946884155, -7.911502838134766, -8.197914123535156, -8.445635795593262], "predictions": [33, 34, 396, 35, 36, 399, 37, 38, 4], "target_tokens": ["[IN:DELETE_REMINDER", "[SL:PERSON_REMINDED", "@ptr1", "SL:PERSON_REMINDED]", "[SL:TODO", "@ptr4", "SL:TODO]", "IN:DELETE_REMINDER]"], "predicted_tokens": ["[IN:DELETE_REMINDER", "[SL:PERSON_REMINDED", "@ptr1", "SL:PERSON_REMINDED]", "[SL:TODO", "@ptr4", "SL:TODO]", "IN:DELETE_REMINDER]"]}
{"loss": 1.4650702476501465, "class_log_probabilities": [-1.1714781522750854, -4.652100563049316, -6.293201446533203, -8.265243530273438], "predictions": [49, 34, 396, 35, 36, 397, 398, 399, 400, 401, 37, 16, 402, 403, 17, 50, 4, 4, 4, 4, 4], "target_tokens": ["[IN:CREATE_REMINDER", "[SL:PERSON_REMINDED", "@ptr1", "SL:PERSON_REMINDED]", "[SL:TODO", "@ptr2", "@ptr3", "@ptr4", "@ptr5", "@ptr6", "SL:TODO]", "[SL:DATE_TIME", "@ptr8", "SL:DATE_TIME]", "IN:CREATE_REMINDER]"], "predicted_tokens": ["[IN:CREATE_REMINDER", "[SL:PERSON_REMINDED", "@ptr1", "SL:PERSON_REMINDED]", "[SL:TODO", "@ptr2", "@ptr3", "@ptr4", "@ptr5", "@ptr6", "SL:TODO]", "[SL:DATE_TIME", "@ptr7", "@ptr8", "SL:DATE_TIME]", "IN:CREATE_REMINDER]"]}
{"loss": 0.9758872389793396, "class_log_probabilities": [-0.2828887104988098, -7.857565879821777, -7.9459228515625, -8.070636749267578], "predictions": [33, 34, 396, 35, 38, 4], "target_tokens": ["[IN:DELETE_REMINDER", "[SL:PERSON_REMINDED", "@ptr1", "SL:PERSON_REMINDED]", "IN:DELETE_REMINDER]"], "predicted_tokens": ["[IN:DELETE_REMINDER", "[SL:PERSON_REMINDED", "@ptr1", "SL:PERSON_REMINDED]", "IN:DELETE_REMINDER]"]}
{"loss": 1.7329622507095337, "class_log_probabilities": [-0.5626920461654663, -7.842321395874023, -8.540925979614258, -8.796476364135742], "predictions": [49, 36, 399, 400, 401, 402, 403, 404, 37, 50, 4, 4, 4, 4, 4], "target_tokens": ["[IN:CREATE_REMINDER", "[SL:TODO", "@ptr5", "@ptr6", "@ptr7", "@ptr8", "@ptr9", "SL:TODO]", "IN:CREATE_REMINDER]"], "predicted_tokens": ["[IN:CREATE_REMINDER", "[SL:TODO", "@ptr4", "@ptr5", "@ptr6", "@ptr7", "@ptr8", "@ptr9", "SL:TODO]", "IN:CREATE_REMINDER]"]}
{"loss": 0.9777137041091919, "class_log_probabilities": [-0.41435396671295166, -7.659118175506592, -7.862119674682617, -7.9782185554504395], "predictions": [33, 120, 396, 121, 34, 397, 35, 38, 4], "target_tokens": ["[IN:DELETE_REMINDER", "[SL:AMOUNT", "@ptr1", "SL:AMOUNT]", "[SL:PERSON_REMINDED", "@ptr2", "SL:PERSON_REMINDED]", "IN:DELETE_REMINDER]"], "predicted_tokens": ["[IN:DELETE_REMINDER", "[SL:AMOUNT", "@ptr1", "SL:AMOUNT]", "[SL:PERSON_REMINDED", "@ptr2", "SL:PERSON_REMINDED]", "IN:DELETE_REMINDER]"]}
{"loss": 1.5429096221923828, "class_log_probabilities": [-1.6596720218658447, -2.043095588684082, -3.740123748779297, -4.2419114112854], "predictions": [47, 199, 395, 200, 120, 396, 121, 34, 397, 35, 20, 398, 21, 36, 401, 37, 48, 4], "target_tokens": ["[IN:GET_REMINDER", "[SL:METHOD_RETRIEVAL_REMINDER", "@ptr0", "SL:METHOD_RETRIEVAL_REMINDER]", "[SL:AMOUNT", "@ptr1", "SL:AMOUNT]", "[SL:PERSON_REMINDED", "@ptr2", "SL:PERSON_REMINDED]", "[SL:TODO", "@ptr6", "SL:TODO]", "IN:GET_REMINDER]"], "predicted_tokens": ["[IN:GET_REMINDER", "[SL:METHOD_RETRIEVAL_REMINDER", "@ptr0", "SL:METHOD_RETRIEVAL_REMINDER]", "[SL:AMOUNT", "@ptr1", "SL:AMOUNT]", "[SL:PERSON_REMINDED", "@ptr2", "SL:PERSON_REMINDED]", "[SL:ORDINAL", "@ptr3", "SL:ORDINAL]", "[SL:TODO", "@ptr6", "SL:TODO]", "IN:GET_REMINDER]"]}
{"loss": 1.388755440711975, "class_log_probabilities": [-0.8029245138168335, -5.862476348876953, -7.350210666656494, -7.699655055999756], "predictions": [47, 199, 395, 200, 120, 396, 121, 36, 401, 402, 403, 404, 405, 406, 37, 48, 4, 4, 4, 4], "target_tokens": ["[IN:GET_REMINDER", "[SL:METHOD_RETRIEVAL_REMINDER", "@ptr0", "SL:METHOD_RETRIEVAL_REMINDER]", "[SL:AMOUNT", "@ptr1", "SL:AMOUNT]", "[SL:TODO", "@ptr7", "@ptr8", "@ptr9", "@ptr10", "@ptr11", "SL:TODO]", "IN:GET_REMINDER]"], "predicted_tokens": ["[IN:GET_REMINDER", "[SL:METHOD_RETRIEVAL_REMINDER", "@ptr0", "SL:METHOD_RETRIEVAL_REMINDER]", "[SL:AMOUNT", "@ptr1", "SL:AMOUNT]", "[SL:TODO", "@ptr6", "@ptr7", "@ptr8", "@ptr9", "@ptr10", "@ptr11", "SL:TODO]", "IN:GET_REMINDER]"]}
{"loss": 1.5980180501937866, "class_log_probabilities": [-0.7111016511917114, -4.360885143280029, -6.98884391784668, -7.994686126708984], "predictions": [33, 120, 396, 121, 36, 401, 402, 403, 404, 405, 37, 38, 4, 4], "target_tokens": ["[IN:DELETE_REMINDER", "[SL:AMOUNT", "@ptr1", "SL:AMOUNT]", "[SL:TODO", "@ptr7", "@ptr8", "@ptr9", "@ptr10", "SL:TODO]", "IN:DELETE_REMINDER]"], "predicted_tokens": ["[IN:DELETE_REMINDER", "[SL:AMOUNT", "@ptr1", "SL:AMOUNT]", "[SL:TODO", "@ptr6", "@ptr7", "@ptr8", "@ptr9", "@ptr10", "SL:TODO]", "IN:DELETE_REMINDER]"]}
{"loss": 1.5741666555404663, "class_log_probabilities": [-0.7972299456596375, -6.986612319946289, -7.6233415603637695, -8.001200675964355], "predictions": [47, 34, 396, 35, 36, 401, 402, 403, 37, 16, 404, 405, 406, 17, 48, 4, 4, 4, 4, 4], "target_tokens": ["[IN:GET_REMINDER", "[SL:PERSON_REMINDED", "@ptr1", "SL:PERSON_REMINDED]", "[SL:TODO", "@ptr6", "@ptr7", "@ptr8", "SL:TODO]", "[SL:DATE_TIME", "@ptr10", "@ptr11", "SL:DATE_TIME]", "IN:GET_REMINDER]"], "predicted_tokens": ["[IN:GET_REMINDER", "[SL:PERSON_REMINDED", "@ptr1", "SL:PERSON_REMINDED]", "[SL:TODO", "@ptr6", "@ptr7", "@ptr8", "SL:TODO]", "[SL:DATE_TIME", "@ptr9", "@ptr10", "@ptr11", "SL:DATE_TIME]", "IN:GET_REMINDER]"]}
{"loss": 1.6520957946777344, "class_log_probabilities": [-1.472983956336975, -6.191309452056885, -6.195993900299072, -6.495630264282227], "predictions": [47, 34, 70, 93, 397, 94, 71, 398, 72, 73, 35, 36, 402, 403, 37, 16, 404, 405, 406, 407, 408, 17, 48, 4, 4, 4], "target_tokens": ["[IN:GET_REMINDER", "[SL:PERSON_REMINDED", "[IN:GET_CONTACT", "[SL:CONTACT_RELATED", "@ptr2", "SL:CONTACT_RELATED]", "[SL:TYPE_RELATION", "@ptr3", "SL:TYPE_RELATION]", "IN:GET_CONTACT]", "SL:PERSON_REMINDED]", "[SL:TODO", "@ptr5", "@ptr6", "@ptr7", "@ptr8", "SL:TODO]", "[SL:DATE_TIME", "@ptr9", "@ptr10", "@ptr11", "@ptr12", "@ptr13", "SL:DATE_TIME]", "IN:GET_REMINDER]"], "predicted_tokens": ["[IN:GET_REMINDER", "[SL:PERSON_REMINDED", "[IN:GET_CONTACT", "[SL:CONTACT_RELATED", "@ptr2", "SL:CONTACT_RELATED]", "[SL:TYPE_RELATION", "@ptr3", "SL:TYPE_RELATION]", "IN:GET_CONTACT]", "SL:PERSON_REMINDED]", "[SL:TODO", "@ptr7", "@ptr8", "SL:TODO]", "[SL:DATE_TIME", "@ptr9", "@ptr10", "@ptr11", "@ptr12", "@ptr13", "SL:DATE_TIME]", "IN:GET_REMINDER]"]}
{"loss": 1.6342430114746094, "class_log_probabilities": [-0.45005226135253906, -6.29477596282959, -8.342110633850098, -8.66546630859375], "predictions": [49, 36, 399, 400, 401, 402, 37, 50, 4, 4, 4], "target_tokens": ["[IN:CREATE_REMINDER", "[SL:TODO", "@ptr5", "@ptr6", "@ptr7", "SL:TODO]", "IN:CREATE_REMINDER]"], "predicted_tokens": ["[IN:CREATE_REMINDER", "[SL:TODO", "@ptr4", "@ptr5", "@ptr6", "@ptr7", "SL:TODO]", "IN:CREATE_REMINDER]"]}
{"loss": 1.0602296590805054, "class_log_probabilities": [-1.4812238216400146, -3.1588244438171387, -6.154706954956055, -6.498982906341553], "predictions": [49, 34, 396, 35, 36, 397, 398, 399, 400, 401, 402, 403, 404, 37, 16, 405, 406, 17, 50, 4, 4, 4], "target_tokens": ["[IN:CREATE_REMINDER", "[SL:PERSON_REMINDED", "@ptr1", "SL:PERSON_REMINDED]", "[SL:TODO", "@ptr2", "@ptr3", "@ptr4", "@ptr5", "@ptr6", "@ptr7", "@ptr8", "@ptr9", "SL:TODO]", "[SL:DATE_TIME", "@ptr11", "SL:DATE_TIME]", "IN:CREATE_REMINDER]"], "predicted_tokens": ["[IN:CREATE_REMINDER", "[SL:PERSON_REMINDED", "@ptr1", "SL:PERSON_REMINDED]", "[SL:TODO", "@ptr2", "@ptr3", "@ptr4", "@ptr5", "@ptr6", "@ptr7", "@ptr8", "@ptr9", "SL:TODO]", "[SL:DATE_TIME", "@ptr10", "@ptr11", "SL:DATE_TIME]", "IN:CREATE_REMINDER]"]}
{"loss": 1.9951515197753906, "class_log_probabilities": [-1.0297114849090576, -3.755683660507202, -7.036279201507568, -7.182436943054199], "predictions": [33, 120, 396, 121, 36, 400, 401, 402, 403, 404, 405, 37, 16, 406, 407, 17, 38, 4, 4], "target_tokens": ["[IN:DELETE_REMINDER", "[SL:AMOUNT", "@ptr1", "SL:AMOUNT]", "[SL:TODO", "@ptr6", "@ptr7", "@ptr8", "@ptr9", "@ptr10", "SL:TODO]", "[SL:DATE_TIME", "@ptr12", "SL:DATE_TIME]", "IN:DELETE_REMINDER]"], "predicted_tokens": ["[IN:DELETE_REMINDER", "[SL:AMOUNT", "@ptr1", "SL:AMOUNT]", "[SL:TODO", "@ptr5", "@ptr6", "@ptr7", "@ptr8", "@ptr9", "@ptr10", "SL:TODO]", "[SL:DATE_TIME", "@ptr11", "@ptr12", "SL:DATE_TIME]", "IN:DELETE_REMINDER]"]}
{"loss": 2.026458263397217, "class_log_probabilities": [-1.0204710960388184, -4.421315670013428, -4.624272346496582, -6.389984607696533], "predictions": [49, 34, 397, 35, 34, 399, 35, 36, 401, 402, 403, 37, 16, 404, 405, 406, 407, 17, 50, 4, 4, 4, 4, 4], "target_tokens": ["[IN:CREATE_REMINDER", "[SL:PERSON_REMINDED", "@ptr2", "SL:PERSON_REMINDED]", "[SL:PERSON_REMINDED", "@ptr4", "SL:PERSON_REMINDED]", "[SL:TODO", "@ptr8", "SL:TODO]", "[SL:DATE_TIME", "@ptr10", "@ptr11", "@ptr12", "SL:DATE_TIME]", "IN:CREATE_REMINDER]"], "predicted_tokens": ["[IN:CREATE_REMINDER", "[SL:PERSON_REMINDED", "@ptr2", "SL:PERSON_REMINDED]", "[SL:PERSON_REMINDED", "@ptr4", "SL:PERSON_REMINDED]", "[SL:TODO", "@ptr6", "@ptr7", "@ptr8", "SL:TODO]", "[SL:DATE_TIME", "@ptr9", "@ptr10", "@ptr11", "@ptr12", "SL:DATE_TIME]", "IN:CREATE_REMINDER]"]}
{"loss": 2.5973947048187256, "class_log_probabilities": [-1.1577390432357788, -5.620079517364502, -6.143833637237549, -6.754217147827148], "predictions": [49, 16, 398, 399, 400, 401, 402, 403, 404, 405, 17, 36, 407, 408, 409, 410, 411, 37, 50, 4, 4, 4, 4, 4], "target_tokens": ["[IN:CREATE_REMINDER", "[SL:DATE_TIME", "@ptr4", "@ptr5", "@ptr6", "@ptr7", "SL:DATE_TIME]", "[SL:TODO", "@ptr10", "@ptr11", "@ptr12", "@ptr13", "@ptr14", "@ptr15", "@ptr16", "SL:TODO]", "IN:CREATE_REMINDER]"], "predicted_tokens": ["[IN:CREATE_REMINDER", "[SL:DATE_TIME", "@ptr3", "@ptr4", "@ptr5", "@ptr6", "@ptr7", "@ptr8", "@ptr9", "@ptr10", "SL:DATE_TIME]", "[SL:TODO", "@ptr12", "@ptr13", "@ptr14", "@ptr15", "@ptr16", "SL:TODO]", "IN:CREATE_REMINDER]"]}
{"loss": 2.1236162185668945, "class_log_probabilities": [-0.6528012752532959, -6.255077362060547, -6.283624649047852, -6.681267738342285], "predictions": [47, 34, 398, 35, 36, 401, 37, 16, 402, 403, 17, 48, 4, 4, 4, 4, 4], "target_tokens": ["[IN:GET_REMINDER", "[SL:PERSON_REMINDED", "@ptr3", "SL:PERSON_REMINDED]", "[SL:DATE_TIME", "@ptr7", "@ptr8", "SL:DATE_TIME]", "[SL:TODO", "@ptr6", "SL:TODO]", "IN:GET_REMINDER]"], "predicted_tokens": ["[IN:GET_REMINDER", "[SL:PERSON_REMINDED", "@ptr3", "SL:PERSON_REMINDED]", "[SL:TODO", "@ptr6", "SL:TODO]", "[SL:DATE_TIME", "@ptr7", "@ptr8", "SL:DATE_TIME]", "IN:GET_REMINDER]"]}
{"loss": 1.4619505405426025, "class_log_probabilities": [-1.203732967376709, -2.4839999675750732, -5.987970352172852, -7.803645610809326], "predictions": [49, 36, 399, 400, 401, 402, 403, 37, 16, 404, 405, 406, 407, 408, 409, 410, 411, 17, 50, 4, 4, 4, 4, 4], "target_tokens": ["[IN:CREATE_REMINDER", "[SL:TODO", "@ptr4", "@ptr5", "@ptr6", "@ptr7", "@ptr8", "SL:TODO]", "[SL:DATE_TIME", "@ptr10", "@ptr11", "@ptr12", "@ptr13", "@ptr14", "@ptr15", "@ptr16", "@ptr17", "SL:DATE_TIME]", "IN:CREATE_REMINDER]"], "predicted_tokens": ["[IN:CREATE_REMINDER", "[SL:TODO", "@ptr4", "@ptr5", "@ptr6", "@ptr7", "@ptr8", "SL:TODO]", "[SL:DATE_TIME", "@ptr9", "@ptr10", "@ptr11", "@ptr12", "@ptr13", "@ptr14", "@ptr15", "@ptr16", "SL:DATE_TIME]", "IN:CREATE_REMINDER]"]}
{"loss": 2.16266131401062, "class_log_probabilities": [-0.32764530181884766, -8.2034912109375, -8.28386116027832, -8.285196304321289], "predictions": [49, 36, 399, 400, 37, 50, 4], "target_tokens": ["[IN:CREATE_REMINDER", "[SL:TODO", "@ptr5", "SL:TODO]", "IN:CREATE_REMINDER]"], "predicted_tokens": ["[IN:CREATE_REMINDER", "[SL:TODO", "@ptr4", "@ptr5", "SL:TODO]", "IN:CREATE_REMINDER]"]}
{"loss": 2.152456045150757, "class_log_probabilities": [-0.8117344975471497, -7.473008632659912, -7.7870659828186035, -8.081915855407715], "predictions": [49, 36, 399, 400, 401, 402, 403, 37, 16, 404, 405, 406, 407, 17, 50, 4, 4, 4], "target_tokens": ["[IN:CREATE_REMINDER", "[SL:TODO", "@ptr5", "@ptr6", "@ptr7", "@ptr8", "SL:TODO]", "[SL:DATE_TIME", "@ptr10", "@ptr11", "@ptr12", "SL:DATE_TIME]", "IN:CREATE_REMINDER]"], "predicted_tokens": ["[IN:CREATE_REMINDER", "[SL:TODO", "@ptr4", "@ptr5", "@ptr6", "@ptr7", "@ptr8", "SL:TODO]", "[SL:DATE_TIME", "@ptr9", "@ptr10", "@ptr11", "@ptr12", "SL:DATE_TIME]", "IN:CREATE_REMINDER]"]}
{"loss": 2.4174540042877197, "class_log_probabilities": [-1.5645387172698975, -4.41313362121582, -4.423760890960693, -5.155357360839844], "predictions": [49, 34, 396, 35, 36, 23, 271, 399, 272, 10, 401, 11, 24, 405, 406, 407, 408, 409, 410, 25, 26, 37, 50, 4, 4, 4], "target_tokens": ["[IN:CREATE_REMINDER", "[SL:PERSON_REMINDED", "@ptr1", "SL:PERSON_REMINDED]", "[SL:TODO", "[IN:REPLY_MESSAGE", "[SL:RECIPIENT", "@ptr6", "SL:RECIPIENT]", "[SL:METHOD_MESSAGE", "@ptr4", "SL:METHOD_MESSAGE]", "[SL:CONTENT_EXACT", "@ptr10", "@ptr11", "@ptr12", "@ptr13", "@ptr14", "@ptr15", "SL:CONTENT_EXACT]", "IN:REPLY_MESSAGE]", "SL:TODO]", "IN:CREATE_REMINDER]"], "predicted_tokens": ["[IN:CREATE_REMINDER", "[SL:PERSON_REMINDED", "@ptr1", "SL:PERSON_REMINDED]", "[SL:TODO", "[IN:SEND_MESSAGE", "[SL:METHOD_MESSAGE", "@ptr4", "SL:METHOD_MESSAGE]", "[SL:RECIPIENT", "@ptr6", "SL:RECIPIENT]", "[SL:CONTENT_EXACT", "@ptr10", "@ptr11", "@ptr12", "@ptr13", "@ptr14", "@ptr15", "SL:CONTENT_EXACT]", "IN:SEND_MESSAGE]", "SL:TODO]", "IN:CREATE_REMINDER]"]}
{"loss": 0.9891083836555481, "class_log_probabilities": [-0.8887652158737183, -3.3726048469543457, -4.013943195343018, -6.619349479675293], "predictions": [117, 34, 398, 35, 20, 399, 21, 36, 402, 403, 404, 405, 37, 118, 4, 4, 4, 4], "target_tokens": ["[IN:GET_REMINDER_DATE_TIME", "[SL:PERSON_REMINDED", "@ptr3", "SL:PERSON_REMINDED]", "[SL:ORDINAL", "@ptr4", "SL:ORDINAL]", "[SL:TODO", "@ptr7", "@ptr8", "@ptr9", "@ptr10", "SL:TODO]", "IN:GET_REMINDER_DATE_TIME]"], "predicted_tokens": ["[IN:GET_REMINDER_DATE_TIME", "[SL:PERSON_REMINDED", "@ptr3", "SL:PERSON_REMINDED]", "[SL:ORDINAL", "@ptr4", "SL:ORDINAL]", "[SL:TODO", "@ptr7", "@ptr8", "@ptr9", "@ptr10", "SL:TODO]", "IN:GET_REMINDER_DATE_TIME]"]}
{"loss": 0.9737662076950073, "class_log_probabilities": [-0.8154604434967041, -5.604709148406982, -5.712850093841553, -7.522391319274902], "predictions": [49, 34, 396, 35, 36, 398, 399, 400, 401, 402, 403, 404, 405, 406, 37, 50, 4, 4], "target_tokens": ["[IN:CREATE_REMINDER", "[SL:PERSON_REMINDED", "@ptr1", "SL:PERSON_REMINDED]", "[SL:TODO", "@ptr3", "@ptr4", "@ptr5", "@ptr6", "@ptr7", "@ptr8", "@ptr9", "@ptr10", "@ptr11", "SL:TODO]", "IN:CREATE_REMINDER]"], "predicted_tokens": ["[IN:CREATE_REMINDER", "[SL:PERSON_REMINDED", "@ptr1", "SL:PERSON_REMINDED]", "[SL:TODO", "@ptr3", "@ptr4", "@ptr5", "@ptr6", "@ptr7", "@ptr8", "@ptr9", "@ptr10", "@ptr11", "SL:TODO]", "IN:CREATE_REMINDER]"]}
{"loss": 1.5878539085388184, "class_log_probabilities": [-0.9577353000640869, -6.505955696105957, -7.050252437591553, -7.453449726104736], "predictions": [49, 34, 396, 35, 36, 397, 398, 399, 37, 16, 400, 401, 402, 17, 50, 4, 4, 4], "target_tokens": ["[IN:CREATE_REMINDER", "[SL:TODO", "@ptr2", "@ptr3", "@ptr4", "SL:TODO]", "[SL:DATE_TIME", "@ptr5", "@ptr6", "@ptr7", "SL:DATE_TIME]", "IN:CREATE_REMINDER]"], "predicted_tokens": ["[IN:CREATE_REMINDER", "[SL:PERSON_REMINDED", "@ptr1", "SL:PERSON_REMINDED]", "[SL:TODO", "@ptr2", "@ptr3", "@ptr4", "SL:TODO]", "[SL:DATE_TIME", "@ptr5", "@ptr6", "@ptr7", "SL:DATE_TIME]", "IN:CREATE_REMINDER]"]}
{"loss": 0.9810526371002197, "class_log_probabilities": [-0.13668523728847504, -7.978039264678955, -8.008793830871582, -8.757145881652832], "predictions": [33, 38, 4, 4], "target_tokens": ["[IN:DELETE_REMINDER", "IN:DELETE_REMINDER]"], "predicted_tokens": ["[IN:DELETE_REMINDER", "IN:DELETE_REMINDER]"]}
{"loss": 0.9723944664001465, "class_log_probabilities": [-1.0000327825546265, -6.466566562652588, -6.715653896331787, -7.013064384460449], "predictions": [47, 120, 396, 121, 34, 397, 35, 16, 399, 400, 401, 402, 403, 404, 17, 48, 4, 4, 4, 4], "target_tokens": ["[IN:GET_REMINDER", "[SL:AMOUNT", "@ptr1", "SL:AMOUNT]", "[SL:PERSON_REMINDED", "@ptr2", "SL:PERSON_REMINDED]", "[SL:DATE_TIME", "@ptr4", "@ptr5", "@ptr6", "@ptr7", "@ptr8", "@ptr9", "SL:DATE_TIME]", "IN:GET_REMINDER]"], "predicted_tokens": ["[IN:GET_REMINDER", "[SL:AMOUNT", "@ptr1", "SL:AMOUNT]", "[SL:PERSON_REMINDED", "@ptr2", "SL:PERSON_REMINDED]", "[SL:DATE_TIME", "@ptr4", "@ptr5", "@ptr6", "@ptr7", "@ptr8", "@ptr9", "SL:DATE_TIME]", "IN:GET_REMINDER]"]}
{"loss": 0.9840649962425232, "class_log_probabilities": [-1.0255581140518188, -3.332132577896118, -5.167494297027588, -6.466723442077637], "predictions": [47, 34, 396, 35, 36, 75, 6, 403, 7, 78, 37, 16, 404, 405, 17, 48, 4, 4, 4, 4, 4], "target_tokens": ["[IN:GET_REMINDER", "[SL:PERSON_REMINDED", "@ptr1", "SL:PERSON_REMINDED]", "[SL:TODO", "[IN:CREATE_CALL", "[SL:CONTACT", "@ptr8", "SL:CONTACT]", "IN:CREATE_CALL]", "SL:TODO]", "[SL:DATE_TIME", "@ptr9", "@ptr10", "SL:DATE_TIME]", "IN:GET_REMINDER]"], "predicted_tokens": ["[IN:GET_REMINDER", "[SL:PERSON_REMINDED", "@ptr1", "SL:PERSON_REMINDED]", "[SL:TODO", "[IN:CREATE_CALL", "[SL:CONTACT", "@ptr8", "SL:CONTACT]", "IN:CREATE_CALL]", "SL:TODO]", "[SL:DATE_TIME", "@ptr9", "@ptr10", "SL:DATE_TIME]", "IN:GET_REMINDER]"]}
{"loss": 1.5331474542617798, "class_log_probabilities": [-0.7858789563179016, -7.732434272766113, -7.740273475646973, -7.85222864151001], "predictions": [33, 36, 399, 400, 401, 37, 16, 402, 403, 404, 405, 406, 407, 17, 38, 4, 4, 4, 4, 4], "target_tokens": ["[IN:DELETE_REMINDER", "[SL:TODO", "@ptr5", "@ptr6", "SL:TODO]", "[SL:DATE_TIME", "@ptr7", "@ptr8", "@ptr9", "@ptr10", "@ptr11", "@ptr12", "SL:DATE_TIME]", "IN:DELETE_REMINDER]"], "predicted_tokens": ["[IN:DELETE_REMINDER", "[SL:TODO", "@ptr4", "@ptr5", "@ptr6", "SL:TODO]", "[SL:DATE_TIME", "@ptr7", "@ptr8", "@ptr9", "@ptr10", "@ptr11", "@ptr12", "SL:DATE_TIME]", "IN:DELETE_REMINDER]"]}
{"loss": 1.35025954246521, "class_log_probabilities": [-1.8980998992919922, -3.3751800060272217, -4.017686367034912, -4.367320537567139], "predictions": [49, 34, 396, 35, 36, 143, 36, 397, 398, 399, 37, 16, 400, 401, 402, 403, 404, 405, 406, 17, 144, 37, 16, 410, 411, 412, 413, 17, 50, 4, 4], "target_tokens": ["[IN:CREATE_REMINDER", "[SL:PERSON_REMINDED", "@ptr1", "SL:PERSON_REMINDED]", "[SL:TODO", "[IN:GET_TODO", "[SL:TODO", "@ptr2", "@ptr3", "@ptr4", "SL:TODO]", "[SL:DATE_TIME", "@ptr6", "@ptr7", "@ptr8", "@ptr9", "@ptr10", "@ptr11", "SL:DATE_TIME]", "IN:GET_TODO]", "SL:TODO]", "[SL:DATE_TIME", "@ptr15", "@ptr16", "@ptr17", "SL:DATE_TIME]", "IN:CREATE_REMINDER]"], "predicted_tokens": ["[IN:CREATE_REMINDER", "[SL:PERSON_REMINDED", "@ptr1", "SL:PERSON_REMINDED]", "[SL:TODO", "[IN:GET_TODO", "[SL:TODO", "@ptr2", "@ptr3", "@ptr4", "SL:TODO]", "[SL:DATE_TIME", "@ptr5", "@ptr6", "@ptr7", "@ptr8", "@ptr9", "@ptr10", "@ptr11", "SL:DATE_TIME]", "IN:GET_TODO]", "SL:TODO]", "[SL:DATE_TIME", "@ptr15", "@ptr16", "@ptr17", "@ptr18", "SL:DATE_TIME]", "IN:CREATE_REMINDER]"]}
{"loss": 0.9713451862335205, "class_log_probabilities": [-0.4398142993450165, -8.606237411499023, -8.647224426269531, -8.664209365844727], "predictions": [33, 16, 398, 399, 400, 401, 17, 38, 4], "target_tokens": ["[IN:DELETE_REMINDER", "[SL:DATE_TIME", "@ptr3", "@ptr4", "@ptr5", "@ptr6", "SL:DATE_TIME]", "IN:DELETE_REMINDER]"], "predicted_tokens": ["[IN:DELETE_REMINDER", "[SL:DATE_TIME", "@ptr3", "@ptr4", "@ptr5", "@ptr6", "SL:DATE_TIME]", "IN:DELETE_REMINDER]"]}
{"loss": 2.378910779953003, "class_log_probabilities": [-2.4890127182006836, -2.776366949081421, -3.6546356678009033, -4.739444255828857], "predictions": [331, 34, 396, 35, 36, 400, 401, 402, 403, 37, 332, 4], "target_tokens": ["[IN:UPDATE_REMINDER_DATE_TIME", "[SL:PERSON_REMINDED", "@ptr1", "SL:PERSON_REMINDED]", "[SL:DATE_TIME", "@ptr3", "@ptr4", "@ptr5", "@ptr6", "@ptr7", "@ptr8", "SL:DATE_TIME]", "IN:UPDATE_REMINDER_DATE_TIME]"], "predicted_tokens": ["[IN:UPDATE_REMINDER", "[SL:PERSON_REMINDED", "@ptr1", "SL:PERSON_REMINDED]", "[SL:TODO", "@ptr5", "@ptr6", "@ptr7", "@ptr8", "SL:TODO]", "IN:UPDATE_REMINDER]"]}
{"loss": 0.9911706447601318, "class_log_probabilities": [-1.3238638639450073, -3.3276703357696533, -4.988831043243408, -6.062261581420898], "predictions": [47, 199, 395, 200, 120, 396, 121, 34, 397, 35, 16, 399, 400, 17, 48, 4], "target_tokens": ["[IN:GET_REMINDER", "[SL:METHOD_RETRIEVAL_REMINDER", "@ptr0", "SL:METHOD_RETRIEVAL_REMINDER]", "[SL:AMOUNT", "@ptr1", "SL:AMOUNT]", "[SL:PERSON_REMINDED", "@ptr2", "SL:PERSON_REMINDED]", "[SL:DATE_TIME", "@ptr4", "@ptr5", "SL:DATE_TIME]", "IN:GET_REMINDER]"], "predicted_tokens": ["[IN:GET_REMINDER", "[SL:METHOD_RETRIEVAL_REMINDER", "@ptr0", "SL:METHOD_RETRIEVAL_REMINDER]", "[SL:AMOUNT", "@ptr1", "SL:AMOUNT]", "[SL:PERSON_REMINDED", "@ptr2", "SL:PERSON_REMINDED]", "[SL:DATE_TIME", "@ptr4", "@ptr5", "SL:DATE_TIME]", "IN:GET_REMINDER]"]}
{"loss": 1.282288908958435, "class_log_probabilities": [-1.5190796852111816, -1.8690420389175415, -4.486754894256592, -4.5431599617004395], "predictions": [363, 364, 4], "target_tokens": ["[IN:HELP_REMINDER", "IN:HELP_REMINDER]"], "predicted_tokens": ["[IN:HELP_REMINDER", "IN:HELP_REMINDER]"]}
{"loss": 1.8171958923339844, "class_log_probabilities": [-1.5009191036224365, -1.5380027294158936, -5.9622015953063965, -6.179440975189209], "predictions": [111, 36, 399, 400, 401, 402, 403, 37, 16, 404, 405, 406, 17, 112, 4], "target_tokens": ["[IN:UPDATE_REMINDER_DATE_TIME", "[SL:TODO", "@ptr5", "@ptr6", "@ptr7", "SL:TODO]", "[SL:DATE_TIME", "@ptr8", "@ptr9", "@ptr10", "@ptr11", "SL:DATE_TIME]", "IN:UPDATE_REMINDER_DATE_TIME]"], "predicted_tokens": ["[IN:UPDATE_REMINDER_DATE_TIME", "[SL:TODO", "@ptr4", "@ptr5", "@ptr6", "@ptr7", "@ptr8", "SL:TODO]", "[SL:DATE_TIME", "@ptr9", "@ptr10", "@ptr11", "SL:DATE_TIME]", "IN:UPDATE_REMINDER_DATE_TIME]"]}
{"loss": 0.990682065486908, "class_log_probabilities": [-1.240676999092102, -2.931391716003418, -3.3292856216430664, -4.909989833831787], "predictions": [111, 36, 399, 400, 401, 402, 403, 404, 37, 16, 405, 406, 407, 408, 17, 112, 4], "target_tokens": ["[IN:UPDATE_REMINDER_DATE_TIME", "[SL:TODO", "@ptr4", "@ptr5", "@ptr6", "@ptr7", "@ptr8", "@ptr9", "SL:TODO]", "[SL:DATE_TIME", "@ptr10", "@ptr11", "@ptr12", "@ptr13", "SL:DATE_TIME]", "IN:UPDATE_REMINDER_DATE_TIME]"], "predicted_tokens": ["[IN:UPDATE_REMINDER_DATE_TIME", "[SL:TODO", "@ptr4", "@ptr5", "@ptr6", "@ptr7", "@ptr8", "@ptr9", "SL:TODO]", "[SL:DATE_TIME", "@ptr10", "@ptr11", "@ptr12", "@ptr13", "SL:DATE_TIME]", "IN:UPDATE_REMINDER_DATE_TIME]"]}
{"loss": 1.5112223625183105, "class_log_probabilities": [-1.9641976356506348, -2.14357328414917, -3.7017593383789062, -4.1683855056762695], "predictions": [33, 36, 143, 36, 75, 6, 406, 7, 78, 37, 16, 407, 408, 17, 144, 37, 38, 4, 4, 4, 4, 4], "target_tokens": ["[IN:DELETE_REMINDER", "[SL:TODO", "[IN:GET_TODO", "[SL:TODO", "[IN:CREATE_CALL", "[SL:CONTACT", "@ptr11", "SL:CONTACT]", "IN:CREATE_CALL]", "SL:TODO]", "[SL:DATE_TIME", "@ptr13", "SL:DATE_TIME]", "IN:GET_TODO]", "SL:TODO]", "IN:DELETE_REMINDER]"], "predicted_tokens": ["[IN:DELETE_REMINDER", "[SL:TODO", "[IN:GET_TODO", "[SL:TODO", "[IN:CREATE_CALL", "[SL:CONTACT", "@ptr11", "SL:CONTACT]", "IN:CREATE_CALL]", "SL:TODO]", "[SL:DATE_TIME", "@ptr12", "@ptr13", "SL:DATE_TIME]", "IN:GET_TODO]", "SL:TODO]", "IN:DELETE_REMINDER]"]}
{"loss": 1.092460036277771, "class_log_probabilities": [-1.170828104019165, -3.265718936920166, -6.112268924713135, -7.689578533172607], "predictions": [49, 34, 396, 35, 36, 397, 398, 399, 400, 401, 37, 16, 402, 403, 17, 50, 4, 4], "target_tokens": ["[IN:CREATE_REMINDER", "[SL:PERSON_REMINDED", "@ptr1", "SL:PERSON_REMINDED]", "[SL:TODO", "@ptr2", "@ptr3", "@ptr4", "@ptr5", "@ptr6", "SL:TODO]", "[SL:DATE_TIME", "@ptr8", "SL:DATE_TIME]", "IN:CREATE_REMINDER]"], "predicted_tokens": ["[IN:CREATE_REMINDER", "[SL:PERSON_REMINDED", "@ptr1", "SL:PERSON_REMINDED]", "[SL:TODO", "@ptr2", "@ptr3", "@ptr4", "@ptr5", "@ptr6", "SL:TODO]", "[SL:DATE_TIME", "@ptr7", "@ptr8", "SL:DATE_TIME]", "IN:CREATE_REMINDER]"]}
{"loss": 1.1364790201187134, "class_log_probabilities": [-0.9625411629676819, -1.887826681137085, -6.831643104553223, -7.118159770965576], "predictions": [117, 36, 402, 403, 404, 405, 37, 118, 4, 4], "target_tokens": ["[IN:GET_REMINDER_DATE_TIME", "[SL:TODO", "@ptr8", "@ptr9", "@ptr10", "SL:TODO]", "IN:GET_REMINDER_DATE_TIME]"], "predicted_tokens": ["[IN:GET_REMINDER_DATE_TIME", "[SL:TODO", "@ptr7", "@ptr8", "@ptr9", "@ptr10", "SL:TODO]", "IN:GET_REMINDER_DATE_TIME]"]}
{"loss": 1.9404915571212769, "class_log_probabilities": [-1.441275715827942, -3.936569929122925, -4.112393379211426, -4.823850154876709], "predictions": [49, 34, 396, 35, 36, 143, 16, 397, 398, 399, 400, 401, 17, 36, 75, 6, 404, 7, 78, 37, 144, 37, 16, 406, 407, 17, 50, 4, 4], "target_tokens": ["[IN:CREATE_REMINDER", "[SL:PERSON_REMINDED", "@ptr1", "SL:PERSON_REMINDED]", "[SL:DATE_TIME", "@ptr3", "@ptr4", "@ptr5", "@ptr6", "SL:DATE_TIME]", "[SL:TODO", "[IN:GET_TODO", "[SL:TODO", "[IN:CREATE_CALL", "[SL:CONTACT", "@ptr10", "SL:CONTACT]", "IN:CREATE_CALL]", "SL:TODO]", "[SL:DATE_TIME", "@ptr12", "@ptr13", "SL:DATE_TIME]", "IN:GET_TODO]", "SL:TODO]", "IN:CREATE_REMINDER]"], "predicted_tokens": ["[IN:CREATE_REMINDER", "[SL:PERSON_REMINDED", "@ptr1", "SL:PERSON_REMINDED]", "[SL:TODO", "[IN:GET_TODO", "[SL:DATE_TIME", "@ptr2", "@ptr3", "@ptr4", "@ptr5", "@ptr6", "SL:DATE_TIME]", "[SL:TODO", "[IN:CREATE_CALL", "[SL:CONTACT", "@ptr9", "SL:CONTACT]", "IN:CREATE_CALL]", "SL:TODO]", "IN:GET_TODO]", "SL:TODO]", "[SL:DATE_TIME", "@ptr11", "@ptr12", "SL:DATE_TIME]", "IN:CREATE_REMINDER]"]}
{"loss": 2.1808667182922363, "class_log_probabilities": [-3.712430477142334, -4.155566692352295, -4.262973308563232, -5.336694717407227], "predictions": [49, 34, 396, 35, 36, 23, 10, 402, 403, 404, 405, 406, 37, 16, 407, 17, 50, 4, 4, 4], "target_tokens": ["[IN:CREATE_REMINDER", "[SL:PERSON_REMINDED", "@ptr1", "SL:PERSON_REMINDED]", "[SL:TODO", "[IN:SEND_MESSAGE", "[SL:METHOD_MESSAGE", "@ptr5", "SL:METHOD_MESSAGE]", "[SL:RECIPIENT", "@ptr7", "SL:RECIPIENT]", "[SL:CONTENT_EXACT", "@ptr9", "@ptr10", "SL:CONTENT_EXACT]", "IN:SEND_MESSAGE]", "SL:TODO]", "[SL:DATE_TIME", "@ptr11", "SL:DATE_TIME]", "IN:CREATE_REMINDER]"], "predicted_tokens": ["[IN:CREATE_REMINDER", "[SL:PERSON_REMINDED", "@ptr1", "SL:PERSON_REMINDED]", "[SL:TODO", "[IN:SEND_MESSAGE", "[SL:RECIPIENT", "@ptr7", "@ptr8", "@ptr9", "@ptr10", "@ptr11", "SL:TODO]", "[SL:DATE_TIME", "@ptr12", "SL:DATE_TIME]", "IN:CREATE_REMINDER]"]}
{"loss": 2.6123950481414795, "class_log_probabilities": [-0.7185108661651611, -2.5341827869415283, -7.262294292449951, -7.650156021118164], "predictions": [47, 36, 400, 37, 16, 404, 405, 406, 407, 17, 48, 4, 4], "target_tokens": ["[IN:GET_REMINDER", "[SL:TODO", "@ptr3", "@ptr4", "@ptr5", "SL:TODO]", "[SL:DATE_TIME", "@ptr9", "@ptr10", "@ptr11", "@ptr12", "@ptr13", "SL:DATE_TIME]", "IN:GET_REMINDER]"], "predicted_tokens": ["[IN:GET_REMINDER", "[SL:TODO", "@ptr5", "SL:TODO]", "[SL:DATE_TIME", "@ptr9", "@ptr10", "@ptr11", "@ptr12", "SL:DATE_TIME]", "IN:GET_REMINDER]"]}
{"loss": 1.4247236251831055, "class_log_probabilities": [-2.5089309215545654, -2.8629283905029297, -3.2553112506866455, -4.283227443695068], "predictions": [273, 120, 398, 121, 120, 402, 37, 274, 4, 4, 4, 4], "target_tokens": ["[IN:UPDATE_REMINDER", "[SL:AMOUNT", "@ptr3", "SL:AMOUNT]", "[SL:PERSON_REMINDED", "@ptr4", "SL:PERSON_REMINDED]", "[SL:TODO", "@ptr7", "SL:TODO]", "IN:UPDATE_REMINDER]"], "predicted_tokens": ["[IN:RESTART_TIMER", "[SL:AMOUNT", "@ptr3", "SL:AMOUNT]", "[SL:AMOUNT", "@ptr7", "SL:TODO]", "IN:RESTART_TIMER]"]}
{"loss": 2.2333343029022217, "class_log_probabilities": [-0.5522697567939758, -7.120995998382568, -7.491769313812256, -7.644058704376221], "predictions": [47, 36, 399, 400, 401, 402, 403, 404, 405, 37, 48, 4, 4], "target_tokens": ["[IN:GET_REMINDER", "[SL:METHOD_RETRIEVAL_REMINDER", "@ptr0", "SL:METHOD_RETRIEVAL_REMINDER]", "[SL:TODO", "@ptr5", "@ptr6", "@ptr7", "@ptr8", "@ptr9", "@ptr10", "SL:TODO]", "IN:GET_REMINDER]"], "predicted_tokens": ["[IN:GET_REMINDER", "[SL:TODO", "@ptr4", "@ptr5", "@ptr6", "@ptr7", "@ptr8", "@ptr9", "@ptr10", "SL:TODO]", "IN:GET_REMINDER]"]}
{"loss": 3.96335506439209, "class_log_probabilities": [-2.809457778930664, -2.9490811824798584, -4.072638511657715, -4.532122611999512], "predictions": [263, 120, 396, 121, 34, 397, 35, 36, 404, 405, 406, 407, 408, 409, 410, 411, 412, 37, 264, 4, 4, 4, 4, 4], "target_tokens": ["[IN:UPDATE_REMINDER_LOCATION", "[SL:AMOUNT", "@ptr1", "SL:AMOUNT]", "[SL:PERSON_REMINDED", "@ptr2", "SL:PERSON_REMINDED]", "[SL:LOCATION", "[IN:GET_LOCATION", "[SL:CONTACT", "@ptr10", "@ptr11", "SL:CONTACT]", "IN:GET_LOCATION]", "SL:LOCATION]", "[SL:LOCATION", "[IN:GET_LOCATION", "[SL:CONTACT", "@ptr16", "@ptr17", "SL:CONTACT]", "IN:GET_LOCATION]", "SL:LOCATION]", "IN:UPDATE_REMINDER_LOCATION]"], "predicted_tokens": ["[IN:GET_REMINDER_LOCATION", "[SL:AMOUNT", "@ptr1", "SL:AMOUNT]", "[SL:PERSON_REMINDED", "@ptr2", "SL:PERSON_REMINDED]", "[SL:TODO", "@ptr9", "@ptr10", "@ptr11", "@ptr12", "@ptr13", "@ptr14", "@ptr15", "@ptr16", "@ptr17", "SL:TODO]", "IN:GET_REMINDER_LOCATION]"]}
{"loss": 1.1645714044570923, "class_log_probabilities": [-0.8923678398132324, -2.940258264541626, -6.441274166107178, -7.1924052238464355], "predictions": [49, 34, 397, 35, 36, 398, 399, 400, 37, 50, 4, 4, 4], "target_tokens": ["[IN:CREATE_REMINDER", "[SL:PERSON_REMINDED", "@ptr2", "SL:PERSON_REMINDED]", "[SL:TODO", "@ptr4", "@ptr5", "SL:TODO]", "IN:CREATE_REMINDER]"], "predicted_tokens": ["[IN:CREATE_REMINDER", "[SL:PERSON_REMINDED", "@ptr2", "SL:PERSON_REMINDED]", "[SL:TODO", "@ptr3", "@ptr4", "@ptr5", "SL:TODO]", "IN:CREATE_REMINDER]"]}
{"loss": 0.9757399559020996, "class_log_probabilities": [-0.32878240942955017, -8.491129875183105, -8.56254768371582, -8.68619441986084], "predictions": [33, 16, 398, 399, 17, 38, 4, 4], "target_tokens": ["[IN:DELETE_REMINDER", "[SL:DATE_TIME", "@ptr3", "@ptr4", "SL:DATE_TIME]", "IN:DELETE_REMINDER]"], "predicted_tokens": ["[IN:DELETE_REMINDER", "[SL:DATE_TIME", "@ptr3", "@ptr4", "SL:DATE_TIME]", "IN:DELETE_REMINDER]"]}
{"loss": 1.5526098012924194, "class_log_probabilities": [-2.5272912979125977, -3.0089268684387207, -4.1693525314331055, -4.900466442108154], "predictions": [49, 34, 396, 35, 36, 143, 16, 397, 17, 36, 398, 399, 37, 243, 70, 71, 402, 72, 73, 244, 144, 37, 50, 4, 4, 4, 4], "target_tokens": ["[IN:CREATE_REMINDER", "[SL:PERSON_REMINDED", "@ptr1", "SL:PERSON_REMINDED]", "[SL:DATE_TIME", "@ptr2", "SL:DATE_TIME]", "[SL:TODO", "[IN:GET_TODO", "[SL:TODO", "@ptr4", "SL:TODO]", "[SL:ATTENDEE", "[IN:GET_CONTACT", "[SL:CONTACT_RELATED", "@ptr6", "SL:CONTACT_RELATED]", "[SL:TYPE_RELATION", "@ptr7", "SL:TYPE_RELATION]", "IN:GET_CONTACT]", "SL:ATTENDEE]", "IN:GET_TODO]", "SL:TODO]", "IN:CREATE_REMINDER]"], "predicted_tokens": ["[IN:CREATE_REMINDER", "[SL:PERSON_REMINDED", "@ptr1", "SL:PERSON_REMINDED]", "[SL:TODO", "[IN:GET_TODO", "[SL:DATE_TIME", "@ptr2", "SL:DATE_TIME]", "[SL:TODO", "@ptr3", "@ptr4", "SL:TODO]", "[SL:ATTENDEE", "[IN:GET_CONTACT", "[SL:TYPE_RELATION", "@ptr7", "SL:TYPE_RELATION]", "IN:GET_CONTACT]", "SL:ATTENDEE]", "IN:GET_TODO]", "SL:TODO]", "IN:CREATE_REMINDER]"]}
{"loss": 0.9862245917320251, "class_log_probabilities": [-0.5620213747024536, -6.936579704284668, -7.159847736358643, -7.3736443519592285], "predictions": [117, 34, 400, 35, 36, 404, 405, 406, 407, 408, 37, 118, 4, 4, 4], "target_tokens": ["[IN:GET_REMINDER_DATE_TIME", "[SL:PERSON_REMINDED", "@ptr5", "SL:PERSON_REMINDED]", "[SL:TODO", "@ptr9", "@ptr10", "@ptr11", "@ptr12", "@ptr13", "SL:TODO]", "IN:GET_REMINDER_DATE_TIME]"], "predicted_tokens": ["[IN:GET_REMINDER_DATE_TIME", "[SL:PERSON_REMINDED", "@ptr5", "SL:PERSON_REMINDED]", "[SL:TODO", "@ptr9", "@ptr10", "@ptr11", "@ptr12", "@ptr13", "SL:TODO]", "IN:GET_REMINDER_DATE_TIME]"]}
{"loss": 1.9726718664169312, "class_log_probabilities": [-0.8484940528869629, -5.103337287902832, -5.717569828033447, -7.272140979766846], "predictions": [47, 199, 395, 200, 36, 399, 37, 16, 400, 401, 402, 17, 48, 4, 4, 4, 4, 4], "target_tokens": ["[IN:GET_REMINDER", "[SL:METHOD_RETRIEVAL_REMINDER", "@ptr0", "SL:METHOD_RETRIEVAL_REMINDER]", "[SL:TODO", "@ptr4", "@ptr5", "@ptr6", "@ptr7", "SL:TODO]", "IN:GET_REMINDER]"], "predicted_tokens": ["[IN:GET_REMINDER", "[SL:METHOD_RETRIEVAL_REMINDER", "@ptr0", "SL:METHOD_RETRIEVAL_REMINDER]", "[SL:TODO", "@ptr4", "SL:TODO]", "[SL:DATE_TIME", "@ptr5", "@ptr6", "@ptr7", "SL:DATE_TIME]", "IN:GET_REMINDER]"]}
{"loss": 1.7944629192352295, "class_log_probabilities": [-2.907010316848755, -3.1299126148223877, -3.365086317062378, -3.750278949737549], "predictions": [49, 34, 397, 35, 36, 399, 400, 401, 37, 16, 402, 403, 17, 14, 405, 15, 50, 4, 4, 4, 4, 4, 4], "target_tokens": ["[IN:CREATE_REMINDER", "[SL:PERSON_REMINDED", "@ptr2", "SL:PERSON_REMINDED]", "[SL:TODO", "[IN:GET_TODO", "[SL:TODO", "@ptr5", "@ptr6", "SL:TODO]", "[SL:DATE_TIME", "@ptr8", "SL:DATE_TIME]", "[SL:LOCATION", "@ptr10", "SL:LOCATION]", "IN:GET_TODO]", "SL:TODO]", "IN:CREATE_REMINDER]"], "predicted_tokens": ["[IN:CREATE_REMINDER", "[SL:PERSON_REMINDED", "@ptr2", "SL:PERSON_REMINDED]", "[SL:TODO", "@ptr4", "@ptr5", "@ptr6", "SL:TODO]", "[SL:DATE_TIME", "@ptr7", "@ptr8", "SL:DATE_TIME]", "[SL:LOCATION", "@ptr10", "SL:LOCATION]", "IN:CREATE_REMINDER]"]}
{"loss": 4.801823139190674, "class_log_probabilities": [-0.7608355283737183, -4.697079181671143, -5.097718238830566, -5.626893997192383], "predictions": [47, 36, 143, 36, 400, 401, 37, 243, 403, 244, 144, 37, 48, 4, 4, 4, 4], "target_tokens": ["[IN:GET_REMINDER", "[SL:TODO", "@ptr6", "@ptr7", "@ptr8", "SL:TODO]", "IN:GET_REMINDER]"], "predicted_tokens": ["[IN:GET_REMINDER", "[SL:TODO", "[IN:GET_TODO", "[SL:TODO", "@ptr5", "@ptr6", "SL:TODO]", "[SL:ATTENDEE", "@ptr8", "SL:ATTENDEE]", "IN:GET_TODO]", "SL:TODO]", "IN:GET_REMINDER]"]}
{"loss": 0.9791292548179626, "class_log_probabilities": [-0.648687481880188, -7.866159439086914, -7.991811752319336, -8.051600456237793], "predictions": [47, 199, 395, 200, 120, 396, 121, 16, 399, 400, 401, 17, 48, 4, 4, 4, 4], "target_tokens": ["[IN:GET_REMINDER", "[SL:METHOD_RETRIEVAL_REMINDER", "@ptr0", "SL:METHOD_RETRIEVAL_REMINDER]", "[SL:AMOUNT", "@ptr1", "SL:AMOUNT]", "[SL:DATE_TIME", "@ptr4", "@ptr5", "@ptr6", "SL:DATE_TIME]", "IN:GET_REMINDER]"], "predicted_tokens": ["[IN:GET_REMINDER", "[SL:METHOD_RETRIEVAL_REMINDER", "@ptr0", "SL:METHOD_RETRIEVAL_REMINDER]", "[SL:AMOUNT", "@ptr1", "SL:AMOUNT]", "[SL:DATE_TIME", "@ptr4", "@ptr5", "@ptr6", "SL:DATE_TIME]", "IN:GET_REMINDER]"]}
{"loss": 1.5057893991470337, "class_log_probabilities": [-1.4138212203979492, -2.186051845550537, -3.2928524017333984, -4.313262939453125], "predictions": [47, 34, 398, 35, 34, 402, 35, 16, 404, 405, 17, 48, 4], "target_tokens": ["[IN:GET_REMINDER", "[SL:PERSON_REMINDED", "@ptr3", "SL:PERSON_REMINDED]", "[SL:TODO", "@ptr6", "@ptr7", "@ptr8", "SL:TODO]", "[SL:DATE_TIME", "@ptr9", "@ptr10", "SL:DATE_TIME]", "IN:GET_REMINDER]"], "predicted_tokens": ["[IN:GET_REMINDER", "[SL:PERSON_REMINDED", "@ptr3", "SL:PERSON_REMINDED]", "[SL:PERSON_REMINDED", "@ptr7", "SL:PERSON_REMINDED]", "[SL:DATE_TIME", "@ptr9", "@ptr10", "SL:DATE_TIME]", "IN:GET_REMINDER]"]}
{"loss": 1.3775380849838257, "class_log_probabilities": [-1.5992448329925537, -2.4218733310699463, -2.9076409339904785, -3.521759510040283], "predictions": [111, 36, 402, 403, 37, 16, 404, 405, 406, 407, 17, 16, 408, 409, 410, 411, 17, 112, 4], "target_tokens": ["[IN:UPDATE_REMINDER_DATE_TIME", "[SL:TODO", "@ptr5", "@ptr6", "@ptr7", "@ptr8", "SL:TODO]", "[SL:DATE_TIME", "@ptr9", "@ptr10", "@ptr11", "@ptr12", "SL:DATE_TIME]", "[SL:DATE_TIME", "@ptr13", "@ptr14", "@ptr15", "@ptr16", "SL:DATE_TIME]", "IN:UPDATE_REMINDER_DATE_TIME]"], "predicted_tokens": ["[IN:UPDATE_REMINDER_DATE_TIME", "[SL:TODO", "@ptr7", "@ptr8", "SL:TODO]", "[SL:DATE_TIME", "@ptr9", "@ptr10", "@ptr11", "@ptr12", "SL:DATE_TIME]", "[SL:DATE_TIME", "@ptr13", "@ptr14", "@ptr15", "@ptr16", "SL:DATE_TIME]", "IN:UPDATE_REMINDER_DATE_TIME]"]}
{"loss": 2.3556840419769287, "class_log_probabilities": [-0.7370609045028687, -6.980810642242432, -7.028407096862793, -7.288781642913818], "predictions": [47, 34, 398, 35, 36, 401, 402, 37, 16, 403, 404, 17, 48, 4, 4, 4], "target_tokens": ["[IN:GET_REMINDER", "[SL:PERSON_REMINDED", "@ptr3", "SL:PERSON_REMINDED]", "[SL:TODO", "@ptr7", "SL:TODO]", "[SL:DATE_TIME", "@ptr9", "SL:DATE_TIME]", "IN:GET_REMINDER]"], "predicted_tokens": ["[IN:GET_REMINDER", "[SL:PERSON_REMINDED", "@ptr3", "SL:PERSON_REMINDED]", "[SL:TODO", "@ptr6", "@ptr7", "SL:TODO]", "[SL:DATE_TIME", "@ptr8", "@ptr9", "SL:DATE_TIME]", "IN:GET_REMINDER]"]}
{"loss": 0.9736329913139343, "class_log_probabilities": [-0.52135169506073, -7.887381076812744, -8.305599212646484, -8.423254013061523], "predictions": [47, 36, 400, 37, 16, 401, 402, 403, 17, 48, 4, 4, 4], "target_tokens": ["[IN:GET_REMINDER", "[SL:TODO", "@ptr5", "SL:TODO]", "[SL:DATE_TIME", "@ptr6", "@ptr7", "@ptr8", "SL:DATE_TIME]", "IN:GET_REMINDER]"], "predicted_tokens": ["[IN:GET_REMINDER", "[SL:TODO", "@ptr5", "SL:TODO]", "[SL:DATE_TIME", "@ptr6", "@ptr7", "@ptr8", "SL:DATE_TIME]", "IN:GET_REMINDER]"]}
{"loss": 1.2602744102478027, "class_log_probabilities": [-1.4614520072937012, -3.333845615386963, -5.0513691902160645, -5.92425537109375], "predictions": [49, 34, 396, 35, 36, 399, 400, 401, 402, 403, 404, 405, 406, 407, 408, 409, 37, 50, 4, 4, 4, 4, 4], "target_tokens": ["[IN:CREATE_REMINDER", "[SL:PERSON_REMINDED", "@ptr1", "SL:PERSON_REMINDED]", "[SL:TODO", "[IN:GET_TODO", "[SL:TODO", "@ptr3", "@ptr4", "@ptr5", "@ptr6", "@ptr7", "@ptr8", "@ptr9", "@ptr10", "@ptr11", "@ptr12", "@ptr13", "@ptr14", "SL:TODO]", "IN:GET_TODO]", "SL:TODO]", "IN:CREATE_REMINDER]"], "predicted_tokens": ["[IN:CREATE_REMINDER", "[SL:PERSON_REMINDED", "@ptr1", "SL:PERSON_REMINDED]", "[SL:TODO", "@ptr4", "@ptr5", "@ptr6", "@ptr7", "@ptr8", "@ptr9", "@ptr10", "@ptr11", "@ptr12", "@ptr13", "@ptr14", "SL:TODO]", "IN:CREATE_REMINDER]"]}
{"loss": 1.169905424118042, "class_log_probabilities": [-3.549598217010498, -4.09744119644165, -5.076929569244385, -6.63223123550415], "predictions": [49, 34, 396, 35, 36, 397, 398, 399, 400, 401, 402, 37, 36, 403, 404, 405, 406, 407, 37, 50, 4, 4, 4, 4, 4], "target_tokens": ["[IN:CREATE_REMINDER", "[SL:PERSON_REMINDED", "@ptr1", "SL:PERSON_REMINDED]", "[SL:TODO", "@ptr2", "@ptr3", "@ptr4", "@ptr5", "@ptr6", "@ptr7", "@ptr8", "@ptr9", "@ptr10", "@ptr11", "@ptr12", "SL:TODO]", "IN:CREATE_REMINDER]"], "predicted_tokens": ["[IN:CREATE_REMINDER", "[SL:PERSON_REMINDED", "@ptr1", "SL:PERSON_REMINDED]", "[SL:TODO", "@ptr2", "@ptr3", "@ptr4", "@ptr5", "@ptr6", "@ptr7", "SL:TODO]", "[SL:TODO", "@ptr8", "@ptr9", "@ptr10", "@ptr11", "@ptr12", "SL:TODO]", "IN:CREATE_REMINDER]"]}
{"loss": 0.9644612669944763, "class_log_probabilities": [-0.8835992813110352, -7.4491753578186035, -7.571079254150391, -7.577695846557617], "predictions": [49, 34, 396, 35, 36, 397, 398, 399, 400, 401, 402, 403, 37, 50, 4, 4, 4, 4, 4], "target_tokens": ["[IN:CREATE_REMINDER", "[SL:PERSON_REMINDED", "@ptr1", "SL:PERSON_REMINDED]", "[SL:TODO", "@ptr2", "@ptr3", "@ptr4", "@ptr5", "@ptr6", "@ptr7", "@ptr8", "SL:TODO]", "IN:CREATE_REMINDER]"], "predicted_tokens": ["[IN:CREATE_REMINDER", "[SL:PERSON_REMINDED", "@ptr1", "SL:PERSON_REMINDED]", "[SL:TODO", "@ptr2", "@ptr3", "@ptr4", "@ptr5", "@ptr6", "@ptr7", "@ptr8", "SL:TODO]", "IN:CREATE_REMINDER]"]}
{"loss": 0.9799510836601257, "class_log_probabilities": [-0.4135879874229431, -5.909083843231201, -6.033669471740723, -6.315701007843018], "predictions": [117, 36, 401, 402, 403, 37, 118, 4], "target_tokens": ["[IN:GET_REMINDER_DATE_TIME", "[SL:TODO", "@ptr6", "@ptr7", "@ptr8", "SL:TODO]", "IN:GET_REMINDER_DATE_TIME]"], "predicted_tokens": ["[IN:GET_REMINDER_DATE_TIME", "[SL:TODO", "@ptr6", "@ptr7", "@ptr8", "SL:TODO]", "IN:GET_REMINDER_DATE_TIME]"]}
{"loss": 0.9743053913116455, "class_log_probabilities": [-0.3775564432144165, -7.517378330230713, -7.689011573791504, -8.356856346130371], "predictions": [33, 36, 399, 400, 401, 37, 38, 4, 4], "target_tokens": ["[IN:DELETE_REMINDER", "[SL:TODO", "@ptr4", "@ptr5", "@ptr6", "SL:TODO]", "IN:DELETE_REMINDER]"], "predicted_tokens": ["[IN:DELETE_REMINDER", "[SL:TODO", "@ptr4", "@ptr5", "@ptr6", "SL:TODO]", "IN:DELETE_REMINDER]"]}
{"loss": 0.972053050994873, "class_log_probabilities": [-0.477202832698822, -8.037181854248047, -8.178730010986328, -8.351930618286133], "predictions": [33, 36, 400, 401, 402, 403, 404, 37, 38, 4, 4], "target_tokens": ["[IN:DELETE_REMINDER", "[SL:TODO", "@ptr5", "@ptr6", "@ptr7", "@ptr8", "@ptr9", "SL:TODO]", "IN:DELETE_REMINDER]"], "predicted_tokens": ["[IN:DELETE_REMINDER", "[SL:TODO", "@ptr5", "@ptr6", "@ptr7", "@ptr8", "@ptr9", "SL:TODO]", "IN:DELETE_REMINDER]"]}
{"loss": 1.4089967012405396, "class_log_probabilities": [-0.8582633137702942, -3.0408029556274414, -4.741426467895508, -5.181847095489502], "predictions": [47, 199, 395, 200, 120, 396, 121, 36, 400, 401, 402, 403, 404, 37, 48, 4], "target_tokens": ["[IN:GET_REMINDER", "[SL:METHOD_RETRIEVAL_REMINDER", "@ptr0", "SL:METHOD_RETRIEVAL_REMINDER]", "[SL:AMOUNT", "@ptr1", "SL:AMOUNT]", "[SL:TODO", "@ptr6", "@ptr7", "@ptr8", "@ptr9", "SL:TODO]", "IN:GET_REMINDER]"], "predicted_tokens": ["[IN:GET_REMINDER", "[SL:METHOD_RETRIEVAL_REMINDER", "@ptr0", "SL:METHOD_RETRIEVAL_REMINDER]", "[SL:AMOUNT", "@ptr1", "SL:AMOUNT]", "[SL:TODO", "@ptr5", "@ptr6", "@ptr7", "@ptr8", "@ptr9", "SL:TODO]", "IN:GET_REMINDER]"]}
{"loss": 1.5991913080215454, "class_log_probabilities": [-0.8349910378456116, -4.7219767570495605, -5.200651168823242, -6.404421329498291], "predictions": [33, 36, 399, 400, 401, 402, 37, 16, 403, 404, 17, 38, 4, 4, 4, 4, 4, 4, 4, 4], "target_tokens": ["[IN:DELETE_REMINDER", "[SL:TODO", "[IN:GET_TODO", "[SL:TODO", "@ptr4", "@ptr5", "@ptr6", "@ptr7", "SL:TODO]", "[SL:DATE_TIME", "@ptr9", "SL:DATE_TIME]", "IN:GET_TODO]", "SL:TODO]", "[SL:PERSON_REMINDED", "@ptr14", "SL:PERSON_REMINDED]", "IN:DELETE_REMINDER]"], "predicted_tokens": ["[IN:DELETE_REMINDER", "[SL:TODO", "@ptr4", "@ptr5", "@ptr6", "@ptr7", "SL:TODO]", "[SL:DATE_TIME", "@ptr8", "@ptr9", "SL:DATE_TIME]", "IN:DELETE_REMINDER]"]}
{"loss": 1.8885685205459595, "class_log_probabilities": [-3.5311036109924316, -3.743781805038452, -4.643311977386475, -4.652002334594727], "predictions": [47, 34, 396, 35, 120, 397, 121, 120, 398, 121, 16, 403, 404, 405, 406, 407, 408, 409, 17, 48, 4, 4, 4], "target_tokens": ["[IN:GET_REMINDER", "[SL:METHOD_RETRIEVAL_REMINDER", "@ptr0", "SL:METHOD_RETRIEVAL_REMINDER]", "[SL:AMOUNT", "@ptr2", "SL:AMOUNT]", "[SL:PERSON_REMINDED", "@ptr1", "SL:PERSON_REMINDED]", "[SL:DATE_TIME", "@ptr9", "@ptr10", "@ptr11", "@ptr12", "@ptr13", "@ptr14", "SL:DATE_TIME]", "IN:GET_REMINDER]"], "predicted_tokens": ["[IN:GET_REMINDER", "[SL:PERSON_REMINDED", "@ptr1", "SL:PERSON_REMINDED]", "[SL:AMOUNT", "@ptr2", "SL:AMOUNT]", "[SL:AMOUNT", "@ptr3", "SL:AMOUNT]", "[SL:DATE_TIME", "@ptr8", "@ptr9", "@ptr10", "@ptr11", "@ptr12", "@ptr13", "@ptr14", "SL:DATE_TIME]", "IN:GET_REMINDER]"]}
{"loss": 1.3534843921661377, "class_log_probabilities": [-1.094296932220459, -2.7201056480407715, -3.3486056327819824, -4.510168075561523], "predictions": [293, 36, 399, 400, 37, 16, 403, 404, 405, 406, 407, 17, 294, 4, 4], "target_tokens": ["[IN:GET_REMINDER_AMOUNT", "[SL:TODO", "@ptr5", "SL:TODO]", "[SL:DATE_TIME", "@ptr8", "@ptr9", "@ptr10", "@ptr11", "@ptr12", "SL:DATE_TIME]", "IN:GET_REMINDER_AMOUNT]"], "predicted_tokens": ["[IN:GET_REMINDER_AMOUNT", "[SL:TODO", "@ptr4", "@ptr5", "SL:TODO]", "[SL:DATE_TIME", "@ptr8", "@ptr9", "@ptr10", "@ptr11", "@ptr12", "SL:DATE_TIME]", "IN:GET_REMINDER_AMOUNT]"]}
{"loss": 1.6992974281311035, "class_log_probabilities": [-6.957662582397461, -7.497370719909668, -8.899301528930664, -9.27076244354248], "predictions": [49, 34, 397, 35, 34, 400, 35, 36, 143, 36, 402, 403, 404, 37, 16, 404, 405, 406, 407, 408, 409, 17, 144, 37, 16, 412, 413, 414, 415, 416, 17, 50, 4, 4, 4, 4, 4], "target_tokens": ["[IN:CREATE_REMINDER", "[SL:PERSON_REMINDED", "@ptr2", "SL:PERSON_REMINDED]", "[SL:PERSON_REMINDED", "@ptr5", "SL:PERSON_REMINDED]", "[SL:TODO", "[IN:GET_TODO", "[SL:TODO", "@ptr8", "SL:TODO]", "[SL:DATE_TIME", "@ptr10", "SL:DATE_TIME]", "IN:GET_TODO]", "SL:TODO]", "[SL:DATE_TIME", "@ptr12", "@ptr13", "@ptr14", "@ptr15", "@ptr16", "@ptr17", "@ptr18", "@ptr19", "@ptr20", "@ptr21", "@ptr22", "SL:DATE_TIME]", "IN:CREATE_REMINDER]"], "predicted_tokens": ["[IN:CREATE_REMINDER", "[SL:PERSON_REMINDED", "@ptr2", "SL:PERSON_REMINDED]", "[SL:PERSON_REMINDED", "@ptr5", "SL:PERSON_REMINDED]", "[SL:TODO", "[IN:GET_TODO", "[SL:TODO", "@ptr7", "@ptr8", "@ptr9", "SL:TODO]", "[SL:DATE_TIME", "@ptr9", "@ptr10", "@ptr11", "@ptr12", "@ptr13", "@ptr14", "SL:DATE_TIME]", "IN:GET_TODO]", "SL:TODO]", "[SL:DATE_TIME", "@ptr17", "@ptr18", "@ptr19", "@ptr20", "@ptr21", "SL:DATE_TIME]", "IN:CREATE_REMINDER]"]}
{"loss": 2.2632884979248047, "class_log_probabilities": [-2.037440538406372, -3.5439774990081787, -3.6036152839660645, -3.9214441776275635], "predictions": [47, 199, 395, 200, 120, 396, 121, 36, 400, 401, 402, 403, 37, 36, 405, 406, 407, 408, 409, 37, 48, 4, 4], "target_tokens": ["[IN:GET_REMINDER", "[SL:METHOD_RETRIEVAL_REMINDER", "@ptr0", "SL:METHOD_RETRIEVAL_REMINDER]", "[SL:AMOUNT", "@ptr1", "SL:AMOUNT]", "[SL:DATE_TIME", "@ptr4", "@ptr5", "@ptr6", "@ptr7", "@ptr8", "SL:DATE_TIME]", "[SL:TODO", "@ptr11", "@ptr12", "@ptr13", "SL:TODO]", "IN:GET_REMINDER]"], "predicted_tokens": ["[IN:GET_REMINDER", "[SL:METHOD_RETRIEVAL_REMINDER", "@ptr0", "SL:METHOD_RETRIEVAL_REMINDER]", "[SL:AMOUNT", "@ptr1", "SL:AMOUNT]", "[SL:TODO", "@ptr5", "@ptr6", "@ptr7", "@ptr8", "SL:TODO]", "[SL:TODO", "@ptr10", "@ptr11", "@ptr12", "@ptr13", "@ptr14", "SL:TODO]", "IN:GET_REMINDER]"]}
{"loss": 2.5108420848846436, "class_log_probabilities": [-0.6764423847198486, -5.44929838180542, -6.246242523193359, -6.66613245010376], "predictions": [33, 120, 397, 121, 36, 401, 402, 403, 404, 37, 16, 405, 406, 407, 17, 38, 4], "target_tokens": ["[IN:DELETE_REMINDER", "[SL:AMOUNT", "@ptr2", "SL:AMOUNT]", "[SL:TODO", "@ptr7", "@ptr8", "@ptr9", "@ptr10", "@ptr11", "@ptr12", "SL:TODO]", "IN:DELETE_REMINDER]"], "predicted_tokens": ["[IN:DELETE_REMINDER", "[SL:AMOUNT", "@ptr2", "SL:AMOUNT]", "[SL:TODO", "@ptr6", "@ptr7", "@ptr8", "@ptr9", "SL:TODO]", "[SL:DATE_TIME", "@ptr10", "@ptr11", "@ptr12", "SL:DATE_TIME]", "IN:DELETE_REMINDER]"]}
{"loss": 1.009938359260559, "class_log_probabilities": [-1.7583527565002441, -2.6527671813964844, -6.053858280181885, -9.398028373718262], "predictions": [111, 36, 75, 6, 401, 7, 78, 37, 16, 402, 403, 404, 405, 406, 17, 16, 407, 408, 409, 410, 411, 17, 112, 4, 4, 4, 4, 4, 4, 4, 4], "target_tokens": ["[IN:UPDATE_REMINDER_DATE_TIME", "[SL:TODO", "[IN:CREATE_CALL", "[SL:CONTACT", "@ptr6", "SL:CONTACT]", "IN:CREATE_CALL]", "SL:TODO]", "[SL:DATE_TIME", "@ptr7", "@ptr8", "@ptr9", "@ptr10", "@ptr11", "SL:DATE_TIME]", "[SL:DATE_TIME", "@ptr12", "@ptr13", "@ptr14", "@ptr15", "@ptr16", "SL:DATE_TIME]", "IN:UPDATE_REMINDER_DATE_TIME]"], "predicted_tokens": ["[IN:UPDATE_REMINDER_DATE_TIME", "[SL:TODO", "[IN:CREATE_CALL", "[SL:CONTACT", "@ptr6", "SL:CONTACT]", "IN:CREATE_CALL]", "SL:TODO]", "[SL:DATE_TIME", "@ptr7", "@ptr8", "@ptr9", "@ptr10", "@ptr11", "SL:DATE_TIME]", "[SL:DATE_TIME", "@ptr12", "@ptr13", "@ptr14", "@ptr15", "@ptr16", "SL:DATE_TIME]", "IN:UPDATE_REMINDER_DATE_TIME]"]}
{"loss": 3.3090708255767822, "class_log_probabilities": [-10.14494800567627, -10.260932922363281, -10.468332290649414, -10.844049453735352], "predictions": [331, 36, 143, 36, 399, 37, 243, 402, 244, 144, 37, 16, 403, 404, 405, 17, 332, 4, 4], "target_tokens": ["[IN:UPDATE_REMINDER_LOCATION", "[SL:TODO", "@ptr4", "@ptr5", "@ptr6", "SL:TODO]", "[SL:LOCATION", "[IN:GET_LOCATION", "[SL:CONTACT", "@ptr8", "SL:CONTACT]", "IN:GET_LOCATION]", "SL:LOCATION]", "[SL:LOCATION", "[IN:GET_LOCATION", "[SL:CONTACT", "@ptr15", "SL:CONTACT]", "IN:GET_LOCATION]", "SL:LOCATION]", "IN:UPDATE_REMINDER_LOCATION]"], "predicted_tokens": ["[IN:UPDATE_REMINDER", "[SL:TODO", "[IN:GET_TODO", "[SL:TODO", "@ptr4", "SL:TODO]", "[SL:ATTENDEE", "@ptr7", "SL:ATTENDEE]", "IN:GET_TODO]", "SL:TODO]", "[SL:DATE_TIME", "@ptr8", "@ptr9", "@ptr10", "SL:DATE_TIME]", "IN:UPDATE_REMINDER]"]}
{"loss": 2.429659843444824, "class_log_probabilities": [-0.7684454321861267, -4.807930946350098, -5.164709091186523, -6.339552402496338], "predictions": [33, 36, 399, 400, 401, 37, 16, 402, 403, 17, 38, 4], "target_tokens": ["[IN:DELETE_REMINDER", "[SL:TODO", "[IN:GET_TODO", "[SL:DATE_TIME", "@ptr7", "@ptr8", "SL:DATE_TIME]", "[SL:TODO", "@ptr5", "@ptr6", "SL:TODO]", "IN:GET_TODO]", "SL:TODO]", "IN:DELETE_REMINDER]"], "predicted_tokens": ["[IN:DELETE_REMINDER", "[SL:TODO", "@ptr4", "@ptr5", "@ptr6", "SL:TODO]", "[SL:DATE_TIME", "@ptr7", "@ptr8", "SL:DATE_TIME]", "IN:DELETE_REMINDER]"]}
{"loss": 1.9512794017791748, "class_log_probabilities": [-6.9276018142700195, -8.450139045715332, -8.729042053222656, -67.75051879882812], "predictions": [111, 34, 396, 35, 36, 143, 36, 75, 6, 400, 401, 7, 78, 37, 16, 403, 404, 405, 406, 407, 408, 409, 17, 144, 37, 16, 412, 413, 414, 415, 416, 17, 112, 4, 4, 4, 4, 4, 4, 4, 4, 4, 4, 4, 4, 4, 4, 4, 4, 4, 4, 4, 4, 4, 4, 4, 4, 4, 4, 4, 4, 4, 4, 4, 4, 4, 4, 4, 4, 4, 4, 4, 4, 4, 4, 4, 4, 4, 4, 4, 4, 4, 4, 4, 4, 4, 4, 4, 4, 4, 4, 4, 4, 4, 4, 4, 4, 4, 4, 4], "target_tokens": ["[IN:UPDATE_REMINDER_DATE_TIME", "[SL:PERSON_REMINDED", "@ptr1", "SL:PERSON_REMINDED]", "[SL:TODO", "[IN:CREATE_CALL", "[SL:CONTACT", "[IN:GET_CONTACT", "[SL:CONTACT_RELATED", "@ptr5", "SL:CONTACT_RELATED]", "[SL:TYPE_RELATION", "@ptr6", "SL:TYPE_RELATION]", "IN:GET_CONTACT]", "SL:CONTACT]", "IN:CREATE_CALL]", "SL:TODO]", "[SL:DATE_TIME", "@ptr7", "@ptr8", "@ptr9", "@ptr10", "@ptr11", "SL:DATE_TIME]", "[SL:DATE_TIME", "@ptr17", "@ptr18", "@ptr19", "@ptr20", "@ptr21", "SL:DATE_TIME]", "IN:UPDATE_REMINDER_DATE_TIME]"], "predicted_tokens": ["[IN:UPDATE_REMINDER_DATE_TIME", "[SL:PERSON_REMINDED", "@ptr1", "SL:PERSON_REMINDED]", "[SL:TODO", "[IN:GET_TODO", "[SL:TODO", "[IN:CREATE_CALL", "[SL:CONTACT", "@ptr5", "@ptr6", "SL:CONTACT]", "IN:CREATE_CALL]", "SL:TODO]", "[SL:DATE_TIME", "@ptr8", "@ptr9", "@ptr10", "@ptr11", "@ptr12", "@ptr13", "@ptr14", "SL:DATE_TIME]", "IN:GET_TODO]", "SL:TODO]", "[SL:DATE_TIME", "@ptr17", "@ptr18", "@ptr19", "@ptr20", "@ptr21", "SL:DATE_TIME]", "IN:UPDATE_REMINDER_DATE_TIME]"]}
{"loss": 0.9879715442657471, "class_log_probabilities": [-1.079714298248291, -4.532942771911621, -6.31682825088501, -6.612817287445068], "predictions": [111, 34, 396, 35, 36, 75, 6, 401, 7, 78, 37, 16, 402, 403, 404, 405, 406, 407, 408, 17, 112, 4, 4, 4, 4, 4, 4, 4, 4, 4, 4, 4, 4, 4, 4], "target_tokens": ["[IN:UPDATE_REMINDER_DATE_TIME", "[SL:PERSON_REMINDED", "@ptr1", "SL:PERSON_REMINDED]", "[SL:TODO", "[IN:CREATE_CALL", "[SL:CONTACT", "@ptr6", "SL:CONTACT]", "IN:CREATE_CALL]", "SL:TODO]", "[SL:DATE_TIME", "@ptr7", "@ptr8", "@ptr9", "@ptr10", "@ptr11", "@ptr12", "@ptr13", "SL:DATE_TIME]", "IN:UPDATE_REMINDER_DATE_TIME]"], "predicted_tokens": ["[IN:UPDATE_REMINDER_DATE_TIME", "[SL:PERSON_REMINDED", "@ptr1", "SL:PERSON_REMINDED]", "[SL:TODO", "[IN:CREATE_CALL", "[SL:CONTACT", "@ptr6", "SL:CONTACT]", "IN:CREATE_CALL]", "SL:TODO]", "[SL:DATE_TIME", "@ptr7", "@ptr8", "@ptr9", "@ptr10", "@ptr11", "@ptr12", "@ptr13", "SL:DATE_TIME]", "IN:UPDATE_REMINDER_DATE_TIME]"]}
{"loss": 0.9790617823600769, "class_log_probabilities": [-0.7508690357208252, -5.226025581359863, -5.927729606628418, -8.66428279876709], "predictions": [111, 36, 399, 400, 37, 16, 401, 402, 403, 404, 405, 17, 112, 4, 4, 4, 4, 4, 4, 4, 4], "target_tokens": ["[IN:UPDATE_REMINDER_DATE_TIME", "[SL:TODO", "@ptr4", "@ptr5", "SL:TODO]", "[SL:DATE_TIME", "@ptr6", "@ptr7", "@ptr8", "@ptr9", "@ptr10", "SL:DATE_TIME]", "IN:UPDATE_REMINDER_DATE_TIME]"], "predicted_tokens": ["[IN:UPDATE_REMINDER_DATE_TIME", "[SL:TODO", "@ptr4", "@ptr5", "SL:TODO]", "[SL:DATE_TIME", "@ptr6", "@ptr7", "@ptr8", "@ptr9", "@ptr10", "SL:DATE_TIME]", "IN:UPDATE_REMINDER_DATE_TIME]"]}
{"loss": 0.9841537475585938, "class_log_probabilities": [-1.1856096982955933, -2.856321334838867, -6.1338372230529785, -6.1978535652160645], "predictions": [49, 36, 399, 400, 401, 402, 403, 404, 405, 37, 16, 406, 407, 408, 409, 410, 411, 412, 17, 50, 4, 4], "target_tokens": ["[IN:CREATE_REMINDER", "[SL:TODO", "@ptr4", "@ptr5", "@ptr6", "@ptr7", "@ptr8", "@ptr9", "@ptr10", "SL:TODO]", "[SL:DATE_TIME", "@ptr11", "@ptr12", "@ptr13", "@ptr14", "@ptr15", "@ptr16", "@ptr17", "SL:DATE_TIME]", "IN:CREATE_REMINDER]"], "predicted_tokens": ["[IN:CREATE_REMINDER", "[SL:TODO", "@ptr4", "@ptr5", "@ptr6", "@ptr7", "@ptr8", "@ptr9", "@ptr10", "SL:TODO]", "[SL:DATE_TIME", "@ptr11", "@ptr12", "@ptr13", "@ptr14", "@ptr15", "@ptr16", "@ptr17", "SL:DATE_TIME]", "IN:CREATE_REMINDER]"]}
{"loss": 2.319303274154663, "class_log_probabilities": [-0.7504777312278748, -7.159587383270264, -8.083231925964355, -8.748353004455566], "predictions": [49, 36, 399, 400, 401, 402, 37, 16, 403, 404, 405, 406, 17, 50, 4, 4, 4], "target_tokens": ["[IN:CREATE_REMINDER", "[SL:TODO", "@ptr5", "@ptr6", "@ptr7", "SL:TODO]", "[SL:DATE_TIME", "@ptr9", "@ptr10", "@ptr11", "SL:DATE_TIME]", "IN:CREATE_REMINDER]"], "predicted_tokens": ["[IN:CREATE_REMINDER", "[SL:TODO", "@ptr4", "@ptr5", "@ptr6", "@ptr7", "SL:TODO]", "[SL:DATE_TIME", "@ptr8", "@ptr9", "@ptr10", "@ptr11", "SL:DATE_TIME]", "IN:CREATE_REMINDER]"]}
{"loss": 1.5359911918640137, "class_log_probabilities": [-0.8975327014923096, -7.016070365905762, -8.097875595092773, -8.261409759521484], "predictions": [49, 34, 396, 35, 36, 399, 400, 401, 402, 37, 16, 403, 404, 405, 406, 17, 50, 4], "target_tokens": ["[IN:CREATE_REMINDER", "[SL:PERSON_REMINDED", "@ptr1", "SL:PERSON_REMINDED]", "[SL:TODO", "@ptr4", "@ptr5", "@ptr6", "@ptr7", "SL:TODO]", "[SL:DATE_TIME", "@ptr9", "@ptr10", "@ptr11", "SL:DATE_TIME]", "IN:CREATE_REMINDER]"], "predicted_tokens": ["[IN:CREATE_REMINDER", "[SL:PERSON_REMINDED", "@ptr1", "SL:PERSON_REMINDED]", "[SL:TODO", "@ptr4", "@ptr5", "@ptr6", "@ptr7", "SL:TODO]", "[SL:DATE_TIME", "@ptr8", "@ptr9", "@ptr10", "@ptr11", "SL:DATE_TIME]", "IN:CREATE_REMINDER]"]}
{"loss": 1.5348032712936401, "class_log_probabilities": [-0.8115344047546387, -8.176233291625977, -8.337861061096191, -8.410155296325684], "predictions": [111, 34, 396, 35, 36, 399, 400, 401, 402, 37, 16, 403, 404, 17, 112, 4], "target_tokens": ["[IN:UPDATE_REMINDER_DATE_TIME", "[SL:PERSON_REMINDED", "@ptr1", "SL:PERSON_REMINDED]", "[SL:TODO", "@ptr5", "@ptr6", "@ptr7", "SL:TODO]", "[SL:DATE_TIME", "@ptr8", "@ptr9", "SL:DATE_TIME]", "IN:UPDATE_REMINDER_DATE_TIME]"], "predicted_tokens": ["[IN:UPDATE_REMINDER_DATE_TIME", "[SL:PERSON_REMINDED", "@ptr1", "SL:PERSON_REMINDED]", "[SL:TODO", "@ptr4", "@ptr5", "@ptr6", "@ptr7", "SL:TODO]", "[SL:DATE_TIME", "@ptr8", "@ptr9", "SL:DATE_TIME]", "IN:UPDATE_REMINDER_DATE_TIME]"]}
{"loss": 1.8316748142242432, "class_log_probabilities": [-1.0232380628585815, -3.335313558578491, -6.609525680541992, -6.812293529510498], "predictions": [49, 34, 397, 35, 36, 399, 400, 401, 402, 37, 16, 403, 404, 405, 406, 407, 408, 409, 17, 50, 4, 4, 4, 4, 4], "target_tokens": ["[IN:CREATE_REMINDER", "[SL:PERSON_REMINDED", "@ptr2", "SL:PERSON_REMINDED]", "[SL:TODO", "@ptr5", "@ptr6", "@ptr7", "SL:TODO]", "[SL:DATE_TIME", "@ptr9", "@ptr10", "@ptr11", "@ptr12", "@ptr13", "@ptr14", "@ptr15", "SL:DATE_TIME]", "IN:CREATE_REMINDER]"], "predicted_tokens": ["[IN:CREATE_REMINDER", "[SL:PERSON_REMINDED", "@ptr2", "SL:PERSON_REMINDED]", "[SL:TODO", "@ptr4", "@ptr5", "@ptr6", "@ptr7", "SL:TODO]", "[SL:DATE_TIME", "@ptr8", "@ptr9", "@ptr10", "@ptr11", "@ptr12", "@ptr13", "@ptr14", "SL:DATE_TIME]", "IN:CREATE_REMINDER]"]}
{"loss": 0.9776769876480103, "class_log_probabilities": [-0.6297143697738647, -5.294885158538818, -7.262753963470459, -7.588979721069336], "predictions": [47, 34, 397, 35, 16, 399, 400, 401, 402, 403, 17, 48, 4, 4], "target_tokens": ["[IN:GET_REMINDER", "[SL:PERSON_REMINDED", "@ptr2", "SL:PERSON_REMINDED]", "[SL:DATE_TIME", "@ptr4", "@ptr5", "@ptr6", "@ptr7", "@ptr8", "SL:DATE_TIME]", "IN:GET_REMINDER]"], "predicted_tokens": ["[IN:GET_REMINDER", "[SL:PERSON_REMINDED", "@ptr2", "SL:PERSON_REMINDED]", "[SL:DATE_TIME", "@ptr4", "@ptr5", "@ptr6", "@ptr7", "@ptr8", "SL:DATE_TIME]", "IN:GET_REMINDER]"]}
{"loss": 1.1800642013549805, "class_log_probabilities": [-1.254724144935608, -5.108922004699707, -6.076107501983643, -6.366389751434326], "predictions": [49, 34, 396, 35, 36, 397, 398, 399, 400, 401, 402, 37, 16, 403, 404, 17, 50, 4, 4, 4, 4, 4], "target_tokens": ["[IN:CREATE_REMINDER", "[SL:PERSON_REMINDED", "@ptr1", "SL:PERSON_REMINDED]", "[SL:TODO", "@ptr2", "@ptr3", "@ptr4", "@ptr5", "@ptr6", "@ptr7", "SL:TODO]", "[SL:DATE_TIME", "@ptr9", "SL:DATE_TIME]", "IN:CREATE_REMINDER]"], "predicted_tokens": ["[IN:CREATE_REMINDER", "[SL:PERSON_REMINDED", "@ptr1", "SL:PERSON_REMINDED]", "[SL:TODO", "@ptr2", "@ptr3", "@ptr4", "@ptr5", "@ptr6", "@ptr7", "SL:TODO]", "[SL:DATE_TIME", "@ptr8", "@ptr9", "SL:DATE_TIME]", "IN:CREATE_REMINDER]"]}
{"loss": 0.9692049622535706, "class_log_probabilities": [-1.0158199071884155, -6.398292541503906, -6.782752513885498, -7.225063323974609], "predictions": [49, 34, 396, 35, 36, 397, 398, 399, 400, 401, 402, 403, 404, 405, 406, 407, 37, 50, 4], "target_tokens": ["[IN:CREATE_REMINDER", "[SL:PERSON_REMINDED", "@ptr1", "SL:PERSON_REMINDED]", "[SL:TODO", "@ptr2", "@ptr3", "@ptr4", "@ptr5", "@ptr6", "@ptr7", "@ptr8", "@ptr9", "@ptr10", "@ptr11", "@ptr12", "SL:TODO]", "IN:CREATE_REMINDER]"], "predicted_tokens": ["[IN:CREATE_REMINDER", "[SL:PERSON_REMINDED", "@ptr1", "SL:PERSON_REMINDED]", "[SL:TODO", "@ptr2", "@ptr3", "@ptr4", "@ptr5", "@ptr6", "@ptr7", "@ptr8", "@ptr9", "@ptr10", "@ptr11", "@ptr12", "SL:TODO]", "IN:CREATE_REMINDER]"]}
{"loss": 1.464294672012329, "class_log_probabilities": [-1.3792444467544556, -3.7144834995269775, -4.552138805389404, -4.7601094245910645], "predictions": [49, 34, 396, 35, 36, 398, 399, 400, 401, 402, 403, 404, 405, 406, 37, 16, 407, 408, 409, 410, 411, 412, 413, 17, 50, 4, 4], "target_tokens": ["[IN:CREATE_REMINDER", "[SL:PERSON_REMINDED", "@ptr1", "SL:PERSON_REMINDED]", "[SL:TODO", "[IN:GET_TODO", "[SL:TODO", "@ptr2", "@ptr3", "@ptr4", "@ptr5", "@ptr6", "@ptr7", "@ptr8", "@ptr9", "@ptr10", "@ptr11", "SL:TODO]", "[SL:DATE_TIME", "@ptr12", "@ptr13", "@ptr14", "@ptr15", "@ptr16", "@ptr17", "@ptr18", "SL:DATE_TIME]", "IN:GET_TODO]", "SL:TODO]", "IN:CREATE_REMINDER]"], "predicted_tokens": ["[IN:CREATE_REMINDER", "[SL:PERSON_REMINDED", "@ptr1", "SL:PERSON_REMINDED]", "[SL:TODO", "@ptr3", "@ptr4", "@ptr5", "@ptr6", "@ptr7", "@ptr8", "@ptr9", "@ptr10", "@ptr11", "SL:TODO]", "[SL:DATE_TIME", "@ptr12", "@ptr13", "@ptr14", "@ptr15", "@ptr16", "@ptr17", "@ptr18", "SL:DATE_TIME]", "IN:CREATE_REMINDER]"]}
{"loss": 1.7025415897369385, "class_log_probabilities": [-6.587399482727051, -7.27616024017334, -8.065847396850586, -55.19086456298828], "predictions": [111, 34, 396, 35, 36, 143, 36, 399, 400, 401, 402, 37, 16, 403, 404, 405, 17, 144, 37, 16, 413, 414, 415, 416, 404, 405, 17, 112, 4, 4, 4, 4, 4, 4, 4, 4, 4, 4, 4, 4, 4, 4, 4, 4, 4, 4, 4, 4, 4, 4, 4, 4, 4, 4, 4, 4, 4, 4, 4, 4, 4, 4, 4, 4, 4, 4, 4, 4, 4, 4, 4, 4, 4, 4, 4, 4, 4, 4, 4, 4, 4, 4, 4, 4, 4, 4, 4, 4, 4, 4, 4, 4, 4, 4, 4, 4, 4, 4, 4, 4], "target_tokens": ["[IN:UPDATE_REMINDER_DATE_TIME", "[SL:PERSON_REMINDED", "@ptr1", "SL:PERSON_REMINDED]", "[SL:TODO", "@ptr5", "@ptr6", "@ptr7", "SL:TODO]", "[SL:DATE_TIME", "@ptr8", "@ptr9", "@ptr10", "@ptr11", "@ptr12", "@ptr13", "@ptr14", "@ptr15", "@ptr16", "SL:DATE_TIME]", "[SL:DATE_TIME", "@ptr18", "@ptr19", "@ptr20", "@ptr21", "@ptr22", "@ptr23", "SL:DATE_TIME]", "IN:UPDATE_REMINDER_DATE_TIME]"], "predicted_tokens": ["[IN:UPDATE_REMINDER_DATE_TIME", "[SL:PERSON_REMINDED", "@ptr1", "SL:PERSON_REMINDED]", "[SL:TODO", "[IN:GET_TODO", "[SL:TODO", "@ptr4", "@ptr5", "@ptr6", "@ptr7", "SL:TODO]", "[SL:DATE_TIME", "@ptr8", "@ptr9", "@ptr10", "SL:DATE_TIME]", "IN:GET_TODO]", "SL:TODO]", "[SL:DATE_TIME", "@ptr18", "@ptr19", "@ptr20", "@ptr21", "@ptr9", "@ptr10", "SL:DATE_TIME]", "IN:UPDATE_REMINDER_DATE_TIME]"]}
{"loss": 1.3450371026992798, "class_log_probabilities": [-3.244788646697998, -3.63924503326416, -4.681649684906006, -5.804019927978516], "predictions": [49, 34, 397, 35, 36, 400, 401, 402, 403, 404, 405, 37, 50, 4, 4, 4, 4, 4, 4, 4, 4], "target_tokens": ["[IN:CREATE_REMINDER", "[SL:PERSON_REMINDED", "@ptr3", "SL:PERSON_REMINDED]", "[SL:TODO", "@ptr5", "@ptr6", "@ptr7", "@ptr8", "@ptr9", "@ptr10", "SL:TODO]", "IN:CREATE_REMINDER]"], "predicted_tokens": ["[IN:CREATE_REMINDER", "[SL:PERSON_REMINDED", "@ptr2", "SL:PERSON_REMINDED]", "[SL:TODO", "@ptr5", "@ptr6", "@ptr7", "@ptr8", "@ptr9", "@ptr10", "SL:TODO]", "IN:CREATE_REMINDER]"]}
{"loss": 1.6130908727645874, "class_log_probabilities": [-0.6060670018196106, -8.249030113220215, -8.416993141174316, -8.788840293884277], "predictions": [33, 36, 399, 400, 401, 37, 16, 402, 403, 404, 17, 38, 4, 4, 4, 4, 4], "target_tokens": ["[IN:DELETE_REMINDER", "[SL:TODO", "@ptr4", "@ptr5", "@ptr6", "SL:TODO]", "[SL:DATE_TIME", "@ptr8", "@ptr9", "SL:DATE_TIME]", "IN:DELETE_REMINDER]"], "predicted_tokens": ["[IN:DELETE_REMINDER", "[SL:TODO", "@ptr4", "@ptr5", "@ptr6", "SL:TODO]", "[SL:DATE_TIME", "@ptr7", "@ptr8", "@ptr9", "SL:DATE_TIME]", "IN:DELETE_REMINDER]"]}
{"loss": 1.507611870765686, "class_log_probabilities": [-2.5050158500671387, -3.923208713531494, -3.945436954498291, -3.9575390815734863], "predictions": [49, 34, 396, 35, 36, 143, 36, 397, 398, 399, 400, 401, 402, 403, 404, 405, 406, 407, 408, 409, 410, 37, 16, 412, 17, 144, 37, 50, 4, 4, 4, 4], "target_tokens": ["[IN:CREATE_REMINDER", "[SL:PERSON_REMINDED", "@ptr1", "SL:PERSON_REMINDED]", "[SL:TODO", "@ptr2", "@ptr3", "@ptr4", "@ptr5", "@ptr6", "@ptr7", "@ptr8", "@ptr9", "@ptr10", "@ptr11", "@ptr12", "@ptr13", "@ptr14", "@ptr15", "@ptr16", "@ptr17", "SL:TODO]", "[SL:DATE_TIME", "@ptr18", "SL:DATE_TIME]", "IN:CREATE_REMINDER]"], "predicted_tokens": ["[IN:CREATE_REMINDER", "[SL:PERSON_REMINDED", "@ptr1", "SL:PERSON_REMINDED]", "[SL:TODO", "[IN:GET_TODO", "[SL:TODO", "@ptr2", "@ptr3", "@ptr4", "@ptr5", "@ptr6", "@ptr7", "@ptr8", "@ptr9", "@ptr10", "@ptr11", "@ptr12", "@ptr13", "@ptr14", "@ptr15", "SL:TODO]", "[SL:DATE_TIME", "@ptr17", "SL:DATE_TIME]", "IN:GET_TODO]", "SL:TODO]", "IN:CREATE_REMINDER]"]}
{"loss": 0.9671183228492737, "class_log_probabilities": [-1.1295561790466309, -6.965109348297119, -7.6442036628723145, -8.41631031036377], "predictions": [49, 34, 396, 35, 36, 397, 398, 399, 400, 401, 37, 16, 402, 403, 404, 405, 17, 50, 4, 4, 4, 4, 4], "target_tokens": ["[IN:CREATE_REMINDER", "[SL:PERSON_REMINDED", "@ptr1", "SL:PERSON_REMINDED]", "[SL:TODO", "@ptr2", "@ptr3", "@ptr4", "@ptr5", "@ptr6", "SL:TODO]", "[SL:DATE_TIME", "@ptr7", "@ptr8", "@ptr9", "@ptr10", "SL:DATE_TIME]", "IN:CREATE_REMINDER]"], "predicted_tokens": ["[IN:CREATE_REMINDER", "[SL:PERSON_REMINDED", "@ptr1", "SL:PERSON_REMINDED]", "[SL:TODO", "@ptr2", "@ptr3", "@ptr4", "@ptr5", "@ptr6", "SL:TODO]", "[SL:DATE_TIME", "@ptr7", "@ptr8", "@ptr9", "@ptr10", "SL:DATE_TIME]", "IN:CREATE_REMINDER]"]}
{"loss": 0.9817110896110535, "class_log_probabilities": [-1.4303913116455078, -4.643853664398193, -4.825616836547852, -7.336732387542725], "predictions": [49, 34, 396, 35, 36, 397, 398, 399, 37, 16, 400, 401, 402, 403, 404, 405, 406, 17, 50, 4, 4, 4, 4, 4], "target_tokens": ["[IN:CREATE_REMINDER", "[SL:PERSON_REMINDED", "@ptr1", "SL:PERSON_REMINDED]", "[SL:TODO", "@ptr2", "@ptr3", "@ptr4", "SL:TODO]", "[SL:DATE_TIME", "@ptr5", "@ptr6", "@ptr7", "@ptr8", "@ptr9", "@ptr10", "@ptr11", "SL:DATE_TIME]", "IN:CREATE_REMINDER]"], "predicted_tokens": ["[IN:CREATE_REMINDER", "[SL:PERSON_REMINDED", "@ptr1", "SL:PERSON_REMINDED]", "[SL:TODO", "@ptr2", "@ptr3", "@ptr4", "SL:TODO]", "[SL:DATE_TIME", "@ptr5", "@ptr6", "@ptr7", "@ptr8", "@ptr9", "@ptr10", "@ptr11", "SL:DATE_TIME]", "IN:CREATE_REMINDER]"]}
{"loss": 1.6317617893218994, "class_log_probabilities": [-2.5907511711120605, -4.310834884643555, -4.486164569854736, -5.055835247039795], "predictions": [49, 36, 75, 6, 70, 71, 401, 72, 93, 402, 94, 73, 7, 78, 37, 16, 403, 404, 405, 406, 407, 408, 409, 410, 17, 50, 4, 4, 4, 4, 4], "target_tokens": ["[IN:CREATE_REMINDER", "[SL:TODO", "[IN:CREATE_CALL", "[SL:CONTACT", "[IN:GET_CONTACT", "[SL:CONTACT_RELATED", "@ptr6", "SL:CONTACT_RELATED]", "[SL:TYPE_RELATION", "@ptr7", "SL:TYPE_RELATION]", "IN:GET_CONTACT]", "SL:CONTACT]", "IN:CREATE_CALL]", "SL:TODO]", "[SL:DATE_TIME", "@ptr9", "@ptr10", "@ptr11", "@ptr12", "@ptr13", "@ptr14", "@ptr15", "SL:DATE_TIME]", "IN:CREATE_REMINDER]"], "predicted_tokens": ["[IN:CREATE_REMINDER", "[SL:TODO", "[IN:CREATE_CALL", "[SL:CONTACT", "[IN:GET_CONTACT", "[SL:TYPE_RELATION", "@ptr6", "SL:TYPE_RELATION]", "[SL:CONTACT_RELATED", "@ptr7", "SL:CONTACT_RELATED]", "IN:GET_CONTACT]", "SL:CONTACT]", "IN:CREATE_CALL]", "SL:TODO]", "[SL:DATE_TIME", "@ptr8", "@ptr9", "@ptr10", "@ptr11", "@ptr12", "@ptr13", "@ptr14", "@ptr15", "SL:DATE_TIME]", "IN:CREATE_REMINDER]"]}
{"loss": 1.0193077325820923, "class_log_probabilities": [-1.374751329421997, -1.9317492246627808, -8.320387840270996, -8.77178955078125], "predictions": [49, 34, 396, 35, 36, 398, 399, 400, 401, 402, 403, 404, 405, 406, 407, 408, 37, 50, 4, 4, 4, 4, 4, 4, 4, 4, 4], "target_tokens": ["[IN:CREATE_REMINDER", "[SL:PERSON_REMINDED", "@ptr1", "SL:PERSON_REMINDED]", "[SL:TODO", "@ptr3", "@ptr4", "@ptr5", "@ptr6", "@ptr7", "@ptr8", "@ptr9", "@ptr10", "@ptr11", "@ptr12", "@ptr13", "@ptr14", "SL:TODO]", "IN:CREATE_REMINDER]"], "predicted_tokens": ["[IN:CREATE_REMINDER", "[SL:PERSON_REMINDED", "@ptr1", "SL:PERSON_REMINDED]", "[SL:TODO", "@ptr3", "@ptr4", "@ptr5", "@ptr6", "@ptr7", "@ptr8", "@ptr9", "@ptr10", "@ptr11", "@ptr12", "@ptr13", "SL:TODO]", "IN:CREATE_REMINDER]"]}
{"loss": 1.695480465888977, "class_log_probabilities": [-0.49558132886886597, -7.685055732727051, -7.714695453643799, -8.01337718963623], "predictions": [33, 34, 399, 35, 36, 402, 403, 37, 38, 4, 4, 4], "target_tokens": ["[IN:DELETE_REMINDER", "[SL:PERSON_REMINDED", "@ptr4", "SL:PERSON_REMINDED]", "[SL:TODO", "@ptr8", "SL:TODO]", "IN:DELETE_REMINDER]"], "predicted_tokens": ["[IN:DELETE_REMINDER", "[SL:PERSON_REMINDED", "@ptr4", "SL:PERSON_REMINDED]", "[SL:TODO", "@ptr7", "@ptr8", "SL:TODO]", "IN:DELETE_REMINDER]"]}
{"loss": 0.9734155535697937, "class_log_probabilities": [-1.0768425464630127, -5.635194778442383, -6.8275065422058105, -8.518444061279297], "predictions": [49, 34, 396, 35, 36, 397, 398, 399, 400, 401, 402, 403, 37, 16, 404, 405, 17, 50, 4, 4, 4, 4, 4, 4, 4, 4, 4], "target_tokens": ["[IN:CREATE_REMINDER", "[SL:PERSON_REMINDED", "@ptr1", "SL:PERSON_REMINDED]", "[SL:TODO", "@ptr2", "@ptr3", "@ptr4", "@ptr5", "@ptr6", "@ptr7", "@ptr8", "SL:TODO]", "[SL:DATE_TIME", "@ptr9", "@ptr10", "SL:DATE_TIME]", "IN:CREATE_REMINDER]"], "predicted_tokens": ["[IN:CREATE_REMINDER", "[SL:PERSON_REMINDED", "@ptr1", "SL:PERSON_REMINDED]", "[SL:TODO", "@ptr2", "@ptr3", "@ptr4", "@ptr5", "@ptr6", "@ptr7", "@ptr8", "SL:TODO]", "[SL:DATE_TIME", "@ptr9", "@ptr10", "SL:DATE_TIME]", "IN:CREATE_REMINDER]"]}
{"loss": 0.968532145023346, "class_log_probabilities": [-0.9884390234947205, -6.624019145965576, -7.424295902252197, -8.306465148925781], "predictions": [49, 34, 396, 35, 36, 397, 398, 399, 400, 401, 402, 403, 404, 405, 406, 407, 37, 50, 4, 4, 4, 4, 4, 4, 4, 4, 4], "target_tokens": ["[IN:CREATE_REMINDER", "[SL:PERSON_REMINDED", "@ptr1", "SL:PERSON_REMINDED]", "[SL:TODO", "@ptr2", "@ptr3", "@ptr4", "@ptr5", "@ptr6", "@ptr7", "@ptr8", "@ptr9", "@ptr10", "@ptr11", "@ptr12", "SL:TODO]", "IN:CREATE_REMINDER]"], "predicted_tokens": ["[IN:CREATE_REMINDER", "[SL:PERSON_REMINDED", "@ptr1", "SL:PERSON_REMINDED]", "[SL:TODO", "@ptr2", "@ptr3", "@ptr4", "@ptr5", "@ptr6", "@ptr7", "@ptr8", "@ptr9", "@ptr10", "@ptr11", "@ptr12", "SL:TODO]", "IN:CREATE_REMINDER]"]}
{"loss": 1.3297921419143677, "class_log_probabilities": [-1.5436816215515137, -4.843094825744629, -5.687227725982666, -5.9469499588012695], "predictions": [49, 34, 396, 35, 36, 397, 398, 399, 400, 401, 402, 403, 404, 405, 406, 37, 16, 407, 408, 17, 50, 4, 4, 4], "target_tokens": ["[IN:CREATE_REMINDER", "[SL:PERSON_REMINDED", "@ptr1", "SL:PERSON_REMINDED]", "[SL:TODO", "@ptr2", "@ptr3", "@ptr4", "@ptr5", "@ptr6", "@ptr7", "@ptr8", "@ptr9", "@ptr10", "@ptr11", "SL:TODO]", "[SL:DATE_TIME", "@ptr13", "SL:DATE_TIME]", "IN:CREATE_REMINDER]"], "predicted_tokens": ["[IN:CREATE_REMINDER", "[SL:PERSON_REMINDED", "@ptr1", "SL:PERSON_REMINDED]", "[SL:TODO", "@ptr2", "@ptr3", "@ptr4", "@ptr5", "@ptr6", "@ptr7", "@ptr8", "@ptr9", "@ptr10", "@ptr11", "SL:TODO]", "[SL:DATE_TIME", "@ptr12", "@ptr13", "SL:DATE_TIME]", "IN:CREATE_REMINDER]"]}
{"loss": 1.1449055671691895, "class_log_probabilities": [-2.678586006164551, -2.7798924446105957, -3.718463182449341, -4.131372451782227], "predictions": [49, 34, 398, 35, 36, 143, 36, 399, 400, 401, 402, 403, 404, 37, 16, 408, 409, 410, 411, 412, 413, 17, 144, 37, 50, 4, 4, 4, 4, 4, 4, 4, 4, 4], "target_tokens": ["[IN:CREATE_REMINDER", "[SL:PERSON_REMINDED", "@ptr3", "SL:PERSON_REMINDED]", "[SL:TODO", "@ptr4", "@ptr5", "@ptr6", "@ptr7", "@ptr8", "@ptr9", "@ptr10", "@ptr11", "@ptr12", "SL:TODO]", "[SL:DATE_TIME", "@ptr13", "@ptr14", "@ptr15", "@ptr16", "@ptr17", "@ptr18", "SL:DATE_TIME]", "IN:CREATE_REMINDER]"], "predicted_tokens": ["[IN:CREATE_REMINDER", "[SL:PERSON_REMINDED", "@ptr3", "SL:PERSON_REMINDED]", "[SL:TODO", "[IN:GET_TODO", "[SL:TODO", "@ptr4", "@ptr5", "@ptr6", "@ptr7", "@ptr8", "@ptr9", "SL:TODO]", "[SL:DATE_TIME", "@ptr13", "@ptr14", "@ptr15", "@ptr16", "@ptr17", "@ptr18", "SL:DATE_TIME]", "IN:GET_TODO]", "SL:TODO]", "IN:CREATE_REMINDER]"]}
{"loss": 2.384073495864868, "class_log_probabilities": [-4.839043140411377, -6.692960262298584, -6.982110977172852, -7.216881275177002], "predictions": [49, 34, 396, 35, 36, 399, 400, 401, 402, 37, 36, 403, 404, 405, 406, 407, 408, 409, 410, 411, 412, 413, 414, 415, 17, 50, 4, 4, 4, 4, 4, 4, 4, 4, 4, 4, 4, 4], "target_tokens": ["[IN:CREATE_REMINDER", "[SL:PERSON_REMINDED", "@ptr1", "SL:PERSON_REMINDED]", "[SL:TODO", "[IN:GET_TODO", "[SL:TODO", "@ptr3", "@ptr4", "@ptr5", "@ptr6", "@ptr7", "@ptr8", "@ptr9", "@ptr10", "SL:TODO]", "[SL:DATE_TIME", "@ptr14", "@ptr15", "@ptr16", "@ptr17", "@ptr18", "@ptr19", "SL:DATE_TIME]", "[SL:TODO", "@ptr11", "@ptr12", "@ptr13", "SL:TODO]", "IN:GET_TODO]", "SL:TODO]", "IN:CREATE_REMINDER]"], "predicted_tokens": ["[IN:CREATE_REMINDER", "[SL:PERSON_REMINDED", "@ptr1", "SL:PERSON_REMINDED]", "[SL:TODO", "@ptr4", "@ptr5", "@ptr6", "@ptr7", "SL:TODO]", "[SL:TODO", "@ptr8", "@ptr9", "@ptr10", "@ptr11", "@ptr12", "@ptr13", "@ptr14", "@ptr15", "@ptr16", "@ptr17", "@ptr18", "@ptr19", "@ptr20", "SL:DATE_TIME]", "IN:CREATE_REMINDER]"]}
{"loss": 1.4388784170150757, "class_log_probabilities": [-3.18643856048584, -3.2532951831817627, -4.506706237792969, -4.63330078125], "predictions": [49, 16, 398, 399, 400, 17, 36, 143, 36, 403, 404, 405, 406, 37, 16, 407, 408, 409, 410, 411, 412, 413, 17, 144, 37, 50, 4, 4, 4, 4, 4], "target_tokens": ["[IN:CREATE_REMINDER", "[SL:DATE_TIME", "@ptr3", "@ptr4", "@ptr5", "SL:DATE_TIME]", "[SL:TODO", "[IN:GET_TODO", "[SL:DATE_TIME", "@ptr12", "@ptr13", "@ptr14", "@ptr15", "@ptr16", "@ptr17", "SL:DATE_TIME]", "[SL:TODO", "@ptr8", "@ptr9", "@ptr10", "@ptr11", "SL:TODO]", "[SL:DATE_TIME", "@ptr19", "SL:DATE_TIME]", "IN:GET_TODO]", "SL:TODO]", "IN:CREATE_REMINDER]"], "predicted_tokens": ["[IN:CREATE_REMINDER", "[SL:DATE_TIME", "@ptr3", "@ptr4", "@ptr5", "SL:DATE_TIME]", "[SL:TODO", "[IN:GET_TODO", "[SL:TODO", "@ptr8", "@ptr9", "@ptr10", "@ptr11", "SL:TODO]", "[SL:DATE_TIME", "@ptr12", "@ptr13", "@ptr14", "@ptr15", "@ptr16", "@ptr17", "@ptr18", "SL:DATE_TIME]", "IN:GET_TODO]", "SL:TODO]", "IN:CREATE_REMINDER]"]}
{"loss": 1.4752577543258667, "class_log_probabilities": [-0.7783637046813965, -7.1098737716674805, -8.048032760620117, -8.081273078918457], "predictions": [49, 34, 396, 35, 36, 397, 398, 37, 16, 399, 400, 17, 50, 4, 4, 4, 4, 4, 4, 4, 4, 4], "target_tokens": ["[IN:CREATE_REMINDER", "[SL:PERSON_REMINDED", "@ptr1", "SL:PERSON_REMINDED]", "[SL:TODO", "@ptr2", "@ptr3", "SL:TODO]", "[SL:DATE_TIME", "@ptr5", "SL:DATE_TIME]", "IN:CREATE_REMINDER]"], "predicted_tokens": ["[IN:CREATE_REMINDER", "[SL:PERSON_REMINDED", "@ptr1", "SL:PERSON_REMINDED]", "[SL:TODO", "@ptr2", "@ptr3", "SL:TODO]", "[SL:DATE_TIME", "@ptr4", "@ptr5", "SL:DATE_TIME]", "IN:CREATE_REMINDER]"]}
{"loss": 0.9747743606567383, "class_log_probabilities": [-0.9424111247062683, -6.998647689819336, -7.201084136962891, -7.956395149230957], "predictions": [49, 34, 396, 35, 36, 397, 398, 399, 400, 401, 402, 403, 404, 405, 406, 407, 408, 37, 50, 4, 4, 4, 4, 4, 4, 4, 4, 4], "target_tokens": ["[IN:CREATE_REMINDER", "[SL:PERSON_REMINDED", "@ptr1", "SL:PERSON_REMINDED]", "[SL:TODO", "@ptr2", "@ptr3", "@ptr4", "@ptr5", "@ptr6", "@ptr7", "@ptr8", "@ptr9", "@ptr10", "@ptr11", "@ptr12", "@ptr13", "SL:TODO]", "IN:CREATE_REMINDER]"], "predicted_tokens": ["[IN:CREATE_REMINDER", "[SL:PERSON_REMINDED", "@ptr1", "SL:PERSON_REMINDED]", "[SL:TODO", "@ptr2", "@ptr3", "@ptr4", "@ptr5", "@ptr6", "@ptr7", "@ptr8", "@ptr9", "@ptr10", "@ptr11", "@ptr12", "@ptr13", "SL:TODO]", "IN:CREATE_REMINDER]"]}
{"loss": 1.4945648908615112, "class_log_probabilities": [-1.852088451385498, -2.646308183670044, -3.0498576164245605, -3.4288840293884277], "predictions": [111, 36, 399, 400, 37, 16, 401, 402, 17, 16, 408, 409, 410, 411, 412, 413, 414, 17, 112, 4, 4, 4, 4, 4, 4, 4, 4, 4, 4], "target_tokens": ["[IN:UPDATE_REMINDER_DATE_TIME", "[SL:TODO", "@ptr5", "SL:TODO]", "[SL:DATE_TIME", "@ptr6", "@ptr7", "@ptr8", "@ptr9", "@ptr10", "@ptr11", "@ptr12", "SL:DATE_TIME]", "[SL:DATE_TIME", "@ptr13", "@ptr14", "@ptr15", "@ptr16", "@ptr17", "@ptr18", "@ptr19", "SL:DATE_TIME]", "IN:UPDATE_REMINDER_DATE_TIME]"], "predicted_tokens": ["[IN:UPDATE_REMINDER_DATE_TIME", "[SL:TODO", "@ptr4", "@ptr5", "SL:TODO]", "[SL:DATE_TIME", "@ptr6", "@ptr7", "SL:DATE_TIME]", "[SL:DATE_TIME", "@ptr13", "@ptr14", "@ptr15", "@ptr16", "@ptr17", "@ptr18", "@ptr19", "SL:DATE_TIME]", "IN:UPDATE_REMINDER_DATE_TIME]"]}
{"loss": 1.2741329669952393, "class_log_probabilities": [-5.370635986328125, -5.512007236480713, -5.814453125, -5.952830791473389], "predictions": [49, 34, 396, 35, 36, 143, 36, 75, 6, 70, 71, 400, 72, 73, 7, 78, 37, 36, 402, 403, 404, 405, 406, 37, 144, 37, 16, 405, 406, 407, 17, 50, 4, 4, 4, 4], "target_tokens": ["[IN:CREATE_REMINDER", "[SL:PERSON_REMINDED", "@ptr1", "SL:PERSON_REMINDED]", "[SL:TODO", "[IN:GET_TODO", "[SL:TODO", "[IN:CREATE_CALL", "[SL:CONTACT", "[IN:GET_CONTACT", "[SL:TYPE_RELATION", "@ptr5", "SL:TYPE_RELATION]", "IN:GET_CONTACT]", "SL:CONTACT]", "IN:CREATE_CALL]", "SL:TODO]", "[SL:TODO", "@ptr6", "@ptr7", "@ptr8", "@ptr9", "SL:TODO]", "IN:GET_TODO]", "SL:TODO]", "[SL:DATE_TIME", "@ptr10", "@ptr11", "SL:DATE_TIME]", "IN:CREATE_REMINDER]"], "predicted_tokens": ["[IN:CREATE_REMINDER", "[SL:PERSON_REMINDED", "@ptr1", "SL:PERSON_REMINDED]", "[SL:TODO", "[IN:GET_TODO", "[SL:TODO", "[IN:CREATE_CALL", "[SL:CONTACT", "[IN:GET_CONTACT", "[SL:TYPE_RELATION", "@ptr5", "SL:TYPE_RELATION]", "IN:GET_CONTACT]", "SL:CONTACT]", "IN:CREATE_CALL]", "SL:TODO]", "[SL:TODO", "@ptr7", "@ptr8", "@ptr9", "@ptr10", "@ptr11", "SL:TODO]", "IN:GET_TODO]", "SL:TODO]", "[SL:DATE_TIME", "@ptr10", "@ptr11", "@ptr12", "SL:DATE_TIME]", "IN:CREATE_REMINDER]"]}
{"loss": 2.272737979888916, "class_log_probabilities": [-0.796173095703125, -8.068548202514648, -8.084228515625, -8.178862571716309], "predictions": [33, 34, 396, 35, 36, 399, 400, 401, 402, 37, 16, 403, 404, 17, 38, 4, 4, 4, 4, 4], "target_tokens": ["[IN:DELETE_REMINDER", "[SL:PERSON_REMINDED", "@ptr1", "SL:PERSON_REMINDED]", "[SL:TODO", "[IN:GET_TODO", "[SL:DATE_TIME", "@ptr8", "@ptr9", "SL:DATE_TIME]", "[SL:TODO", "@ptr5", "@ptr6", "@ptr7", "SL:TODO]", "IN:GET_TODO]", "SL:TODO]", "IN:DELETE_REMINDER]"], "predicted_tokens": ["[IN:DELETE_REMINDER", "[SL:PERSON_REMINDED", "@ptr1", "SL:PERSON_REMINDED]", "[SL:TODO", "@ptr4", "@ptr5", "@ptr6", "@ptr7", "SL:TODO]", "[SL:DATE_TIME", "@ptr8", "@ptr9", "SL:DATE_TIME]", "IN:DELETE_REMINDER]"]}
{"loss": 0.9675645232200623, "class_log_probabilities": [-0.8143203258514404, -8.369237899780273, -8.42612075805664, -8.621893882751465], "predictions": [49, 34, 396, 35, 36, 398, 399, 400, 401, 402, 37, 16, 403, 17, 50, 4, 4, 4], "target_tokens": ["[IN:CREATE_REMINDER", "[SL:PERSON_REMINDED", "@ptr1", "SL:PERSON_REMINDED]", "[SL:TODO", "@ptr3", "@ptr4", "@ptr5", "@ptr6", "@ptr7", "SL:TODO]", "[SL:DATE_TIME", "@ptr8", "SL:DATE_TIME]", "IN:CREATE_REMINDER]"], "predicted_tokens": ["[IN:CREATE_REMINDER", "[SL:PERSON_REMINDED", "@ptr1", "SL:PERSON_REMINDED]", "[SL:TODO", "@ptr3", "@ptr4", "@ptr5", "@ptr6", "@ptr7", "SL:TODO]", "[SL:DATE_TIME", "@ptr8", "SL:DATE_TIME]", "IN:CREATE_REMINDER]"]}
{"loss": 0.9696824550628662, "class_log_probabilities": [-0.450039267539978, -7.116008758544922, -8.224787712097168, -8.446355819702148], "predictions": [33, 36, 399, 400, 401, 402, 37, 38, 4, 4], "target_tokens": ["[IN:DELETE_REMINDER", "[SL:TODO", "@ptr4", "@ptr5", "@ptr6", "@ptr7", "SL:TODO]", "IN:DELETE_REMINDER]"], "predicted_tokens": ["[IN:DELETE_REMINDER", "[SL:TODO", "@ptr4", "@ptr5", "@ptr6", "@ptr7", "SL:TODO]", "IN:DELETE_REMINDER]"]}
{"loss": 1.0352318286895752, "class_log_probabilities": [-2.0436782836914062, -2.675926685333252, -3.717745542526245, -4.425949573516846], "predictions": [163, 36, 396, 397, 398, 37, 34, 400, 35, 36, 403, 37, 164, 4, 4, 4, 4], "target_tokens": ["[IN:UPDATE_REMINDER_TODO", "[SL:TODO", "@ptr1", "@ptr2", "@ptr3", "SL:TODO]", "[SL:PERSON_REMINDED", "@ptr5", "SL:PERSON_REMINDED]", "[SL:TODO", "@ptr8", "SL:TODO]", "IN:UPDATE_REMINDER_TODO]"], "predicted_tokens": ["[IN:UPDATE_REMINDER_TODO", "[SL:TODO", "@ptr1", "@ptr2", "@ptr3", "SL:TODO]", "[SL:PERSON_REMINDED", "@ptr5", "SL:PERSON_REMINDED]", "[SL:TODO", "@ptr8", "SL:TODO]", "IN:UPDATE_REMINDER_TODO]"]}
{"loss": 2.254696846008301, "class_log_probabilities": [-0.9451276063919067, -4.693540573120117, -6.804431915283203, -7.668338775634766], "predictions": [49, 34, 396, 35, 16, 398, 399, 17, 36, 400, 401, 402, 403, 404, 405, 37, 50, 4, 4, 4], "target_tokens": ["[IN:CREATE_REMINDER", "[SL:PERSON_REMINDED", "@ptr1", "SL:PERSON_REMINDED]", "[SL:TODO", "@ptr6", "@ptr7", "@ptr8", "@ptr9", "@ptr10", "SL:TODO]", "[SL:DATE_TIME", "@ptr3", "@ptr4", "SL:DATE_TIME]", "IN:CREATE_REMINDER]"], "predicted_tokens": ["[IN:CREATE_REMINDER", "[SL:PERSON_REMINDED", "@ptr1", "SL:PERSON_REMINDED]", "[SL:DATE_TIME", "@ptr3", "@ptr4", "SL:DATE_TIME]", "[SL:TODO", "@ptr5", "@ptr6", "@ptr7", "@ptr8", "@ptr9", "@ptr10", "SL:TODO]", "IN:CREATE_REMINDER]"]}
{"loss": 0.9746159911155701, "class_log_probabilities": [-0.517058253288269, -8.009971618652344, -8.60131549835205, -8.66906452178955], "predictions": [47, 34, 400, 35, 16, 402, 403, 404, 17, 48, 4], "target_tokens": ["[IN:GET_REMINDER", "[SL:PERSON_REMINDED", "@ptr5", "SL:PERSON_REMINDED]", "[SL:DATE_TIME", "@ptr7", "@ptr8", "@ptr9", "SL:DATE_TIME]", "IN:GET_REMINDER]"], "predicted_tokens": ["[IN:GET_REMINDER", "[SL:PERSON_REMINDED", "@ptr5", "SL:PERSON_REMINDED]", "[SL:DATE_TIME", "@ptr7", "@ptr8", "@ptr9", "SL:DATE_TIME]", "IN:GET_REMINDER]"]}
{"loss": 0.979121744632721, "class_log_probabilities": [-0.7362820506095886, -5.332896709442139, -6.825141906738281, -7.409621238708496], "predictions": [49, 36, 75, 6, 401, 7, 78, 37, 16, 402, 403, 404, 405, 17, 50, 4, 4, 4, 4, 4], "target_tokens": ["[IN:CREATE_REMINDER", "[SL:TODO", "[IN:CREATE_CALL", "[SL:CONTACT", "@ptr6", "SL:CONTACT]", "IN:CREATE_CALL]", "SL:TODO]", "[SL:DATE_TIME", "@ptr7", "@ptr8", "@ptr9", "@ptr10", "SL:DATE_TIME]", "IN:CREATE_REMINDER]"], "predicted_tokens": ["[IN:CREATE_REMINDER", "[SL:TODO", "[IN:CREATE_CALL", "[SL:CONTACT", "@ptr6", "SL:CONTACT]", "IN:CREATE_CALL]", "SL:TODO]", "[SL:DATE_TIME", "@ptr7", "@ptr8", "@ptr9", "@ptr10", "SL:DATE_TIME]", "IN:CREATE_REMINDER]"]}
{"loss": 0.9735117554664612, "class_log_probabilities": [-0.6102708578109741, -8.015900611877441, -8.046651840209961, -8.506303787231445], "predictions": [33, 36, 399, 400, 401, 37, 16, 402, 403, 404, 17, 38, 4, 4, 4, 4, 4], "target_tokens": ["[IN:DELETE_REMINDER", "[SL:TODO", "@ptr4", "@ptr5", "@ptr6", "SL:TODO]", "[SL:DATE_TIME", "@ptr7", "@ptr8", "@ptr9", "SL:DATE_TIME]", "IN:DELETE_REMINDER]"], "predicted_tokens": ["[IN:DELETE_REMINDER", "[SL:TODO", "@ptr4", "@ptr5", "@ptr6", "SL:TODO]", "[SL:DATE_TIME", "@ptr7", "@ptr8", "@ptr9", "SL:DATE_TIME]", "IN:DELETE_REMINDER]"]}
{"loss": 0.9842134714126587, "class_log_probabilities": [-0.8349481821060181, -7.355579853057861, -7.634620189666748, -7.7504777908325195], "predictions": [111, 34, 396, 35, 36, 399, 400, 401, 37, 16, 402, 403, 404, 405, 406, 407, 17, 112, 4], "target_tokens": ["[IN:UPDATE_REMINDER_DATE_TIME", "[SL:PERSON_REMINDED", "@ptr1", "SL:PERSON_REMINDED]", "[SL:TODO", "@ptr4", "@ptr5", "@ptr6", "SL:TODO]", "[SL:DATE_TIME", "@ptr7", "@ptr8", "@ptr9", "@ptr10", "@ptr11", "@ptr12", "SL:DATE_TIME]", "IN:UPDATE_REMINDER_DATE_TIME]"], "predicted_tokens": ["[IN:UPDATE_REMINDER_DATE_TIME", "[SL:PERSON_REMINDED", "@ptr1", "SL:PERSON_REMINDED]", "[SL:TODO", "@ptr4", "@ptr5", "@ptr6", "SL:TODO]", "[SL:DATE_TIME", "@ptr7", "@ptr8", "@ptr9", "@ptr10", "@ptr11", "@ptr12", "SL:DATE_TIME]", "IN:UPDATE_REMINDER_DATE_TIME]"]}
{"loss": 1.354528546333313, "class_log_probabilities": [-0.9541359543800354, -5.530720233917236, -6.231003761291504, -6.989125728607178], "predictions": [111, 34, 396, 35, 36, 399, 400, 37, 16, 401, 402, 403, 404, 405, 406, 407, 408, 409, 410, 17, 112, 4, 4, 4], "target_tokens": ["[IN:UPDATE_REMINDER_DATE_TIME", "[SL:PERSON_REMINDED", "@ptr1", "SL:PERSON_REMINDED]", "[SL:TODO", "@ptr5", "SL:TODO]", "[SL:DATE_TIME", "@ptr6", "@ptr7", "@ptr8", "@ptr9", "@ptr10", "@ptr11", "@ptr12", "@ptr13", "@ptr14", "@ptr15", "SL:DATE_TIME]", "IN:UPDATE_REMINDER_DATE_TIME]"], "predicted_tokens": ["[IN:UPDATE_REMINDER_DATE_TIME", "[SL:PERSON_REMINDED", "@ptr1", "SL:PERSON_REMINDED]", "[SL:TODO", "@ptr4", "@ptr5", "SL:TODO]", "[SL:DATE_TIME", "@ptr6", "@ptr7", "@ptr8", "@ptr9", "@ptr10", "@ptr11", "@ptr12", "@ptr13", "@ptr14", "@ptr15", "SL:DATE_TIME]", "IN:UPDATE_REMINDER_DATE_TIME]"]}
{"loss": 1.8464275598526, "class_log_probabilities": [-1.0587191581726074, -3.2771120071411133, -4.857568740844727, -5.295883655548096], "predictions": [49, 36, 399, 400, 401, 402, 403, 404, 37, 16, 406, 407, 408, 409, 410, 17, 50, 4, 4], "target_tokens": ["[IN:CREATE_REMINDER", "[SL:TODO", "@ptr5", "@ptr6", "@ptr7", "@ptr8", "@ptr9", "SL:TODO]", "[SL:DATE_TIME", "@ptr10", "@ptr11", "@ptr12", "@ptr13", "@ptr14", "@ptr15", "@ptr16", "SL:DATE_TIME]", "IN:CREATE_REMINDER]"], "predicted_tokens": ["[IN:CREATE_REMINDER", "[SL:TODO", "@ptr4", "@ptr5", "@ptr6", "@ptr7", "@ptr8", "@ptr9", "SL:TODO]", "[SL:DATE_TIME", "@ptr11", "@ptr12", "@ptr13", "@ptr14", "@ptr15", "SL:DATE_TIME]", "IN:CREATE_REMINDER]"]}
{"loss": 1.3771286010742188, "class_log_probabilities": [-1.1273075342178345, -6.152883052825928, -7.054998874664307, -7.634164333343506], "predictions": [49, 34, 396, 35, 36, 397, 398, 399, 400, 401, 402, 403, 37, 16, 404, 405, 17, 50, 4, 4, 4, 4, 4], "target_tokens": ["[IN:CREATE_REMINDER", "[SL:PERSON_REMINDED", "@ptr1", "SL:PERSON_REMINDED]", "[SL:TODO", "@ptr2", "@ptr3", "@ptr4", "@ptr5", "@ptr6", "@ptr7", "@ptr8", "SL:TODO]", "[SL:DATE_TIME", "@ptr10", "SL:DATE_TIME]", "IN:CREATE_REMINDER]"], "predicted_tokens": ["[IN:CREATE_REMINDER", "[SL:PERSON_REMINDED", "@ptr1", "SL:PERSON_REMINDED]", "[SL:TODO", "@ptr2", "@ptr3", "@ptr4", "@ptr5", "@ptr6", "@ptr7", "@ptr8", "SL:TODO]", "[SL:DATE_TIME", "@ptr9", "@ptr10", "SL:DATE_TIME]", "IN:CREATE_REMINDER]"]}
{"loss": 0.9711189866065979, "class_log_probabilities": [-0.5960548520088196, -8.460121154785156, -8.688560485839844, -8.75425910949707], "predictions": [47, 34, 396, 35, 16, 400, 401, 402, 403, 17, 48, 4], "target_tokens": ["[IN:GET_REMINDER", "[SL:PERSON_REMINDED", "@ptr1", "SL:PERSON_REMINDED]", "[SL:DATE_TIME", "@ptr5", "@ptr6", "@ptr7", "@ptr8", "SL:DATE_TIME]", "IN:GET_REMINDER]"], "predicted_tokens": ["[IN:GET_REMINDER", "[SL:PERSON_REMINDED", "@ptr1", "SL:PERSON_REMINDED]", "[SL:DATE_TIME", "@ptr5", "@ptr6", "@ptr7", "@ptr8", "SL:DATE_TIME]", "IN:GET_REMINDER]"]}
{"loss": 1.4020315408706665, "class_log_probabilities": [-0.7743113040924072, -7.475801467895508, -7.69955587387085, -8.596266746520996], "predictions": [49, 34, 396, 35, 36, 398, 399, 400, 37, 16, 401, 402, 17, 50, 4, 4, 4], "target_tokens": ["[IN:CREATE_REMINDER", "[SL:PERSON_REMINDED", "@ptr1", "SL:PERSON_REMINDED]", "[SL:TODO", "@ptr3", "@ptr4", "@ptr5", "SL:TODO]", "[SL:DATE_TIME", "@ptr7", "SL:DATE_TIME]", "IN:CREATE_REMINDER]"], "predicted_tokens": ["[IN:CREATE_REMINDER", "[SL:PERSON_REMINDED", "@ptr1", "SL:PERSON_REMINDED]", "[SL:TODO", "@ptr3", "@ptr4", "@ptr5", "SL:TODO]", "[SL:DATE_TIME", "@ptr6", "@ptr7", "SL:DATE_TIME]", "IN:CREATE_REMINDER]"]}
{"loss": 0.9705770611763, "class_log_probabilities": [-0.5315356850624084, -8.47177791595459, -8.484614372253418, -8.5895414352417], "predictions": [49, 34, 396, 35, 36, 398, 399, 400, 37, 50, 4, 4, 4], "target_tokens": ["[IN:CREATE_REMINDER", "[SL:PERSON_REMINDED", "@ptr1", "SL:PERSON_REMINDED]", "[SL:TODO", "@ptr3", "@ptr4", "@ptr5", "SL:TODO]", "IN:CREATE_REMINDER]"], "predicted_tokens": ["[IN:CREATE_REMINDER", "[SL:PERSON_REMINDED", "@ptr1", "SL:PERSON_REMINDED]", "[SL:TODO", "@ptr3", "@ptr4", "@ptr5", "SL:TODO]", "IN:CREATE_REMINDER]"]}
{"loss": 1.3733689785003662, "class_log_probabilities": [-1.0253530740737915, -2.8944151401519775, -4.897916316986084, -7.201608180999756], "predictions": [49, 36, 399, 400, 401, 37, 16, 402, 403, 404, 405, 406, 407, 408, 409, 17, 50, 4, 4, 4, 4, 4], "target_tokens": ["[IN:CREATE_REMINDER", "[SL:TODO", "@ptr4", "@ptr5", "@ptr6", "SL:TODO]", "[SL:DATE_TIME", "@ptr8", "@ptr9", "@ptr10", "@ptr11", "@ptr12", "@ptr13", "@ptr14", "SL:DATE_TIME]", "IN:CREATE_REMINDER]"], "predicted_tokens": ["[IN:CREATE_REMINDER", "[SL:TODO", "@ptr4", "@ptr5", "@ptr6", "SL:TODO]", "[SL:DATE_TIME", "@ptr7", "@ptr8", "@ptr9", "@ptr10", "@ptr11", "@ptr12", "@ptr13", "@ptr14", "SL:DATE_TIME]", "IN:CREATE_REMINDER]"]}
{"loss": 0.9757729768753052, "class_log_probabilities": [-0.42716288566589355, -4.922113418579102, -7.039462566375732, -7.794122219085693], "predictions": [47, 16, 400, 401, 402, 17, 48, 4, 4], "target_tokens": ["[IN:GET_REMINDER", "[SL:DATE_TIME", "@ptr5", "@ptr6", "@ptr7", "SL:DATE_TIME]", "IN:GET_REMINDER]"], "predicted_tokens": ["[IN:GET_REMINDER", "[SL:DATE_TIME", "@ptr5", "@ptr6", "@ptr7", "SL:DATE_TIME]", "IN:GET_REMINDER]"]}
{"loss": 1.9065327644348145, "class_log_probabilities": [-2.529714345932007, -4.325557231903076, -4.631842136383057, -5.939198970794678], "predictions": [49, 34, 396, 35, 36, 23, 271, 398, 399, 400, 272, 10, 402, 11, 26, 37, 16, 403, 404, 405, 406, 407, 408, 17, 50, 4, 4, 4, 4], "target_tokens": ["[IN:CREATE_REMINDER", "[SL:PERSON_REMINDED", "@ptr1", "SL:PERSON_REMINDED]", "[SL:TODO", "[IN:REPLY_MESSAGE", "[SL:RECIPIENT", "@ptr7", "SL:RECIPIENT]", "[SL:METHOD_MESSAGE", "@ptr4", "@ptr5", "SL:METHOD_MESSAGE]", "IN:REPLY_MESSAGE]", "SL:TODO]", "[SL:DATE_TIME", "@ptr8", "@ptr9", "@ptr10", "@ptr11", "@ptr12", "@ptr13", "SL:DATE_TIME]", "IN:CREATE_REMINDER]"], "predicted_tokens": ["[IN:CREATE_REMINDER", "[SL:PERSON_REMINDED", "@ptr1", "SL:PERSON_REMINDED]", "[SL:TODO", "[IN:SEND_MESSAGE", "[SL:METHOD_MESSAGE", "@ptr3", "@ptr4", "@ptr5", "SL:METHOD_MESSAGE]", "[SL:RECIPIENT", "@ptr7", "SL:RECIPIENT]", "IN:SEND_MESSAGE]", "SL:TODO]", "[SL:DATE_TIME", "@ptr8", "@ptr9", "@ptr10", "@ptr11", "@ptr12", "@ptr13", "SL:DATE_TIME]", "IN:CREATE_REMINDER]"]}
{"loss": 0.9771435260772705, "class_log_probabilities": [-0.5703516006469727, -7.559413909912109, -8.253454208374023, -8.321454048156738], "predictions": [49, 36, 399, 400, 401, 37, 16, 402, 403, 404, 17, 50, 4, 4], "target_tokens": ["[IN:CREATE_REMINDER", "[SL:TODO", "@ptr4", "@ptr5", "@ptr6", "SL:TODO]", "[SL:DATE_TIME", "@ptr7", "@ptr8", "@ptr9", "SL:DATE_TIME]", "IN:CREATE_REMINDER]"], "predicted_tokens": ["[IN:CREATE_REMINDER", "[SL:TODO", "@ptr4", "@ptr5", "@ptr6", "SL:TODO]", "[SL:DATE_TIME", "@ptr7", "@ptr8", "@ptr9", "SL:DATE_TIME]", "IN:CREATE_REMINDER]"]}
{"loss": 1.4062466621398926, "class_log_probabilities": [-0.8570350408554077, -7.855615615844727, -8.161653518676758, -8.237591743469238], "predictions": [49, 34, 396, 35, 36, 398, 399, 400, 37, 16, 401, 402, 403, 404, 405, 17, 50, 4], "target_tokens": ["[IN:CREATE_REMINDER", "[SL:PERSON_REMINDED", "@ptr1", "SL:PERSON_REMINDED]", "[SL:TODO", "@ptr3", "@ptr4", "@ptr5", "SL:TODO]", "[SL:DATE_TIME", "@ptr7", "@ptr8", "@ptr9", "@ptr10", "SL:DATE_TIME]", "IN:CREATE_REMINDER]"], "predicted_tokens": ["[IN:CREATE_REMINDER", "[SL:PERSON_REMINDED", "@ptr1", "SL:PERSON_REMINDED]", "[SL:TODO", "@ptr3", "@ptr4", "@ptr5", "SL:TODO]", "[SL:DATE_TIME", "@ptr6", "@ptr7", "@ptr8", "@ptr9", "@ptr10", "SL:DATE_TIME]", "IN:CREATE_REMINDER]"]}
{"loss": 0.986207902431488, "class_log_probabilities": [-1.137186050415039, -4.144550323486328, -6.008603572845459, -6.826228618621826], "predictions": [49, 36, 75, 6, 401, 7, 78, 37, 16, 402, 403, 404, 405, 406, 407, 408, 409, 410, 411, 17, 50, 4, 4, 4, 4, 4, 4, 4, 4, 4, 4], "target_tokens": ["[IN:CREATE_REMINDER", "[SL:TODO", "[IN:CREATE_CALL", "[SL:CONTACT", "@ptr6", "SL:CONTACT]", "IN:CREATE_CALL]", "SL:TODO]", "[SL:DATE_TIME", "@ptr7", "@ptr8", "@ptr9", "@ptr10", "@ptr11", "@ptr12", "@ptr13", "@ptr14", "@ptr15", "@ptr16", "SL:DATE_TIME]", "IN:CREATE_REMINDER]"], "predicted_tokens": ["[IN:CREATE_REMINDER", "[SL:TODO", "[IN:CREATE_CALL", "[SL:CONTACT", "@ptr6", "SL:CONTACT]", "IN:CREATE_CALL]", "SL:TODO]", "[SL:DATE_TIME", "@ptr7", "@ptr8", "@ptr9", "@ptr10", "@ptr11", "@ptr12", "@ptr13", "@ptr14", "@ptr15", "@ptr16", "SL:DATE_TIME]", "IN:CREATE_REMINDER]"]}
{"loss": 0.9813310503959656, "class_log_probabilities": [-1.0198421478271484, -6.238202095031738, -6.558080673217773, -6.627396106719971], "predictions": [49, 34, 396, 35, 36, 75, 6, 70, 71, 399, 72, 73, 7, 78, 37, 16, 400, 401, 402, 403, 17, 50, 4, 4], "target_tokens": ["[IN:CREATE_REMINDER", "[SL:PERSON_REMINDED", "@ptr1", "SL:PERSON_REMINDED]", "[SL:TODO", "[IN:CREATE_CALL", "[SL:CONTACT", "[IN:GET_CONTACT", "[SL:TYPE_RELATION", "@ptr4", "SL:TYPE_RELATION]", "IN:GET_CONTACT]", "SL:CONTACT]", "IN:CREATE_CALL]", "SL:TODO]", "[SL:DATE_TIME", "@ptr5", "@ptr6", "@ptr7", "@ptr8", "SL:DATE_TIME]", "IN:CREATE_REMINDER]"], "predicted_tokens": ["[IN:CREATE_REMINDER", "[SL:PERSON_REMINDED", "@ptr1", "SL:PERSON_REMINDED]", "[SL:TODO", "[IN:CREATE_CALL", "[SL:CONTACT", "[IN:GET_CONTACT", "[SL:TYPE_RELATION", "@ptr4", "SL:TYPE_RELATION]", "IN:GET_CONTACT]", "SL:CONTACT]", "IN:CREATE_CALL]", "SL:TODO]", "[SL:DATE_TIME", "@ptr5", "@ptr6", "@ptr7", "@ptr8", "SL:DATE_TIME]", "IN:CREATE_REMINDER]"]}
{"loss": 1.4190974235534668, "class_log_probabilities": [-1.0501564741134644, -3.2789194583892822, -7.655401706695557, -7.874816417694092], "predictions": [49, 34, 396, 35, 36, 401, 402, 403, 404, 405, 37, 16, 406, 407, 408, 409, 17, 50, 4, 4, 4, 4, 4], "target_tokens": ["[IN:CREATE_REMINDER", "[SL:PERSON_REMINDED", "@ptr1", "SL:PERSON_REMINDED]", "[SL:TODO", "@ptr6", "@ptr7", "@ptr8", "@ptr9", "@ptr10", "SL:TODO]", "[SL:DATE_TIME", "@ptr12", "@ptr13", "@ptr14", "SL:DATE_TIME]", "IN:CREATE_REMINDER]"], "predicted_tokens": ["[IN:CREATE_REMINDER", "[SL:PERSON_REMINDED", "@ptr1", "SL:PERSON_REMINDED]", "[SL:TODO", "@ptr6", "@ptr7", "@ptr8", "@ptr9", "@ptr10", "SL:TODO]", "[SL:DATE_TIME", "@ptr11", "@ptr12", "@ptr13", "@ptr14", "SL:DATE_TIME]", "IN:CREATE_REMINDER]"]}
{"loss": 2.0674774646759033, "class_log_probabilities": [-0.7509714365005493, -6.051972389221191, -7.5352373123168945, -8.684430122375488], "predictions": [33, 36, 400, 401, 402, 403, 404, 37, 16, 405, 406, 407, 408, 409, 17, 38, 4, 4, 4, 4, 4], "target_tokens": ["[IN:DELETE_REMINDER", "[SL:PERSON_REMINDED", "@ptr5", "SL:PERSON_REMINDED]", "[SL:TODO", "@ptr6", "@ptr7", "@ptr8", "@ptr9", "SL:TODO]", "[SL:DATE_TIME", "@ptr10", "@ptr11", "@ptr12", "@ptr13", "@ptr14", "SL:DATE_TIME]", "IN:DELETE_REMINDER]"], "predicted_tokens": ["[IN:DELETE_REMINDER", "[SL:TODO", "@ptr5", "@ptr6", "@ptr7", "@ptr8", "@ptr9", "SL:TODO]", "[SL:DATE_TIME", "@ptr10", "@ptr11", "@ptr12", "@ptr13", "@ptr14", "SL:DATE_TIME]", "IN:DELETE_REMINDER]"]}
{"loss": 1.6436569690704346, "class_log_probabilities": [-1.8489056825637817, -3.524348258972168, -4.781986713409424, -5.0278778076171875], "predictions": [49, 34, 399, 35, 36, 143, 36, 400, 37, 243, 402, 244, 144, 37, 16, 403, 404, 405, 17, 50, 4, 4, 4, 4, 4, 4, 4], "target_tokens": ["[IN:CREATE_REMINDER", "[SL:TODO", "[IN:GET_TODO", "[SL:TODO", "@ptr4", "@ptr5", "SL:TODO]", "[SL:ATTENDEE", "@ptr7", "SL:ATTENDEE]", "IN:GET_TODO]", "SL:TODO]", "[SL:DATE_TIME", "@ptr9", "@ptr10", "@ptr11", "@ptr12", "@ptr13", "@ptr14", "@ptr15", "@ptr16", "@ptr17", "@ptr18", "@ptr19", "SL:DATE_TIME]", "IN:CREATE_REMINDER]"], "predicted_tokens": ["[IN:CREATE_REMINDER", "[SL:PERSON_REMINDED", "@ptr4", "SL:PERSON_REMINDED]", "[SL:TODO", "[IN:GET_TODO", "[SL:TODO", "@ptr5", "SL:TODO]", "[SL:ATTENDEE", "@ptr7", "SL:ATTENDEE]", "IN:GET_TODO]", "SL:TODO]", "[SL:DATE_TIME", "@ptr8", "@ptr9", "@ptr10", "SL:DATE_TIME]", "IN:CREATE_REMINDER]"]}
{"loss": 2.0528953075408936, "class_log_probabilities": [-3.8419885635375977, -4.53668737411499, -4.994854927062988, -6.869442939758301], "predictions": [23, 10, 70, 71, 400, 72, 73, 11, 24, 403, 404, 25, 26, 4, 4, 4, 4, 4, 4, 4, 4, 4, 4, 4, 4, 4, 4, 4, 4, 4, 4, 4, 4, 4, 4, 4], "target_tokens": ["[IN:CREATE_REMINDER", "[SL:TODO", "[IN:GET_TODO", "[SL:TODO", "[IN:SEND_MESSAGE", "[SL:METHOD_MESSAGE", "@ptr1", "@ptr2", "@ptr3", "SL:METHOD_MESSAGE]", "[SL:RECIPIENT", "[IN:GET_CONTACT", "[SL:TYPE_RELATION", "@ptr5", "SL:TYPE_RELATION]", "IN:GET_CONTACT]", "SL:RECIPIENT]", "IN:SEND_MESSAGE]", "SL:TODO]", "[SL:DATE_TIME", "@ptr6", "SL:DATE_TIME]", "[SL:TODO", "@ptr9", "SL:TODO]", "IN:GET_TODO]", "SL:TODO]", "[SL:DATE_TIME", "@ptr13", "@ptr14", "@ptr15", "@ptr16", "@ptr17", "@ptr18", "SL:DATE_TIME]", "IN:CREATE_REMINDER]"], "predicted_tokens": ["[IN:SEND_MESSAGE", "[SL:RECIPIENT", "[IN:GET_CONTACT", "[SL:TYPE_RELATION", "@ptr5", "SL:TYPE_RELATION]", "IN:GET_CONTACT]", "SL:RECIPIENT]", "[SL:CONTENT_EXACT", "@ptr8", "@ptr9", "SL:CONTENT_EXACT]", "IN:SEND_MESSAGE]"]}
{"loss": 1.4718347787857056, "class_log_probabilities": [-1.0030632019042969, -5.952819347381592, -7.14466667175293, -8.543281555175781], "predictions": [49, 34, 396, 35, 36, 397, 398, 399, 400, 401, 37, 16, 402, 403, 17, 50, 4, 4, 4], "target_tokens": ["[IN:CREATE_REMINDER", "[SL:PERSON_REMINDED", "@ptr1", "SL:PERSON_REMINDED]", "[SL:TODO", "@ptr2", "@ptr3", "@ptr4", "@ptr5", "@ptr6", "SL:TODO]", "[SL:DATE_TIME", "@ptr8", "SL:DATE_TIME]", "IN:CREATE_REMINDER]"], "predicted_tokens": ["[IN:CREATE_REMINDER", "[SL:PERSON_REMINDED", "@ptr1", "SL:PERSON_REMINDED]", "[SL:TODO", "@ptr2", "@ptr3", "@ptr4", "@ptr5", "@ptr6", "SL:TODO]", "[SL:DATE_TIME", "@ptr7", "@ptr8", "SL:DATE_TIME]", "IN:CREATE_REMINDER]"]}
{"loss": 0.9878010153770447, "class_log_probabilities": [-1.316319465637207, -1.9825050830841064, -7.532642364501953, -7.872802734375], "predictions": [49, 34, 396, 35, 36, 397, 398, 399, 400, 401, 402, 37, 50, 4, 4, 4, 4], "target_tokens": ["[IN:CREATE_REMINDER", "[SL:PERSON_REMINDED", "@ptr1", "SL:PERSON_REMINDED]", "[SL:TODO", "@ptr2", "@ptr3", "@ptr4", "@ptr5", "@ptr6", "@ptr7", "SL:TODO]", "IN:CREATE_REMINDER]"], "predicted_tokens": ["[IN:CREATE_REMINDER", "[SL:PERSON_REMINDED", "@ptr1", "SL:PERSON_REMINDED]", "[SL:TODO", "@ptr2", "@ptr3", "@ptr4", "@ptr5", "@ptr6", "@ptr7", "SL:TODO]", "IN:CREATE_REMINDER]"]}
{"loss": 1.0723564624786377, "class_log_probabilities": [-1.1778167486190796, -3.4746038913726807, -4.3539204597473145, -7.977487564086914], "predictions": [49, 34, 396, 35, 36, 398, 399, 400, 401, 402, 403, 404, 405, 37, 16, 406, 407, 408, 17, 50, 4, 4, 4], "target_tokens": ["[IN:CREATE_REMINDER", "[SL:PERSON_REMINDED", "@ptr1", "SL:PERSON_REMINDED]", "[SL:TODO", "@ptr3", "@ptr4", "@ptr5", "@ptr6", "@ptr7", "@ptr8", "@ptr9", "@ptr10", "SL:TODO]", "[SL:DATE_TIME", "@ptr11", "@ptr12", "@ptr13", "@ptr14", "SL:DATE_TIME]", "IN:CREATE_REMINDER]"], "predicted_tokens": ["[IN:CREATE_REMINDER", "[SL:PERSON_REMINDED", "@ptr1", "SL:PERSON_REMINDED]", "[SL:TODO", "@ptr3", "@ptr4", "@ptr5", "@ptr6", "@ptr7", "@ptr8", "@ptr9", "@ptr10", "SL:TODO]", "[SL:DATE_TIME", "@ptr11", "@ptr12", "@ptr13", "SL:DATE_TIME]", "IN:CREATE_REMINDER]"]}
{"loss": 0.9914273619651794, "class_log_probabilities": [-1.4296090602874756, -3.1044251918792725, -3.4683313369750977, -4.975369453430176], "predictions": [49, 34, 396, 35, 36, 398, 399, 400, 401, 402, 403, 404, 405, 406, 407, 408, 409, 37, 16, 410, 17, 50, 4], "target_tokens": ["[IN:CREATE_REMINDER", "[SL:PERSON_REMINDED", "@ptr1", "SL:PERSON_REMINDED]", "[SL:TODO", "@ptr3", "@ptr4", "@ptr5", "@ptr6", "@ptr7", "@ptr8", "@ptr9", "@ptr10", "@ptr11", "@ptr12", "@ptr13", "@ptr14", "SL:TODO]", "[SL:DATE_TIME", "@ptr15", "SL:DATE_TIME]", "IN:CREATE_REMINDER]"], "predicted_tokens": ["[IN:CREATE_REMINDER", "[SL:PERSON_REMINDED", "@ptr1", "SL:PERSON_REMINDED]", "[SL:TODO", "@ptr3", "@ptr4", "@ptr5", "@ptr6", "@ptr7", "@ptr8", "@ptr9", "@ptr10", "@ptr11", "@ptr12", "@ptr13", "@ptr14", "SL:TODO]", "[SL:DATE_TIME", "@ptr15", "SL:DATE_TIME]", "IN:CREATE_REMINDER]"]}
{"loss": 0.9867119193077087, "class_log_probabilities": [-1.4301117658615112, -2.2161967754364014, -9.130791664123535, -10.157246589660645], "predictions": [49, 34, 396, 35, 36, 398, 399, 400, 401, 402, 403, 37, 16, 404, 405, 406, 17, 50, 4, 4, 4], "target_tokens": ["[IN:CREATE_REMINDER", "[SL:PERSON_REMINDED", "@ptr1", "SL:PERSON_REMINDED]", "[SL:TODO", "@ptr3", "@ptr4", "@ptr5", "@ptr6", "@ptr7", "@ptr8", "SL:TODO]", "[SL:DATE_TIME", "@ptr9", "@ptr10", "@ptr11", "SL:DATE_TIME]", "IN:CREATE_REMINDER]"], "predicted_tokens": ["[IN:CREATE_REMINDER", "[SL:PERSON_REMINDED", "@ptr1", "SL:PERSON_REMINDED]", "[SL:TODO", "@ptr3", "@ptr4", "@ptr5", "@ptr6", "@ptr7", "@ptr8", "SL:TODO]", "[SL:DATE_TIME", "@ptr9", "@ptr10", "@ptr11", "SL:DATE_TIME]", "IN:CREATE_REMINDER]"]}
{"loss": 1.2131673097610474, "class_log_probabilities": [-1.6036442518234253, -2.726219654083252, -4.180535793304443, -4.792771339416504], "predictions": [49, 34, 396, 35, 36, 75, 6, 70, 71, 400, 72, 73, 7, 78, 37, 16, 401, 402, 403, 17, 50, 4, 4, 4, 4], "target_tokens": ["[IN:CREATE_REMINDER", "[SL:PERSON_REMINDED", "@ptr1", "SL:PERSON_REMINDED]", "[SL:TODO", "[IN:CREATE_CALL", "[SL:CONTACT", "[IN:GET_CONTACT", "[SL:CONTACT_RELATED", "@ptr4", "SL:CONTACT_RELATED]", "[SL:TYPE_RELATION", "@ptr5", "SL:TYPE_RELATION]", "IN:GET_CONTACT]", "SL:CONTACT]", "IN:CREATE_CALL]", "SL:TODO]", "[SL:DATE_TIME", "@ptr6", "@ptr7", "@ptr8", "SL:DATE_TIME]", "IN:CREATE_REMINDER]"], "predicted_tokens": ["[IN:CREATE_REMINDER", "[SL:PERSON_REMINDED", "@ptr1", "SL:PERSON_REMINDED]", "[SL:TODO", "[IN:CREATE_CALL", "[SL:CONTACT", "[IN:GET_CONTACT", "[SL:TYPE_RELATION", "@ptr5", "SL:TYPE_RELATION]", "IN:GET_CONTACT]", "SL:CONTACT]", "IN:CREATE_CALL]", "SL:TODO]", "[SL:DATE_TIME", "@ptr6", "@ptr7", "@ptr8", "SL:DATE_TIME]", "IN:CREATE_REMINDER]"]}
{"loss": 0.9754120707511902, "class_log_probabilities": [-0.6276571154594421, -4.042867660522461, -6.660635948181152, -6.824726104736328], "predictions": [47, 34, 398, 35, 16, 400, 401, 402, 403, 17, 48, 4, 4], "target_tokens": ["[IN:GET_REMINDER", "[SL:PERSON_REMINDED", "@ptr3", "SL:PERSON_REMINDED]", "[SL:DATE_TIME", "@ptr5", "@ptr6", "@ptr7", "@ptr8", "SL:DATE_TIME]", "IN:GET_REMINDER]"], "predicted_tokens": ["[IN:GET_REMINDER", "[SL:PERSON_REMINDED", "@ptr3", "SL:PERSON_REMINDED]", "[SL:DATE_TIME", "@ptr5", "@ptr6", "@ptr7", "@ptr8", "SL:DATE_TIME]", "IN:GET_REMINDER]"]}
{"loss": 1.3897743225097656, "class_log_probabilities": [-1.0319151878356934, -4.934757709503174, -7.409608364105225, -7.86131477355957], "predictions": [49, 34, 398, 35, 36, 399, 400, 401, 402, 403, 404, 37, 16, 405, 406, 407, 408, 17, 50, 4, 4, 4], "target_tokens": ["[IN:CREATE_REMINDER", "[SL:PERSON_REMINDED", "@ptr3", "SL:PERSON_REMINDED]", "[SL:TODO", "@ptr4", "@ptr5", "@ptr6", "@ptr7", "@ptr8", "@ptr9", "SL:TODO]", "[SL:DATE_TIME", "@ptr11", "@ptr12", "@ptr13", "SL:DATE_TIME]", "IN:CREATE_REMINDER]"], "predicted_tokens": ["[IN:CREATE_REMINDER", "[SL:PERSON_REMINDED", "@ptr3", "SL:PERSON_REMINDED]", "[SL:TODO", "@ptr4", "@ptr5", "@ptr6", "@ptr7", "@ptr8", "@ptr9", "SL:TODO]", "[SL:DATE_TIME", "@ptr10", "@ptr11", "@ptr12", "@ptr13", "SL:DATE_TIME]", "IN:CREATE_REMINDER]"]}
{"loss": 1.7802709341049194, "class_log_probabilities": [-0.5138343572616577, -8.084117889404297, -8.308257102966309, -8.506359100341797], "predictions": [33, 34, 396, 35, 36, 399, 400, 37, 38, 4, 4, 4], "target_tokens": ["[IN:DELETE_REMINDER", "[SL:PERSON_REMINDED", "@ptr1", "SL:PERSON_REMINDED]", "[SL:TODO", "@ptr5", "SL:TODO]", "IN:DELETE_REMINDER]"], "predicted_tokens": ["[IN:DELETE_REMINDER", "[SL:PERSON_REMINDED", "@ptr1", "SL:PERSON_REMINDED]", "[SL:TODO", "@ptr4", "@ptr5", "SL:TODO]", "IN:DELETE_REMINDER]"]}
{"loss": 1.5683016777038574, "class_log_probabilities": [-0.8661887645721436, -7.410746097564697, -7.583166599273682, -7.937062740325928], "predictions": [49, 34, 398, 35, 36, 400, 401, 402, 403, 37, 16, 404, 405, 17, 50, 4, 4, 4], "target_tokens": ["[IN:CREATE_REMINDER", "[SL:PERSON_REMINDED", "@ptr3", "SL:PERSON_REMINDED]", "[SL:TODO", "@ptr5", "@ptr6", "@ptr7", "@ptr8", "SL:TODO]", "[SL:DATE_TIME", "@ptr10", "SL:DATE_TIME]", "IN:CREATE_REMINDER]"], "predicted_tokens": ["[IN:CREATE_REMINDER", "[SL:PERSON_REMINDED", "@ptr3", "SL:PERSON_REMINDED]", "[SL:TODO", "@ptr5", "@ptr6", "@ptr7", "@ptr8", "SL:TODO]", "[SL:DATE_TIME", "@ptr9", "@ptr10", "SL:DATE_TIME]", "IN:CREATE_REMINDER]"]}
{"loss": 1.0002254247665405, "class_log_probabilities": [-1.6076194047927856, -2.2971787452697754, -4.748475074768066, -5.705355167388916], "predictions": [49, 34, 396, 35, 36, 398, 399, 400, 401, 402, 403, 404, 405, 406, 407, 408, 37, 50, 4, 4, 4, 4, 4], "target_tokens": ["[IN:CREATE_REMINDER", "[SL:PERSON_REMINDED", "@ptr1", "SL:PERSON_REMINDED]", "[SL:TODO", "@ptr3", "@ptr4", "@ptr5", "@ptr6", "@ptr7", "@ptr8", "@ptr9", "@ptr10", "@ptr11", "@ptr12", "@ptr13", "SL:TODO]", "IN:CREATE_REMINDER]"], "predicted_tokens": ["[IN:CREATE_REMINDER", "[SL:PERSON_REMINDED", "@ptr1", "SL:PERSON_REMINDED]", "[SL:TODO", "@ptr3", "@ptr4", "@ptr5", "@ptr6", "@ptr7", "@ptr8", "@ptr9", "@ptr10", "@ptr11", "@ptr12", "@ptr13", "SL:TODO]", "IN:CREATE_REMINDER]"]}
{"loss": 0.9806855916976929, "class_log_probabilities": [-0.5788227319717407, -7.02210807800293, -7.434215068817139, -8.178813934326172], "predictions": [33, 34, 396, 35, 36, 75, 6, 401, 7, 78, 37, 38, 4, 4, 4], "target_tokens": ["[IN:DELETE_REMINDER", "[SL:PERSON_REMINDED", "@ptr1", "SL:PERSON_REMINDED]", "[SL:TODO", "[IN:CREATE_CALL", "[SL:CONTACT", "@ptr6", "SL:CONTACT]", "IN:CREATE_CALL]", "SL:TODO]", "IN:DELETE_REMINDER]"], "predicted_tokens": ["[IN:DELETE_REMINDER", "[SL:PERSON_REMINDED", "@ptr1", "SL:PERSON_REMINDED]", "[SL:TODO", "[IN:CREATE_CALL", "[SL:CONTACT", "@ptr6", "SL:CONTACT]", "IN:CREATE_CALL]", "SL:TODO]", "IN:DELETE_REMINDER]"]}
{"loss": 1.2182905673980713, "class_log_probabilities": [-2.483766555786133, -2.84841251373291, -3.53230357170105, -3.729491949081421], "predictions": [111, 36, 399, 400, 401, 37, 16, 402, 403, 404, 405, 406, 407, 408, 409, 410, 17, 112, 4, 4, 4, 4, 4, 4], "target_tokens": ["[IN:UPDATE_REMINDER_DATE_TIME", "[SL:TODO", "@ptr4", "@ptr5", "@ptr6", "SL:TODO]", "[SL:DATE_TIME", "@ptr7", "@ptr8", "@ptr9", "@ptr10", "@ptr11", "@ptr12", "@ptr13", "@ptr14", "SL:DATE_TIME]", "[SL:DATE_TIME", "@ptr16", "@ptr17", "@ptr18", "@ptr19", "@ptr20", "@ptr21", "SL:DATE_TIME]", "IN:UPDATE_REMINDER_DATE_TIME]"], "predicted_tokens": ["[IN:UPDATE_REMINDER_DATE_TIME", "[SL:TODO", "@ptr4", "@ptr5", "@ptr6", "SL:TODO]", "[SL:DATE_TIME", "@ptr7", "@ptr8", "@ptr9", "@ptr10", "@ptr11", "@ptr12", "@ptr13", "@ptr14", "@ptr15", "SL:DATE_TIME]", "IN:UPDATE_REMINDER_DATE_TIME]"]}
{"loss": 1.9309641122817993, "class_log_probabilities": [-1.9251024723052979, -2.9009969234466553, -4.408300399780273, -5.998737335205078], "predictions": [47, 120, 396, 121, 16, 399, 400, 17, 36, 403, 404, 405, 406, 37, 48, 4], "target_tokens": ["[IN:DELETE_REMINDER", "[SL:AMOUNT", "@ptr1", "SL:AMOUNT]", "[SL:DATE_TIME", "@ptr4", "@ptr5", "SL:DATE_TIME]", "IN:DELETE_REMINDER]"], "predicted_tokens": ["[IN:GET_REMINDER", "[SL:AMOUNT", "@ptr1", "SL:AMOUNT]", "[SL:DATE_TIME", "@ptr4", "@ptr5", "SL:DATE_TIME]", "[SL:TODO", "@ptr8", "@ptr9", "@ptr10", "@ptr11", "SL:TODO]", "IN:GET_REMINDER]"]}
{"loss": 1.0939902067184448, "class_log_probabilities": [-1.2270461320877075, -3.495588541030884, -3.519338369369507, -4.080902576446533], "predictions": [49, 34, 396, 35, 36, 398, 399, 400, 401, 37, 16, 403, 404, 405, 406, 17, 50, 4, 4], "target_tokens": ["[IN:CREATE_REMINDER", "[SL:PERSON_REMINDED", "@ptr1", "SL:PERSON_REMINDED]", "[SL:TODO", "@ptr3", "@ptr4", "@ptr5", "@ptr6", "@ptr7", "SL:TODO]", "[SL:DATE_TIME", "@ptr8", "@ptr9", "@ptr10", "@ptr11", "SL:DATE_TIME]", "IN:CREATE_REMINDER]"], "predicted_tokens": ["[IN:CREATE_REMINDER", "[SL:PERSON_REMINDED", "@ptr1", "SL:PERSON_REMINDED]", "[SL:TODO", "@ptr3", "@ptr4", "@ptr5", "@ptr6", "SL:TODO]", "[SL:DATE_TIME", "@ptr8", "@ptr9", "@ptr10", "@ptr11", "SL:DATE_TIME]", "IN:CREATE_REMINDER]"]}
{"loss": 1.7413029670715332, "class_log_probabilities": [-3.88212513923645, -4.161891460418701, -4.600785732269287, -5.072733402252197], "predictions": [49, 34, 396, 35, 36, 143, 36, 399, 400, 401, 402, 403, 404, 405, 406, 407, 408, 37, 16, 410, 411, 412, 413, 17, 144, 37, 50, 4], "target_tokens": ["[IN:CREATE_REMINDER", "[SL:PERSON_REMINDED", "@ptr1", "SL:PERSON_REMINDED]", "[SL:TODO", "[IN:SEND_MESSAGE", "[SL:METHOD_MESSAGE", "@ptr4", "SL:METHOD_MESSAGE]", "[SL:RECIPIENT", "@ptr7", "SL:RECIPIENT]", "[SL:CONTENT_EXACT", "@ptr9", "@ptr10", "@ptr11", "@ptr12", "@ptr13", "SL:CONTENT_EXACT]", "IN:SEND_MESSAGE]", "SL:TODO]", "[SL:DATE_TIME", "@ptr14", "@ptr15", "@ptr16", "@ptr17", "@ptr18", "SL:DATE_TIME]", "IN:CREATE_REMINDER]"], "predicted_tokens": ["[IN:CREATE_REMINDER", "[SL:PERSON_REMINDED", "@ptr1", "SL:PERSON_REMINDED]", "[SL:TODO", "[IN:GET_TODO", "[SL:TODO", "@ptr4", "@ptr5", "@ptr6", "@ptr7", "@ptr8", "@ptr9", "@ptr10", "@ptr11", "@ptr12", "@ptr13", "SL:TODO]", "[SL:DATE_TIME", "@ptr15", "@ptr16", "@ptr17", "@ptr18", "SL:DATE_TIME]", "IN:GET_TODO]", "SL:TODO]", "IN:CREATE_REMINDER]"]}
{"loss": 1.2100988626480103, "class_log_probabilities": [-2.2289798259735107, -2.4180333614349365, -5.633941650390625, -5.816168308258057], "predictions": [49, 34, 399, 35, 36, 143, 36, 401, 402, 403, 404, 37, 16, 405, 406, 407, 408, 409, 410, 411, 17, 144, 37, 50, 4, 4, 4, 4, 4, 4, 4, 4, 4], "target_tokens": ["[IN:CREATE_REMINDER", "[SL:PERSON_REMINDED", "@ptr4", "SL:PERSON_REMINDED]", "[SL:TODO", "[IN:GET_TODO", "[SL:TODO", "@ptr6", "@ptr7", "@ptr8", "@ptr9", "SL:TODO]", "[SL:DATE_TIME", "@ptr10", "@ptr11", "@ptr12", "@ptr13", "@ptr14", "@ptr15", "@ptr16", "@ptr17", "SL:DATE_TIME]", "IN:GET_TODO]", "SL:TODO]", "IN:CREATE_REMINDER]"], "predicted_tokens": ["[IN:CREATE_REMINDER", "[SL:PERSON_REMINDED", "@ptr4", "SL:PERSON_REMINDED]", "[SL:TODO", "[IN:GET_TODO", "[SL:TODO", "@ptr6", "@ptr7", "@ptr8", "@ptr9", "SL:TODO]", "[SL:DATE_TIME", "@ptr10", "@ptr11", "@ptr12", "@ptr13", "@ptr14", "@ptr15", "@ptr16", "SL:DATE_TIME]", "IN:GET_TODO]", "SL:TODO]", "IN:CREATE_REMINDER]"]}
{"loss": 1.0288798809051514, "class_log_probabilities": [-3.3417041301727295, -3.5655694007873535, -4.242599964141846, -4.352261543273926], "predictions": [49, 34, 396, 35, 16, 397, 398, 399, 17, 36, 143, 36, 401, 402, 403, 404, 405, 37, 16, 406, 407, 408, 409, 410, 17, 144, 37, 50, 4], "target_tokens": ["[IN:CREATE_REMINDER", "[SL:PERSON_REMINDED", "@ptr1", "SL:PERSON_REMINDED]", "[SL:DATE_TIME", "@ptr2", "@ptr3", "@ptr4", "SL:DATE_TIME]", "[SL:TODO", "[IN:GET_TODO", "[SL:TODO", "@ptr6", "@ptr7", "@ptr8", "@ptr9", "@ptr10", "SL:TODO]", "[SL:DATE_TIME", "@ptr11", "@ptr12", "@ptr13", "@ptr14", "@ptr15", "SL:DATE_TIME]", "IN:GET_TODO]", "SL:TODO]", "IN:CREATE_REMINDER]"], "predicted_tokens": ["[IN:CREATE_REMINDER", "[SL:PERSON_REMINDED", "@ptr1", "SL:PERSON_REMINDED]", "[SL:DATE_TIME", "@ptr2", "@ptr3", "@ptr4", "SL:DATE_TIME]", "[SL:TODO", "[IN:GET_TODO", "[SL:TODO", "@ptr6", "@ptr7", "@ptr8", "@ptr9", "@ptr10", "SL:TODO]", "[SL:DATE_TIME", "@ptr11", "@ptr12", "@ptr13", "@ptr14", "@ptr15", "SL:DATE_TIME]", "IN:GET_TODO]", "SL:TODO]", "IN:CREATE_REMINDER]"]}
{"loss": 0.9687873125076294, "class_log_probabilities": [-0.47480881214141846, -7.355884552001953, -7.7688117027282715, -8.103297233581543], "predictions": [33, 34, 396, 35, 36, 399, 37, 38, 4, 4, 4], "target_tokens": ["[IN:DELETE_REMINDER", "[SL:PERSON_REMINDED", "@ptr1", "SL:PERSON_REMINDED]", "[SL:TODO", "@ptr4", "SL:TODO]", "IN:DELETE_REMINDER]"], "predicted_tokens": ["[IN:DELETE_REMINDER", "[SL:PERSON_REMINDED", "@ptr1", "SL:PERSON_REMINDED]", "[SL:TODO", "@ptr4", "SL:TODO]", "IN:DELETE_REMINDER]"]}
{"loss": 0.9740861058235168, "class_log_probabilities": [-0.28252241015434265, -8.232366561889648, -8.279793739318848, -8.429801940917969], "predictions": [33, 36, 399, 37, 38, 4, 4], "target_tokens": ["[IN:DELETE_REMINDER", "[SL:TODO", "@ptr4", "SL:TODO]", "IN:DELETE_REMINDER]"], "predicted_tokens": ["[IN:DELETE_REMINDER", "[SL:TODO", "@ptr4", "SL:TODO]", "IN:DELETE_REMINDER]"]}
{"loss": 1.2343333959579468, "class_log_probabilities": [-2.1662967205047607, -3.9905481338500977, -4.270079612731934, -4.6482367515563965], "predictions": [49, 36, 143, 36, 396, 397, 398, 399, 400, 37, 16, 401, 402, 403, 404, 405, 17, 144, 37, 34, 410, 35, 50, 4, 4, 4, 4, 4, 4, 4], "target_tokens": ["[IN:CREATE_REMINDER", "[SL:TODO", "[IN:GET_TODO", "[SL:TODO", "@ptr5", "SL:TODO]", "[SL:DATE_TIME", "@ptr6", "@ptr7", "@ptr8", "@ptr9", "@ptr10", "SL:DATE_TIME]", "IN:GET_TODO]", "SL:TODO]", "[SL:PERSON_REMINDED", "@ptr15", "SL:PERSON_REMINDED]", "[SL:DATE_TIME", "@ptr16", "@ptr17", "@ptr18", "SL:DATE_TIME]", "IN:CREATE_REMINDER]"], "predicted_tokens": ["[IN:CREATE_REMINDER", "[SL:TODO", "[IN:GET_TODO", "[SL:TODO", "@ptr1", "@ptr2", "@ptr3", "@ptr4", "@ptr5", "SL:TODO]", "[SL:DATE_TIME", "@ptr6", "@ptr7", "@ptr8", "@ptr9", "@ptr10", "SL:DATE_TIME]", "IN:GET_TODO]", "SL:TODO]", "[SL:PERSON_REMINDED", "@ptr15", "SL:PERSON_REMINDED]", "IN:CREATE_REMINDER]"]}
{"loss": 1.4106611013412476, "class_log_probabilities": [-1.06313955783844, -4.4462151527404785, -4.641147136688232, -5.531028747558594], "predictions": [49, 16, 398, 399, 400, 17, 36, 143, 36, 402, 403, 37, 16, 404, 405, 17, 144, 37, 50, 4, 4, 4, 4, 4], "target_tokens": ["[IN:CREATE_REMINDER", "[SL:DATE_TIME", "@ptr3", "@ptr4", "@ptr5", "SL:DATE_TIME]", "[SL:TODO", "[IN:GET_TODO", "[SL:TODO", "@ptr7", "@ptr8", "SL:TODO]", "[SL:DATE_TIME", "@ptr10", "SL:DATE_TIME]", "IN:GET_TODO]", "SL:TODO]", "IN:CREATE_REMINDER]"], "predicted_tokens": ["[IN:CREATE_REMINDER", "[SL:DATE_TIME", "@ptr3", "@ptr4", "@ptr5", "SL:DATE_TIME]", "[SL:TODO", "[IN:GET_TODO", "[SL:TODO", "@ptr7", "@ptr8", "SL:TODO]", "[SL:DATE_TIME", "@ptr9", "@ptr10", "SL:DATE_TIME]", "IN:GET_TODO]", "SL:TODO]", "IN:CREATE_REMINDER]"]}
{"loss": 0.9765529036521912, "class_log_probabilities": [-1.343894124031067, -5.2551984786987305, -5.938467979431152, -6.364988327026367], "predictions": [49, 34, 396, 35, 36, 397, 398, 399, 400, 401, 402, 403, 404, 405, 37, 16, 406, 407, 408, 409, 17, 50, 4, 4, 4, 4, 4], "target_tokens": ["[IN:CREATE_REMINDER", "[SL:PERSON_REMINDED", "@ptr1", "SL:PERSON_REMINDED]", "[SL:TODO", "@ptr2", "@ptr3", "@ptr4", "@ptr5", "@ptr6", "@ptr7", "@ptr8", "@ptr9", "@ptr10", "SL:TODO]", "[SL:DATE_TIME", "@ptr11", "@ptr12", "@ptr13", "@ptr14", "SL:DATE_TIME]", "IN:CREATE_REMINDER]"], "predicted_tokens": ["[IN:CREATE_REMINDER", "[SL:PERSON_REMINDED", "@ptr1", "SL:PERSON_REMINDED]", "[SL:TODO", "@ptr2", "@ptr3", "@ptr4", "@ptr5", "@ptr6", "@ptr7", "@ptr8", "@ptr9", "@ptr10", "SL:TODO]", "[SL:DATE_TIME", "@ptr11", "@ptr12", "@ptr13", "@ptr14", "SL:DATE_TIME]", "IN:CREATE_REMINDER]"]}
{"loss": 1.2573457956314087, "class_log_probabilities": [-1.7935566902160645, -2.889758825302124, -3.222773790359497, -3.5617218017578125], "predictions": [49, 16, 398, 399, 400, 401, 17, 36, 404, 405, 406, 407, 408, 409, 410, 411, 412, 414, 37, 50, 4], "target_tokens": ["[IN:CREATE_REMINDER", "[SL:DATE_TIME", "@ptr3", "@ptr4", "@ptr5", "@ptr6", "SL:DATE_TIME]", "[SL:TODO", "@ptr10", "@ptr11", "@ptr12", "@ptr13", "@ptr14", "@ptr15", "@ptr16", "@ptr17", "@ptr18", "@ptr19", "SL:TODO]", "IN:CREATE_REMINDER]"], "predicted_tokens": ["[IN:CREATE_REMINDER", "[SL:DATE_TIME", "@ptr3", "@ptr4", "@ptr5", "@ptr6", "SL:DATE_TIME]", "[SL:TODO", "@ptr9", "@ptr10", "@ptr11", "@ptr12", "@ptr13", "@ptr14", "@ptr15", "@ptr16", "@ptr17", "@ptr19", "SL:TODO]", "IN:CREATE_REMINDER]"]}
{"loss": 0.9808667302131653, "class_log_probabilities": [-1.1750402450561523, -3.0802817344665527, -6.464538097381592, -7.715277194976807], "predictions": [49, 34, 396, 35, 36, 398, 399, 400, 401, 402, 403, 404, 37, 16, 405, 406, 407, 408, 17, 50, 4, 4], "target_tokens": ["[IN:CREATE_REMINDER", "[SL:PERSON_REMINDED", "@ptr1", "SL:PERSON_REMINDED]", "[SL:TODO", "@ptr3", "@ptr4", "@ptr5", "@ptr6", "@ptr7", "@ptr8", "@ptr9", "SL:TODO]", "[SL:DATE_TIME", "@ptr10", "@ptr11", "@ptr12", "@ptr13", "SL:DATE_TIME]", "IN:CREATE_REMINDER]"], "predicted_tokens": ["[IN:CREATE_REMINDER", "[SL:PERSON_REMINDED", "@ptr1", "SL:PERSON_REMINDED]", "[SL:TODO", "@ptr3", "@ptr4", "@ptr5", "@ptr6", "@ptr7", "@ptr8", "@ptr9", "SL:TODO]", "[SL:DATE_TIME", "@ptr10", "@ptr11", "@ptr12", "@ptr13", "SL:DATE_TIME]", "IN:CREATE_REMINDER]"]}
{"loss": 1.1399617195129395, "class_log_probabilities": [-1.1269909143447876, -5.4981608390808105, -6.019191741943359, -6.306623458862305], "predictions": [49, 34, 396, 35, 36, 398, 399, 400, 401, 402, 403, 404, 405, 37, 16, 406, 407, 408, 409, 410, 17, 50, 4, 4], "target_tokens": ["[IN:CREATE_REMINDER", "[SL:PERSON_REMINDED", "@ptr1", "SL:PERSON_REMINDED]", "[SL:TODO", "@ptr3", "@ptr4", "@ptr5", "@ptr6", "@ptr7", "@ptr8", "@ptr9", "@ptr10", "SL:TODO]", "[SL:DATE_TIME", "@ptr11", "@ptr12", "@ptr13", "@ptr14", "@ptr15", "@ptr16", "SL:DATE_TIME]", "IN:CREATE_REMINDER]"], "predicted_tokens": ["[IN:CREATE_REMINDER", "[SL:PERSON_REMINDED", "@ptr1", "SL:PERSON_REMINDED]", "[SL:TODO", "@ptr3", "@ptr4", "@ptr5", "@ptr6", "@ptr7", "@ptr8", "@ptr9", "@ptr10", "SL:TODO]", "[SL:DATE_TIME", "@ptr11", "@ptr12", "@ptr13", "@ptr14", "@ptr15", "SL:DATE_TIME]", "IN:CREATE_REMINDER]"]}
{"loss": 2.2197206020355225, "class_log_probabilities": [-3.051396608352661, -4.114292144775391, -8.68508529663086, -22.478618621826172], "predictions": [23, 10, 402, 11, 26, 4, 4, 4, 4, 4, 4, 4, 4, 4, 4, 4, 4, 4, 4, 4, 4, 4, 4, 4, 4, 4, 4, 4, 4, 4, 4, 4, 4, 4, 4, 4, 4, 4, 4, 4, 4, 4, 4, 4, 4, 4, 4, 4, 4], "target_tokens": ["[IN:CREATE_REMINDER", "[SL:TODO", "[IN:GET_TODO", "[SL:TODO", "[IN:SEND_MESSAGE", "[SL:METHOD_MESSAGE", "@ptr3", "@ptr4", "@ptr5", "SL:METHOD_MESSAGE]", "[SL:RECIPIENT", "@ptr7", "SL:RECIPIENT]", "IN:SEND_MESSAGE]", "SL:TODO]", "[SL:DATE_TIME", "@ptr8", "@ptr9", "@ptr10", "@ptr11", "SL:DATE_TIME]", "[SL:TODO", "@ptr13", "@ptr14", "@ptr15", "@ptr16", "@ptr17", "@ptr18", "@ptr19", "@ptr20", "@ptr21", "SL:TODO]", "IN:GET_TODO]", "SL:TODO]", "[SL:PERSON_REMINDED", "@ptr24", "SL:PERSON_REMINDED]", "IN:CREATE_REMINDER]"], "predicted_tokens": ["[IN:SEND_MESSAGE", "[SL:RECIPIENT", "@ptr7", "SL:RECIPIENT]", "IN:SEND_MESSAGE]"]}
{"loss": 0.9712408185005188, "class_log_probabilities": [-0.2889883518218994, -8.364928245544434, -8.57447338104248, -9.39834976196289], "predictions": [70, 71, 400, 72, 73, 4, 4, 4], "target_tokens": ["[IN:GET_CONTACT", "[SL:TYPE_RELATION", "@ptr5", "SL:TYPE_RELATION]", "IN:GET_CONTACT]"], "predicted_tokens": ["[IN:GET_CONTACT", "[SL:TYPE_RELATION", "@ptr5", "SL:TYPE_RELATION]", "IN:GET_CONTACT]"]}
{"loss": 0.9773810505867004, "class_log_probabilities": [-0.396762490272522, -7.330564498901367, -7.375858783721924, -7.443094253540039], "predictions": [70, 93, 401, 94, 71, 402, 72, 73, 4, 4, 4], "target_tokens": ["[IN:GET_CONTACT", "[SL:CONTACT_RELATED", "@ptr6", "SL:CONTACT_RELATED]", "[SL:TYPE_RELATION", "@ptr7", "SL:TYPE_RELATION]", "IN:GET_CONTACT]"], "predicted_tokens": ["[IN:GET_CONTACT", "[SL:CONTACT_RELATED", "@ptr6", "SL:CONTACT_RELATED]", "[SL:TYPE_RELATION", "@ptr7", "SL:TYPE_RELATION]", "IN:GET_CONTACT]"]}
{"loss": 1.8707590103149414, "class_log_probabilities": [-0.5238246321678162, -7.723403453826904, -8.058552742004395, -8.323126792907715], "predictions": [70, 16, 399, 400, 401, 402, 17, 73, 4, 4], "target_tokens": ["[IN:GET_CONTACT", "[SL:DATE_TIME", "@ptr5", "@ptr6", "@ptr7", "SL:DATE_TIME]", "IN:GET_CONTACT]"], "predicted_tokens": ["[IN:GET_CONTACT", "[SL:DATE_TIME", "@ptr4", "@ptr5", "@ptr6", "@ptr7", "SL:DATE_TIME]", "IN:GET_CONTACT]"]}
{"loss": 4.371663570404053, "class_log_probabilities": [-0.435211718082428, -6.38655424118042, -6.606679916381836, -6.666134834289551], "predictions": [125, 71, 400, 72, 6, 401, 7, 126, 4], "target_tokens": ["[IN:GET_CONTACT", "[SL:CONTACT_RELATED", "@ptr6", "SL:CONTACT_RELATED]", "[SL:TYPE_RELATION", "@ptr5", "SL:TYPE_RELATION]", "IN:GET_CONTACT]"], "predicted_tokens": ["[IN:GET_AGE", "[SL:TYPE_RELATION", "@ptr5", "SL:TYPE_RELATION]", "[SL:CONTACT", "@ptr6", "SL:CONTACT]", "IN:GET_AGE]"]}
{"loss": 2.096940279006958, "class_log_probabilities": [-1.4091824293136597, -5.955003261566162, -6.0775017738342285, -7.208837985992432], "predictions": [23, 10, 397, 11, 24, 399, 400, 401, 402, 25, 26, 4], "target_tokens": ["[IN:GET_CONTACT", "[SL:CONTACT_RELATED", "@ptr2", "SL:CONTACT_RELATED]", "[SL:TYPE_RELATION", "@ptr7", "SL:TYPE_RELATION]", "IN:GET_CONTACT]"], "predicted_tokens": ["[IN:SEND_MESSAGE", "[SL:RECIPIENT", "@ptr2", "SL:RECIPIENT]", "[SL:CONTENT_EXACT", "@ptr4", "@ptr5", "@ptr6", "@ptr7", "SL:CONTENT_EXACT]", "IN:SEND_MESSAGE]"]}
{"loss": 3.297995090484619, "class_log_probabilities": [-1.2016105651855469, -2.3902134895324707, -5.170365810394287, -6.7292070388793945], "predictions": [70, 71, 401, 72, 93, 403, 404, 405, 94, 73, 4, 4, 4, 4], "target_tokens": ["[IN:GET_CONTACT", "[SL:CONTACT_RELATED", "@ptr8", "@ptr9", "@ptr10", "SL:CONTACT_RELATED]", "[SL:TYPE_CONTACT", "@ptr6", "SL:TYPE_CONTACT]", "IN:GET_CONTACT]"], "predicted_tokens": ["[IN:GET_CONTACT", "[SL:TYPE_RELATION", "@ptr6", "SL:TYPE_RELATION]", "[SL:CONTACT_RELATED", "@ptr8", "@ptr9", "@ptr10", "SL:CONTACT_RELATED]", "IN:GET_CONTACT]"]}
{"loss": 2.798701047897339, "class_log_probabilities": [-0.4505348205566406, -6.082167625427246, -9.354887008666992, -13.111879348754883], "predictions": [70, 71, 397, 72, 93, 399, 94, 73, 4, 4, 4, 4, 4, 4], "target_tokens": ["[IN:GET_CONTACT", "[SL:CONTACT_RELATED", "@ptr4", "SL:CONTACT_RELATED]", "[SL:TYPE_RELATION", "@ptr2", "SL:TYPE_RELATION]", "IN:GET_CONTACT]"], "predicted_tokens": ["[IN:GET_CONTACT", "[SL:TYPE_RELATION", "@ptr2", "SL:TYPE_RELATION]", "[SL:CONTACT_RELATED", "@ptr4", "SL:CONTACT_RELATED]", "IN:GET_CONTACT]"]}
{"loss": 2.8166513442993164, "class_log_probabilities": [-2.2829551696777344, -2.6513094902038574, -3.0951900482177734, -3.908677816390991], "predictions": [70, 71, 401, 72, 93, 403, 94, 73, 4, 4, 4, 4, 4], "target_tokens": ["[IN:GET_CONTACT", "[SL:CONTACT_RELATED", "@ptr8", "@ptr9", "@ptr10", "@ptr11", "SL:CONTACT_RELATED]", "[SL:TYPE_RELATION", "@ptr6", "SL:TYPE_RELATION]", "IN:GET_CONTACT]"], "predicted_tokens": ["[IN:GET_CONTACT", "[SL:TYPE_RELATION", "@ptr6", "SL:TYPE_RELATION]", "[SL:CONTACT_RELATED", "@ptr8", "SL:CONTACT_RELATED]", "IN:GET_CONTACT]"]}
{"loss": 0.9880973100662231, "class_log_probabilities": [-0.8000550270080566, -5.018993854522705, -5.547684669494629, -6.099425315856934], "predictions": [70, 93, 400, 94, 71, 401, 72, 73, 4, 4, 4], "target_tokens": ["[IN:GET_CONTACT", "[SL:CONTACT_RELATED", "@ptr5", "SL:CONTACT_RELATED]", "[SL:TYPE_RELATION", "@ptr6", "SL:TYPE_RELATION]", "IN:GET_CONTACT]"], "predicted_tokens": ["[IN:GET_CONTACT", "[SL:CONTACT_RELATED", "@ptr5", "SL:CONTACT_RELATED]", "[SL:TYPE_RELATION", "@ptr6", "SL:TYPE_RELATION]", "IN:GET_CONTACT]"]}
{"loss": 1.8990612030029297, "class_log_probabilities": [-1.8660616874694824, -4.847059726715088, -5.345019340515137, -5.382078647613525], "predictions": [70, 71, 404, 72, 93, 406, 407, 94, 73, 4, 4, 4, 4, 4], "target_tokens": ["[IN:GET_CONTACT", "[SL:CONTACT_RELATED", "@ptr11", "@ptr12", "SL:CONTACT_RELATED]", "[SL:TYPE_RELATION", "@ptr9", "SL:TYPE_RELATION]", "IN:GET_CONTACT]"], "predicted_tokens": ["[IN:GET_CONTACT", "[SL:TYPE_RELATION", "@ptr9", "SL:TYPE_RELATION]", "[SL:CONTACT_RELATED", "@ptr11", "@ptr12", "SL:CONTACT_RELATED]", "IN:GET_CONTACT]"]}
{"loss": 2.2596070766448975, "class_log_probabilities": [-0.3729393482208252, -8.123377799987793, -8.291106224060059, -8.698304176330566], "predictions": [70, 16, 400, 401, 17, 73, 4], "target_tokens": ["[IN:GET_CONTACT", "[SL:DATE_TIME", "@ptr6", "SL:DATE_TIME]", "IN:GET_CONTACT]"], "predicted_tokens": ["[IN:GET_CONTACT", "[SL:DATE_TIME", "@ptr5", "@ptr6", "SL:DATE_TIME]", "IN:GET_CONTACT]"]}
{"loss": 1.7283883094787598, "class_log_probabilities": [-0.6248722076416016, -7.788301467895508, -8.094749450683594, -8.264605522155762], "predictions": [70, 93, 398, 94, 71, 399, 72, 16, 402, 403, 17, 73, 4], "target_tokens": ["[IN:GET_CONTACT", "[SL:CONTACT_RELATED", "@ptr3", "SL:CONTACT_RELATED]", "[SL:TYPE_RELATION", "@ptr4", "SL:TYPE_RELATION]", "[SL:DATE_TIME", "@ptr8", "SL:DATE_TIME]", "IN:GET_CONTACT]"], "predicted_tokens": ["[IN:GET_CONTACT", "[SL:CONTACT_RELATED", "@ptr3", "SL:CONTACT_RELATED]", "[SL:TYPE_RELATION", "@ptr4", "SL:TYPE_RELATION]", "[SL:DATE_TIME", "@ptr7", "@ptr8", "SL:DATE_TIME]", "IN:GET_CONTACT]"]}
{"loss": 1.8769952058792114, "class_log_probabilities": [-0.4295428395271301, -7.4529194831848145, -7.508514404296875, -8.14534854888916], "predictions": [70, 16, 401, 402, 403, 17, 73, 4, 4], "target_tokens": ["[IN:GET_CONTACT", "[SL:DATE_TIME", "@ptr7", "@ptr8", "SL:DATE_TIME]", "IN:GET_CONTACT]"], "predicted_tokens": ["[IN:GET_CONTACT", "[SL:DATE_TIME", "@ptr6", "@ptr7", "@ptr8", "SL:DATE_TIME]", "IN:GET_CONTACT]"]}
{"loss": 3.4153478145599365, "class_log_probabilities": [-0.5779426693916321, -5.940877437591553, -6.455935478210449, -7.247725009918213], "predictions": [70, 71, 399, 72, 93, 401, 402, 403, 94, 73, 4], "target_tokens": ["[IN:GET_CONTACT", "[SL:CONTACT", "@ptr6", "@ptr7", "@ptr8", "SL:CONTACT]", "[SL:TYPE_RELATION", "@ptr4", "SL:TYPE_RELATION]", "IN:GET_CONTACT]"], "predicted_tokens": ["[IN:GET_CONTACT", "[SL:TYPE_RELATION", "@ptr4", "SL:TYPE_RELATION]", "[SL:CONTACT_RELATED", "@ptr6", "@ptr7", "@ptr8", "SL:CONTACT_RELATED]", "IN:GET_CONTACT]"]}
{"loss": 3.5113730430603027, "class_log_probabilities": [-0.4566914439201355, -6.473964214324951, -7.4653096199035645, -8.038806915283203], "predictions": [70, 71, 398, 72, 6, 400, 7, 73, 4], "target_tokens": ["[IN:GET_CONTACT", "[SL:CONTACT", "@ptr5", "SL:CONTACT]", "[SL:TYPE_RELATION", "@ptr3", "SL:TYPE_RELATION]", "IN:GET_CONTACT]"], "predicted_tokens": ["[IN:GET_CONTACT", "[SL:TYPE_RELATION", "@ptr3", "SL:TYPE_RELATION]", "[SL:CONTACT", "@ptr5", "SL:CONTACT]", "IN:GET_CONTACT]"]}
{"loss": 0.9743550419807434, "class_log_probabilities": [-0.2885797917842865, -7.737209320068359, -8.04897689819336, -8.162993431091309], "predictions": [137, 6, 399, 7, 140, 4], "target_tokens": ["[IN:GET_EMPLOYER", "[SL:CONTACT", "@ptr4", "SL:CONTACT]", "IN:GET_EMPLOYER]"], "predicted_tokens": ["[IN:GET_EMPLOYER", "[SL:CONTACT", "@ptr4", "SL:CONTACT]", "IN:GET_EMPLOYER]"]}
{"loss": 0.976385772228241, "class_log_probabilities": [-0.42022696137428284, -7.0500617027282715, -7.591935634613037, -8.227789878845215], "predictions": [137, 6, 396, 7, 138, 400, 139, 140, 4, 4, 4], "target_tokens": ["[IN:GET_EMPLOYER", "[SL:CONTACT", "@ptr1", "SL:CONTACT]", "[SL:EMPLOYER", "@ptr5", "SL:EMPLOYER]", "IN:GET_EMPLOYER]"], "predicted_tokens": ["[IN:GET_EMPLOYER", "[SL:CONTACT", "@ptr1", "SL:CONTACT]", "[SL:EMPLOYER", "@ptr5", "SL:EMPLOYER]", "IN:GET_EMPLOYER]"]}
{"loss": 0.9725324511528015, "class_log_probabilities": [-0.2913496494293213, -7.882755756378174, -8.31299114227295, -8.354692459106445], "predictions": [137, 6, 399, 7, 140, 4], "target_tokens": ["[IN:GET_EMPLOYER", "[SL:CONTACT", "@ptr4", "SL:CONTACT]", "IN:GET_EMPLOYER]"], "predicted_tokens": ["[IN:GET_EMPLOYER", "[SL:CONTACT", "@ptr4", "SL:CONTACT]", "IN:GET_EMPLOYER]"]}
{"loss": 0.9731590747833252, "class_log_probabilities": [-0.4456474781036377, -7.9632697105407715, -8.079607963562012, -8.099611282348633], "predictions": [137, 6, 396, 7, 138, 400, 139, 140, 4], "target_tokens": ["[IN:GET_EMPLOYER", "[SL:CONTACT", "@ptr1", "SL:CONTACT]", "[SL:EMPLOYER", "@ptr5", "SL:EMPLOYER]", "IN:GET_EMPLOYER]"], "predicted_tokens": ["[IN:GET_EMPLOYER", "[SL:CONTACT", "@ptr1", "SL:CONTACT]", "[SL:EMPLOYER", "@ptr5", "SL:EMPLOYER]", "IN:GET_EMPLOYER]"]}
{"loss": 2.9117820262908936, "class_log_probabilities": [-0.49342408776283264, -3.869572401046753, -6.2976884841918945, -6.6644673347473145], "predictions": [70, 6, 402, 7, 73, 4], "target_tokens": ["[IN:GET_EMPLOYER", "[SL:CONTACT", "@ptr7", "SL:CONTACT]", "IN:GET_EMPLOYER]"], "predicted_tokens": ["[IN:GET_CONTACT", "[SL:CONTACT", "@ptr7", "SL:CONTACT]", "IN:GET_CONTACT]"]}
{"loss": 2.2784979343414307, "class_log_probabilities": [-1.2243072986602783, -2.132601022720337, -2.730175495147705, -3.497114419937134], "predictions": [137, 6, 396, 7, 138, 400, 139, 140, 4], "target_tokens": ["[IN:GET_EMPLOYER", "[SL:CONTACT", "@ptr1", "SL:CONTACT]", "[SL:EMPLOYER", "@ptr5", "SL:EMPLOYER]", "[SL:DATE_TIME", "@ptr3", "SL:DATE_TIME]", "IN:GET_EMPLOYER]"], "predicted_tokens": ["[IN:GET_EMPLOYER", "[SL:CONTACT", "@ptr1", "SL:CONTACT]", "[SL:EMPLOYER", "@ptr5", "SL:EMPLOYER]", "IN:GET_EMPLOYER]"]}
{"loss": 0.9748100638389587, "class_log_probabilities": [-0.4318927526473999, -7.129939556121826, -7.326571941375732, -7.980682373046875], "predictions": [137, 6, 396, 7, 138, 401, 139, 140, 4], "target_tokens": ["[IN:GET_EMPLOYER", "[SL:CONTACT", "@ptr1", "SL:CONTACT]", "[SL:EMPLOYER", "@ptr6", "SL:EMPLOYER]", "IN:GET_EMPLOYER]"], "predicted_tokens": ["[IN:GET_EMPLOYER", "[SL:CONTACT", "@ptr1", "SL:CONTACT]", "[SL:EMPLOYER", "@ptr6", "SL:EMPLOYER]", "IN:GET_EMPLOYER]"]}
{"loss": 0.9727508425712585, "class_log_probabilities": [-0.30278992652893066, -6.249968528747559, -7.652133941650391, -8.146087646484375], "predictions": [137, 6, 398, 7, 140, 4], "target_tokens": ["[IN:GET_EMPLOYER", "[SL:CONTACT", "@ptr3", "SL:CONTACT]", "IN:GET_EMPLOYER]"], "predicted_tokens": ["[IN:GET_EMPLOYER", "[SL:CONTACT", "@ptr3", "SL:CONTACT]", "IN:GET_EMPLOYER]"]}
{"loss": 0.9739518165588379, "class_log_probabilities": [-0.286855548620224, -8.051656723022461, -8.36523151397705, -8.406688690185547], "predictions": [137, 6, 400, 7, 140, 4], "target_tokens": ["[IN:GET_EMPLOYER", "[SL:CONTACT", "@ptr5", "SL:CONTACT]", "IN:GET_EMPLOYER]"], "predicted_tokens": ["[IN:GET_EMPLOYER", "[SL:CONTACT", "@ptr5", "SL:CONTACT]", "IN:GET_EMPLOYER]"]}
{"loss": 0.9724052548408508, "class_log_probabilities": [-0.5019766092300415, -7.451946258544922, -8.011486053466797, -8.019425392150879], "predictions": [137, 6, 396, 7, 138, 400, 401, 139, 140, 4], "target_tokens": ["[IN:GET_EMPLOYER", "[SL:CONTACT", "@ptr1", "SL:CONTACT]", "[SL:EMPLOYER", "@ptr5", "@ptr6", "SL:EMPLOYER]", "IN:GET_EMPLOYER]"], "predicted_tokens": ["[IN:GET_EMPLOYER", "[SL:CONTACT", "@ptr1", "SL:CONTACT]", "[SL:EMPLOYER", "@ptr5", "@ptr6", "SL:EMPLOYER]", "IN:GET_EMPLOYER]"]}
{"loss": 0.9747402667999268, "class_log_probabilities": [-0.43203845620155334, -8.008074760437012, -8.087506294250488, -8.198867797851562], "predictions": [137, 6, 396, 7, 138, 399, 139, 140, 4], "target_tokens": ["[IN:GET_EMPLOYER", "[SL:CONTACT", "@ptr1", "SL:CONTACT]", "[SL:EMPLOYER", "@ptr4", "SL:EMPLOYER]", "IN:GET_EMPLOYER]"], "predicted_tokens": ["[IN:GET_EMPLOYER", "[SL:CONTACT", "@ptr1", "SL:CONTACT]", "[SL:EMPLOYER", "@ptr4", "SL:EMPLOYER]", "IN:GET_EMPLOYER]"]}
{"loss": 4.400394439697266, "class_log_probabilities": [-0.865689754486084, -4.121508598327637, -4.420631408691406, -4.811049461364746], "predictions": [147, 257, 400, 258, 150, 4], "target_tokens": ["[IN:GET_EMPLOYER", "[SL:CONTACT", "@ptr5", "SL:CONTACT]", "IN:GET_EMPLOYER]"], "predicted_tokens": ["[IN:GET_EDUCATION_TIME", "[SL:SCHOOL", "@ptr5", "SL:SCHOOL]", "IN:GET_EDUCATION_TIME]"]}
{"loss": 0.995126485824585, "class_log_probabilities": [-0.3780169188976288, -6.729539394378662, -7.266712665557861, -7.605030059814453], "predictions": [147, 6, 400, 7, 257, 404, 258, 150, 4], "target_tokens": ["[IN:GET_EDUCATION_TIME", "[SL:CONTACT", "@ptr5", "SL:CONTACT]", "[SL:SCHOOL", "@ptr9", "SL:SCHOOL]", "IN:GET_EDUCATION_TIME]"], "predicted_tokens": ["[IN:GET_EDUCATION_TIME", "[SL:CONTACT", "@ptr5", "SL:CONTACT]", "[SL:SCHOOL", "@ptr9", "SL:SCHOOL]", "IN:GET_EDUCATION_TIME]"]}
{"loss": 0.9650281071662903, "class_log_probabilities": [-0.3771069347858429, -6.434234142303467, -8.539376258850098, -8.61701774597168], "predictions": [70, 16, 399, 400, 17, 73, 4], "target_tokens": ["[IN:GET_CONTACT", "[SL:DATE_TIME", "@ptr4", "@ptr5", "SL:DATE_TIME]", "IN:GET_CONTACT]"], "predicted_tokens": ["[IN:GET_CONTACT", "[SL:DATE_TIME", "@ptr4", "@ptr5", "SL:DATE_TIME]", "IN:GET_CONTACT]"]}
{"loss": 2.4589614868164062, "class_log_probabilities": [-3.4507970809936523, -3.6584079265594482, -4.060118675231934, -5.000404357910156], "predictions": [70, 138, 402, 403, 404, 405, 139, 138, 402, 403, 404, 405, 139, 73, 4, 4], "target_tokens": ["[IN:GET_CONTACT", "[SL:EMPLOYER", "@ptr12", "@ptr13", "@ptr14", "SL:EMPLOYER]", "IN:GET_CONTACT]"], "predicted_tokens": ["[IN:GET_CONTACT", "[SL:EMPLOYER", "@ptr7", "@ptr8", "@ptr9", "@ptr10", "SL:EMPLOYER]", "[SL:EMPLOYER", "@ptr7", "@ptr8", "@ptr9", "@ptr10", "SL:EMPLOYER]", "IN:GET_CONTACT]"]}
{"loss": 0.9767262935638428, "class_log_probabilities": [-0.4127959907054901, -7.956013202667236, -8.120838165283203, -8.142865180969238], "predictions": [137, 6, 396, 7, 138, 399, 139, 140, 4], "target_tokens": ["[IN:GET_EMPLOYER", "[SL:CONTACT", "@ptr1", "SL:CONTACT]", "[SL:EMPLOYER", "@ptr4", "SL:EMPLOYER]", "IN:GET_EMPLOYER]"], "predicted_tokens": ["[IN:GET_EMPLOYER", "[SL:CONTACT", "@ptr1", "SL:CONTACT]", "[SL:EMPLOYER", "@ptr4", "SL:EMPLOYER]", "IN:GET_EMPLOYER]"]}
{"loss": 0.9690518975257874, "class_log_probabilities": [-0.3016189634799957, -7.745361328125, -7.80844259262085, -8.044950485229492], "predictions": [70, 138, 400, 139, 73, 4, 4, 4], "target_tokens": ["[IN:GET_CONTACT", "[SL:EMPLOYER", "@ptr5", "SL:EMPLOYER]", "IN:GET_CONTACT]"], "predicted_tokens": ["[IN:GET_CONTACT", "[SL:EMPLOYER", "@ptr5", "SL:EMPLOYER]", "IN:GET_CONTACT]"]}
{"loss": 0.9684783816337585, "class_log_probabilities": [-0.3144846260547638, -7.982259750366211, -8.012252807617188, -8.06351089477539], "predictions": [70, 138, 403, 139, 73, 4, 4, 4], "target_tokens": ["[IN:GET_CONTACT", "[SL:EMPLOYER", "@ptr8", "SL:EMPLOYER]", "IN:GET_CONTACT]"], "predicted_tokens": ["[IN:GET_CONTACT", "[SL:EMPLOYER", "@ptr8", "SL:EMPLOYER]", "IN:GET_CONTACT]"]}
{"loss": 0.9692821502685547, "class_log_probabilities": [-0.3131898045539856, -7.170797348022461, -7.590818881988525, -7.7613725662231445], "predictions": [70, 138, 400, 139, 73, 4], "target_tokens": ["[IN:GET_CONTACT", "[SL:EMPLOYER", "@ptr5", "SL:EMPLOYER]", "IN:GET_CONTACT]"], "predicted_tokens": ["[IN:GET_CONTACT", "[SL:EMPLOYER", "@ptr5", "SL:EMPLOYER]", "IN:GET_CONTACT]"]}
{"loss": 0.9698980450630188, "class_log_probabilities": [-0.34735652804374695, -7.1895647048950195, -7.726229667663574, -7.729052543640137], "predictions": [70, 138, 399, 400, 139, 73, 4], "target_tokens": ["[IN:GET_CONTACT", "[SL:EMPLOYER", "@ptr4", "@ptr5", "SL:EMPLOYER]", "IN:GET_CONTACT]"], "predicted_tokens": ["[IN:GET_CONTACT", "[SL:EMPLOYER", "@ptr4", "@ptr5", "SL:EMPLOYER]", "IN:GET_CONTACT]"]}
{"loss": 0.9679641723632812, "class_log_probabilities": [-0.4492366909980774, -4.641310214996338, -5.709690093994141, -5.842961311340332], "predictions": [70, 138, 400, 139, 73, 4], "target_tokens": ["[IN:GET_CONTACT", "[SL:EMPLOYER", "@ptr5", "SL:EMPLOYER]", "IN:GET_CONTACT]"], "predicted_tokens": ["[IN:GET_CONTACT", "[SL:EMPLOYER", "@ptr5", "SL:EMPLOYER]", "IN:GET_CONTACT]"]}
{"loss": 0.9682217836380005, "class_log_probabilities": [-0.4789312481880188, -6.138906955718994, -7.241344928741455, -7.481535911560059], "predictions": [70, 138, 401, 402, 403, 404, 139, 73, 4], "target_tokens": ["[IN:GET_CONTACT", "[SL:EMPLOYER", "@ptr6", "@ptr7", "@ptr8", "@ptr9", "SL:EMPLOYER]", "IN:GET_CONTACT]"], "predicted_tokens": ["[IN:GET_CONTACT", "[SL:EMPLOYER", "@ptr6", "@ptr7", "@ptr8", "@ptr9", "SL:EMPLOYER]", "IN:GET_CONTACT]"]}
{"loss": 0.9693927764892578, "class_log_probabilities": [-0.2999853789806366, -7.834312915802002, -7.910632610321045, -8.219256401062012], "predictions": [70, 138, 400, 139, 73, 4, 4, 4], "target_tokens": ["[IN:GET_CONTACT", "[SL:EMPLOYER", "@ptr5", "SL:EMPLOYER]", "IN:GET_CONTACT]"], "predicted_tokens": ["[IN:GET_CONTACT", "[SL:EMPLOYER", "@ptr5", "SL:EMPLOYER]", "IN:GET_CONTACT]"]}
{"loss": 0.9699140787124634, "class_log_probabilities": [-0.5099483728408813, -7.254563331604004, -7.419678688049316, -7.509731292724609], "predictions": [70, 138, 401, 402, 403, 404, 405, 139, 73, 4], "target_tokens": ["[IN:GET_CONTACT", "[SL:EMPLOYER", "@ptr6", "@ptr7", "@ptr8", "@ptr9", "@ptr10", "SL:EMPLOYER]", "IN:GET_CONTACT]"], "predicted_tokens": ["[IN:GET_CONTACT", "[SL:EMPLOYER", "@ptr6", "@ptr7", "@ptr8", "@ptr9", "@ptr10", "SL:EMPLOYER]", "IN:GET_CONTACT]"]}
{"loss": 0.966553807258606, "class_log_probabilities": [-0.4307260513305664, -7.279476165771484, -7.472357273101807, -7.638007640838623], "predictions": [70, 138, 399, 400, 401, 139, 73, 4, 4], "target_tokens": ["[IN:GET_CONTACT", "[SL:EMPLOYER", "@ptr4", "@ptr5", "@ptr6", "SL:EMPLOYER]", "IN:GET_CONTACT]"], "predicted_tokens": ["[IN:GET_CONTACT", "[SL:EMPLOYER", "@ptr4", "@ptr5", "@ptr6", "SL:EMPLOYER]", "IN:GET_CONTACT]"]}
{"loss": 0.9692151546478271, "class_log_probabilities": [-0.4061756134033203, -7.126784801483154, -7.4870452880859375, -7.625061511993408], "predictions": [70, 138, 401, 402, 403, 139, 73, 4], "target_tokens": ["[IN:GET_CONTACT", "[SL:EMPLOYER", "@ptr6", "@ptr7", "@ptr8", "SL:EMPLOYER]", "IN:GET_CONTACT]"], "predicted_tokens": ["[IN:GET_CONTACT", "[SL:EMPLOYER", "@ptr6", "@ptr7", "@ptr8", "SL:EMPLOYER]", "IN:GET_CONTACT]"]}
{"loss": 0.969200849533081, "class_log_probabilities": [-0.3035605549812317, -7.867793083190918, -8.076200485229492, -8.120152473449707], "predictions": [70, 138, 399, 139, 73, 4, 4, 4], "target_tokens": ["[IN:GET_CONTACT", "[SL:EMPLOYER", "@ptr4", "SL:EMPLOYER]", "IN:GET_CONTACT]"], "predicted_tokens": ["[IN:GET_CONTACT", "[SL:EMPLOYER", "@ptr4", "SL:EMPLOYER]", "IN:GET_CONTACT]"]}
{"loss": 0.9662004709243774, "class_log_probabilities": [-0.430411159992218, -7.075652122497559, -7.228081703186035, -7.514842987060547], "predictions": [70, 138, 399, 400, 401, 139, 73, 4, 4], "target_tokens": ["[IN:GET_CONTACT", "[SL:EMPLOYER", "@ptr4", "@ptr5", "@ptr6", "SL:EMPLOYER]", "IN:GET_CONTACT]"], "predicted_tokens": ["[IN:GET_CONTACT", "[SL:EMPLOYER", "@ptr4", "@ptr5", "@ptr6", "SL:EMPLOYER]", "IN:GET_CONTACT]"]}
{"loss": 0.9766190648078918, "class_log_probabilities": [-0.2881673574447632, -7.023647308349609, -7.8942670822143555, -8.089444160461426], "predictions": [70, 138, 397, 139, 73, 4], "target_tokens": ["[IN:GET_CONTACT", "[SL:EMPLOYER", "@ptr2", "SL:EMPLOYER]", "IN:GET_CONTACT]"], "predicted_tokens": ["[IN:GET_CONTACT", "[SL:EMPLOYER", "@ptr2", "SL:EMPLOYER]", "IN:GET_CONTACT]"]}
{"loss": 0.9842702150344849, "class_log_probabilities": [-0.7399568557739258, -2.4592716693878174, -6.5631890296936035, -6.781134605407715], "predictions": [70, 71, 396, 72, 138, 401, 139, 73, 4, 4], "target_tokens": ["[IN:GET_CONTACT", "[SL:TYPE_RELATION", "@ptr1", "SL:TYPE_RELATION]", "[SL:EMPLOYER", "@ptr6", "SL:EMPLOYER]", "IN:GET_CONTACT]"], "predicted_tokens": ["[IN:GET_CONTACT", "[SL:TYPE_RELATION", "@ptr1", "SL:TYPE_RELATION]", "[SL:EMPLOYER", "@ptr6", "SL:EMPLOYER]", "IN:GET_CONTACT]"]}
{"loss": 2.57979679107666, "class_log_probabilities": [-1.3866571187973022, -3.1917879581451416, -4.035760402679443, -4.668979644775391], "predictions": [70, 71, 397, 72, 93, 398, 94, 98, 401, 99, 257, 403, 258, 73, 4], "target_tokens": ["[IN:GET_CONTACT", "[SL:LIFE_EVENT", "@ptr6", "SL:LIFE_EVENT]", "[SL:SCHOOL", "@ptr8", "SL:SCHOOL]", "IN:GET_CONTACT]"], "predicted_tokens": ["[IN:GET_CONTACT", "[SL:TYPE_RELATION", "@ptr2", "SL:TYPE_RELATION]", "[SL:CONTACT_RELATED", "@ptr3", "SL:CONTACT_RELATED]", "[SL:LIFE_EVENT", "@ptr6", "SL:LIFE_EVENT]", "[SL:SCHOOL", "@ptr8", "SL:SCHOOL]", "IN:GET_CONTACT]"]}
{"loss": 0.9801647067070007, "class_log_probabilities": [-0.5497516393661499, -7.03522253036499, -7.584722518920898, -7.647489070892334], "predictions": [70, 93, 398, 94, 71, 399, 72, 257, 402, 258, 73, 4], "target_tokens": ["[IN:GET_CONTACT", "[SL:CONTACT_RELATED", "@ptr3", "SL:CONTACT_RELATED]", "[SL:TYPE_RELATION", "@ptr4", "SL:TYPE_RELATION]", "[SL:SCHOOL", "@ptr7", "SL:SCHOOL]", "IN:GET_CONTACT]"], "predicted_tokens": ["[IN:GET_CONTACT", "[SL:CONTACT_RELATED", "@ptr3", "SL:CONTACT_RELATED]", "[SL:TYPE_RELATION", "@ptr4", "SL:TYPE_RELATION]", "[SL:SCHOOL", "@ptr7", "SL:SCHOOL]", "IN:GET_CONTACT]"]}
{"loss": 0.9806237816810608, "class_log_probabilities": [-0.2888050675392151, -4.863672733306885, -7.530284881591797, -7.546745300292969], "predictions": [70, 257, 404, 258, 73, 4, 4], "target_tokens": ["[IN:GET_CONTACT", "[SL:SCHOOL", "@ptr9", "SL:SCHOOL]", "IN:GET_CONTACT]"], "predicted_tokens": ["[IN:GET_CONTACT", "[SL:SCHOOL", "@ptr9", "SL:SCHOOL]", "IN:GET_CONTACT]"]}
{"loss": 0.9804618954658508, "class_log_probabilities": [-0.26411405205726624, -6.998623371124268, -7.712818145751953, -7.715152263641357], "predictions": [70, 257, 401, 258, 73, 4, 4, 4], "target_tokens": ["[IN:GET_CONTACT", "[SL:SCHOOL", "@ptr6", "SL:SCHOOL]", "IN:GET_CONTACT]"], "predicted_tokens": ["[IN:GET_CONTACT", "[SL:SCHOOL", "@ptr6", "SL:SCHOOL]", "IN:GET_CONTACT]"]}
{"loss": 1.8213435411453247, "class_log_probabilities": [-0.4556299149990082, -5.544247627258301, -6.016462326049805, -6.7131667137146], "predictions": [70, 98, 399, 99, 257, 401, 258, 73, 4], "target_tokens": ["[IN:GET_CONTACT", "[SL:SCHOOL", "@ptr6", "SL:SCHOOL]", "IN:GET_CONTACT]"], "predicted_tokens": ["[IN:GET_CONTACT", "[SL:LIFE_EVENT", "@ptr4", "SL:LIFE_EVENT]", "[SL:SCHOOL", "@ptr6", "SL:SCHOOL]", "IN:GET_CONTACT]"]}
{"loss": 1.2711209058761597, "class_log_probabilities": [-0.7351077198982239, -2.7404158115386963, -5.508598804473877, -6.457547187805176], "predictions": [70, 6, 399, 7, 73, 4], "target_tokens": ["[IN:GET_CONTACT", "[SL:SCHOOL", "@ptr4", "SL:SCHOOL]", "IN:GET_CONTACT]"], "predicted_tokens": ["[IN:GET_CONTACT", "[SL:CONTACT", "@ptr4", "SL:CONTACT]", "IN:GET_CONTACT]"]}
{"loss": 2.0381155014038086, "class_log_probabilities": [-0.3827890157699585, -6.37817907333374, -6.985932350158691, -7.804750442504883], "predictions": [70, 98, 398, 99, 257, 400, 258, 73, 4], "target_tokens": ["[IN:GET_CONTACT", "[SL:SCHOOL", "@ptr5", "SL:SCHOOL]", "IN:GET_CONTACT]"], "predicted_tokens": ["[IN:GET_CONTACT", "[SL:LIFE_EVENT", "@ptr3", "SL:LIFE_EVENT]", "[SL:SCHOOL", "@ptr5", "SL:SCHOOL]", "IN:GET_CONTACT]"]}
{"loss": 0.9799935817718506, "class_log_probabilities": [-0.592802107334137, -6.725265979766846, -6.756495475769043, -7.321398735046387], "predictions": [70, 93, 402, 94, 71, 403, 72, 257, 406, 258, 73, 4], "target_tokens": ["[IN:GET_CONTACT", "[SL:CONTACT_RELATED", "@ptr7", "SL:CONTACT_RELATED]", "[SL:TYPE_RELATION", "@ptr8", "SL:TYPE_RELATION]", "[SL:SCHOOL", "@ptr11", "SL:SCHOOL]", "IN:GET_CONTACT]"], "predicted_tokens": ["[IN:GET_CONTACT", "[SL:CONTACT_RELATED", "@ptr7", "SL:CONTACT_RELATED]", "[SL:TYPE_RELATION", "@ptr8", "SL:TYPE_RELATION]", "[SL:SCHOOL", "@ptr11", "SL:SCHOOL]", "IN:GET_CONTACT]"]}
{"loss": 0.9819385409355164, "class_log_probabilities": [-0.2653122544288635, -7.468803882598877, -8.063101768493652, -8.122123718261719], "predictions": [70, 257, 400, 258, 73, 4, 4, 4, 4], "target_tokens": ["[IN:GET_CONTACT", "[SL:SCHOOL", "@ptr5", "SL:SCHOOL]", "IN:GET_CONTACT]"], "predicted_tokens": ["[IN:GET_CONTACT", "[SL:SCHOOL", "@ptr5", "SL:SCHOOL]", "IN:GET_CONTACT]"]}
{"loss": 1.0631741285324097, "class_log_probabilities": [-1.4010156393051147, -1.5100117921829224, -4.058652877807617, -5.247758865356445], "predictions": [70, 257, 404, 405, 258, 73, 4], "target_tokens": ["[IN:GET_CONTACT", "[SL:SCHOOL", "@ptr9", "@ptr10", "SL:SCHOOL]", "IN:GET_CONTACT]"], "predicted_tokens": ["[IN:GET_CONTACT", "[SL:SCHOOL", "@ptr9", "@ptr10", "SL:SCHOOL]", "IN:GET_CONTACT]"]}
{"loss": 0.9794086813926697, "class_log_probabilities": [-0.5798971652984619, -7.668242454528809, -7.749009132385254, -8.310029029846191], "predictions": [70, 93, 398, 94, 71, 399, 72, 257, 403, 404, 258, 73, 4], "target_tokens": ["[IN:GET_CONTACT", "[SL:CONTACT_RELATED", "@ptr3", "SL:CONTACT_RELATED]", "[SL:TYPE_RELATION", "@ptr4", "SL:TYPE_RELATION]", "[SL:SCHOOL", "@ptr8", "@ptr9", "SL:SCHOOL]", "IN:GET_CONTACT]"], "predicted_tokens": ["[IN:GET_CONTACT", "[SL:CONTACT_RELATED", "@ptr3", "SL:CONTACT_RELATED]", "[SL:TYPE_RELATION", "@ptr4", "SL:TYPE_RELATION]", "[SL:SCHOOL", "@ptr8", "@ptr9", "SL:SCHOOL]", "IN:GET_CONTACT]"]}
{"loss": 0.9800882339477539, "class_log_probabilities": [-0.5514656901359558, -6.927364349365234, -7.64562463760376, -7.716798782348633], "predictions": [70, 93, 398, 94, 71, 399, 72, 257, 402, 258, 73, 4], "target_tokens": ["[IN:GET_CONTACT", "[SL:CONTACT_RELATED", "@ptr3", "SL:CONTACT_RELATED]", "[SL:TYPE_RELATION", "@ptr4", "SL:TYPE_RELATION]", "[SL:SCHOOL", "@ptr7", "SL:SCHOOL]", "IN:GET_CONTACT]"], "predicted_tokens": ["[IN:GET_CONTACT", "[SL:CONTACT_RELATED", "@ptr3", "SL:CONTACT_RELATED]", "[SL:TYPE_RELATION", "@ptr4", "SL:TYPE_RELATION]", "[SL:SCHOOL", "@ptr7", "SL:SCHOOL]", "IN:GET_CONTACT]"]}
{"loss": 0.9796657562255859, "class_log_probabilities": [-0.5380457639694214, -7.348940849304199, -7.841042518615723, -7.9592061042785645], "predictions": [70, 93, 398, 94, 71, 399, 72, 257, 402, 258, 73, 4], "target_tokens": ["[IN:GET_CONTACT", "[SL:CONTACT_RELATED", "@ptr3", "SL:CONTACT_RELATED]", "[SL:TYPE_RELATION", "@ptr4", "SL:TYPE_RELATION]", "[SL:SCHOOL", "@ptr7", "SL:SCHOOL]", "IN:GET_CONTACT]"], "predicted_tokens": ["[IN:GET_CONTACT", "[SL:CONTACT_RELATED", "@ptr3", "SL:CONTACT_RELATED]", "[SL:TYPE_RELATION", "@ptr4", "SL:TYPE_RELATION]", "[SL:SCHOOL", "@ptr7", "SL:SCHOOL]", "IN:GET_CONTACT]"]}
{"loss": 0.9808505177497864, "class_log_probabilities": [-0.6200701594352722, -6.716655731201172, -7.696709632873535, -7.7878265380859375], "predictions": [70, 93, 398, 94, 71, 399, 72, 257, 403, 404, 405, 258, 73, 4, 4], "target_tokens": ["[IN:GET_CONTACT", "[SL:CONTACT_RELATED", "@ptr3", "SL:CONTACT_RELATED]", "[SL:TYPE_RELATION", "@ptr4", "SL:TYPE_RELATION]", "[SL:SCHOOL", "@ptr8", "@ptr9", "@ptr10", "SL:SCHOOL]", "IN:GET_CONTACT]"], "predicted_tokens": ["[IN:GET_CONTACT", "[SL:CONTACT_RELATED", "@ptr3", "SL:CONTACT_RELATED]", "[SL:TYPE_RELATION", "@ptr4", "SL:TYPE_RELATION]", "[SL:SCHOOL", "@ptr8", "@ptr9", "@ptr10", "SL:SCHOOL]", "IN:GET_CONTACT]"]}
{"loss": 3.0797247886657715, "class_log_probabilities": [-0.7129581570625305, -3.971158981323242, -5.204824447631836, -7.073627471923828], "predictions": [70, 71, 399, 400, 72, 93, 402, 94, 73, 4, 4], "target_tokens": ["[IN:GET_CONTACT", "[SL:CONTACT_RELATED", "@ptr7", "SL:CONTACT_RELATED]", "[SL:TYPE_RELATION", "@ptr5", "SL:TYPE_RELATION]", "IN:GET_CONTACT]"], "predicted_tokens": ["[IN:GET_CONTACT", "[SL:TYPE_RELATION", "@ptr4", "@ptr5", "SL:TYPE_RELATION]", "[SL:CONTACT_RELATED", "@ptr7", "SL:CONTACT_RELATED]", "IN:GET_CONTACT]"]}
{"loss": 3.193052053451538, "class_log_probabilities": [-0.4506165385246277, -5.924874782562256, -6.892993927001953, -8.769305229187012], "predictions": [70, 71, 398, 72, 93, 400, 94, 73, 4, 4, 4], "target_tokens": ["[IN:GET_CONTACT", "[SL:CONTACT_RELATED", "@ptr5", "SL:CONTACT_RELATED]", "[SL:TYPE_RELATION", "@ptr3", "SL:TYPE_RELATION]", "IN:GET_CONTACT]"], "predicted_tokens": ["[IN:GET_CONTACT", "[SL:TYPE_RELATION", "@ptr3", "SL:TYPE_RELATION]", "[SL:CONTACT_RELATED", "@ptr5", "SL:CONTACT_RELATED]", "IN:GET_CONTACT]"]}
{"loss": 0.9686606526374817, "class_log_probabilities": [-0.49848508834838867, -6.2009453773498535, -7.949512958526611, -8.386154174804688], "predictions": [70, 71, 398, 72, 93, 400, 94, 73, 4, 4, 4], "target_tokens": ["[IN:GET_CONTACT", "[SL:TYPE_RELATION", "@ptr3", "SL:TYPE_RELATION]", "[SL:CONTACT_RELATED", "@ptr5", "SL:CONTACT_RELATED]", "IN:GET_CONTACT]"], "predicted_tokens": ["[IN:GET_CONTACT", "[SL:TYPE_RELATION", "@ptr3", "SL:TYPE_RELATION]", "[SL:CONTACT_RELATED", "@ptr5", "SL:CONTACT_RELATED]", "IN:GET_CONTACT]"]}
{"loss": 0.9688398838043213, "class_log_probabilities": [-0.5009248852729797, -6.245936870574951, -7.802427291870117, -8.345489501953125], "predictions": [70, 71, 398, 72, 93, 400, 94, 73, 4, 4, 4], "target_tokens": ["[IN:GET_CONTACT", "[SL:TYPE_RELATION", "@ptr3", "SL:TYPE_RELATION]", "[SL:CONTACT_RELATED", "@ptr5", "SL:CONTACT_RELATED]", "IN:GET_CONTACT]"], "predicted_tokens": ["[IN:GET_CONTACT", "[SL:TYPE_RELATION", "@ptr3", "SL:TYPE_RELATION]", "[SL:CONTACT_RELATED", "@ptr5", "SL:CONTACT_RELATED]", "IN:GET_CONTACT]"]}
{"loss": 0.9949846267700195, "class_log_probabilities": [-0.5355228781700134, -6.348321914672852, -6.475733757019043, -6.537669658660889], "predictions": [239, 93, 396, 94, 93, 398, 94, 71, 402, 72, 240, 4], "target_tokens": ["[IN:GET_MUTUAL_FRIENDS", "[SL:CONTACT_RELATED", "@ptr1", "SL:CONTACT_RELATED]", "[SL:CONTACT_RELATED", "@ptr3", "SL:CONTACT_RELATED]", "[SL:TYPE_RELATION", "@ptr7", "SL:TYPE_RELATION]", "IN:GET_MUTUAL_FRIENDS]"], "predicted_tokens": ["[IN:GET_MUTUAL_FRIENDS", "[SL:CONTACT_RELATED", "@ptr1", "SL:CONTACT_RELATED]", "[SL:CONTACT_RELATED", "@ptr3", "SL:CONTACT_RELATED]", "[SL:TYPE_RELATION", "@ptr7", "SL:TYPE_RELATION]", "IN:GET_MUTUAL_FRIENDS]"]}
{"loss": 3.6152901649475098, "class_log_probabilities": [-0.7554793357849121, -3.5503573417663574, -4.696369647979736, -5.615429401397705], "predictions": [70, 71, 398, 72, 93, 400, 94, 73, 4, 4], "target_tokens": ["[IN:GET_CONTACT", "[SL:CONTACT_RELATED", "@ptr4", "@ptr5", "SL:CONTACT_RELATED]", "[SL:TYPE_RELATION", "@ptr3", "SL:TYPE_RELATION]", "IN:GET_CONTACT]"], "predicted_tokens": ["[IN:GET_CONTACT", "[SL:TYPE_RELATION", "@ptr3", "SL:TYPE_RELATION]", "[SL:CONTACT_RELATED", "@ptr5", "SL:CONTACT_RELATED]", "IN:GET_CONTACT]"]}
{"loss": 3.187577486038208, "class_log_probabilities": [-0.9987290501594543, -1.6734708547592163, -7.696561336517334, -7.6985650062561035], "predictions": [70, 71, 400, 72, 93, 401, 94, 73, 4], "target_tokens": ["[IN:GET_CONTACT", "[SL:CONTACT_RELATED", "@ptr6", "SL:CONTACT_RELATED]", "[SL:TYPE_RELATION", "@ptr4", "SL:TYPE_RELATION]", "IN:GET_CONTACT]"], "predicted_tokens": ["[IN:GET_CONTACT", "[SL:TYPE_RELATION", "@ptr5", "SL:TYPE_RELATION]", "[SL:CONTACT_RELATED", "@ptr6", "SL:CONTACT_RELATED]", "IN:GET_CONTACT]"]}
{"loss": 2.5890064239501953, "class_log_probabilities": [-1.2305257320404053, -3.217926025390625, -4.463404655456543, -4.743896484375], "predictions": [70, 71, 396, 72, 93, 398, 94, 93, 400, 94, 73, 4, 4, 4, 4], "target_tokens": ["[IN:GET_MUTUAL_FRIENDS", "[SL:CONTACT_RELATED", "@ptr3", "SL:CONTACT_RELATED]", "[SL:CONTACT_RELATED", "@ptr5", "SL:CONTACT_RELATED]", "IN:GET_MUTUAL_FRIENDS]"], "predicted_tokens": ["[IN:GET_CONTACT", "[SL:TYPE_RELATION", "@ptr1", "SL:TYPE_RELATION]", "[SL:CONTACT_RELATED", "@ptr3", "SL:CONTACT_RELATED]", "[SL:CONTACT_RELATED", "@ptr5", "SL:CONTACT_RELATED]", "IN:GET_CONTACT]"]}
{"loss": 0.9659506678581238, "class_log_probabilities": [-0.4665037989616394, -8.012969970703125, -8.202719688415527, -8.334115982055664], "predictions": [70, 71, 396, 72, 93, 398, 94, 73, 4], "target_tokens": ["[IN:GET_CONTACT", "[SL:TYPE_RELATION", "@ptr1", "SL:TYPE_RELATION]", "[SL:CONTACT_RELATED", "@ptr3", "SL:CONTACT_RELATED]", "IN:GET_CONTACT]"], "predicted_tokens": ["[IN:GET_CONTACT", "[SL:TYPE_RELATION", "@ptr1", "SL:TYPE_RELATION]", "[SL:CONTACT_RELATED", "@ptr3", "SL:CONTACT_RELATED]", "IN:GET_CONTACT]"]}
{"loss": 0.9778181910514832, "class_log_probabilities": [-0.4743823707103729, -4.317051887512207, -5.809977054595947, -6.659578323364258], "predictions": [70, 93, 398, 94, 71, 401, 72, 73, 4], "target_tokens": ["[IN:GET_CONTACT", "[SL:CONTACT_RELATED", "@ptr3", "SL:CONTACT_RELATED]", "[SL:TYPE_RELATION", "@ptr6", "SL:TYPE_RELATION]", "IN:GET_CONTACT]"], "predicted_tokens": ["[IN:GET_CONTACT", "[SL:CONTACT_RELATED", "@ptr3", "SL:CONTACT_RELATED]", "[SL:TYPE_RELATION", "@ptr6", "SL:TYPE_RELATION]", "IN:GET_CONTACT]"]}
{"loss": 0.9680073857307434, "class_log_probabilities": [-0.5031368136405945, -6.422576904296875, -7.444262981414795, -8.22765827178955], "predictions": [70, 71, 398, 72, 93, 400, 94, 73, 4, 4, 4], "target_tokens": ["[IN:GET_CONTACT", "[SL:TYPE_RELATION", "@ptr3", "SL:TYPE_RELATION]", "[SL:CONTACT_RELATED", "@ptr5", "SL:CONTACT_RELATED]", "IN:GET_CONTACT]"], "predicted_tokens": ["[IN:GET_CONTACT", "[SL:TYPE_RELATION", "@ptr3", "SL:TYPE_RELATION]", "[SL:CONTACT_RELATED", "@ptr5", "SL:CONTACT_RELATED]", "IN:GET_CONTACT]"]}
{"loss": 0.9676363468170166, "class_log_probabilities": [-0.45511385798454285, -8.163054466247559, -8.347972869873047, -8.45511245727539], "predictions": [70, 71, 395, 72, 93, 397, 94, 73, 4], "target_tokens": ["[IN:GET_CONTACT", "[SL:TYPE_RELATION", "@ptr0", "SL:TYPE_RELATION]", "[SL:CONTACT_RELATED", "@ptr2", "SL:CONTACT_RELATED]", "IN:GET_CONTACT]"], "predicted_tokens": ["[IN:GET_CONTACT", "[SL:TYPE_RELATION", "@ptr0", "SL:TYPE_RELATION]", "[SL:CONTACT_RELATED", "@ptr2", "SL:CONTACT_RELATED]", "IN:GET_CONTACT]"]}
{"loss": 0.9680247902870178, "class_log_probabilities": [-0.4505228102207184, -8.27081298828125, -8.278826713562012, -8.391663551330566], "predictions": [70, 71, 395, 72, 93, 397, 94, 73, 4], "target_tokens": ["[IN:GET_CONTACT", "[SL:TYPE_RELATION", "@ptr0", "SL:TYPE_RELATION]", "[SL:CONTACT_RELATED", "@ptr2", "SL:CONTACT_RELATED]", "IN:GET_CONTACT]"], "predicted_tokens": ["[IN:GET_CONTACT", "[SL:TYPE_RELATION", "@ptr0", "SL:TYPE_RELATION]", "[SL:CONTACT_RELATED", "@ptr2", "SL:CONTACT_RELATED]", "IN:GET_CONTACT]"]}
{"loss": 0.9669327139854431, "class_log_probabilities": [-0.4597819447517395, -8.189940452575684, -8.358059883117676, -8.450965881347656], "predictions": [70, 71, 395, 72, 93, 397, 94, 73, 4], "target_tokens": ["[IN:GET_CONTACT", "[SL:TYPE_RELATION", "@ptr0", "SL:TYPE_RELATION]", "[SL:CONTACT_RELATED", "@ptr2", "SL:CONTACT_RELATED]", "IN:GET_CONTACT]"], "predicted_tokens": ["[IN:GET_CONTACT", "[SL:TYPE_RELATION", "@ptr0", "SL:TYPE_RELATION]", "[SL:CONTACT_RELATED", "@ptr2", "SL:CONTACT_RELATED]", "IN:GET_CONTACT]"]}
{"loss": 0.9704959392547607, "class_log_probabilities": [-0.4008771479129791, -7.2779951095581055, -7.885554313659668, -8.135573387145996], "predictions": [51, 52, 401, 402, 403, 53, 54, 4, 4], "target_tokens": ["[IN:GET_RECIPES", "[SL:RECIPES_DISH", "@ptr6", "@ptr7", "@ptr8", "SL:RECIPES_DISH]", "IN:GET_RECIPES]"], "predicted_tokens": ["[IN:GET_RECIPES", "[SL:RECIPES_DISH", "@ptr6", "@ptr7", "@ptr8", "SL:RECIPES_DISH]", "IN:GET_RECIPES]"]}
{"loss": 1.3047386407852173, "class_log_probabilities": [-0.9347952604293823, -3.7529923915863037, -4.476840496063232, -4.819275379180908], "predictions": [51, 289, 400, 290, 52, 402, 53, 129, 408, 130, 54, 4], "target_tokens": ["[IN:GET_RECIPES", "[SL:RECIPES_RATING", "@ptr5", "SL:RECIPES_RATING]", "[SL:RECIPES_TYPE", "@ptr7", "SL:RECIPES_TYPE]", "[SL:RECIPES_INCLUDED_INGREDIENT", "@ptr13", "SL:RECIPES_INCLUDED_INGREDIENT]", "IN:GET_RECIPES]"], "predicted_tokens": ["[IN:GET_RECIPES", "[SL:RECIPES_RATING", "@ptr5", "SL:RECIPES_RATING]", "[SL:RECIPES_DISH", "@ptr7", "SL:RECIPES_DISH]", "[SL:RECIPES_INCLUDED_INGREDIENT", "@ptr13", "SL:RECIPES_INCLUDED_INGREDIENT]", "IN:GET_RECIPES]"]}
{"loss": 1.136908769607544, "class_log_probabilities": [-1.3799532651901245, -2.2961084842681885, -3.336982250213623, -6.1853132247924805], "predictions": [51, 52, 398, 399, 400, 53, 52, 401, 53, 54, 4], "target_tokens": ["[IN:GET_RECIPES", "[SL:RECIPES_DISH", "@ptr3", "@ptr4", "@ptr5", "@ptr6", "SL:RECIPES_DISH]", "IN:GET_RECIPES]"], "predicted_tokens": ["[IN:GET_RECIPES", "[SL:RECIPES_DISH", "@ptr3", "@ptr4", "@ptr5", "SL:RECIPES_DISH]", "[SL:RECIPES_DISH", "@ptr6", "SL:RECIPES_DISH]", "IN:GET_RECIPES]"]}
{"loss": 0.9730525612831116, "class_log_probabilities": [-0.4412503242492676, -7.666252613067627, -8.075565338134766, -8.978811264038086], "predictions": [51, 129, 399, 130, 129, 401, 130, 54, 4, 4], "target_tokens": ["[IN:GET_RECIPES", "[SL:RECIPES_INCLUDED_INGREDIENT", "@ptr4", "SL:RECIPES_INCLUDED_INGREDIENT]", "[SL:RECIPES_INCLUDED_INGREDIENT", "@ptr6", "SL:RECIPES_INCLUDED_INGREDIENT]", "IN:GET_RECIPES]"], "predicted_tokens": ["[IN:GET_RECIPES", "[SL:RECIPES_INCLUDED_INGREDIENT", "@ptr4", "SL:RECIPES_INCLUDED_INGREDIENT]", "[SL:RECIPES_INCLUDED_INGREDIENT", "@ptr6", "SL:RECIPES_INCLUDED_INGREDIENT]", "IN:GET_RECIPES]"]}
{"loss": 4.039498805999756, "class_log_probabilities": [-0.9488986134529114, -5.221557140350342, -5.327060699462891, -5.991661071777344], "predictions": [27, 52, 397, 53, 129, 400, 401, 402, 403, 130, 30, 4, 4], "target_tokens": ["[IN:IS_TRUE_RECIPES", "[SL:RECIPES_INCLUDED_INGREDIENT", "@ptr2", "SL:RECIPES_INCLUDED_INGREDIENT]", "IN:IS_TRUE_RECIPES]"], "predicted_tokens": ["[IN:GET_INFO_RECIPES", "[SL:RECIPES_DISH", "@ptr2", "SL:RECIPES_DISH]", "[SL:RECIPES_INCLUDED_INGREDIENT", "@ptr5", "@ptr6", "@ptr7", "@ptr8", "SL:RECIPES_INCLUDED_INGREDIENT]", "IN:GET_INFO_RECIPES]"]}
{"loss": 3.379530429840088, "class_log_probabilities": [-2.278737783432007, -3.32725191116333, -4.213696479797363, -4.5926513671875], "predictions": [51, 54, 4, 4, 4, 4, 4, 4, 4], "target_tokens": ["[IN:GET_RECIPES", "[SL:RECIPES_RATING", "@ptr2", "SL:RECIPES_RATING]", "[SL:RECIPES_TYPE", "@ptr3", "@ptr4", "SL:RECIPES_TYPE]", "IN:GET_RECIPES]"], "predicted_tokens": ["[IN:GET_RECIPES", "IN:GET_RECIPES]"]}
{"loss": 0.9691460728645325, "class_log_probabilities": [-0.5523621439933777, -6.773323059082031, -7.634790420532227, -7.959571838378906], "predictions": [51, 52, 399, 400, 401, 402, 403, 53, 54, 4, 4], "target_tokens": ["[IN:GET_RECIPES", "[SL:RECIPES_DISH", "@ptr4", "@ptr5", "@ptr6", "@ptr7", "@ptr8", "SL:RECIPES_DISH]", "IN:GET_RECIPES]"], "predicted_tokens": ["[IN:GET_RECIPES", "[SL:RECIPES_DISH", "@ptr4", "@ptr5", "@ptr6", "@ptr7", "@ptr8", "SL:RECIPES_DISH]", "IN:GET_RECIPES]"]}
{"loss": 3.049983263015747, "class_log_probabilities": [-0.5725739598274231, -2.704422950744629, -6.821230411529541, -7.053971290588379], "predictions": [27, 28, 398, 29, 30, 4, 4], "target_tokens": ["[IN:GET_INFO_RECIPES", "[SL:RECIPES_ATTRIBUTE", "@ptr3", "SL:RECIPES_ATTRIBUTE]", "[SL:RECIPES_CUISINE", "@ptr8", "SL:RECIPES_CUISINE]", "[SL:METHOD_RECIPES", "@ptr9", "SL:METHOD_RECIPES]", "IN:GET_INFO_RECIPES]"], "predicted_tokens": ["[IN:GET_INFO_RECIPES", "[SL:RECIPES_ATTRIBUTE", "@ptr3", "SL:RECIPES_ATTRIBUTE]", "IN:GET_INFO_RECIPES]"]}
{"loss": 0.9754142761230469, "class_log_probabilities": [-0.6914774775505066, -3.8773837089538574, -6.280001640319824, -6.50956916809082], "predictions": [51, 289, 395, 290, 52, 398, 399, 400, 53, 54, 4, 4], "target_tokens": ["[IN:GET_RECIPES", "[SL:RECIPES_RATING", "@ptr0", "SL:RECIPES_RATING]", "[SL:RECIPES_DISH", "@ptr3", "@ptr4", "@ptr5", "SL:RECIPES_DISH]", "IN:GET_RECIPES]"], "predicted_tokens": ["[IN:GET_RECIPES", "[SL:RECIPES_RATING", "@ptr0", "SL:RECIPES_RATING]", "[SL:RECIPES_DISH", "@ptr3", "@ptr4", "@ptr5", "SL:RECIPES_DISH]", "IN:GET_RECIPES]"]}
{"loss": 3.815073013305664, "class_log_probabilities": [-2.617151975631714, -3.0422470569610596, -3.1555445194244385, -3.179697036743164], "predictions": [51, 145, 400, 146, 177, 403, 178, 54, 4], "target_tokens": ["[IN:GET_RECIPES", "[SL:RECIPES_DIET", "@ptr5", "SL:RECIPES_DIET]", "[SL:RECIPES_TYPE_NUTRITION", "@ptr8", "SL:RECIPES_TYPE_NUTRITION]", "[SL:RECIPES_QUALIFIER_NUTRITION", "@ptr7", "SL:RECIPES_QUALIFIER_NUTRITION]", "IN:GET_RECIPES]"], "predicted_tokens": ["[IN:GET_RECIPES", "[SL:RECIPES_TYPE", "@ptr5", "SL:RECIPES_TYPE]", "[SL:RECIPES_EXCLUDED_INGREDIENT", "@ptr8", "SL:RECIPES_EXCLUDED_INGREDIENT]", "IN:GET_RECIPES]"]}
{"loss": 1.6136868000030518, "class_log_probabilities": [-3.0899078845977783, -5.11527156829834, -5.269390106201172, -6.502418518066406], "predictions": [27, 175, 397, 176, 52, 404, 405, 53, 30, 4, 4, 4, 4, 4], "target_tokens": ["[IN:GET_INFO_RECIPES", "[SL:RECIPES_ATTRIBUTE", "@ptr1", "SL:RECIPES_ATTRIBUTE]", "[SL:RECIPES_UNIT_NUTRITION", "@ptr2", "SL:RECIPES_UNIT_NUTRITION]", "[SL:RECIPES_UNIT_MEASUREMENT", "@ptr6", "SL:RECIPES_UNIT_MEASUREMENT]", "[SL:RECIPES_DISH", "@ptr8", "@ptr9", "@ptr10", "SL:RECIPES_DISH]", "IN:GET_INFO_RECIPES]"], "predicted_tokens": ["[IN:GET_INFO_RECIPES", "[SL:RECIPES_UNIT_NUTRITION", "@ptr2", "SL:RECIPES_UNIT_NUTRITION]", "[SL:RECIPES_DISH", "@ptr9", "@ptr10", "SL:RECIPES_DISH]", "IN:GET_INFO_RECIPES]"]}
{"loss": 0.9711874127388, "class_log_probabilities": [-0.289859414100647, -8.496001243591309, -8.660956382751465, -8.74722671508789], "predictions": [51, 52, 399, 53, 54, 4, 4, 4], "target_tokens": ["[IN:GET_RECIPES", "[SL:RECIPES_DISH", "@ptr4", "SL:RECIPES_DISH]", "IN:GET_RECIPES]"], "predicted_tokens": ["[IN:GET_RECIPES", "[SL:RECIPES_DISH", "@ptr4", "SL:RECIPES_DISH]", "IN:GET_RECIPES]"]}
{"loss": 0.9707661867141724, "class_log_probabilities": [-0.39969193935394287, -7.821275234222412, -7.848228931427002, -7.954569339752197], "predictions": [51, 52, 400, 401, 402, 53, 54, 4, 4], "target_tokens": ["[IN:GET_RECIPES", "[SL:RECIPES_DISH", "@ptr5", "@ptr6", "@ptr7", "SL:RECIPES_DISH]", "IN:GET_RECIPES]"], "predicted_tokens": ["[IN:GET_RECIPES", "[SL:RECIPES_DISH", "@ptr5", "@ptr6", "@ptr7", "SL:RECIPES_DISH]", "IN:GET_RECIPES]"]}
{"loss": 3.7166247367858887, "class_log_probabilities": [-0.2752915918827057, -7.958294868469238, -8.173256874084473, -8.22126579284668], "predictions": [51, 129, 401, 130, 54, 4], "target_tokens": ["[IN:GET_RECIPES", "[SL:RECIPES_INCLUDED_INGREDIENT", "@ptr4", "@ptr5", "@ptr6", "SL:RECIPES_INCLUDED_INGREDIENT]", "IN:GET_RECIPES]"], "predicted_tokens": ["[IN:GET_RECIPES", "[SL:RECIPES_INCLUDED_INGREDIENT", "@ptr6", "SL:RECIPES_INCLUDED_INGREDIENT]", "IN:GET_RECIPES]"]}
{"loss": 0.9883687496185303, "class_log_probabilities": [-0.44039708375930786, -4.2236409187316895, -6.743967533111572, -8.116046905517578], "predictions": [51, 289, 397, 290, 52, 400, 53, 54, 4], "target_tokens": ["[IN:GET_RECIPES", "[SL:RECIPES_RATING", "@ptr2", "SL:RECIPES_RATING]", "[SL:RECIPES_DISH", "@ptr5", "SL:RECIPES_DISH]", "IN:GET_RECIPES]"], "predicted_tokens": ["[IN:GET_RECIPES", "[SL:RECIPES_RATING", "@ptr2", "SL:RECIPES_RATING]", "[SL:RECIPES_DISH", "@ptr5", "SL:RECIPES_DISH]", "IN:GET_RECIPES]"]}
{"loss": 0.988132894039154, "class_log_probabilities": [-0.4717358648777008, -4.817152500152588, -5.61706018447876, -5.978207111358643], "predictions": [51, 52, 401, 53, 177, 403, 178, 54, 4, 4], "target_tokens": ["[IN:GET_RECIPES", "[SL:RECIPES_DISH", "@ptr6", "SL:RECIPES_DISH]", "[SL:RECIPES_EXCLUDED_INGREDIENT", "@ptr8", "SL:RECIPES_EXCLUDED_INGREDIENT]", "IN:GET_RECIPES]"], "predicted_tokens": ["[IN:GET_RECIPES", "[SL:RECIPES_DISH", "@ptr6", "SL:RECIPES_DISH]", "[SL:RECIPES_EXCLUDED_INGREDIENT", "@ptr8", "SL:RECIPES_EXCLUDED_INGREDIENT]", "IN:GET_RECIPES]"]}
{"loss": 1.844279170036316, "class_log_probabilities": [-0.29216405749320984, -7.023965358734131, -8.243221282958984, -8.980757713317871], "predictions": [27, 129, 398, 130, 30, 4, 4, 4, 4], "target_tokens": ["[IN:GET_INFO_RECIPES", "[SL:RECIPES_INCLUDED_INGREDIENT", "@ptr3", "SL:RECIPES_INCLUDED_INGREDIENT]", "[SL:RECIPES_RATING", "@ptr5", "SL:RECIPES_RATING]", "IN:GET_INFO_RECIPES]"], "predicted_tokens": ["[IN:GET_INFO_RECIPES", "[SL:RECIPES_INCLUDED_INGREDIENT", "@ptr3", "SL:RECIPES_INCLUDED_INGREDIENT]", "IN:GET_INFO_RECIPES]"]}
{"loss": 1.7447354793548584, "class_log_probabilities": [-1.1084368228912354, -1.9061284065246582, -5.879932403564453, -6.094017505645752], "predictions": [27, 129, 397, 398, 130, 113, 401, 114, 30, 4], "target_tokens": ["[IN:GET_INFO_RECIPES", "[SL:RECIPES_INCLUDED_INGREDIENT", "@ptr3", "SL:RECIPES_INCLUDED_INGREDIENT]", "[SL:RECIPES_COOKING_METHOD", "@ptr6", "SL:RECIPES_COOKING_METHOD]", "IN:GET_INFO_RECIPES]"], "predicted_tokens": ["[IN:GET_INFO_RECIPES", "[SL:RECIPES_INCLUDED_INGREDIENT", "@ptr2", "@ptr3", "SL:RECIPES_INCLUDED_INGREDIENT]", "[SL:RECIPES_COOKING_METHOD", "@ptr6", "SL:RECIPES_COOKING_METHOD]", "IN:GET_INFO_RECIPES]"]}
{"loss": 0.9719774723052979, "class_log_probabilities": [-0.2875020503997803, -8.40243148803711, -8.46751594543457, -8.606925964355469], "predictions": [51, 52, 401, 53, 54, 4, 4, 4], "target_tokens": ["[IN:GET_RECIPES", "[SL:RECIPES_DISH", "@ptr6", "SL:RECIPES_DISH]", "IN:GET_RECIPES]"], "predicted_tokens": ["[IN:GET_RECIPES", "[SL:RECIPES_DISH", "@ptr6", "SL:RECIPES_DISH]", "IN:GET_RECIPES]"]}
{"loss": 3.220935344696045, "class_log_probabilities": [-1.7066802978515625, -2.281590461730957, -4.135985851287842, -4.384363174438477], "predictions": [51, 52, 396, 53, 54, 4, 4, 4, 4], "target_tokens": ["[IN:GET_RECIPES", "[SL:RECIPES_ATTRIBUTE", "@ptr2", "@ptr3", "SL:RECIPES_ATTRIBUTE]", "[SL:RECIPES_DISH", "@ptr1", "SL:RECIPES_DISH]", "IN:GET_RECIPES]"], "predicted_tokens": ["[IN:GET_RECIPES", "[SL:RECIPES_DISH", "@ptr1", "SL:RECIPES_DISH]", "IN:GET_RECIPES]"]}
{"loss": 3.2847299575805664, "class_log_probabilities": [-1.0460002422332764, -4.392961025238037, -4.41147518157959, -4.833126544952393], "predictions": [27, 52, 403, 53, 52, 405, 406, 407, 53, 30, 4], "target_tokens": ["[IN:GET_RECIPES", "[SL:RECIPES_RATING", "@ptr3", "SL:RECIPES_RATING]", "[SL:RECIPES_DISH", "@ptr8", "SL:RECIPES_DISH]", "IN:GET_RECIPES]"], "predicted_tokens": ["[IN:GET_INFO_RECIPES", "[SL:RECIPES_DISH", "@ptr8", "SL:RECIPES_DISH]", "[SL:RECIPES_DISH", "@ptr10", "@ptr11", "@ptr12", "SL:RECIPES_DISH]", "IN:GET_INFO_RECIPES]"]}
{"loss": 0.9788187146186829, "class_log_probabilities": [-0.5807020664215088, -3.236029624938965, -4.470827579498291, -4.829354763031006], "predictions": [51, 52, 403, 53, 54, 4], "target_tokens": ["[IN:GET_RECIPES", "[SL:RECIPES_DISH", "@ptr8", "SL:RECIPES_DISH]", "IN:GET_RECIPES]"], "predicted_tokens": ["[IN:GET_RECIPES", "[SL:RECIPES_DISH", "@ptr8", "SL:RECIPES_DISH]", "IN:GET_RECIPES]"]}
{"loss": 3.540790319442749, "class_log_probabilities": [-1.5896974802017212, -1.7876582145690918, -3.785768985748291, -4.878251552581787], "predictions": [27, 129, 401, 130, 52, 404, 405, 53, 30, 4, 4], "target_tokens": ["[IN:GET_INFO_RECIPES", "[SL:RECIPES_COOKING_METHOD", "@ptr10", "SL:RECIPES_COOKING_METHOD]", "[SL:RECIPES_INCLUDED_INGREDIENT", "@ptr9", "SL:RECIPES_INCLUDED_INGREDIENT]", "IN:GET_INFO_RECIPES]"], "predicted_tokens": ["[IN:GET_INFO_RECIPES", "[SL:RECIPES_INCLUDED_INGREDIENT", "@ptr6", "SL:RECIPES_INCLUDED_INGREDIENT]", "[SL:RECIPES_DISH", "@ptr9", "@ptr10", "SL:RECIPES_DISH]", "IN:GET_INFO_RECIPES]"]}
{"loss": 2.420128345489502, "class_log_probabilities": [-0.4530336856842041, -4.9058990478515625, -6.235088348388672, -6.347639083862305], "predictions": [165, 129, 397, 130, 279, 399, 280, 166, 4], "target_tokens": ["[IN:IS_TRUE_RECIPES", "[SL:RECIPES_TYPE_NUTRITION", "@ptr4", "SL:RECIPES_TYPE_NUTRITION]", "[SL:RECIPES_INCLUDED_INGREDIENT", "@ptr2", "SL:RECIPES_INCLUDED_INGREDIENT]", "IN:IS_TRUE_RECIPES]"], "predicted_tokens": ["[IN:IS_TRUE_RECIPES", "[SL:RECIPES_INCLUDED_INGREDIENT", "@ptr2", "SL:RECIPES_INCLUDED_INGREDIENT]", "[SL:RECIPES_TYPE_NUTRITION", "@ptr4", "SL:RECIPES_TYPE_NUTRITION]", "IN:IS_TRUE_RECIPES]"]}
{"loss": 0.9703110456466675, "class_log_probabilities": [-0.39069464802742004, -6.971982002258301, -7.9027485847473145, -8.05400276184082], "predictions": [51, 52, 399, 400, 401, 53, 54, 4], "target_tokens": ["[IN:GET_RECIPES", "[SL:RECIPES_DISH", "@ptr4", "@ptr5", "@ptr6", "SL:RECIPES_DISH]", "IN:GET_RECIPES]"], "predicted_tokens": ["[IN:GET_RECIPES", "[SL:RECIPES_DISH", "@ptr4", "@ptr5", "@ptr6", "SL:RECIPES_DISH]", "IN:GET_RECIPES]"]}
{"loss": 2.752800464630127, "class_log_probabilities": [-0.49053460359573364, -3.985414981842041, -6.8285722732543945, -7.254601001739502], "predictions": [51, 52, 398, 53, 113, 399, 114, 54, 4], "target_tokens": ["[IN:GET_RECIPES", "[SL:RECIPES_COOKING_METHOD", "@ptr4", "SL:RECIPES_COOKING_METHOD]", "[SL:RECIPES_DISH", "@ptr3", "SL:RECIPES_DISH]", "IN:GET_RECIPES]"], "predicted_tokens": ["[IN:GET_RECIPES", "[SL:RECIPES_DISH", "@ptr3", "SL:RECIPES_DISH]", "[SL:RECIPES_COOKING_METHOD", "@ptr4", "SL:RECIPES_COOKING_METHOD]", "IN:GET_RECIPES]"]}
{"loss": 0.9715448617935181, "class_log_probabilities": [-0.38834503293037415, -6.424633026123047, -7.706451416015625, -7.785852432250977], "predictions": [51, 52, 398, 399, 400, 53, 54, 4, 4], "target_tokens": ["[IN:GET_RECIPES", "[SL:RECIPES_DISH", "@ptr3", "@ptr4", "@ptr5", "SL:RECIPES_DISH]", "IN:GET_RECIPES]"], "predicted_tokens": ["[IN:GET_RECIPES", "[SL:RECIPES_DISH", "@ptr3", "@ptr4", "@ptr5", "SL:RECIPES_DISH]", "IN:GET_RECIPES]"]}
{"loss": 0.9715421199798584, "class_log_probabilities": [-0.2910093069076538, -8.50871467590332, -8.552851676940918, -8.787155151367188], "predictions": [51, 52, 399, 53, 54, 4, 4, 4], "target_tokens": ["[IN:GET_RECIPES", "[SL:RECIPES_DISH", "@ptr4", "SL:RECIPES_DISH]", "IN:GET_RECIPES]"], "predicted_tokens": ["[IN:GET_RECIPES", "[SL:RECIPES_DISH", "@ptr4", "SL:RECIPES_DISH]", "IN:GET_RECIPES]"]}
{"loss": 0.9706996083259583, "class_log_probabilities": [-0.44487106800079346, -8.281489372253418, -8.284086227416992, -8.598722457885742], "predictions": [27, 28, 397, 29, 129, 401, 130, 30, 4], "target_tokens": ["[IN:GET_INFO_RECIPES", "[SL:RECIPES_ATTRIBUTE", "@ptr2", "SL:RECIPES_ATTRIBUTE]", "[SL:RECIPES_INCLUDED_INGREDIENT", "@ptr6", "SL:RECIPES_INCLUDED_INGREDIENT]", "IN:GET_INFO_RECIPES]"], "predicted_tokens": ["[IN:GET_INFO_RECIPES", "[SL:RECIPES_ATTRIBUTE", "@ptr2", "SL:RECIPES_ATTRIBUTE]", "[SL:RECIPES_INCLUDED_INGREDIENT", "@ptr6", "SL:RECIPES_INCLUDED_INGREDIENT]", "IN:GET_INFO_RECIPES]"]}
{"loss": 2.05348801612854, "class_log_probabilities": [-0.3686998188495636, -6.683236598968506, -7.103220462799072, -8.062591552734375], "predictions": [51, 52, 400, 53, 113, 401, 114, 54, 4], "target_tokens": ["[IN:GET_RECIPES", "[SL:RECIPES_COOKING_METHOD", "@ptr6", "SL:RECIPES_COOKING_METHOD]", "[SL:RECIPES_DISH", "@ptr5", "SL:RECIPES_DISH]", "IN:GET_RECIPES]"], "predicted_tokens": ["[IN:GET_RECIPES", "[SL:RECIPES_DISH", "@ptr5", "SL:RECIPES_DISH]", "[SL:RECIPES_COOKING_METHOD", "@ptr6", "SL:RECIPES_COOKING_METHOD]", "IN:GET_RECIPES]"]}
{"loss": 0.9738276600837708, "class_log_probabilities": [-0.27886486053466797, -7.8300347328186035, -8.031944274902344, -8.366171836853027], "predictions": [51, 52, 399, 53, 54, 4, 4], "target_tokens": ["[IN:GET_RECIPES", "[SL:RECIPES_DISH", "@ptr4", "SL:RECIPES_DISH]", "IN:GET_RECIPES]"], "predicted_tokens": ["[IN:GET_RECIPES", "[SL:RECIPES_DISH", "@ptr4", "SL:RECIPES_DISH]", "IN:GET_RECIPES]"]}
{"loss": 0.9674202799797058, "class_log_probabilities": [-0.36361029744148254, -5.190274238586426, -5.911790370941162, -6.7659831047058105], "predictions": [27, 129, 400, 130, 30, 4], "target_tokens": ["[IN:GET_INFO_RECIPES", "[SL:RECIPES_INCLUDED_INGREDIENT", "@ptr5", "SL:RECIPES_INCLUDED_INGREDIENT]", "IN:GET_INFO_RECIPES]"], "predicted_tokens": ["[IN:GET_INFO_RECIPES", "[SL:RECIPES_INCLUDED_INGREDIENT", "@ptr5", "SL:RECIPES_INCLUDED_INGREDIENT]", "IN:GET_INFO_RECIPES]"]}
{"loss": 1.0073165893554688, "class_log_probabilities": [-0.8225120306015015, -2.240366220474243, -3.8921332359313965, -4.087367057800293], "predictions": [51, 52, 399, 53, 54, 4], "target_tokens": ["[IN:GET_RECIPES", "[SL:RECIPES_DISH", "@ptr4", "SL:RECIPES_DISH]", "IN:GET_RECIPES]"], "predicted_tokens": ["[IN:GET_RECIPES", "[SL:RECIPES_DISH", "@ptr4", "SL:RECIPES_DISH]", "IN:GET_RECIPES]"]}
{"loss": 0.9930622577667236, "class_log_probabilities": [-0.36822617053985596, -7.2312822341918945, -7.505541801452637, -7.765864849090576], "predictions": [51, 289, 399, 290, 52, 402, 53, 54, 4], "target_tokens": ["[IN:GET_RECIPES", "[SL:RECIPES_RATING", "@ptr4", "SL:RECIPES_RATING]", "[SL:RECIPES_DISH", "@ptr7", "SL:RECIPES_DISH]", "IN:GET_RECIPES]"], "predicted_tokens": ["[IN:GET_RECIPES", "[SL:RECIPES_RATING", "@ptr4", "SL:RECIPES_RATING]", "[SL:RECIPES_DISH", "@ptr7", "SL:RECIPES_DISH]", "IN:GET_RECIPES]"]}
{"loss": 0.976780891418457, "class_log_probabilities": [-0.49215295910835266, -6.680058479309082, -7.196576118469238, -7.60206937789917], "predictions": [27, 28, 397, 29, 52, 402, 403, 404, 53, 30, 4, 4], "target_tokens": ["[IN:GET_INFO_RECIPES", "[SL:RECIPES_ATTRIBUTE", "@ptr2", "SL:RECIPES_ATTRIBUTE]", "[SL:RECIPES_DISH", "@ptr7", "@ptr8", "@ptr9", "SL:RECIPES_DISH]", "IN:GET_INFO_RECIPES]"], "predicted_tokens": ["[IN:GET_INFO_RECIPES", "[SL:RECIPES_ATTRIBUTE", "@ptr2", "SL:RECIPES_ATTRIBUTE]", "[SL:RECIPES_DISH", "@ptr7", "@ptr8", "@ptr9", "SL:RECIPES_DISH]", "IN:GET_INFO_RECIPES]"]}
{"loss": 0.9753217697143555, "class_log_probabilities": [-0.4143010377883911, -6.887548446655273, -7.818485736846924, -8.029820442199707], "predictions": [51, 28, 398, 29, 52, 400, 53, 54, 4], "target_tokens": ["[IN:GET_RECIPES", "[SL:RECIPES_ATTRIBUTE", "@ptr3", "SL:RECIPES_ATTRIBUTE]", "[SL:RECIPES_DISH", "@ptr5", "SL:RECIPES_DISH]", "IN:GET_RECIPES]"], "predicted_tokens": ["[IN:GET_RECIPES", "[SL:RECIPES_ATTRIBUTE", "@ptr3", "SL:RECIPES_ATTRIBUTE]", "[SL:RECIPES_DISH", "@ptr5", "SL:RECIPES_DISH]", "IN:GET_RECIPES]"]}
{"loss": 0.9753543734550476, "class_log_probabilities": [-0.2729650139808655, -8.59154987335205, -8.638296127319336, -8.696952819824219], "predictions": [51, 52, 401, 53, 54, 4, 4, 4], "target_tokens": ["[IN:GET_RECIPES", "[SL:RECIPES_DISH", "@ptr6", "SL:RECIPES_DISH]", "IN:GET_RECIPES]"], "predicted_tokens": ["[IN:GET_RECIPES", "[SL:RECIPES_DISH", "@ptr6", "SL:RECIPES_DISH]", "IN:GET_RECIPES]"]}
{"loss": 1.7161120176315308, "class_log_probabilities": [-0.43868011236190796, -6.216434001922607, -6.830399036407471, -7.577515602111816], "predictions": [51, 52, 397, 398, 399, 53, 54, 4], "target_tokens": ["[IN:GET_RECIPES", "[SL:RECIPES_DISH", "@ptr3", "@ptr4", "SL:RECIPES_DISH]", "IN:GET_RECIPES]"], "predicted_tokens": ["[IN:GET_RECIPES", "[SL:RECIPES_DISH", "@ptr2", "@ptr3", "@ptr4", "SL:RECIPES_DISH]", "IN:GET_RECIPES]"]}
{"loss": 1.152639627456665, "class_log_probabilities": [-1.836971402168274, -2.948045253753662, -2.9697794914245605, -4.096505641937256], "predictions": [51, 145, 398, 146, 129, 400, 130, 54, 4, 4], "target_tokens": ["[IN:GET_RECIPES", "[SL:RECIPES_TYPE", "@ptr3", "SL:RECIPES_TYPE]", "[SL:RECIPES_DISH", "@ptr5", "SL:RECIPES_DISH]", "IN:GET_RECIPES]"], "predicted_tokens": ["[IN:GET_RECIPES", "[SL:RECIPES_TYPE", "@ptr3", "SL:RECIPES_TYPE]", "[SL:RECIPES_INCLUDED_INGREDIENT", "@ptr5", "SL:RECIPES_INCLUDED_INGREDIENT]", "IN:GET_RECIPES]"]}
{"loss": 2.176173686981201, "class_log_probabilities": [-1.357493281364441, -2.305363655090332, -3.5023038387298584, -3.5574216842651367], "predictions": [51, 145, 400, 146, 54, 4], "target_tokens": ["[IN:GET_RECIPES", "[SL:RECIPES_TYPE", "@ptr4", "@ptr5", "SL:RECIPES_TYPE]", "IN:GET_RECIPES]"], "predicted_tokens": ["[IN:GET_RECIPES", "[SL:RECIPES_TYPE", "@ptr5", "SL:RECIPES_TYPE]", "IN:GET_RECIPES]"]}
{"loss": 0.9673163294792175, "class_log_probabilities": [-0.466702938079834, -7.529879570007324, -7.937466621398926, -7.977202892303467], "predictions": [51, 52, 399, 400, 401, 402, 53, 54, 4], "target_tokens": ["[IN:GET_RECIPES", "[SL:RECIPES_DISH", "@ptr4", "@ptr5", "@ptr6", "@ptr7", "SL:RECIPES_DISH]", "IN:GET_RECIPES]"], "predicted_tokens": ["[IN:GET_RECIPES", "[SL:RECIPES_DISH", "@ptr4", "@ptr5", "@ptr6", "@ptr7", "SL:RECIPES_DISH]", "IN:GET_RECIPES]"]}
{"loss": 0.9690055251121521, "class_log_probabilities": [-0.3514407277107239, -7.365222454071045, -7.457451820373535, -7.888117790222168], "predictions": [51, 52, 399, 400, 53, 54, 4], "target_tokens": ["[IN:GET_RECIPES", "[SL:RECIPES_DISH", "@ptr4", "@ptr5", "SL:RECIPES_DISH]", "IN:GET_RECIPES]"], "predicted_tokens": ["[IN:GET_RECIPES", "[SL:RECIPES_DISH", "@ptr4", "@ptr5", "SL:RECIPES_DISH]", "IN:GET_RECIPES]"]}
{"loss": 3.3849029541015625, "class_log_probabilities": [-0.33991187810897827, -8.175625801086426, -8.518148422241211, -8.615706443786621], "predictions": [51, 52, 397, 398, 53, 54, 4, 4], "target_tokens": ["[IN:GET_RECIPES", "[SL:RECIPES_COOKING_METHOD", "@ptr0", "SL:RECIPES_COOKING_METHOD]", "[SL:RECIPES_DISH", "@ptr1", "@ptr2", "@ptr3", "SL:RECIPES_DISH]", "IN:GET_RECIPES]"], "predicted_tokens": ["[IN:GET_RECIPES", "[SL:RECIPES_DISH", "@ptr2", "@ptr3", "SL:RECIPES_DISH]", "IN:GET_RECIPES]"]}
{"loss": 0.9773067831993103, "class_log_probabilities": [-0.7227935791015625, -3.6099624633789062, -5.462223052978516, -5.518645286560059], "predictions": [51, 52, 399, 400, 401, 402, 53, 54, 4], "target_tokens": ["[IN:GET_RECIPES", "[SL:RECIPES_DISH", "@ptr4", "@ptr5", "@ptr6", "@ptr7", "SL:RECIPES_DISH]", "IN:GET_RECIPES]"], "predicted_tokens": ["[IN:GET_RECIPES", "[SL:RECIPES_DISH", "@ptr4", "@ptr5", "@ptr6", "@ptr7", "SL:RECIPES_DISH]", "IN:GET_RECIPES]"]}
{"loss": 0.9705749154090881, "class_log_probabilities": [-0.3390550911426544, -8.259785652160645, -8.544194221496582, -8.707552909851074], "predictions": [51, 52, 399, 400, 53, 54, 4], "target_tokens": ["[IN:GET_RECIPES", "[SL:RECIPES_DISH", "@ptr4", "@ptr5", "SL:RECIPES_DISH]", "IN:GET_RECIPES]"], "predicted_tokens": ["[IN:GET_RECIPES", "[SL:RECIPES_DISH", "@ptr4", "@ptr5", "SL:RECIPES_DISH]", "IN:GET_RECIPES]"]}
{"loss": 1.3402245044708252, "class_log_probabilities": [-1.2478859424591064, -2.0428848266601562, -3.282820463180542, -3.582688093185425], "predictions": [51, 28, 398, 29, 52, 400, 53, 54, 4, 4, 4], "target_tokens": ["[IN:GET_RECIPES", "[SL:RECIPES_ATTRIBUTE", "@ptr3", "SL:RECIPES_ATTRIBUTE]", "[SL:RECIPES_DISH", "@ptr5", "@ptr6", "@ptr7", "SL:RECIPES_DISH]", "IN:GET_RECIPES]"], "predicted_tokens": ["[IN:GET_RECIPES", "[SL:RECIPES_ATTRIBUTE", "@ptr3", "SL:RECIPES_ATTRIBUTE]", "[SL:RECIPES_DISH", "@ptr5", "SL:RECIPES_DISH]", "IN:GET_RECIPES]"]}
{"loss": 3.0585720539093018, "class_log_probabilities": [-1.0934392213821411, -3.095357894897461, -4.603333950042725, -6.050626277923584], "predictions": [165, 52, 397, 53, 52, 400, 53, 129, 402, 130, 166, 4, 4, 4, 4], "target_tokens": ["[IN:GET_INFO_RECIPES", "[SL:RECIPES_DISH", "@ptr2", "@ptr3", "@ptr4", "@ptr5", "SL:RECIPES_DISH]", "[SL:RECIPES_INCLUDED_INGREDIENT", "@ptr7", "SL:RECIPES_INCLUDED_INGREDIENT]", "IN:GET_INFO_RECIPES]"], "predicted_tokens": ["[IN:IS_TRUE_RECIPES", "[SL:RECIPES_DISH", "@ptr2", "SL:RECIPES_DISH]", "[SL:RECIPES_DISH", "@ptr5", "SL:RECIPES_DISH]", "[SL:RECIPES_INCLUDED_INGREDIENT", "@ptr7", "SL:RECIPES_INCLUDED_INGREDIENT]", "IN:IS_TRUE_RECIPES]"]}
{"loss": 2.0275251865386963, "class_log_probabilities": [-0.8503120541572571, -4.864249229431152, -4.938318252563477, -5.193947792053223], "predictions": [165, 129, 399, 400, 401, 402, 130, 177, 406, 407, 178, 166, 4], "target_tokens": ["[IN:IS_TRUE_RECIPES", "[SL:RECIPES_INCLUDED_INGREDIENT", "@ptr4", "@ptr5", "@ptr6", "@ptr7", "SL:RECIPES_INCLUDED_INGREDIENT]", "[SL:RECIPES_EXCLUDED_INGREDIENT", "@ptr4", "SL:RECIPES_EXCLUDED_INGREDIENT]", "IN:IS_TRUE_RECIPES]"], "predicted_tokens": ["[IN:IS_TRUE_RECIPES", "[SL:RECIPES_INCLUDED_INGREDIENT", "@ptr4", "@ptr5", "@ptr6", "@ptr7", "SL:RECIPES_INCLUDED_INGREDIENT]", "[SL:RECIPES_EXCLUDED_INGREDIENT", "@ptr11", "@ptr12", "SL:RECIPES_EXCLUDED_INGREDIENT]", "IN:IS_TRUE_RECIPES]"]}
{"loss": 1.0009974241256714, "class_log_probabilities": [-0.4958550035953522, -4.049980163574219, -4.620747089385986, -5.1735615730285645], "predictions": [51, 145, 398, 146, 54, 4], "target_tokens": ["[IN:GET_RECIPES", "[SL:RECIPES_TYPE", "@ptr3", "SL:RECIPES_TYPE]", "IN:GET_RECIPES]"], "predicted_tokens": ["[IN:GET_RECIPES", "[SL:RECIPES_TYPE", "@ptr3", "SL:RECIPES_TYPE]", "IN:GET_RECIPES]"]}
{"loss": 1.1534497737884521, "class_log_probabilities": [-0.8325353860855103, -2.6246988773345947, -6.169020652770996, -6.180387020111084], "predictions": [27, 28, 398, 29, 52, 402, 53, 30, 4], "target_tokens": ["[IN:GET_INFO_RECIPES", "[SL:RECIPES_ATTRIBUTE", "@ptr3", "SL:RECIPES_ATTRIBUTE]", "[SL:RECIPES_INCLUDED_INGREDIENT", "@ptr7", "SL:RECIPES_INCLUDED_INGREDIENT]", "IN:GET_INFO_RECIPES]"], "predicted_tokens": ["[IN:GET_INFO_RECIPES", "[SL:RECIPES_ATTRIBUTE", "@ptr3", "SL:RECIPES_ATTRIBUTE]", "[SL:RECIPES_DISH", "@ptr7", "SL:RECIPES_DISH]", "IN:GET_INFO_RECIPES]"]}
{"loss": 1.2908674478530884, "class_log_probabilities": [-0.6348452568054199, -3.9819986820220947, -5.79962682723999, -7.436074733734131], "predictions": [27, 113, 397, 114, 52, 400, 53, 30, 4], "target_tokens": ["[IN:GET_INFO_RECIPES", "[SL:RECIPES_COOKING_METHOD", "@ptr2", "SL:RECIPES_COOKING_METHOD]", "[SL:RECIPES_INCLUDED_INGREDIENT", "@ptr5", "SL:RECIPES_INCLUDED_INGREDIENT]", "IN:GET_INFO_RECIPES]"], "predicted_tokens": ["[IN:GET_INFO_RECIPES", "[SL:RECIPES_COOKING_METHOD", "@ptr2", "SL:RECIPES_COOKING_METHOD]", "[SL:RECIPES_DISH", "@ptr5", "SL:RECIPES_DISH]", "IN:GET_INFO_RECIPES]"]}
{"loss": 1.2925620079040527, "class_log_probabilities": [-2.4041566848754883, -2.787123441696167, -3.6386404037475586, -4.351563453674316], "predictions": [51, 52, 397, 398, 399, 53, 177, 401, 402, 178, 54, 4, 4], "target_tokens": ["[IN:GET_RECIPES", "[SL:RECIPES_DISH", "@ptr2", "@ptr3", "@ptr4", "SL:RECIPES_DISH]", "[SL:RECIPES_EXCLUDED_INGREDIENT", "@ptr6", "SL:RECIPES_EXCLUDED_INGREDIENT]", "IN:GET_RECIPES]"], "predicted_tokens": ["[IN:GET_RECIPES", "[SL:RECIPES_DISH", "@ptr2", "@ptr3", "@ptr4", "SL:RECIPES_DISH]", "[SL:RECIPES_EXCLUDED_INGREDIENT", "@ptr6", "@ptr7", "SL:RECIPES_EXCLUDED_INGREDIENT]", "IN:GET_RECIPES]"]}
{"loss": 0.9719446301460266, "class_log_probabilities": [-0.2876724898815155, -8.357134819030762, -8.476154327392578, -8.58100414276123], "predictions": [51, 52, 400, 53, 54, 4, 4, 4], "target_tokens": ["[IN:GET_RECIPES", "[SL:RECIPES_DISH", "@ptr5", "SL:RECIPES_DISH]", "IN:GET_RECIPES]"], "predicted_tokens": ["[IN:GET_RECIPES", "[SL:RECIPES_DISH", "@ptr5", "SL:RECIPES_DISH]", "IN:GET_RECIPES]"]}
{"loss": 0.9783006906509399, "class_log_probabilities": [-0.600676953792572, -6.7222161293029785, -7.087767124176025, -7.2892656326293945], "predictions": [23, 10, 70, 93, 402, 94, 71, 403, 72, 73, 11, 26, 4], "target_tokens": ["[IN:SEND_MESSAGE", "[SL:RECIPIENT", "[IN:GET_CONTACT", "[SL:CONTACT_RELATED", "@ptr7", "SL:CONTACT_RELATED]", "[SL:TYPE_RELATION", "@ptr8", "SL:TYPE_RELATION]", "IN:GET_CONTACT]", "SL:RECIPIENT]", "IN:SEND_MESSAGE]"], "predicted_tokens": ["[IN:SEND_MESSAGE", "[SL:RECIPIENT", "[IN:GET_CONTACT", "[SL:CONTACT_RELATED", "@ptr7", "SL:CONTACT_RELATED]", "[SL:TYPE_RELATION", "@ptr8", "SL:TYPE_RELATION]", "IN:GET_CONTACT]", "SL:RECIPIENT]", "IN:SEND_MESSAGE]"]}
{"loss": 0.9774547815322876, "class_log_probabilities": [-0.5941324234008789, -7.186534881591797, -7.6062140464782715, -7.755163192749023], "predictions": [23, 10, 70, 93, 401, 94, 71, 402, 72, 73, 11, 26, 4], "target_tokens": ["[IN:SEND_MESSAGE", "[SL:RECIPIENT", "[IN:GET_CONTACT", "[SL:CONTACT_RELATED", "@ptr6", "SL:CONTACT_RELATED]", "[SL:TYPE_RELATION", "@ptr7", "SL:TYPE_RELATION]", "IN:GET_CONTACT]", "SL:RECIPIENT]", "IN:SEND_MESSAGE]"], "predicted_tokens": ["[IN:SEND_MESSAGE", "[SL:RECIPIENT", "[IN:GET_CONTACT", "[SL:CONTACT_RELATED", "@ptr6", "SL:CONTACT_RELATED]", "[SL:TYPE_RELATION", "@ptr7", "SL:TYPE_RELATION]", "IN:GET_CONTACT]", "SL:RECIPIENT]", "IN:SEND_MESSAGE]"]}
{"loss": 0.9722760915756226, "class_log_probabilities": [-0.6413732171058655, -7.307490348815918, -7.584044933319092, -7.712474346160889], "predictions": [23, 10, 70, 93, 401, 94, 71, 402, 72, 73, 11, 26, 4, 4, 4, 4], "target_tokens": ["[IN:SEND_MESSAGE", "[SL:RECIPIENT", "[IN:GET_CONTACT", "[SL:CONTACT_RELATED", "@ptr6", "SL:CONTACT_RELATED]", "[SL:TYPE_RELATION", "@ptr7", "SL:TYPE_RELATION]", "IN:GET_CONTACT]", "SL:RECIPIENT]", "IN:SEND_MESSAGE]"], "predicted_tokens": ["[IN:SEND_MESSAGE", "[SL:RECIPIENT", "[IN:GET_CONTACT", "[SL:CONTACT_RELATED", "@ptr6", "SL:CONTACT_RELATED]", "[SL:TYPE_RELATION", "@ptr7", "SL:TYPE_RELATION]", "IN:GET_CONTACT]", "SL:RECIPIENT]", "IN:SEND_MESSAGE]"]}
{"loss": 0.9839065074920654, "class_log_probabilities": [-0.4477846026420593, -5.73356294631958, -6.381282329559326, -6.992483139038086], "predictions": [5, 269, 398, 270, 10, 399, 11, 12, 4], "target_tokens": ["[IN:GET_MESSAGE", "[SL:GROUP", "@ptr3", "SL:GROUP]", "[SL:RECIPIENT", "@ptr4", "SL:RECIPIENT]", "IN:GET_MESSAGE]"], "predicted_tokens": ["[IN:GET_MESSAGE", "[SL:GROUP", "@ptr3", "SL:GROUP]", "[SL:RECIPIENT", "@ptr4", "SL:RECIPIENT]", "IN:GET_MESSAGE]"]}
{"loss": 1.642652153968811, "class_log_probabilities": [-1.289117693901062, -3.7400848865509033, -4.429544448852539, -5.233721733093262], "predictions": [23, 24, 400, 401, 402, 403, 25, 26, 4, 4, 4, 4, 4, 4, 4, 4], "target_tokens": ["[IN:SEND_MESSAGE", "[SL:GROUP", "@ptr6", "@ptr7", "@ptr8", "SL:GROUP]", "[SL:CONTENT_EXACT", "@ptr12", "@ptr13", "@ptr14", "@ptr15", "SL:CONTENT_EXACT]", "IN:SEND_MESSAGE]"], "predicted_tokens": ["[IN:SEND_MESSAGE", "[SL:CONTENT_EXACT", "@ptr5", "@ptr6", "@ptr7", "@ptr8", "SL:CONTENT_EXACT]", "IN:SEND_MESSAGE]"]}
{"loss": 2.0761077404022217, "class_log_probabilities": [-1.1465058326721191, -3.691084146499634, -3.738476276397705, -4.293838024139404], "predictions": [23, 269, 401, 402, 403, 270, 26, 4], "target_tokens": ["[IN:SEND_MESSAGE", "[SL:GROUP", "@ptr8", "SL:GROUP]", "IN:SEND_MESSAGE]"], "predicted_tokens": ["[IN:SEND_MESSAGE", "[SL:GROUP", "@ptr6", "@ptr7", "@ptr8", "SL:GROUP]", "IN:SEND_MESSAGE]"]}
{"loss": 1.002457618713379, "class_log_probabilities": [-0.5919277667999268, -3.502157211303711, -3.735325813293457, -6.783099174499512], "predictions": [23, 269, 403, 270, 26, 4, 4], "target_tokens": ["[IN:SEND_MESSAGE", "[SL:GROUP", "@ptr8", "SL:GROUP]", "IN:SEND_MESSAGE]"], "predicted_tokens": ["[IN:SEND_MESSAGE", "[SL:GROUP", "@ptr8", "SL:GROUP]", "IN:SEND_MESSAGE]"]}
{"loss": 0.9749987721443176, "class_log_probabilities": [-0.7068076133728027, -4.827209949493408, -5.567039966583252, -7.3301682472229], "predictions": [23, 10, 70, 93, 398, 94, 71, 400, 72, 73, 11, 26, 4, 4, 4, 4, 4], "target_tokens": ["[IN:SEND_MESSAGE", "[SL:RECIPIENT", "[IN:GET_CONTACT", "[SL:CONTACT_RELATED", "@ptr3", "SL:CONTACT_RELATED]", "[SL:TYPE_RELATION", "@ptr5", "SL:TYPE_RELATION]", "IN:GET_CONTACT]", "SL:RECIPIENT]", "IN:SEND_MESSAGE]"], "predicted_tokens": ["[IN:SEND_MESSAGE", "[SL:RECIPIENT", "[IN:GET_CONTACT", "[SL:CONTACT_RELATED", "@ptr3", "SL:CONTACT_RELATED]", "[SL:TYPE_RELATION", "@ptr5", "SL:TYPE_RELATION]", "IN:GET_CONTACT]", "SL:RECIPIENT]", "IN:SEND_MESSAGE]"]}
{"loss": 0.9723726511001587, "class_log_probabilities": [-0.6604295372962952, -6.165462017059326, -7.037712097167969, -7.635003089904785], "predictions": [23, 10, 70, 93, 398, 94, 71, 399, 72, 73, 11, 26, 4], "target_tokens": ["[IN:SEND_MESSAGE", "[SL:RECIPIENT", "[IN:GET_CONTACT", "[SL:CONTACT_RELATED", "@ptr3", "SL:CONTACT_RELATED]", "[SL:TYPE_RELATION", "@ptr4", "SL:TYPE_RELATION]", "IN:GET_CONTACT]", "SL:RECIPIENT]", "IN:SEND_MESSAGE]"], "predicted_tokens": ["[IN:SEND_MESSAGE", "[SL:RECIPIENT", "[IN:GET_CONTACT", "[SL:CONTACT_RELATED", "@ptr3", "SL:CONTACT_RELATED]", "[SL:TYPE_RELATION", "@ptr4", "SL:TYPE_RELATION]", "IN:GET_CONTACT]", "SL:RECIPIENT]", "IN:SEND_MESSAGE]"]}
{"loss": 1.0605874061584473, "class_log_probabilities": [-1.39456045627594, -2.32399582862854, -4.6404314041137695, -6.4726386070251465], "predictions": [23, 269, 404, 405, 406, 270, 26, 4, 4], "target_tokens": ["[IN:SEND_MESSAGE", "[SL:GROUP", "@ptr9", "@ptr10", "@ptr11", "SL:GROUP]", "IN:SEND_MESSAGE]"], "predicted_tokens": ["[IN:SEND_MESSAGE", "[SL:GROUP", "@ptr9", "@ptr10", "@ptr11", "SL:GROUP]", "IN:SEND_MESSAGE]"]}
{"loss": 0.9838090538978577, "class_log_probabilities": [-0.7896552085876465, -4.7702813148498535, -5.077158451080322, -5.338678359985352], "predictions": [23, 10, 70, 93, 401, 94, 71, 402, 72, 73, 11, 8, 405, 9, 26, 4], "target_tokens": ["[IN:SEND_MESSAGE", "[SL:RECIPIENT", "[IN:GET_CONTACT", "[SL:CONTACT_RELATED", "@ptr6", "SL:CONTACT_RELATED]", "[SL:TYPE_RELATION", "@ptr7", "SL:TYPE_RELATION]", "IN:GET_CONTACT]", "SL:RECIPIENT]", "[SL:TYPE_CONTENT", "@ptr10", "SL:TYPE_CONTENT]", "IN:SEND_MESSAGE]"], "predicted_tokens": ["[IN:SEND_MESSAGE", "[SL:RECIPIENT", "[IN:GET_CONTACT", "[SL:CONTACT_RELATED", "@ptr6", "SL:CONTACT_RELATED]", "[SL:TYPE_RELATION", "@ptr7", "SL:TYPE_RELATION]", "IN:GET_CONTACT]", "SL:RECIPIENT]", "[SL:TYPE_CONTENT", "@ptr10", "SL:TYPE_CONTENT]", "IN:SEND_MESSAGE]"]}
{"loss": 1.0701062679290771, "class_log_probabilities": [-2.2603256702423096, -2.3691325187683105, -5.78196907043457, -6.27651834487915], "predictions": [5, 269, 398, 399, 270, 10, 400, 11, 16, 405, 406, 407, 17, 12, 4], "target_tokens": ["[IN:GET_MESSAGE", "[SL:GROUP", "@ptr4", "SL:GROUP]", "[SL:RECIPIENT", "@ptr5", "SL:RECIPIENT]", "[SL:DATE_TIME", "@ptr10", "@ptr11", "@ptr12", "SL:DATE_TIME]", "IN:GET_MESSAGE]"], "predicted_tokens": ["[IN:GET_MESSAGE", "[SL:GROUP", "@ptr3", "@ptr4", "SL:GROUP]", "[SL:RECIPIENT", "@ptr5", "SL:RECIPIENT]", "[SL:DATE_TIME", "@ptr10", "@ptr11", "@ptr12", "SL:DATE_TIME]", "IN:GET_MESSAGE]"]}
{"loss": 0.970937192440033, "class_log_probabilities": [-0.4381606876850128, -7.443347930908203, -7.988645553588867, -8.086996078491211], "predictions": [23, 10, 400, 11, 10, 403, 11, 26, 4], "target_tokens": ["[IN:SEND_MESSAGE", "[SL:RECIPIENT", "@ptr5", "SL:RECIPIENT]", "[SL:RECIPIENT", "@ptr8", "SL:RECIPIENT]", "IN:SEND_MESSAGE]"], "predicted_tokens": ["[IN:SEND_MESSAGE", "[SL:RECIPIENT", "@ptr5", "SL:RECIPIENT]", "[SL:RECIPIENT", "@ptr8", "SL:RECIPIENT]", "IN:SEND_MESSAGE]"]}
{"loss": 0.9702546000480652, "class_log_probabilities": [-0.42924919724464417, -6.818603992462158, -6.908379554748535, -6.908760070800781], "predictions": [23, 269, 401, 402, 270, 26, 4], "target_tokens": ["[IN:SEND_MESSAGE", "[SL:GROUP", "@ptr6", "@ptr7", "SL:GROUP]", "IN:SEND_MESSAGE]"], "predicted_tokens": ["[IN:SEND_MESSAGE", "[SL:GROUP", "@ptr6", "@ptr7", "SL:GROUP]", "IN:SEND_MESSAGE]"]}
{"loss": 1.1421126127243042, "class_log_probabilities": [-2.689648389816284, -2.8182213306427, -3.118732452392578, -3.433008909225464], "predictions": [23, 8, 400, 9, 10, 403, 11, 10, 404, 11, 10, 406, 11, 26, 4, 4, 4, 4], "target_tokens": ["[IN:SEND_MESSAGE", "[SL:TYPE_CONTENT", "@ptr5", "SL:TYPE_CONTENT]", "[SL:RECIPIENT", "@ptr7", "SL:RECIPIENT]", "[SL:RECIPIENT", "@ptr9", "SL:RECIPIENT]", "[SL:RECIPIENT", "@ptr11", "SL:RECIPIENT]", "IN:SEND_MESSAGE]"], "predicted_tokens": ["[IN:SEND_MESSAGE", "[SL:TYPE_CONTENT", "@ptr5", "SL:TYPE_CONTENT]", "[SL:RECIPIENT", "@ptr8", "SL:RECIPIENT]", "[SL:RECIPIENT", "@ptr9", "SL:RECIPIENT]", "[SL:RECIPIENT", "@ptr11", "SL:RECIPIENT]", "IN:SEND_MESSAGE]"]}
{"loss": 0.9903634786605835, "class_log_probabilities": [-0.9313366413116455, -2.761324644088745, -5.127009391784668, -5.168142795562744], "predictions": [23, 8, 401, 9, 10, 403, 11, 10, 405, 11, 10, 407, 408, 11, 26, 4, 4, 4, 4, 4], "target_tokens": ["[IN:SEND_MESSAGE", "[SL:TYPE_CONTENT", "@ptr6", "SL:TYPE_CONTENT]", "[SL:RECIPIENT", "@ptr8", "SL:RECIPIENT]", "[SL:RECIPIENT", "@ptr10", "SL:RECIPIENT]", "[SL:RECIPIENT", "@ptr12", "@ptr13", "SL:RECIPIENT]", "IN:SEND_MESSAGE]"], "predicted_tokens": ["[IN:SEND_MESSAGE", "[SL:TYPE_CONTENT", "@ptr6", "SL:TYPE_CONTENT]", "[SL:RECIPIENT", "@ptr8", "SL:RECIPIENT]", "[SL:RECIPIENT", "@ptr10", "SL:RECIPIENT]", "[SL:RECIPIENT", "@ptr12", "@ptr13", "SL:RECIPIENT]", "IN:SEND_MESSAGE]"]}
{"loss": 0.9709947109222412, "class_log_probabilities": [-0.4490330219268799, -6.598874568939209, -6.602573394775391, -7.002191543579102], "predictions": [23, 269, 402, 403, 404, 270, 26, 4], "target_tokens": ["[IN:SEND_MESSAGE", "[SL:GROUP", "@ptr7", "@ptr8", "@ptr9", "SL:GROUP]", "IN:SEND_MESSAGE]"], "predicted_tokens": ["[IN:SEND_MESSAGE", "[SL:GROUP", "@ptr7", "@ptr8", "@ptr9", "SL:GROUP]", "IN:SEND_MESSAGE]"]}
{"loss": 1.5780956745147705, "class_log_probabilities": [-1.8470114469528198, -2.9732162952423096, -3.923997163772583, -4.675111770629883], "predictions": [23, 10, 400, 401, 402, 11, 24, 405, 406, 25, 26, 4, 4], "target_tokens": ["[IN:SEND_MESSAGE", "[SL:GROUP", "@ptr6", "@ptr7", "SL:GROUP]", "[SL:CONTENT_EXACT", "@ptr10", "@ptr11", "SL:CONTENT_EXACT]", "IN:SEND_MESSAGE]"], "predicted_tokens": ["[IN:SEND_MESSAGE", "[SL:RECIPIENT", "@ptr5", "@ptr6", "@ptr7", "SL:RECIPIENT]", "[SL:CONTENT_EXACT", "@ptr10", "@ptr11", "SL:CONTENT_EXACT]", "IN:SEND_MESSAGE]"]}
{"loss": 0.9706108570098877, "class_log_probabilities": [-0.6661354303359985, -5.203486442565918, -6.5941996574401855, -6.8625922203063965], "predictions": [23, 269, 399, 270, 24, 402, 403, 404, 25, 26, 4, 4], "target_tokens": ["[IN:SEND_MESSAGE", "[SL:GROUP", "@ptr4", "SL:GROUP]", "[SL:CONTENT_EXACT", "@ptr7", "@ptr8", "@ptr9", "SL:CONTENT_EXACT]", "IN:SEND_MESSAGE]"], "predicted_tokens": ["[IN:SEND_MESSAGE", "[SL:GROUP", "@ptr4", "SL:GROUP]", "[SL:CONTENT_EXACT", "@ptr7", "@ptr8", "@ptr9", "SL:CONTENT_EXACT]", "IN:SEND_MESSAGE]"]}
{"loss": 0.968419075012207, "class_log_probabilities": [-0.4768892824649811, -6.365073204040527, -6.5819902420043945, -6.92819356918335], "predictions": [23, 269, 402, 403, 404, 270, 26, 4, 4], "target_tokens": ["[IN:SEND_MESSAGE", "[SL:GROUP", "@ptr7", "@ptr8", "@ptr9", "SL:GROUP]", "IN:SEND_MESSAGE]"], "predicted_tokens": ["[IN:SEND_MESSAGE", "[SL:GROUP", "@ptr7", "@ptr8", "@ptr9", "SL:GROUP]", "IN:SEND_MESSAGE]"]}
{"loss": 1.7627350091934204, "class_log_probabilities": [-0.5962083339691162, -4.80763578414917, -4.9798583984375, -5.274778366088867], "predictions": [5, 59, 396, 60, 59, 398, 60, 10, 399, 11, 16, 402, 17, 12, 4], "target_tokens": ["[IN:GET_MESSAGE", "[SL:SENDER", "@ptr1", "SL:SENDER]", "[SL:SENDER", "@ptr1", "SL:SENDER]", "[SL:RECIPIENT", "@ptr4", "SL:RECIPIENT]", "[SL:DATE_TIME", "@ptr7", "SL:DATE_TIME]", "IN:GET_MESSAGE]"], "predicted_tokens": ["[IN:GET_MESSAGE", "[SL:SENDER", "@ptr1", "SL:SENDER]", "[SL:SENDER", "@ptr3", "SL:SENDER]", "[SL:RECIPIENT", "@ptr4", "SL:RECIPIENT]", "[SL:DATE_TIME", "@ptr7", "SL:DATE_TIME]", "IN:GET_MESSAGE]"]}
{"loss": 2.1171185970306396, "class_log_probabilities": [-1.285711646080017, -2.556562662124634, -5.7152533531188965, -6.162416458129883], "predictions": [23, 10, 397, 398, 399, 400, 11, 26, 4], "target_tokens": ["[IN:SEND_MESSAGE", "[SL:GROUP", "@ptr3", "@ptr4", "@ptr5", "SL:GROUP]", "IN:SEND_MESSAGE]"], "predicted_tokens": ["[IN:SEND_MESSAGE", "[SL:RECIPIENT", "@ptr2", "@ptr3", "@ptr4", "@ptr5", "SL:RECIPIENT]", "IN:SEND_MESSAGE]"]}
{"loss": 0.9967327117919922, "class_log_probabilities": [-0.865066647529602, -2.84879207611084, -4.840596675872803, -6.07513952255249], "predictions": [5, 8, 399, 9, 59, 401, 60, 12, 4], "target_tokens": ["[IN:GET_MESSAGE", "[SL:TYPE_CONTENT", "@ptr4", "SL:TYPE_CONTENT]", "[SL:SENDER", "@ptr6", "SL:SENDER]", "IN:GET_MESSAGE]"], "predicted_tokens": ["[IN:GET_MESSAGE", "[SL:TYPE_CONTENT", "@ptr4", "SL:TYPE_CONTENT]", "[SL:SENDER", "@ptr6", "SL:SENDER]", "IN:GET_MESSAGE]"]}
{"loss": 0.9935723543167114, "class_log_probabilities": [-0.5038061141967773, -6.12022590637207, -7.178047180175781, -7.39118766784668], "predictions": [5, 59, 70, 71, 400, 72, 6, 401, 7, 73, 60, 12, 4, 4, 4, 4], "target_tokens": ["[IN:GET_MESSAGE", "[SL:SENDER", "[IN:GET_CONTACT", "[SL:TYPE_RELATION", "@ptr5", "SL:TYPE_RELATION]", "[SL:CONTACT", "@ptr6", "SL:CONTACT]", "IN:GET_CONTACT]", "SL:SENDER]", "IN:GET_MESSAGE]"], "predicted_tokens": ["[IN:GET_MESSAGE", "[SL:SENDER", "[IN:GET_CONTACT", "[SL:TYPE_RELATION", "@ptr5", "SL:TYPE_RELATION]", "[SL:CONTACT", "@ptr6", "SL:CONTACT]", "IN:GET_CONTACT]", "SL:SENDER]", "IN:GET_MESSAGE]"]}
{"loss": 0.9737152457237244, "class_log_probabilities": [-0.32669395208358765, -7.506138801574707, -7.510812282562256, -7.596765041351318], "predictions": [5, 59, 400, 60, 12, 4], "target_tokens": ["[IN:GET_MESSAGE", "[SL:SENDER", "@ptr5", "SL:SENDER]", "IN:GET_MESSAGE]"], "predicted_tokens": ["[IN:GET_MESSAGE", "[SL:SENDER", "@ptr5", "SL:SENDER]", "IN:GET_MESSAGE]"]}
{"loss": 0.9830360412597656, "class_log_probabilities": [-0.5916430950164795, -3.905350685119629, -5.539157390594482, -6.750912189483643], "predictions": [5, 8, 400, 9, 59, 402, 60, 12, 4], "target_tokens": ["[IN:GET_MESSAGE", "[SL:TYPE_CONTENT", "@ptr5", "SL:TYPE_CONTENT]", "[SL:SENDER", "@ptr7", "SL:SENDER]", "IN:GET_MESSAGE]"], "predicted_tokens": ["[IN:GET_MESSAGE", "[SL:TYPE_CONTENT", "@ptr5", "SL:TYPE_CONTENT]", "[SL:SENDER", "@ptr7", "SL:SENDER]", "IN:GET_MESSAGE]"]}
{"loss": 0.9895209074020386, "class_log_probabilities": [-0.5187796354293823, -7.044864654541016, -7.5636444091796875, -7.855981349945068], "predictions": [5, 59, 70, 71, 400, 72, 6, 401, 7, 73, 60, 12, 4], "target_tokens": ["[IN:GET_MESSAGE", "[SL:SENDER", "[IN:GET_CONTACT", "[SL:TYPE_RELATION", "@ptr5", "SL:TYPE_RELATION]", "[SL:CONTACT", "@ptr6", "SL:CONTACT]", "IN:GET_CONTACT]", "SL:SENDER]", "IN:GET_MESSAGE]"], "predicted_tokens": ["[IN:GET_MESSAGE", "[SL:SENDER", "[IN:GET_CONTACT", "[SL:TYPE_RELATION", "@ptr5", "SL:TYPE_RELATION]", "[SL:CONTACT", "@ptr6", "SL:CONTACT]", "IN:GET_CONTACT]", "SL:SENDER]", "IN:GET_MESSAGE]"]}
{"loss": 0.9792205691337585, "class_log_probabilities": [-0.4316731095314026, -4.529762268066406, -4.941653728485107, -6.125163555145264], "predictions": [5, 59, 399, 60, 12, 4], "target_tokens": ["[IN:GET_MESSAGE", "[SL:SENDER", "@ptr4", "SL:SENDER]", "IN:GET_MESSAGE]"], "predicted_tokens": ["[IN:GET_MESSAGE", "[SL:SENDER", "@ptr4", "SL:SENDER]", "IN:GET_MESSAGE]"]}
{"loss": 1.1069587469100952, "class_log_probabilities": [-1.0677282810211182, -3.1816399097442627, -4.338252067565918, -5.468756675720215], "predictions": [23, 10, 400, 11, 76, 402, 77, 24, 406, 407, 408, 25, 26, 4, 4], "target_tokens": ["[IN:SEND_MESSAGE", "[SL:RECIPIENT", "@ptr5", "SL:RECIPIENT]", "[SL:NAME_APP", "@ptr7", "SL:NAME_APP]", "[SL:CONTENT_EXACT", "@ptr10", "@ptr11", "@ptr12", "@ptr13", "SL:CONTENT_EXACT]", "IN:SEND_MESSAGE]"], "predicted_tokens": ["[IN:SEND_MESSAGE", "[SL:RECIPIENT", "@ptr5", "SL:RECIPIENT]", "[SL:NAME_APP", "@ptr7", "SL:NAME_APP]", "[SL:CONTENT_EXACT", "@ptr11", "@ptr12", "@ptr13", "SL:CONTENT_EXACT]", "IN:SEND_MESSAGE]"]}
{"loss": 0.9765143990516663, "class_log_probabilities": [-0.2747740149497986, -7.287317276000977, -7.82338809967041, -8.92606258392334], "predictions": [23, 76, 397, 77, 26, 4, 4, 4], "target_tokens": ["[IN:SEND_MESSAGE", "[SL:NAME_APP", "@ptr2", "SL:NAME_APP]", "IN:SEND_MESSAGE]"], "predicted_tokens": ["[IN:SEND_MESSAGE", "[SL:NAME_APP", "@ptr2", "SL:NAME_APP]", "IN:SEND_MESSAGE]"]}
{"loss": 0.9807668924331665, "class_log_probabilities": [-0.6752921342849731, -5.7829108238220215, -6.085609436035156, -6.2036662101745605], "predictions": [23, 10, 404, 405, 11, 76, 407, 77, 26, 4], "target_tokens": ["[IN:SEND_MESSAGE", "[SL:RECIPIENT", "@ptr9", "@ptr10", "SL:RECIPIENT]", "[SL:NAME_APP", "@ptr12", "SL:NAME_APP]", "IN:SEND_MESSAGE]"], "predicted_tokens": ["[IN:SEND_MESSAGE", "[SL:RECIPIENT", "@ptr9", "@ptr10", "SL:RECIPIENT]", "[SL:NAME_APP", "@ptr12", "SL:NAME_APP]", "IN:SEND_MESSAGE]"]}
{"loss": 2.782353639602661, "class_log_probabilities": [-0.6058369874954224, -5.396964073181152, -5.5133161544799805, -6.8554229736328125], "predictions": [283, 10, 397, 11, 76, 404, 77, 284, 4, 4, 4, 4], "target_tokens": ["[IN:GET_MESSAGE_CONTACT", "[SL:NAME_APP", "@ptr9", "SL:NAME_APP]", "IN:GET_MESSAGE_CONTACT]"], "predicted_tokens": ["[IN:GET_MESSAGE_CONTACT", "[SL:RECIPIENT", "@ptr2", "SL:RECIPIENT]", "[SL:NAME_APP", "@ptr9", "SL:NAME_APP]", "IN:GET_MESSAGE_CONTACT]"]}
{"loss": 0.9777786731719971, "class_log_probabilities": [-0.42900699377059937, -6.857090473175049, -7.002628326416016, -7.019238471984863], "predictions": [23, 10, 400, 11, 76, 402, 77, 26, 4], "target_tokens": ["[IN:SEND_MESSAGE", "[SL:RECIPIENT", "@ptr5", "SL:RECIPIENT]", "[SL:NAME_APP", "@ptr7", "SL:NAME_APP]", "IN:SEND_MESSAGE]"], "predicted_tokens": ["[IN:SEND_MESSAGE", "[SL:RECIPIENT", "@ptr5", "SL:RECIPIENT]", "[SL:NAME_APP", "@ptr7", "SL:NAME_APP]", "IN:SEND_MESSAGE]"]}
{"loss": 2.298920154571533, "class_log_probabilities": [-0.44219788908958435, -7.845152378082275, -8.108561515808105, -8.229622840881348], "predictions": [23, 10, 399, 11, 76, 403, 77, 26, 4], "target_tokens": ["[IN:SEND_MESSAGE", "[SL:CONTACT", "@ptr4", "SL:CONTACT]", "[SL:NAME_APP", "@ptr8", "SL:NAME_APP]", "IN:SEND_MESSAGE]"], "predicted_tokens": ["[IN:SEND_MESSAGE", "[SL:RECIPIENT", "@ptr4", "SL:RECIPIENT]", "[SL:NAME_APP", "@ptr8", "SL:NAME_APP]", "IN:SEND_MESSAGE]"]}
{"loss": 0.9784761071205139, "class_log_probabilities": [-0.42670100927352905, -6.462419509887695, -7.081779956817627, -7.430685520172119], "predictions": [23, 10, 400, 11, 76, 402, 77, 26, 4], "target_tokens": ["[IN:SEND_MESSAGE", "[SL:RECIPIENT", "@ptr5", "SL:RECIPIENT]", "[SL:NAME_APP", "@ptr7", "SL:NAME_APP]", "IN:SEND_MESSAGE]"], "predicted_tokens": ["[IN:SEND_MESSAGE", "[SL:RECIPIENT", "@ptr5", "SL:RECIPIENT]", "[SL:NAME_APP", "@ptr7", "SL:NAME_APP]", "IN:SEND_MESSAGE]"]}
{"loss": 0.9757350087165833, "class_log_probabilities": [-0.2813321352005005, -7.499472141265869, -7.729695796966553, -7.95460319519043], "predictions": [23, 76, 399, 77, 26, 4], "target_tokens": ["[IN:SEND_MESSAGE", "[SL:NAME_APP", "@ptr4", "SL:NAME_APP]", "IN:SEND_MESSAGE]"], "predicted_tokens": ["[IN:SEND_MESSAGE", "[SL:NAME_APP", "@ptr4", "SL:NAME_APP]", "IN:SEND_MESSAGE]"]}
{"loss": 1.040560007095337, "class_log_probabilities": [-1.5471105575561523, -1.6077359914779663, -3.0597376823425293, -4.16912841796875], "predictions": [23, 10, 399, 11, 8, 403, 9, 26, 4, 4, 4, 4], "target_tokens": ["[IN:SEND_MESSAGE", "[SL:RECIPIENT", "@ptr4", "SL:RECIPIENT]", "[SL:TYPE_CONTENT", "@ptr8", "SL:TYPE_CONTENT]", "[SL:NAME_APP", "@ptr12", "SL:NAME_APP]", "IN:SEND_MESSAGE]"], "predicted_tokens": ["[IN:SEND_MESSAGE", "[SL:RECIPIENT", "@ptr4", "SL:RECIPIENT]", "[SL:TYPE_CONTENT", "@ptr8", "SL:TYPE_CONTENT]", "IN:SEND_MESSAGE]"]}
{"loss": 0.9899427890777588, "class_log_probabilities": [-0.6592226624488831, -4.71158504486084, -4.820206642150879, -5.330811500549316], "predictions": [23, 76, 400, 77, 26, 4], "target_tokens": ["[IN:SEND_MESSAGE", "[SL:NAME_APP", "@ptr5", "SL:NAME_APP]", "IN:SEND_MESSAGE]"], "predicted_tokens": ["[IN:SEND_MESSAGE", "[SL:NAME_APP", "@ptr5", "SL:NAME_APP]", "IN:SEND_MESSAGE]"]}
{"loss": 0.9763777852058411, "class_log_probabilities": [-0.269898921251297, -7.921554088592529, -8.322368621826172, -8.324655532836914], "predictions": [23, 76, 399, 77, 26, 4], "target_tokens": ["[IN:SEND_MESSAGE", "[SL:NAME_APP", "@ptr4", "SL:NAME_APP]", "IN:SEND_MESSAGE]"], "predicted_tokens": ["[IN:SEND_MESSAGE", "[SL:NAME_APP", "@ptr4", "SL:NAME_APP]", "IN:SEND_MESSAGE]"]}
{"loss": 0.9816930294036865, "class_log_probabilities": [-0.5736711621284485, -4.711938381195068, -5.025078296661377, -5.160305500030518], "predictions": [23, 10, 401, 11, 76, 403, 77, 26, 4], "target_tokens": ["[IN:SEND_MESSAGE", "[SL:RECIPIENT", "@ptr6", "SL:RECIPIENT]", "[SL:NAME_APP", "@ptr8", "SL:NAME_APP]", "IN:SEND_MESSAGE]"], "predicted_tokens": ["[IN:SEND_MESSAGE", "[SL:RECIPIENT", "@ptr6", "SL:RECIPIENT]", "[SL:NAME_APP", "@ptr8", "SL:NAME_APP]", "IN:SEND_MESSAGE]"]}
{"loss": 0.9808144569396973, "class_log_probabilities": [-0.2670404613018036, -7.844460964202881, -7.9986395835876465, -9.0481595993042], "predictions": [5, 76, 399, 77, 12, 4, 4, 4, 4, 4], "target_tokens": ["[IN:GET_MESSAGE", "[SL:NAME_APP", "@ptr4", "SL:NAME_APP]", "IN:GET_MESSAGE]"], "predicted_tokens": ["[IN:GET_MESSAGE", "[SL:NAME_APP", "@ptr4", "SL:NAME_APP]", "IN:GET_MESSAGE]"]}
{"loss": 0.9767532348632812, "class_log_probabilities": [-0.769102931022644, -4.243414878845215, -5.026325702667236, -5.798162937164307], "predictions": [23, 10, 397, 398, 11, 8, 402, 9, 76, 404, 77, 26, 4], "target_tokens": ["[IN:SEND_MESSAGE", "[SL:RECIPIENT", "@ptr2", "@ptr3", "SL:RECIPIENT]", "[SL:TYPE_CONTENT", "@ptr7", "SL:TYPE_CONTENT]", "[SL:NAME_APP", "@ptr9", "SL:NAME_APP]", "IN:SEND_MESSAGE]"], "predicted_tokens": ["[IN:SEND_MESSAGE", "[SL:RECIPIENT", "@ptr2", "@ptr3", "SL:RECIPIENT]", "[SL:TYPE_CONTENT", "@ptr7", "SL:TYPE_CONTENT]", "[SL:NAME_APP", "@ptr9", "SL:NAME_APP]", "IN:SEND_MESSAGE]"]}
{"loss": 0.9802930355072021, "class_log_probabilities": [-0.2748606204986572, -7.705923080444336, -7.940300941467285, -8.167489051818848], "predictions": [5, 76, 399, 77, 12, 4], "target_tokens": ["[IN:GET_MESSAGE", "[SL:NAME_APP", "@ptr4", "SL:NAME_APP]", "IN:GET_MESSAGE]"], "predicted_tokens": ["[IN:GET_MESSAGE", "[SL:NAME_APP", "@ptr4", "SL:NAME_APP]", "IN:GET_MESSAGE]"]}
{"loss": 2.923219919204712, "class_log_probabilities": [-1.0938173532485962, -2.7279136180877686, -3.5901551246643066, -4.132773399353027], "predictions": [23, 10, 399, 11, 8, 403, 9, 76, 405, 77, 26, 4, 4, 4, 4], "target_tokens": ["[IN:SEND_MESSAGE", "[SL:CONTACT", "@ptr4", "SL:CONTACT]", "[SL:NAME_APP", "@ptr10", "SL:NAME_APP]", "[SL:TYPE_CONTENT", "@ptr8", "SL:TYPE_CONTENT]", "IN:SEND_MESSAGE]"], "predicted_tokens": ["[IN:SEND_MESSAGE", "[SL:RECIPIENT", "@ptr4", "SL:RECIPIENT]", "[SL:TYPE_CONTENT", "@ptr8", "SL:TYPE_CONTENT]", "[SL:NAME_APP", "@ptr10", "SL:NAME_APP]", "IN:SEND_MESSAGE]"]}
{"loss": 1.2046536207199097, "class_log_probabilities": [-0.6966104507446289, -4.505683898925781, -6.382998466491699, -7.779970645904541], "predictions": [23, 10, 398, 11, 76, 400, 77, 24, 403, 404, 405, 25, 26, 4, 4], "target_tokens": ["[IN:SEND_MESSAGE", "[SL:RECIPIENT", "@ptr3", "SL:RECIPIENT]", "[SL:NAME_APP", "@ptr5", "SL:NAME_APP]", "[SL:CONTENT_EXACT", "@ptr7", "@ptr8", "@ptr9", "@ptr10", "SL:CONTENT_EXACT]", "IN:SEND_MESSAGE]"], "predicted_tokens": ["[IN:SEND_MESSAGE", "[SL:RECIPIENT", "@ptr3", "SL:RECIPIENT]", "[SL:NAME_APP", "@ptr5", "SL:NAME_APP]", "[SL:CONTENT_EXACT", "@ptr8", "@ptr9", "@ptr10", "SL:CONTENT_EXACT]", "IN:SEND_MESSAGE]"]}
{"loss": 0.9851736426353455, "class_log_probabilities": [-0.5772827863693237, -3.293060302734375, -4.245554447174072, -5.089917182922363], "predictions": [327, 10, 401, 11, 328, 4], "target_tokens": ["[IN:CANCEL_MESSAGE", "[SL:RECIPIENT", "@ptr6", "SL:RECIPIENT]", "IN:CANCEL_MESSAGE]"], "predicted_tokens": ["[IN:CANCEL_MESSAGE", "[SL:RECIPIENT", "@ptr6", "SL:RECIPIENT]", "IN:CANCEL_MESSAGE]"]}
{"loss": 2.8277058601379395, "class_log_probabilities": [-0.4265655279159546, -7.710361480712891, -7.822910785675049, -7.840699672698975], "predictions": [23, 8, 400, 9, 10, 402, 11, 26, 4], "target_tokens": ["[IN:SEND_MESSAGE", "[SL:RECIPIENT", "@ptr7", "SL:RECIPIENT]", "[SL:TYPE_CONTENT", "@ptr5", "SL:TYPE_CONTENT]", "IN:SEND_MESSAGE]"], "predicted_tokens": ["[IN:SEND_MESSAGE", "[SL:TYPE_CONTENT", "@ptr5", "SL:TYPE_CONTENT]", "[SL:RECIPIENT", "@ptr7", "SL:RECIPIENT]", "IN:SEND_MESSAGE]"]}
{"loss": 1.1332391500473022, "class_log_probabilities": [-1.2972385883331299, -3.861833095550537, -4.0478081703186035, -5.155831336975098], "predictions": [23, 8, 397, 9, 10, 399, 11, 26, 4, 4, 4, 4, 4], "target_tokens": ["[IN:SEND_MESSAGE", "[SL:TYPE_CONTENT", "@ptr2", "SL:TYPE_CONTENT]", "[SL:RECIPIENT", "[IN:GET_CONTACT", "[SL:TYPE_RELATION", "@ptr4", "SL:TYPE_RELATION]", "IN:GET_CONTACT]", "SL:RECIPIENT]", "IN:SEND_MESSAGE]"], "predicted_tokens": ["[IN:SEND_MESSAGE", "[SL:TYPE_CONTENT", "@ptr2", "SL:TYPE_CONTENT]", "[SL:RECIPIENT", "@ptr4", "SL:RECIPIENT]", "IN:SEND_MESSAGE]"]}
{"loss": 0.9776538610458374, "class_log_probabilities": [-0.4413962960243225, -7.552517890930176, -7.756503105163574, -8.398944854736328], "predictions": [23, 8, 399, 9, 10, 401, 402, 11, 26, 4], "target_tokens": ["[IN:SEND_MESSAGE", "[SL:TYPE_CONTENT", "@ptr4", "SL:TYPE_CONTENT]", "[SL:RECIPIENT", "@ptr6", "@ptr7", "SL:RECIPIENT]", "IN:SEND_MESSAGE]"], "predicted_tokens": ["[IN:SEND_MESSAGE", "[SL:TYPE_CONTENT", "@ptr4", "SL:TYPE_CONTENT]", "[SL:RECIPIENT", "@ptr6", "@ptr7", "SL:RECIPIENT]", "IN:SEND_MESSAGE]"]}
{"loss": 0.9820413589477539, "class_log_probabilities": [-0.5396312475204468, -6.925829887390137, -8.012529373168945, -8.032903671264648], "predictions": [23, 8, 399, 9, 10, 70, 71, 401, 72, 73, 11, 26, 4], "target_tokens": ["[IN:SEND_MESSAGE", "[SL:TYPE_CONTENT", "@ptr4", "SL:TYPE_CONTENT]", "[SL:RECIPIENT", "[IN:GET_CONTACT", "[SL:TYPE_RELATION", "@ptr6", "SL:TYPE_RELATION]", "IN:GET_CONTACT]", "SL:RECIPIENT]", "IN:SEND_MESSAGE]"], "predicted_tokens": ["[IN:SEND_MESSAGE", "[SL:TYPE_CONTENT", "@ptr4", "SL:TYPE_CONTENT]", "[SL:RECIPIENT", "[IN:GET_CONTACT", "[SL:TYPE_RELATION", "@ptr6", "SL:TYPE_RELATION]", "IN:GET_CONTACT]", "SL:RECIPIENT]", "IN:SEND_MESSAGE]"]}
{"loss": 0.9887050986289978, "class_log_probabilities": [-1.1538116931915283, -4.245123386383057, -5.156638145446777, -5.171399116516113], "predictions": [23, 8, 399, 9, 10, 70, 93, 402, 94, 71, 403, 72, 6, 404, 7, 73, 11, 26, 4, 4, 4, 4], "target_tokens": ["[IN:SEND_MESSAGE", "[SL:TYPE_CONTENT", "@ptr4", "SL:TYPE_CONTENT]", "[SL:RECIPIENT", "[IN:GET_CONTACT", "[SL:CONTACT_RELATED", "@ptr7", "SL:CONTACT_RELATED]", "[SL:TYPE_RELATION", "@ptr8", "SL:TYPE_RELATION]", "[SL:CONTACT", "@ptr9", "SL:CONTACT]", "IN:GET_CONTACT]", "SL:RECIPIENT]", "IN:SEND_MESSAGE]"], "predicted_tokens": ["[IN:SEND_MESSAGE", "[SL:TYPE_CONTENT", "@ptr4", "SL:TYPE_CONTENT]", "[SL:RECIPIENT", "[IN:GET_CONTACT", "[SL:CONTACT_RELATED", "@ptr7", "SL:CONTACT_RELATED]", "[SL:TYPE_RELATION", "@ptr8", "SL:TYPE_RELATION]", "[SL:CONTACT", "@ptr9", "SL:CONTACT]", "IN:GET_CONTACT]", "SL:RECIPIENT]", "IN:SEND_MESSAGE]"]}
{"loss": 0.9803139567375183, "class_log_probabilities": [-0.5555205345153809, -7.292715072631836, -8.017160415649414, -8.335655212402344], "predictions": [23, 8, 399, 9, 10, 70, 71, 401, 72, 73, 11, 26, 4, 4, 4, 4, 4, 4], "target_tokens": ["[IN:SEND_MESSAGE", "[SL:TYPE_CONTENT", "@ptr4", "SL:TYPE_CONTENT]", "[SL:RECIPIENT", "[IN:GET_CONTACT", "[SL:TYPE_RELATION", "@ptr6", "SL:TYPE_RELATION]", "IN:GET_CONTACT]", "SL:RECIPIENT]", "IN:SEND_MESSAGE]"], "predicted_tokens": ["[IN:SEND_MESSAGE", "[SL:TYPE_CONTENT", "@ptr4", "SL:TYPE_CONTENT]", "[SL:RECIPIENT", "[IN:GET_CONTACT", "[SL:TYPE_RELATION", "@ptr6", "SL:TYPE_RELATION]", "IN:GET_CONTACT]", "SL:RECIPIENT]", "IN:SEND_MESSAGE]"]}
{"loss": 0.976369321346283, "class_log_probabilities": [-0.40447884798049927, -8.371217727661133, -8.589180946350098, -9.073349952697754], "predictions": [23, 8, 401, 9, 10, 403, 11, 26, 4, 4, 4], "target_tokens": ["[IN:SEND_MESSAGE", "[SL:TYPE_CONTENT", "@ptr6", "SL:TYPE_CONTENT]", "[SL:RECIPIENT", "@ptr8", "SL:RECIPIENT]", "IN:SEND_MESSAGE]"], "predicted_tokens": ["[IN:SEND_MESSAGE", "[SL:TYPE_CONTENT", "@ptr6", "SL:TYPE_CONTENT]", "[SL:RECIPIENT", "@ptr8", "SL:RECIPIENT]", "IN:SEND_MESSAGE]"]}
{"loss": 1.1774635314941406, "class_log_probabilities": [-0.844568133354187, -2.526463747024536, -3.2069954872131348, -4.820529937744141], "predictions": [23, 8, 403, 9, 10, 406, 11, 26, 4], "target_tokens": ["[IN:SEND_MESSAGE", "[SL:TYPE_CONTENT", "@ptr8", "SL:TYPE_CONTENT]", "[SL:RECIPIENT", "@ptr10", "SL:RECIPIENT]", "IN:SEND_MESSAGE]"], "predicted_tokens": ["[IN:SEND_MESSAGE", "[SL:TYPE_CONTENT", "@ptr8", "SL:TYPE_CONTENT]", "[SL:RECIPIENT", "@ptr11", "SL:RECIPIENT]", "IN:SEND_MESSAGE]"]}
{"loss": 0.9763956069946289, "class_log_probabilities": [-0.4507017433643341, -7.003183841705322, -8.491191864013672, -8.581429481506348], "predictions": [23, 8, 401, 9, 10, 403, 404, 11, 26, 4, 4, 4], "target_tokens": ["[IN:SEND_MESSAGE", "[SL:TYPE_CONTENT", "@ptr6", "SL:TYPE_CONTENT]", "[SL:RECIPIENT", "@ptr8", "@ptr9", "SL:RECIPIENT]", "IN:SEND_MESSAGE]"], "predicted_tokens": ["[IN:SEND_MESSAGE", "[SL:TYPE_CONTENT", "@ptr6", "SL:TYPE_CONTENT]", "[SL:RECIPIENT", "@ptr8", "@ptr9", "SL:RECIPIENT]", "IN:SEND_MESSAGE]"]}
{"loss": 0.9711288809776306, "class_log_probabilities": [-0.4456455409526825, -8.229141235351562, -8.369881629943848, -8.612433433532715], "predictions": [23, 8, 397, 9, 10, 399, 11, 26, 4, 4, 4, 4], "target_tokens": ["[IN:SEND_MESSAGE", "[SL:TYPE_CONTENT", "@ptr2", "SL:TYPE_CONTENT]", "[SL:RECIPIENT", "@ptr4", "SL:RECIPIENT]", "IN:SEND_MESSAGE]"], "predicted_tokens": ["[IN:SEND_MESSAGE", "[SL:TYPE_CONTENT", "@ptr2", "SL:TYPE_CONTENT]", "[SL:RECIPIENT", "@ptr4", "SL:RECIPIENT]", "IN:SEND_MESSAGE]"]}
{"loss": 0.9733166694641113, "class_log_probabilities": [-0.2891504466533661, -8.137332916259766, -8.238510131835938, -8.256722450256348], "predictions": [23, 8, 401, 9, 26, 4, 4, 4], "target_tokens": ["[IN:SEND_MESSAGE", "[SL:TYPE_CONTENT", "@ptr6", "SL:TYPE_CONTENT]", "IN:SEND_MESSAGE]"], "predicted_tokens": ["[IN:SEND_MESSAGE", "[SL:TYPE_CONTENT", "@ptr6", "SL:TYPE_CONTENT]", "IN:SEND_MESSAGE]"]}
{"loss": 0.9783101677894592, "class_log_probabilities": [-0.2637309730052948, -7.982774257659912, -8.453505516052246, -8.456767082214355], "predictions": [23, 8, 401, 9, 26, 4, 4, 4, 4], "target_tokens": ["[IN:SEND_MESSAGE", "[SL:TYPE_CONTENT", "@ptr6", "SL:TYPE_CONTENT]", "IN:SEND_MESSAGE]"], "predicted_tokens": ["[IN:SEND_MESSAGE", "[SL:TYPE_CONTENT", "@ptr6", "SL:TYPE_CONTENT]", "IN:SEND_MESSAGE]"]}
{"loss": 0.9701125621795654, "class_log_probabilities": [-0.4588380753993988, -8.089080810546875, -8.259267807006836, -8.60197639465332], "predictions": [23, 8, 397, 9, 10, 399, 11, 26, 4, 4, 4, 4], "target_tokens": ["[IN:SEND_MESSAGE", "[SL:TYPE_CONTENT", "@ptr2", "SL:TYPE_CONTENT]", "[SL:RECIPIENT", "@ptr4", "SL:RECIPIENT]", "IN:SEND_MESSAGE]"], "predicted_tokens": ["[IN:SEND_MESSAGE", "[SL:TYPE_CONTENT", "@ptr2", "SL:TYPE_CONTENT]", "[SL:RECIPIENT", "@ptr4", "SL:RECIPIENT]", "IN:SEND_MESSAGE]"]}
{"loss": 0.9732652306556702, "class_log_probabilities": [-0.2892412841320038, -8.115644454956055, -8.175823211669922, -8.478399276733398], "predictions": [23, 8, 400, 9, 26, 4, 4, 4, 4], "target_tokens": ["[IN:SEND_MESSAGE", "[SL:TYPE_CONTENT", "@ptr5", "SL:TYPE_CONTENT]", "IN:SEND_MESSAGE]"], "predicted_tokens": ["[IN:SEND_MESSAGE", "[SL:TYPE_CONTENT", "@ptr5", "SL:TYPE_CONTENT]", "IN:SEND_MESSAGE]"]}
{"loss": 0.9741206169128418, "class_log_probabilities": [-0.49273785948753357, -7.739659786224365, -7.953662395477295, -8.081258773803711], "predictions": [23, 8, 398, 9, 10, 400, 401, 11, 26, 4], "target_tokens": ["[IN:SEND_MESSAGE", "[SL:TYPE_CONTENT", "@ptr3", "SL:TYPE_CONTENT]", "[SL:RECIPIENT", "@ptr5", "@ptr6", "SL:RECIPIENT]", "IN:SEND_MESSAGE]"], "predicted_tokens": ["[IN:SEND_MESSAGE", "[SL:TYPE_CONTENT", "@ptr3", "SL:TYPE_CONTENT]", "[SL:RECIPIENT", "@ptr5", "@ptr6", "SL:RECIPIENT]", "IN:SEND_MESSAGE]"]}
{"loss": 0.9762674570083618, "class_log_probabilities": [-0.457828551530838, -8.184774398803711, -8.234675407409668, -8.359380722045898], "predictions": [23, 8, 400, 9, 10, 402, 403, 11, 26, 4, 4, 4], "target_tokens": ["[IN:SEND_MESSAGE", "[SL:TYPE_CONTENT", "@ptr5", "SL:TYPE_CONTENT]", "[SL:RECIPIENT", "@ptr7", "@ptr8", "SL:RECIPIENT]", "IN:SEND_MESSAGE]"], "predicted_tokens": ["[IN:SEND_MESSAGE", "[SL:TYPE_CONTENT", "@ptr5", "SL:TYPE_CONTENT]", "[SL:RECIPIENT", "@ptr7", "@ptr8", "SL:RECIPIENT]", "IN:SEND_MESSAGE]"]}
{"loss": 0.9735247492790222, "class_log_probabilities": [-0.4234973192214966, -8.090983390808105, -8.331681251525879, -8.371248245239258], "predictions": [23, 10, 397, 11, 8, 400, 9, 26, 4, 4, 4], "target_tokens": ["[IN:SEND_MESSAGE", "[SL:RECIPIENT", "@ptr2", "SL:RECIPIENT]", "[SL:TYPE_CONTENT", "@ptr5", "SL:TYPE_CONTENT]", "IN:SEND_MESSAGE]"], "predicted_tokens": ["[IN:SEND_MESSAGE", "[SL:RECIPIENT", "@ptr2", "SL:RECIPIENT]", "[SL:TYPE_CONTENT", "@ptr5", "SL:TYPE_CONTENT]", "IN:SEND_MESSAGE]"]}
{"loss": 0.9755547046661377, "class_log_probabilities": [-0.40951815247535706, -8.092635154724121, -8.303633689880371, -8.391073226928711], "predictions": [23, 10, 397, 11, 8, 400, 9, 26, 4, 4, 4], "target_tokens": ["[IN:SEND_MESSAGE", "[SL:RECIPIENT", "@ptr2", "SL:RECIPIENT]", "[SL:TYPE_CONTENT", "@ptr5", "SL:TYPE_CONTENT]", "IN:SEND_MESSAGE]"], "predicted_tokens": ["[IN:SEND_MESSAGE", "[SL:RECIPIENT", "@ptr2", "SL:RECIPIENT]", "[SL:TYPE_CONTENT", "@ptr5", "SL:TYPE_CONTENT]", "IN:SEND_MESSAGE]"]}
{"loss": 0.9719579219818115, "class_log_probabilities": [-0.4385530352592468, -8.247445106506348, -8.33152961730957, -8.541861534118652], "predictions": [23, 8, 397, 9, 10, 399, 11, 26, 4, 4, 4, 4], "target_tokens": ["[IN:SEND_MESSAGE", "[SL:TYPE_CONTENT", "@ptr2", "SL:TYPE_CONTENT]", "[SL:RECIPIENT", "@ptr4", "SL:RECIPIENT]", "IN:SEND_MESSAGE]"], "predicted_tokens": ["[IN:SEND_MESSAGE", "[SL:TYPE_CONTENT", "@ptr2", "SL:TYPE_CONTENT]", "[SL:RECIPIENT", "@ptr4", "SL:RECIPIENT]", "IN:SEND_MESSAGE]"]}
{"loss": 0.9760204553604126, "class_log_probabilities": [-0.5026429891586304, -6.663144111633301, -6.944948196411133, -7.08998966217041], "predictions": [23, 8, 401, 9, 10, 403, 404, 405, 11, 26, 4, 4], "target_tokens": ["[IN:SEND_MESSAGE", "[SL:TYPE_CONTENT", "@ptr6", "SL:TYPE_CONTENT]", "[SL:RECIPIENT", "@ptr8", "@ptr9", "@ptr10", "SL:RECIPIENT]", "IN:SEND_MESSAGE]"], "predicted_tokens": ["[IN:SEND_MESSAGE", "[SL:TYPE_CONTENT", "@ptr6", "SL:TYPE_CONTENT]", "[SL:RECIPIENT", "@ptr8", "@ptr9", "@ptr10", "SL:RECIPIENT]", "IN:SEND_MESSAGE]"]}
{"loss": 0.973552942276001, "class_log_probabilities": [-0.42339494824409485, -7.869903087615967, -8.265937805175781, -8.399031639099121], "predictions": [23, 8, 397, 9, 10, 400, 11, 26, 4], "target_tokens": ["[IN:SEND_MESSAGE", "[SL:TYPE_CONTENT", "@ptr2", "SL:TYPE_CONTENT]", "[SL:RECIPIENT", "@ptr5", "SL:RECIPIENT]", "IN:SEND_MESSAGE]"], "predicted_tokens": ["[IN:SEND_MESSAGE", "[SL:TYPE_CONTENT", "@ptr2", "SL:TYPE_CONTENT]", "[SL:RECIPIENT", "@ptr5", "SL:RECIPIENT]", "IN:SEND_MESSAGE]"]}
{"loss": 0.9775121212005615, "class_log_probabilities": [-0.27280670404434204, -8.139958381652832, -8.33021354675293, -8.419416427612305], "predictions": [23, 8, 401, 9, 26, 4, 4, 4], "target_tokens": ["[IN:SEND_MESSAGE", "[SL:TYPE_CONTENT", "@ptr6", "SL:TYPE_CONTENT]", "IN:SEND_MESSAGE]"], "predicted_tokens": ["[IN:SEND_MESSAGE", "[SL:TYPE_CONTENT", "@ptr6", "SL:TYPE_CONTENT]", "IN:SEND_MESSAGE]"]}
{"loss": 0.9776620268821716, "class_log_probabilities": [-0.2692977488040924, -7.2962327003479, -7.583183288574219, -8.437702178955078], "predictions": [23, 8, 399, 9, 26, 4, 4, 4], "target_tokens": ["[IN:SEND_MESSAGE", "[SL:TYPE_CONTENT", "@ptr4", "SL:TYPE_CONTENT]", "IN:SEND_MESSAGE]"], "predicted_tokens": ["[IN:SEND_MESSAGE", "[SL:TYPE_CONTENT", "@ptr4", "SL:TYPE_CONTENT]", "IN:SEND_MESSAGE]"]}
{"loss": 0.9733028411865234, "class_log_probabilities": [-0.4367479085922241, -7.807064533233643, -8.068875312805176, -8.274978637695312], "predictions": [23, 8, 399, 9, 10, 401, 11, 26, 4], "target_tokens": ["[IN:SEND_MESSAGE", "[SL:TYPE_CONTENT", "@ptr4", "SL:TYPE_CONTENT]", "[SL:RECIPIENT", "@ptr6", "SL:RECIPIENT]", "IN:SEND_MESSAGE]"], "predicted_tokens": ["[IN:SEND_MESSAGE", "[SL:TYPE_CONTENT", "@ptr4", "SL:TYPE_CONTENT]", "[SL:RECIPIENT", "@ptr6", "SL:RECIPIENT]", "IN:SEND_MESSAGE]"]}
{"loss": 0.9714629054069519, "class_log_probabilities": [-0.4356987774372101, -8.20139217376709, -8.316073417663574, -8.511160850524902], "predictions": [23, 8, 399, 9, 10, 401, 11, 26, 4], "target_tokens": ["[IN:SEND_MESSAGE", "[SL:TYPE_CONTENT", "@ptr4", "SL:TYPE_CONTENT]", "[SL:RECIPIENT", "@ptr6", "SL:RECIPIENT]", "IN:SEND_MESSAGE]"], "predicted_tokens": ["[IN:SEND_MESSAGE", "[SL:TYPE_CONTENT", "@ptr4", "SL:TYPE_CONTENT]", "[SL:RECIPIENT", "@ptr6", "SL:RECIPIENT]", "IN:SEND_MESSAGE]"]}
{"loss": 0.9733330011367798, "class_log_probabilities": [-0.48481109738349915, -7.103057384490967, -7.482738971710205, -7.734297752380371], "predictions": [23, 10, 398, 399, 11, 8, 403, 9, 26, 4, 4], "target_tokens": ["[IN:SEND_MESSAGE", "[SL:RECIPIENT", "@ptr3", "@ptr4", "SL:RECIPIENT]", "[SL:TYPE_CONTENT", "@ptr8", "SL:TYPE_CONTENT]", "IN:SEND_MESSAGE]"], "predicted_tokens": ["[IN:SEND_MESSAGE", "[SL:RECIPIENT", "@ptr3", "@ptr4", "SL:RECIPIENT]", "[SL:TYPE_CONTENT", "@ptr8", "SL:TYPE_CONTENT]", "IN:SEND_MESSAGE]"]}
{"loss": 0.9740086793899536, "class_log_probabilities": [-0.4162437617778778, -8.394271850585938, -8.453624725341797, -9.073031425476074], "predictions": [23, 8, 400, 9, 10, 403, 11, 26, 4, 4, 4], "target_tokens": ["[IN:SEND_MESSAGE", "[SL:TYPE_CONTENT", "@ptr5", "SL:TYPE_CONTENT]", "[SL:RECIPIENT", "@ptr8", "SL:RECIPIENT]", "IN:SEND_MESSAGE]"], "predicted_tokens": ["[IN:SEND_MESSAGE", "[SL:TYPE_CONTENT", "@ptr5", "SL:TYPE_CONTENT]", "[SL:RECIPIENT", "@ptr8", "SL:RECIPIENT]", "IN:SEND_MESSAGE]"]}
{"loss": 1.024481177330017, "class_log_probabilities": [-1.4720673561096191, -2.10467267036438, -4.444032192230225, -4.467550754547119], "predictions": [23, 10, 400, 11, 24, 403, 404, 405, 406, 407, 408, 409, 410, 411, 412, 413, 414, 415, 416, 25, 26, 4, 4], "target_tokens": ["[IN:SEND_MESSAGE", "[SL:RECIPIENT", "@ptr5", "SL:RECIPIENT]", "[SL:CONTENT_EXACT", "@ptr8", "@ptr9", "@ptr10", "@ptr11", "@ptr12", "@ptr13", "@ptr14", "@ptr15", "@ptr16", "@ptr17", "@ptr18", "@ptr19", "@ptr20", "@ptr21", "SL:CONTENT_EXACT]", "IN:SEND_MESSAGE]"], "predicted_tokens": ["[IN:SEND_MESSAGE", "[SL:RECIPIENT", "@ptr5", "SL:RECIPIENT]", "[SL:CONTENT_EXACT", "@ptr8", "@ptr9", "@ptr10", "@ptr11", "@ptr12", "@ptr13", "@ptr14", "@ptr15", "@ptr16", "@ptr17", "@ptr18", "@ptr19", "@ptr20", "@ptr21", "SL:CONTENT_EXACT]", "IN:SEND_MESSAGE]"]}
{"loss": 0.9729049205780029, "class_log_probabilities": [-0.30380919575691223, -6.397747039794922, -6.751873016357422, -7.116580486297607], "predictions": [23, 24, 400, 25, 26, 4], "target_tokens": ["[IN:SEND_MESSAGE", "[SL:CONTENT_EXACT", "@ptr5", "SL:CONTENT_EXACT]", "IN:SEND_MESSAGE]"], "predicted_tokens": ["[IN:SEND_MESSAGE", "[SL:CONTENT_EXACT", "@ptr5", "SL:CONTENT_EXACT]", "IN:SEND_MESSAGE]"]}
{"loss": 3.1054766178131104, "class_log_probabilities": [-0.28589680790901184, -6.83519983291626, -7.254429340362549, -7.376340866088867], "predictions": [5, 10, 395, 11, 12, 4], "target_tokens": ["[IN:GET_MESSAGE", "IN:GET_MESSAGE]"], "predicted_tokens": ["[IN:GET_MESSAGE", "[SL:RECIPIENT", "@ptr0", "SL:RECIPIENT]", "IN:GET_MESSAGE]"]}
{"loss": 0.9702050089836121, "class_log_probabilities": [-0.4594394564628601, -6.689477443695068, -7.217029094696045, -7.4342803955078125], "predictions": [23, 10, 399, 11, 24, 403, 25, 26, 4, 4], "target_tokens": ["[IN:SEND_MESSAGE", "[SL:RECIPIENT", "@ptr4", "SL:RECIPIENT]", "[SL:CONTENT_EXACT", "@ptr8", "SL:CONTENT_EXACT]", "IN:SEND_MESSAGE]"], "predicted_tokens": ["[IN:SEND_MESSAGE", "[SL:RECIPIENT", "@ptr4", "SL:RECIPIENT]", "[SL:CONTENT_EXACT", "@ptr8", "SL:CONTENT_EXACT]", "IN:SEND_MESSAGE]"]}
{"loss": 0.9712356925010681, "class_log_probabilities": [-0.6857160329818726, -8.359539031982422, -8.360729217529297, -8.496286392211914], "predictions": [23, 10, 398, 11, 24, 401, 402, 403, 404, 405, 406, 25, 26, 4], "target_tokens": ["[IN:SEND_MESSAGE", "[SL:RECIPIENT", "@ptr3", "SL:RECIPIENT]", "[SL:CONTENT_EXACT", "@ptr6", "@ptr7", "@ptr8", "@ptr9", "@ptr10", "@ptr11", "SL:CONTENT_EXACT]", "IN:SEND_MESSAGE]"], "predicted_tokens": ["[IN:SEND_MESSAGE", "[SL:RECIPIENT", "@ptr3", "SL:RECIPIENT]", "[SL:CONTENT_EXACT", "@ptr6", "@ptr7", "@ptr8", "@ptr9", "@ptr10", "@ptr11", "SL:CONTENT_EXACT]", "IN:SEND_MESSAGE]"]}
{"loss": 1.0400110483169556, "class_log_probabilities": [-1.4302873611450195, -1.642893671989441, -6.8766703605651855, -7.076318264007568], "predictions": [23, 10, 399, 400, 401, 11, 24, 403, 404, 405, 25, 26, 4], "target_tokens": ["[IN:SEND_MESSAGE", "[SL:RECIPIENT", "@ptr4", "@ptr5", "@ptr6", "SL:RECIPIENT]", "[SL:CONTENT_EXACT", "@ptr9", "@ptr10", "SL:CONTENT_EXACT]", "IN:SEND_MESSAGE]"], "predicted_tokens": ["[IN:SEND_MESSAGE", "[SL:RECIPIENT", "@ptr4", "@ptr5", "@ptr6", "SL:RECIPIENT]", "[SL:CONTENT_EXACT", "@ptr8", "@ptr9", "@ptr10", "SL:CONTENT_EXACT]", "IN:SEND_MESSAGE]"]}
{"loss": 0.9802177548408508, "class_log_probabilities": [-0.9803606867790222, -3.0867671966552734, -7.351683139801025, -7.646675109863281], "predictions": [23, 10, 397, 11, 24, 399, 400, 401, 402, 403, 404, 405, 406, 407, 25, 26, 4, 4], "target_tokens": ["[IN:SEND_MESSAGE", "[SL:RECIPIENT", "@ptr2", "SL:RECIPIENT]", "[SL:CONTENT_EXACT", "@ptr4", "@ptr5", "@ptr6", "@ptr7", "@ptr8", "@ptr9", "@ptr10", "@ptr11", "@ptr12", "SL:CONTENT_EXACT]", "IN:SEND_MESSAGE]"], "predicted_tokens": ["[IN:SEND_MESSAGE", "[SL:RECIPIENT", "@ptr2", "SL:RECIPIENT]", "[SL:CONTENT_EXACT", "@ptr4", "@ptr5", "@ptr6", "@ptr7", "@ptr8", "@ptr9", "@ptr10", "@ptr11", "@ptr12", "SL:CONTENT_EXACT]", "IN:SEND_MESSAGE]"]}
{"loss": 0.9694706797599792, "class_log_probabilities": [-0.6022391319274902, -7.9592509269714355, -8.23432445526123, -8.247540473937988], "predictions": [23, 10, 398, 11, 24, 401, 402, 403, 404, 25, 26, 4], "target_tokens": ["[IN:SEND_MESSAGE", "[SL:RECIPIENT", "@ptr3", "SL:RECIPIENT]", "[SL:CONTENT_EXACT", "@ptr6", "@ptr7", "@ptr8", "@ptr9", "SL:CONTENT_EXACT]", "IN:SEND_MESSAGE]"], "predicted_tokens": ["[IN:SEND_MESSAGE", "[SL:RECIPIENT", "@ptr3", "SL:RECIPIENT]", "[SL:CONTENT_EXACT", "@ptr6", "@ptr7", "@ptr8", "@ptr9", "SL:CONTENT_EXACT]", "IN:SEND_MESSAGE]"]}
{"loss": 0.9915300607681274, "class_log_probabilities": [-0.8848774433135986, -4.847821235656738, -5.269045352935791, -5.683246612548828], "predictions": [23, 10, 398, 11, 24, 402, 403, 404, 405, 406, 407, 408, 409, 410, 411, 412, 413, 25, 26, 4, 4], "target_tokens": ["[IN:SEND_MESSAGE", "[SL:RECIPIENT", "@ptr3", "SL:RECIPIENT]", "[SL:CONTENT_EXACT", "@ptr7", "@ptr8", "@ptr9", "@ptr10", "@ptr11", "@ptr12", "@ptr13", "@ptr14", "@ptr15", "@ptr16", "@ptr17", "@ptr18", "SL:CONTENT_EXACT]", "IN:SEND_MESSAGE]"], "predicted_tokens": ["[IN:SEND_MESSAGE", "[SL:RECIPIENT", "@ptr3", "SL:RECIPIENT]", "[SL:CONTENT_EXACT", "@ptr7", "@ptr8", "@ptr9", "@ptr10", "@ptr11", "@ptr12", "@ptr13", "@ptr14", "@ptr15", "@ptr16", "@ptr17", "@ptr18", "SL:CONTENT_EXACT]", "IN:SEND_MESSAGE]"]}
{"loss": 1.4489071369171143, "class_log_probabilities": [-0.7142358422279358, -7.576842784881592, -7.684451103210449, -8.099790573120117], "predictions": [23, 10, 397, 11, 24, 398, 399, 400, 401, 402, 403, 25, 26, 4], "target_tokens": ["[IN:SEND_MESSAGE", "[SL:RECIPIENT", "@ptr2", "SL:RECIPIENT]", "[SL:CONTENT_EXACT", "@ptr4", "@ptr5", "@ptr6", "@ptr7", "@ptr8", "SL:CONTENT_EXACT]", "IN:SEND_MESSAGE]"], "predicted_tokens": ["[IN:SEND_MESSAGE", "[SL:RECIPIENT", "@ptr2", "SL:RECIPIENT]", "[SL:CONTENT_EXACT", "@ptr3", "@ptr4", "@ptr5", "@ptr6", "@ptr7", "@ptr8", "SL:CONTENT_EXACT]", "IN:SEND_MESSAGE]"]}
{"loss": 0.9836170673370361, "class_log_probabilities": [-1.0877745151519775, -3.8324174880981445, -5.429671764373779, -5.811611652374268], "predictions": [23, 10, 70, 93, 399, 94, 71, 400, 72, 6, 401, 7, 73, 11, 26, 4], "target_tokens": ["[IN:SEND_MESSAGE", "[SL:RECIPIENT", "[IN:GET_CONTACT", "[SL:CONTACT_RELATED", "@ptr4", "SL:CONTACT_RELATED]", "[SL:TYPE_RELATION", "@ptr5", "SL:TYPE_RELATION]", "[SL:CONTACT", "@ptr6", "SL:CONTACT]", "IN:GET_CONTACT]", "SL:RECIPIENT]", "IN:SEND_MESSAGE]"], "predicted_tokens": ["[IN:SEND_MESSAGE", "[SL:RECIPIENT", "[IN:GET_CONTACT", "[SL:CONTACT_RELATED", "@ptr4", "SL:CONTACT_RELATED]", "[SL:TYPE_RELATION", "@ptr5", "SL:TYPE_RELATION]", "[SL:CONTACT", "@ptr6", "SL:CONTACT]", "IN:GET_CONTACT]", "SL:RECIPIENT]", "IN:SEND_MESSAGE]"]}
{"loss": 0.9900484085083008, "class_log_probabilities": [-0.12376783788204193, -8.473284721374512, -8.536015510559082, -8.8557710647583], "predictions": [5, 12, 4, 4, 4], "target_tokens": ["[IN:GET_MESSAGE", "IN:GET_MESSAGE]"], "predicted_tokens": ["[IN:GET_MESSAGE", "IN:GET_MESSAGE]"]}
{"loss": 0.9891456961631775, "class_log_probabilities": [-0.9689114093780518, -3.790170669555664, -6.690486907958984, -7.13710880279541], "predictions": [23, 10, 397, 11, 24, 399, 400, 401, 402, 403, 404, 405, 406, 407, 408, 409, 410, 411, 412, 25, 26, 4], "target_tokens": ["[IN:SEND_MESSAGE", "[SL:RECIPIENT", "@ptr2", "SL:RECIPIENT]", "[SL:CONTENT_EXACT", "@ptr4", "@ptr5", "@ptr6", "@ptr7", "@ptr8", "@ptr9", "@ptr10", "@ptr11", "@ptr12", "@ptr13", "@ptr14", "@ptr15", "@ptr16", "@ptr17", "SL:CONTENT_EXACT]", "IN:SEND_MESSAGE]"], "predicted_tokens": ["[IN:SEND_MESSAGE", "[SL:RECIPIENT", "@ptr2", "SL:RECIPIENT]", "[SL:CONTENT_EXACT", "@ptr4", "@ptr5", "@ptr6", "@ptr7", "@ptr8", "@ptr9", "@ptr10", "@ptr11", "@ptr12", "@ptr13", "@ptr14", "@ptr15", "@ptr16", "@ptr17", "SL:CONTENT_EXACT]", "IN:SEND_MESSAGE]"]}
{"loss": 0.9739366769790649, "class_log_probabilities": [-0.6021757125854492, -7.488300323486328, -7.801770210266113, -8.10914134979248], "predictions": [23, 10, 399, 11, 24, 403, 404, 405, 406, 407, 25, 26, 4], "target_tokens": ["[IN:SEND_MESSAGE", "[SL:RECIPIENT", "@ptr4", "SL:RECIPIENT]", "[SL:CONTENT_EXACT", "@ptr8", "@ptr9", "@ptr10", "@ptr11", "@ptr12", "SL:CONTENT_EXACT]", "IN:SEND_MESSAGE]"], "predicted_tokens": ["[IN:SEND_MESSAGE", "[SL:RECIPIENT", "@ptr4", "SL:RECIPIENT]", "[SL:CONTENT_EXACT", "@ptr8", "@ptr9", "@ptr10", "@ptr11", "@ptr12", "SL:CONTENT_EXACT]", "IN:SEND_MESSAGE]"]}
{"loss": 2.2830262184143066, "class_log_probabilities": [-0.8002787232398987, -6.602423191070557, -7.494471549987793, -7.808295726776123], "predictions": [23, 10, 397, 398, 11, 24, 400, 401, 402, 403, 404, 405, 406, 407, 25, 26, 4], "target_tokens": ["[IN:SEND_MESSAGE", "[SL:RECIPIENT", "[IN:GET_CONTACT", "[SL:TYPE_RELATION", "@ptr2", "SL:TYPE_RELATION]", "[SL:CONTACT", "@ptr3", "SL:CONTACT]", "IN:GET_CONTACT]", "SL:RECIPIENT]", "[SL:CONTENT_EXACT", "@ptr5", "@ptr6", "@ptr7", "@ptr8", "@ptr9", "@ptr10", "@ptr11", "@ptr12", "SL:CONTENT_EXACT]", "IN:SEND_MESSAGE]"], "predicted_tokens": ["[IN:SEND_MESSAGE", "[SL:RECIPIENT", "@ptr2", "@ptr3", "SL:RECIPIENT]", "[SL:CONTENT_EXACT", "@ptr5", "@ptr6", "@ptr7", "@ptr8", "@ptr9", "@ptr10", "@ptr11", "@ptr12", "SL:CONTENT_EXACT]", "IN:SEND_MESSAGE]"]}
{"loss": 1.7034608125686646, "class_log_probabilities": [-6.748571872711182, -8.5287446975708, -9.158123970031738, -9.474932670593262], "predictions": [23, 10, 70, 93, 397, 94, 71, 398, 72, 73, 11, 24, 399, 400, 401, 402, 403, 404, 405, 406, 407, 408, 409, 410, 411, 412, 413, 414, 415, 416, 417, 418, 25, 26, 4, 4, 4, 4, 4, 4, 4], "target_tokens": ["[IN:SEND_MESSAGE", "[SL:RECIPIENT", "[IN:GET_CONTACT", "[SL:CONTACT_RELATED", "@ptr2", "SL:CONTACT_RELATED]", "[SL:TYPE_RELATION", "@ptr3", "SL:TYPE_RELATION]", "IN:GET_CONTACT]", "SL:RECIPIENT]", "[SL:CONTENT_EXACT", "@ptr4", "@ptr5", "@ptr6", "@ptr7", "@ptr8", "@ptr9", "@ptr10", "@ptr11", "@ptr12", "@ptr13", "@ptr14", "@ptr15", "@ptr16", "@ptr17", "@ptr18", "@ptr19", "@ptr20", "@ptr21", "@ptr22", "@ptr23", "@ptr24", "@ptr25", "@ptr26", "@ptr27", "@ptr28", "@ptr29", "@ptr30", "@ptr31", "@ptr32", "@ptr33", "SL:CONTENT_EXACT]", "IN:SEND_MESSAGE]"], "predicted_tokens": ["[IN:SEND_MESSAGE", "[SL:RECIPIENT", "[IN:GET_CONTACT", "[SL:CONTACT_RELATED", "@ptr2", "SL:CONTACT_RELATED]", "[SL:TYPE_RELATION", "@ptr3", "SL:TYPE_RELATION]", "IN:GET_CONTACT]", "SL:RECIPIENT]", "[SL:CONTENT_EXACT", "@ptr4", "@ptr5", "@ptr6", "@ptr7", "@ptr8", "@ptr9", "@ptr10", "@ptr11", "@ptr12", "@ptr13", "@ptr14", "@ptr15", "@ptr16", "@ptr17", "@ptr18", "@ptr19", "@ptr20", "@ptr21", "@ptr22", "@ptr23", "SL:CONTENT_EXACT]", "IN:SEND_MESSAGE]"]}
{"loss": 0.9724859595298767, "class_log_probabilities": [-0.8222354650497437, -6.997729301452637, -7.5664472579956055, -7.818894863128662], "predictions": [23, 10, 398, 11, 24, 399, 400, 401, 402, 403, 404, 405, 406, 407, 25, 26, 4, 4, 4, 4, 4], "target_tokens": ["[IN:SEND_MESSAGE", "[SL:RECIPIENT", "@ptr3", "SL:RECIPIENT]", "[SL:CONTENT_EXACT", "@ptr4", "@ptr5", "@ptr6", "@ptr7", "@ptr8", "@ptr9", "@ptr10", "@ptr11", "@ptr12", "SL:CONTENT_EXACT]", "IN:SEND_MESSAGE]"], "predicted_tokens": ["[IN:SEND_MESSAGE", "[SL:RECIPIENT", "@ptr3", "SL:RECIPIENT]", "[SL:CONTENT_EXACT", "@ptr4", "@ptr5", "@ptr6", "@ptr7", "@ptr8", "@ptr9", "@ptr10", "@ptr11", "@ptr12", "SL:CONTENT_EXACT]", "IN:SEND_MESSAGE]"]}
{"loss": 1.6663933992385864, "class_log_probabilities": [-1.172187328338623, -3.0404062271118164, -5.432985305786133, -7.521286487579346], "predictions": [23, 10, 70, 93, 399, 94, 71, 400, 72, 73, 11, 24, 404, 405, 406, 407, 408, 409, 25, 26, 4], "target_tokens": ["[IN:SEND_MESSAGE", "[SL:RECIPIENT", "[IN:GET_CONTACT", "[SL:TYPE_RELATION", "@ptr5", "SL:TYPE_RELATION]", "IN:GET_CONTACT]", "SL:RECIPIENT]", "[SL:CONTENT_EXACT", "@ptr10", "@ptr11", "@ptr12", "@ptr13", "@ptr14", "SL:CONTENT_EXACT]", "IN:SEND_MESSAGE]"], "predicted_tokens": ["[IN:SEND_MESSAGE", "[SL:RECIPIENT", "[IN:GET_CONTACT", "[SL:CONTACT_RELATED", "@ptr4", "SL:CONTACT_RELATED]", "[SL:TYPE_RELATION", "@ptr5", "SL:TYPE_RELATION]", "IN:GET_CONTACT]", "SL:RECIPIENT]", "[SL:CONTENT_EXACT", "@ptr9", "@ptr10", "@ptr11", "@ptr12", "@ptr13", "@ptr14", "SL:CONTENT_EXACT]", "IN:SEND_MESSAGE]"]}
{"loss": 1.2613145112991333, "class_log_probabilities": [-0.9606903195381165, -4.638215065002441, -6.724289417266846, -6.919898986816406], "predictions": [23, 10, 398, 11, 24, 400, 401, 402, 403, 404, 405, 406, 407, 408, 409, 410, 411, 412, 25, 26, 4, 4], "target_tokens": ["[IN:SEND_MESSAGE", "[SL:RECIPIENT", "@ptr3", "SL:RECIPIENT]", "[SL:CONTENT_EXACT", "@ptr4", "@ptr5", "@ptr6", "@ptr7", "@ptr8", "@ptr9", "@ptr10", "@ptr11", "@ptr12", "@ptr13", "@ptr14", "@ptr15", "@ptr16", "@ptr17", "SL:CONTENT_EXACT]", "IN:SEND_MESSAGE]"], "predicted_tokens": ["[IN:SEND_MESSAGE", "[SL:RECIPIENT", "@ptr3", "SL:RECIPIENT]", "[SL:CONTENT_EXACT", "@ptr5", "@ptr6", "@ptr7", "@ptr8", "@ptr9", "@ptr10", "@ptr11", "@ptr12", "@ptr13", "@ptr14", "@ptr15", "@ptr16", "@ptr17", "SL:CONTENT_EXACT]", "IN:SEND_MESSAGE]"]}
{"loss": 1.5234277248382568, "class_log_probabilities": [-0.8386984467506409, -2.7896981239318848, -6.20585298538208, -7.113444805145264], "predictions": [23, 10, 399, 11, 24, 403, 404, 405, 406, 407, 408, 409, 410, 25, 26, 4], "target_tokens": ["[IN:SEND_MESSAGE", "[SL:RECIPIENT", "@ptr4", "SL:RECIPIENT]", "[SL:CONTENT_EXACT", "@ptr7", "@ptr8", "@ptr9", "@ptr10", "@ptr11", "@ptr12", "@ptr13", "@ptr14", "SL:CONTENT_EXACT]", "IN:SEND_MESSAGE]"], "predicted_tokens": ["[IN:SEND_MESSAGE", "[SL:RECIPIENT", "@ptr4", "SL:RECIPIENT]", "[SL:CONTENT_EXACT", "@ptr8", "@ptr9", "@ptr10", "@ptr11", "@ptr12", "@ptr13", "@ptr14", "@ptr15", "SL:CONTENT_EXACT]", "IN:SEND_MESSAGE]"]}
{"loss": 1.4626531600952148, "class_log_probabilities": [-1.42783522605896, -3.4257843494415283, -4.378262996673584, -6.001760005950928], "predictions": [23, 10, 70, 93, 399, 94, 71, 400, 72, 73, 11, 24, 404, 405, 406, 407, 408, 409, 410, 411, 412, 413, 414, 25, 26, 4], "target_tokens": ["[IN:SEND_MESSAGE", "[SL:RECIPIENT", "[IN:GET_CONTACT", "[SL:TYPE_RELATION", "@ptr5", "SL:TYPE_RELATION]", "IN:GET_CONTACT]", "SL:RECIPIENT]", "[SL:CONTENT_EXACT", "@ptr8", "@ptr9", "@ptr10", "@ptr11", "@ptr12", "@ptr13", "@ptr14", "@ptr15", "@ptr16", "@ptr17", "@ptr18", "@ptr19", "SL:CONTENT_EXACT]", "IN:SEND_MESSAGE]"], "predicted_tokens": ["[IN:SEND_MESSAGE", "[SL:RECIPIENT", "[IN:GET_CONTACT", "[SL:CONTACT_RELATED", "@ptr4", "SL:CONTACT_RELATED]", "[SL:TYPE_RELATION", "@ptr5", "SL:TYPE_RELATION]", "IN:GET_CONTACT]", "SL:RECIPIENT]", "[SL:CONTENT_EXACT", "@ptr9", "@ptr10", "@ptr11", "@ptr12", "@ptr13", "@ptr14", "@ptr15", "@ptr16", "@ptr17", "@ptr18", "@ptr19", "SL:CONTENT_EXACT]", "IN:SEND_MESSAGE]"]}
{"loss": 1.2641685009002686, "class_log_probabilities": [-1.2980866432189941, -1.6628315448760986, -5.026072978973389, -5.52620792388916], "predictions": [23, 10, 399, 11, 24, 403, 404, 405, 406, 407, 408, 409, 410, 411, 412, 25, 26, 4, 4], "target_tokens": ["[IN:SEND_MESSAGE", "[SL:RECIPIENT", "@ptr4", "SL:RECIPIENT]", "[SL:CONTENT_EXACT", "@ptr9", "@ptr10", "@ptr11", "@ptr12", "@ptr13", "@ptr14", "@ptr15", "@ptr16", "@ptr17", "SL:CONTENT_EXACT]", "IN:SEND_MESSAGE]"], "predicted_tokens": ["[IN:SEND_MESSAGE", "[SL:RECIPIENT", "@ptr4", "SL:RECIPIENT]", "[SL:CONTENT_EXACT", "@ptr8", "@ptr9", "@ptr10", "@ptr11", "@ptr12", "@ptr13", "@ptr14", "@ptr15", "@ptr16", "@ptr17", "SL:CONTENT_EXACT]", "IN:SEND_MESSAGE]"]}
{"loss": 0.9844646453857422, "class_log_probabilities": [-0.836905300617218, -5.79725980758667, -6.440917491912842, -6.700690746307373], "predictions": [23, 10, 399, 400, 401, 11, 24, 404, 405, 406, 407, 408, 409, 410, 411, 25, 26, 4, 4], "target_tokens": ["[IN:SEND_MESSAGE", "[SL:RECIPIENT", "@ptr4", "@ptr5", "@ptr6", "SL:RECIPIENT]", "[SL:CONTENT_EXACT", "@ptr9", "@ptr10", "@ptr11", "@ptr12", "@ptr13", "@ptr14", "@ptr15", "@ptr16", "SL:CONTENT_EXACT]", "IN:SEND_MESSAGE]"], "predicted_tokens": ["[IN:SEND_MESSAGE", "[SL:RECIPIENT", "@ptr4", "@ptr5", "@ptr6", "SL:RECIPIENT]", "[SL:CONTENT_EXACT", "@ptr9", "@ptr10", "@ptr11", "@ptr12", "@ptr13", "@ptr14", "@ptr15", "@ptr16", "SL:CONTENT_EXACT]", "IN:SEND_MESSAGE]"]}
{"loss": 1.2643529176712036, "class_log_probabilities": [-0.7046257853507996, -5.4452900886535645, -7.769984722137451, -8.00912857055664], "predictions": [23, 10, 70, 71, 397, 72, 73, 11, 24, 401, 402, 403, 404, 25, 26, 4], "target_tokens": ["[IN:SEND_MESSAGE", "[SL:RECIPIENT", "[IN:GET_CONTACT", "[SL:TYPE_RELATION", "@ptr2", "SL:TYPE_RELATION]", "IN:GET_CONTACT]", "SL:RECIPIENT]", "[SL:CONTENT_EXACT", "@ptr6", "@ptr7", "@ptr8", "SL:CONTENT_EXACT]", "IN:SEND_MESSAGE]"], "predicted_tokens": ["[IN:SEND_MESSAGE", "[SL:RECIPIENT", "[IN:GET_CONTACT", "[SL:TYPE_RELATION", "@ptr2", "SL:TYPE_RELATION]", "IN:GET_CONTACT]", "SL:RECIPIENT]", "[SL:CONTENT_EXACT", "@ptr6", "@ptr7", "@ptr8", "@ptr9", "SL:CONTENT_EXACT]", "IN:SEND_MESSAGE]"]}
{"loss": 1.188446044921875, "class_log_probabilities": [-1.122239351272583, -4.708712577819824, -5.500137805938721, -6.516950607299805], "predictions": [23, 10, 397, 11, 24, 399, 400, 401, 402, 403, 404, 405, 406, 407, 408, 409, 410, 25, 26, 4], "target_tokens": ["[IN:SEND_MESSAGE", "[SL:RECIPIENT", "@ptr2", "SL:RECIPIENT]", "[SL:CONTENT_EXACT", "@ptr5", "@ptr6", "@ptr7", "@ptr8", "@ptr9", "@ptr10", "@ptr11", "@ptr12", "@ptr13", "@ptr14", "@ptr15", "SL:CONTENT_EXACT]", "IN:SEND_MESSAGE]"], "predicted_tokens": ["[IN:SEND_MESSAGE", "[SL:RECIPIENT", "@ptr2", "SL:RECIPIENT]", "[SL:CONTENT_EXACT", "@ptr4", "@ptr5", "@ptr6", "@ptr7", "@ptr8", "@ptr9", "@ptr10", "@ptr11", "@ptr12", "@ptr13", "@ptr14", "@ptr15", "SL:CONTENT_EXACT]", "IN:SEND_MESSAGE]"]}
{"loss": 1.4689099788665771, "class_log_probabilities": [-4.151033401489258, -6.943658828735352, -8.279125213623047, -10.878496170043945], "predictions": [23, 10, 70, 93, 399, 94, 71, 400, 72, 73, 11, 24, 403, 404, 405, 406, 407, 408, 409, 410, 411, 412, 413, 414, 415, 416, 417, 418, 25, 26, 4, 4, 4, 4, 4, 4, 4], "target_tokens": ["[IN:SEND_MESSAGE", "[SL:RECIPIENT", "[IN:GET_CONTACT", "[SL:CONTACT_RELATED", "@ptr4", "SL:CONTACT_RELATED]", "[SL:TYPE_RELATION", "@ptr5", "SL:TYPE_RELATION]", "IN:GET_CONTACT]", "SL:RECIPIENT]", "[SL:CONTENT_EXACT", "@ptr7", "@ptr8", "@ptr9", "@ptr10", "@ptr11", "@ptr12", "@ptr13", "@ptr14", "@ptr15", "@ptr16", "@ptr17", "@ptr18", "@ptr19", "@ptr20", "@ptr21", "@ptr22", "@ptr23", "@ptr24", "@ptr25", "SL:CONTENT_EXACT]", "IN:SEND_MESSAGE]"], "predicted_tokens": ["[IN:SEND_MESSAGE", "[SL:RECIPIENT", "[IN:GET_CONTACT", "[SL:CONTACT_RELATED", "@ptr4", "SL:CONTACT_RELATED]", "[SL:TYPE_RELATION", "@ptr5", "SL:TYPE_RELATION]", "IN:GET_CONTACT]", "SL:RECIPIENT]", "[SL:CONTENT_EXACT", "@ptr8", "@ptr9", "@ptr10", "@ptr11", "@ptr12", "@ptr13", "@ptr14", "@ptr15", "@ptr16", "@ptr17", "@ptr18", "@ptr19", "@ptr20", "@ptr21", "@ptr22", "@ptr23", "SL:CONTENT_EXACT]", "IN:SEND_MESSAGE]"]}
{"loss": 0.9894362688064575, "class_log_probabilities": [-0.9543755054473877, -2.740814208984375, -5.080374240875244, -6.064333438873291], "predictions": [23, 10, 399, 11, 24, 403, 404, 405, 406, 407, 408, 409, 410, 25, 26, 4, 4], "target_tokens": ["[IN:SEND_MESSAGE", "[SL:RECIPIENT", "@ptr4", "SL:RECIPIENT]", "[SL:CONTENT_EXACT", "@ptr8", "@ptr9", "@ptr10", "@ptr11", "@ptr12", "@ptr13", "@ptr14", "@ptr15", "SL:CONTENT_EXACT]", "IN:SEND_MESSAGE]"], "predicted_tokens": ["[IN:SEND_MESSAGE", "[SL:RECIPIENT", "@ptr4", "SL:RECIPIENT]", "[SL:CONTENT_EXACT", "@ptr8", "@ptr9", "@ptr10", "@ptr11", "@ptr12", "@ptr13", "@ptr14", "@ptr15", "SL:CONTENT_EXACT]", "IN:SEND_MESSAGE]"]}
{"loss": 1.1109647750854492, "class_log_probabilities": [-1.9492323398590088, -2.9393131732940674, -4.247524738311768, -4.306803226470947], "predictions": [23, 10, 70, 93, 399, 94, 71, 400, 72, 73, 11, 24, 404, 405, 406, 407, 408, 409, 410, 411, 412, 25, 26, 4], "target_tokens": ["[IN:SEND_MESSAGE", "[SL:RECIPIENT", "[IN:GET_CONTACT", "[SL:CONTACT_RELATED", "@ptr4", "SL:CONTACT_RELATED]", "[SL:TYPE_RELATION", "@ptr5", "SL:TYPE_RELATION]", "IN:GET_CONTACT]", "SL:RECIPIENT]", "[SL:CONTENT_EXACT", "@ptr9", "@ptr10", "@ptr11", "@ptr12", "@ptr13", "@ptr14", "@ptr15", "@ptr16", "SL:CONTENT_EXACT]", "IN:SEND_MESSAGE]"], "predicted_tokens": ["[IN:SEND_MESSAGE", "[SL:RECIPIENT", "[IN:GET_CONTACT", "[SL:CONTACT_RELATED", "@ptr4", "SL:CONTACT_RELATED]", "[SL:TYPE_RELATION", "@ptr5", "SL:TYPE_RELATION]", "IN:GET_CONTACT]", "SL:RECIPIENT]", "[SL:CONTENT_EXACT", "@ptr9", "@ptr10", "@ptr11", "@ptr12", "@ptr13", "@ptr14", "@ptr15", "@ptr16", "@ptr17", "SL:CONTENT_EXACT]", "IN:SEND_MESSAGE]"]}
{"loss": 1.3143569231033325, "class_log_probabilities": [-0.9474260210990906, -4.241836071014404, -4.922811985015869, -5.561040878295898], "predictions": [23, 10, 399, 11, 24, 401, 402, 403, 404, 405, 406, 407, 408, 409, 410, 411, 412, 413, 25, 26, 4, 4], "target_tokens": ["[IN:SEND_MESSAGE", "[SL:RECIPIENT", "@ptr4", "SL:RECIPIENT]", "[SL:CONTENT_EXACT", "@ptr7", "@ptr8", "@ptr9", "@ptr10", "@ptr11", "@ptr12", "@ptr13", "@ptr14", "@ptr15", "@ptr16", "@ptr17", "@ptr18", "SL:CONTENT_EXACT]", "IN:SEND_MESSAGE]"], "predicted_tokens": ["[IN:SEND_MESSAGE", "[SL:RECIPIENT", "@ptr4", "SL:RECIPIENT]", "[SL:CONTENT_EXACT", "@ptr6", "@ptr7", "@ptr8", "@ptr9", "@ptr10", "@ptr11", "@ptr12", "@ptr13", "@ptr14", "@ptr15", "@ptr16", "@ptr17", "@ptr18", "SL:CONTENT_EXACT]", "IN:SEND_MESSAGE]"]}
{"loss": 0.9736070036888123, "class_log_probabilities": [-0.7987160682678223, -7.251115322113037, -7.8614420890808105, -8.185568809509277], "predictions": [23, 10, 398, 11, 24, 400, 401, 402, 403, 404, 405, 406, 407, 408, 25, 26, 4], "target_tokens": ["[IN:SEND_MESSAGE", "[SL:RECIPIENT", "@ptr3", "SL:RECIPIENT]", "[SL:CONTENT_EXACT", "@ptr5", "@ptr6", "@ptr7", "@ptr8", "@ptr9", "@ptr10", "@ptr11", "@ptr12", "@ptr13", "SL:CONTENT_EXACT]", "IN:SEND_MESSAGE]"], "predicted_tokens": ["[IN:SEND_MESSAGE", "[SL:RECIPIENT", "@ptr3", "SL:RECIPIENT]", "[SL:CONTENT_EXACT", "@ptr5", "@ptr6", "@ptr7", "@ptr8", "@ptr9", "@ptr10", "@ptr11", "@ptr12", "@ptr13", "SL:CONTENT_EXACT]", "IN:SEND_MESSAGE]"]}
{"loss": 1.430138349533081, "class_log_probabilities": [-1.9952850341796875, -2.855120897293091, -4.244714260101318, -4.6812424659729], "predictions": [23, 10, 70, 93, 399, 94, 71, 400, 72, 73, 11, 24, 403, 404, 405, 406, 407, 408, 409, 410, 411, 412, 413, 414, 25, 26, 4], "target_tokens": ["[IN:SEND_MESSAGE", "[SL:RECIPIENT", "[IN:GET_CONTACT", "[SL:CONTACT_RELATED", "@ptr4", "SL:CONTACT_RELATED]", "[SL:TYPE_RELATION", "@ptr5", "SL:TYPE_RELATION]", "IN:GET_CONTACT]", "SL:RECIPIENT]", "[SL:CONTENT_EXACT", "@ptr10", "@ptr11", "@ptr12", "@ptr13", "@ptr14", "@ptr15", "@ptr16", "@ptr17", "@ptr18", "@ptr19", "SL:CONTENT_EXACT]", "IN:SEND_MESSAGE]"], "predicted_tokens": ["[IN:SEND_MESSAGE", "[SL:RECIPIENT", "[IN:GET_CONTACT", "[SL:CONTACT_RELATED", "@ptr4", "SL:CONTACT_RELATED]", "[SL:TYPE_RELATION", "@ptr5", "SL:TYPE_RELATION]", "IN:GET_CONTACT]", "SL:RECIPIENT]", "[SL:CONTENT_EXACT", "@ptr8", "@ptr9", "@ptr10", "@ptr11", "@ptr12", "@ptr13", "@ptr14", "@ptr15", "@ptr16", "@ptr17", "@ptr18", "@ptr19", "SL:CONTENT_EXACT]", "IN:SEND_MESSAGE]"]}
{"loss": 0.9778586030006409, "class_log_probabilities": [-0.8657547235488892, -7.1894121170043945, -7.457912445068359, -7.9348955154418945], "predictions": [23, 10, 397, 11, 24, 399, 400, 401, 402, 403, 404, 405, 406, 407, 408, 409, 25, 26, 4, 4], "target_tokens": ["[IN:SEND_MESSAGE", "[SL:RECIPIENT", "@ptr2", "SL:RECIPIENT]", "[SL:CONTENT_EXACT", "@ptr4", "@ptr5", "@ptr6", "@ptr7", "@ptr8", "@ptr9", "@ptr10", "@ptr11", "@ptr12", "@ptr13", "@ptr14", "SL:CONTENT_EXACT]", "IN:SEND_MESSAGE]"], "predicted_tokens": ["[IN:SEND_MESSAGE", "[SL:RECIPIENT", "@ptr2", "SL:RECIPIENT]", "[SL:CONTENT_EXACT", "@ptr4", "@ptr5", "@ptr6", "@ptr7", "@ptr8", "@ptr9", "@ptr10", "@ptr11", "@ptr12", "@ptr13", "@ptr14", "SL:CONTENT_EXACT]", "IN:SEND_MESSAGE]"]}
{"loss": 1.514115571975708, "class_log_probabilities": [-0.6140575408935547, -7.56580924987793, -7.613003253936768, -7.84596061706543], "predictions": [23, 10, 399, 11, 24, 403, 404, 405, 406, 407, 408, 25, 26, 4, 4], "target_tokens": ["[IN:SEND_MESSAGE", "[SL:RECIPIENT", "@ptr4", "SL:RECIPIENT]", "[SL:CONTENT_EXACT", "@ptr9", "@ptr10", "@ptr11", "@ptr12", "@ptr13", "SL:CONTENT_EXACT]", "IN:SEND_MESSAGE]"], "predicted_tokens": ["[IN:SEND_MESSAGE", "[SL:RECIPIENT", "@ptr4", "SL:RECIPIENT]", "[SL:CONTENT_EXACT", "@ptr8", "@ptr9", "@ptr10", "@ptr11", "@ptr12", "@ptr13", "SL:CONTENT_EXACT]", "IN:SEND_MESSAGE]"]}
{"loss": 0.9875270128250122, "class_log_probabilities": [-0.9265137314796448, -2.8455417156219482, -6.798247814178467, -7.053627014160156], "predictions": [23, 10, 399, 11, 24, 403, 404, 405, 406, 407, 408, 409, 410, 411, 412, 25, 26, 4, 4], "target_tokens": ["[IN:SEND_MESSAGE", "[SL:RECIPIENT", "@ptr4", "SL:RECIPIENT]", "[SL:CONTENT_EXACT", "@ptr8", "@ptr9", "@ptr10", "@ptr11", "@ptr12", "@ptr13", "@ptr14", "@ptr15", "@ptr16", "@ptr17", "SL:CONTENT_EXACT]", "IN:SEND_MESSAGE]"], "predicted_tokens": ["[IN:SEND_MESSAGE", "[SL:RECIPIENT", "@ptr4", "SL:RECIPIENT]", "[SL:CONTENT_EXACT", "@ptr8", "@ptr9", "@ptr10", "@ptr11", "@ptr12", "@ptr13", "@ptr14", "@ptr15", "@ptr16", "@ptr17", "SL:CONTENT_EXACT]", "IN:SEND_MESSAGE]"]}
{"loss": 1.4009114503860474, "class_log_probabilities": [-0.864392101764679, -4.765607833862305, -5.299675941467285, -6.047079086303711], "predictions": [23, 10, 399, 11, 24, 403, 404, 405, 406, 407, 408, 409, 410, 411, 412, 413, 25, 26, 4, 4], "target_tokens": ["[IN:SEND_MESSAGE", "[SL:RECIPIENT", "@ptr4", "SL:RECIPIENT]", "[SL:CONTENT_EXACT", "@ptr9", "@ptr10", "@ptr11", "@ptr12", "@ptr13", "@ptr14", "@ptr15", "@ptr16", "@ptr17", "@ptr18", "SL:CONTENT_EXACT]", "IN:SEND_MESSAGE]"], "predicted_tokens": ["[IN:SEND_MESSAGE", "[SL:RECIPIENT", "@ptr4", "SL:RECIPIENT]", "[SL:CONTENT_EXACT", "@ptr8", "@ptr9", "@ptr10", "@ptr11", "@ptr12", "@ptr13", "@ptr14", "@ptr15", "@ptr16", "@ptr17", "@ptr18", "SL:CONTENT_EXACT]", "IN:SEND_MESSAGE]"]}
{"loss": 2.657430410385132, "class_log_probabilities": [-1.9645298719406128, -2.5738577842712402, -4.768528461456299, -5.346961498260498], "predictions": [49, 34, 397, 35, 36, 143, 36, 398, 399, 400, 401, 402, 403, 37, 14, 405, 15, 144, 37, 16, 406, 17, 50, 4], "target_tokens": ["[IN:SEND_MESSAGE", "[SL:RECIPIENT", "@ptr2", "SL:RECIPIENT]", "[SL:CONTENT_EXACT", "@ptr3", "@ptr4", "@ptr5", "@ptr6", "@ptr7", "@ptr8", "@ptr9", "@ptr10", "@ptr11", "SL:CONTENT_EXACT]", "IN:SEND_MESSAGE]"], "predicted_tokens": ["[IN:CREATE_REMINDER", "[SL:PERSON_REMINDED", "@ptr2", "SL:PERSON_REMINDED]", "[SL:TODO", "[IN:GET_TODO", "[SL:TODO", "@ptr3", "@ptr4", "@ptr5", "@ptr6", "@ptr7", "@ptr8", "SL:TODO]", "[SL:LOCATION", "@ptr10", "SL:LOCATION]", "IN:GET_TODO]", "SL:TODO]", "[SL:DATE_TIME", "@ptr11", "SL:DATE_TIME]", "IN:CREATE_REMINDER]"]}
{"loss": 1.3167469501495361, "class_log_probabilities": [-2.2891807556152344, -2.4295713901519775, -4.147399425506592, -4.269267559051514], "predictions": [23, 10, 70, 93, 399, 94, 71, 400, 72, 73, 11, 24, 404, 405, 406, 407, 408, 409, 410, 411, 412, 413, 414, 25, 26, 4, 4], "target_tokens": ["[IN:SEND_MESSAGE", "[SL:RECIPIENT", "[IN:GET_CONTACT", "[SL:CONTACT_RELATED", "@ptr4", "SL:CONTACT_RELATED]", "[SL:TYPE_RELATION", "@ptr5", "SL:TYPE_RELATION]", "IN:GET_CONTACT]", "SL:RECIPIENT]", "[SL:CONTENT_EXACT", "@ptr10", "@ptr11", "@ptr12", "@ptr13", "@ptr14", "@ptr15", "@ptr16", "@ptr17", "@ptr18", "@ptr19", "@ptr20", "SL:CONTENT_EXACT]", "IN:SEND_MESSAGE]"], "predicted_tokens": ["[IN:SEND_MESSAGE", "[SL:RECIPIENT", "[IN:GET_CONTACT", "[SL:CONTACT_RELATED", "@ptr4", "SL:CONTACT_RELATED]", "[SL:TYPE_RELATION", "@ptr5", "SL:TYPE_RELATION]", "IN:GET_CONTACT]", "SL:RECIPIENT]", "[SL:CONTENT_EXACT", "@ptr9", "@ptr10", "@ptr11", "@ptr12", "@ptr13", "@ptr14", "@ptr15", "@ptr16", "@ptr17", "@ptr18", "@ptr19", "SL:CONTENT_EXACT]", "IN:SEND_MESSAGE]"]}
{"loss": 1.220355749130249, "class_log_probabilities": [-1.2611429691314697, -2.0288941860198975, -4.575740337371826, -5.292509078979492], "predictions": [23, 10, 399, 11, 24, 402, 403, 404, 405, 406, 407, 408, 409, 25, 26, 4, 4], "target_tokens": ["[IN:SEND_MESSAGE", "[SL:RECIPIENT", "@ptr4", "SL:RECIPIENT]", "[SL:CONTENT_EXACT", "@ptr6", "@ptr7", "@ptr8", "@ptr9", "@ptr10", "@ptr11", "@ptr12", "@ptr13", "SL:CONTENT_EXACT]", "IN:SEND_MESSAGE]"], "predicted_tokens": ["[IN:SEND_MESSAGE", "[SL:RECIPIENT", "@ptr4", "SL:RECIPIENT]", "[SL:CONTENT_EXACT", "@ptr7", "@ptr8", "@ptr9", "@ptr10", "@ptr11", "@ptr12", "@ptr13", "@ptr14", "SL:CONTENT_EXACT]", "IN:SEND_MESSAGE]"]}
{"loss": 1.0537124872207642, "class_log_probabilities": [-1.7437448501586914, -2.224851608276367, -2.8895034790039062, -3.972317934036255], "predictions": [23, 10, 401, 11, 24, 406, 407, 408, 409, 410, 411, 412, 413, 414, 415, 25, 26, 4, 4], "target_tokens": ["[IN:SEND_MESSAGE", "[SL:RECIPIENT", "@ptr6", "SL:RECIPIENT]", "[SL:CONTENT_EXACT", "@ptr11", "@ptr12", "@ptr13", "@ptr14", "@ptr15", "@ptr16", "@ptr17", "@ptr18", "@ptr19", "@ptr20", "@ptr21", "SL:CONTENT_EXACT]", "IN:SEND_MESSAGE]"], "predicted_tokens": ["[IN:SEND_MESSAGE", "[SL:RECIPIENT", "@ptr6", "SL:RECIPIENT]", "[SL:CONTENT_EXACT", "@ptr11", "@ptr12", "@ptr13", "@ptr14", "@ptr15", "@ptr16", "@ptr17", "@ptr18", "@ptr19", "@ptr20", "SL:CONTENT_EXACT]", "IN:SEND_MESSAGE]"]}
{"loss": 1.235564112663269, "class_log_probabilities": [-1.5715546607971191, -1.7093881368637085, -6.142299175262451, -6.423666000366211], "predictions": [23, 10, 398, 11, 24, 402, 403, 404, 405, 406, 407, 408, 409, 25, 26, 4, 4, 4], "target_tokens": ["[IN:SEND_MESSAGE", "[SL:RECIPIENT", "@ptr3", "SL:RECIPIENT]", "[SL:CONTENT_EXACT", "@ptr6", "@ptr7", "@ptr8", "@ptr9", "@ptr10", "@ptr11", "@ptr12", "@ptr13", "@ptr14", "SL:CONTENT_EXACT]", "IN:SEND_MESSAGE]"], "predicted_tokens": ["[IN:SEND_MESSAGE", "[SL:RECIPIENT", "@ptr3", "SL:RECIPIENT]", "[SL:CONTENT_EXACT", "@ptr7", "@ptr8", "@ptr9", "@ptr10", "@ptr11", "@ptr12", "@ptr13", "@ptr14", "SL:CONTENT_EXACT]", "IN:SEND_MESSAGE]"]}
{"loss": 1.0833399295806885, "class_log_probabilities": [-3.434013843536377, -3.70794415473938, -4.128826141357422, -5.1000823974609375], "predictions": [23, 10, 70, 93, 399, 94, 71, 400, 72, 6, 401, 7, 73, 11, 24, 405, 406, 407, 408, 409, 410, 411, 412, 413, 25, 26, 4, 4], "target_tokens": ["[IN:SEND_MESSAGE", "[SL:RECIPIENT", "[IN:GET_CONTACT", "[SL:CONTACT_RELATED", "@ptr4", "SL:CONTACT_RELATED]", "[SL:TYPE_RELATION", "@ptr5", "SL:TYPE_RELATION]", "[SL:CONTACT", "@ptr6", "SL:CONTACT]", "IN:GET_CONTACT]", "SL:RECIPIENT]", "[SL:CONTENT_EXACT", "@ptr9", "@ptr10", "@ptr11", "@ptr12", "@ptr13", "@ptr14", "@ptr15", "@ptr16", "@ptr17", "SL:CONTENT_EXACT]", "IN:SEND_MESSAGE]"], "predicted_tokens": ["[IN:SEND_MESSAGE", "[SL:RECIPIENT", "[IN:GET_CONTACT", "[SL:CONTACT_RELATED", "@ptr4", "SL:CONTACT_RELATED]", "[SL:TYPE_RELATION", "@ptr5", "SL:TYPE_RELATION]", "[SL:CONTACT", "@ptr6", "SL:CONTACT]", "IN:GET_CONTACT]", "SL:RECIPIENT]", "[SL:CONTENT_EXACT", "@ptr10", "@ptr11", "@ptr12", "@ptr13", "@ptr14", "@ptr15", "@ptr16", "@ptr17", "@ptr18", "SL:CONTENT_EXACT]", "IN:SEND_MESSAGE]"]}
{"loss": 1.5406267642974854, "class_log_probabilities": [-0.7867012023925781, -5.049371242523193, -5.3906378746032715, -7.5665364265441895], "predictions": [23, 10, 399, 11, 24, 403, 404, 405, 25, 26, 4, 4, 4, 4], "target_tokens": ["[IN:SEND_MESSAGE", "[SL:RECIPIENT", "@ptr4", "SL:RECIPIENT]", "[SL:CONTENT_EXACT", "@ptr9", "@ptr10", "SL:CONTENT_EXACT]", "IN:SEND_MESSAGE]"], "predicted_tokens": ["[IN:SEND_MESSAGE", "[SL:RECIPIENT", "@ptr4", "SL:RECIPIENT]", "[SL:CONTENT_EXACT", "@ptr8", "@ptr9", "@ptr10", "SL:CONTENT_EXACT]", "IN:SEND_MESSAGE]"]}
{"loss": 1.5181723833084106, "class_log_probabilities": [-1.6594297885894775, -2.8385136127471924, -2.9840714931488037, -4.253685474395752], "predictions": [5, 59, 400, 60, 10, 402, 11, 16, 403, 17, 12, 4], "target_tokens": ["[IN:GET_MESSAGE", "[SL:SENDER", "@ptr5", "SL:SENDER]", "[SL:RECIPIENT", "@ptr1", "SL:RECIPIENT]", "[SL:DATE_TIME", "@ptr8", "SL:DATE_TIME]", "IN:GET_MESSAGE]"], "predicted_tokens": ["[IN:GET_MESSAGE", "[SL:SENDER", "@ptr5", "SL:SENDER]", "[SL:RECIPIENT", "@ptr7", "SL:RECIPIENT]", "[SL:DATE_TIME", "@ptr8", "SL:DATE_TIME]", "IN:GET_MESSAGE]"]}
{"loss": 1.0711004734039307, "class_log_probabilities": [-1.0119630098342896, -1.8758809566497803, -7.678237438201904, -7.852765083312988], "predictions": [23, 24, 398, 399, 400, 401, 402, 403, 404, 25, 26, 4], "target_tokens": ["[IN:SEND_MESSAGE", "[SL:CONTENT_EXACT", "@ptr4", "@ptr5", "@ptr6", "@ptr7", "@ptr8", "@ptr9", "SL:CONTENT_EXACT]", "IN:SEND_MESSAGE]"], "predicted_tokens": ["[IN:SEND_MESSAGE", "[SL:CONTENT_EXACT", "@ptr3", "@ptr4", "@ptr5", "@ptr6", "@ptr7", "@ptr8", "@ptr9", "SL:CONTENT_EXACT]", "IN:SEND_MESSAGE]"]}
{"loss": 1.1289702653884888, "class_log_probabilities": [-1.5402250289916992, -3.044005870819092, -3.5356154441833496, -4.453216552734375], "predictions": [283, 10, 397, 11, 16, 402, 403, 404, 405, 17, 284, 4], "target_tokens": ["[IN:GET_MESSAGE", "[SL:RECIPIENT", "@ptr2", "SL:RECIPIENT]", "[SL:DATE_TIME", "@ptr7", "@ptr8", "@ptr9", "@ptr10", "SL:DATE_TIME]", "IN:GET_MESSAGE]"], "predicted_tokens": ["[IN:GET_MESSAGE_CONTACT", "[SL:RECIPIENT", "@ptr2", "SL:RECIPIENT]", "[SL:DATE_TIME", "@ptr7", "@ptr8", "@ptr9", "@ptr10", "SL:DATE_TIME]", "IN:GET_MESSAGE_CONTACT]"]}
{"loss": 0.9843460321426392, "class_log_probabilities": [-0.6469978094100952, -5.634308338165283, -6.6138482093811035, -7.390076637268066], "predictions": [23, 10, 399, 11, 24, 404, 405, 406, 407, 408, 409, 25, 26, 4, 4], "target_tokens": ["[IN:SEND_MESSAGE", "[SL:RECIPIENT", "@ptr4", "SL:RECIPIENT]", "[SL:CONTENT_EXACT", "@ptr9", "@ptr10", "@ptr11", "@ptr12", "@ptr13", "@ptr14", "SL:CONTENT_EXACT]", "IN:SEND_MESSAGE]"], "predicted_tokens": ["[IN:SEND_MESSAGE", "[SL:RECIPIENT", "@ptr4", "SL:RECIPIENT]", "[SL:CONTENT_EXACT", "@ptr9", "@ptr10", "@ptr11", "@ptr12", "@ptr13", "@ptr14", "SL:CONTENT_EXACT]", "IN:SEND_MESSAGE]"]}
{"loss": 0.9670066237449646, "class_log_probabilities": [-0.7940499186515808, -7.348295211791992, -7.860316753387451, -7.9641313552856445], "predictions": [23, 10, 397, 11, 24, 399, 400, 401, 402, 403, 404, 405, 25, 26, 4, 4, 4, 4, 4], "target_tokens": ["[IN:SEND_MESSAGE", "[SL:RECIPIENT", "@ptr2", "SL:RECIPIENT]", "[SL:CONTENT_EXACT", "@ptr4", "@ptr5", "@ptr6", "@ptr7", "@ptr8", "@ptr9", "@ptr10", "SL:CONTENT_EXACT]", "IN:SEND_MESSAGE]"], "predicted_tokens": ["[IN:SEND_MESSAGE", "[SL:RECIPIENT", "@ptr2", "SL:RECIPIENT]", "[SL:CONTENT_EXACT", "@ptr4", "@ptr5", "@ptr6", "@ptr7", "@ptr8", "@ptr9", "@ptr10", "SL:CONTENT_EXACT]", "IN:SEND_MESSAGE]"]}
{"loss": 0.974281907081604, "class_log_probabilities": [-0.7155198454856873, -3.4860174655914307, -7.013443470001221, -7.511391639709473], "predictions": [5, 16, 399, 400, 401, 402, 403, 17, 12, 4, 4], "target_tokens": ["[IN:GET_MESSAGE", "[SL:DATE_TIME", "@ptr4", "@ptr5", "@ptr6", "@ptr7", "@ptr8", "SL:DATE_TIME]", "IN:GET_MESSAGE]"], "predicted_tokens": ["[IN:GET_MESSAGE", "[SL:DATE_TIME", "@ptr4", "@ptr5", "@ptr6", "@ptr7", "@ptr8", "SL:DATE_TIME]", "IN:GET_MESSAGE]"]}
{"loss": 1.108966588973999, "class_log_probabilities": [-1.015984296798706, -2.9010934829711914, -7.6048150062561035, -7.906564235687256], "predictions": [23, 10, 398, 11, 24, 402, 403, 404, 405, 406, 407, 408, 25, 26, 4, 4], "target_tokens": ["[IN:SEND_MESSAGE", "[SL:RECIPIENT", "@ptr3", "SL:RECIPIENT]", "[SL:CONTENT_EXACT", "@ptr8", "@ptr9", "@ptr10", "@ptr11", "@ptr12", "@ptr13", "SL:CONTENT_EXACT]", "IN:SEND_MESSAGE]"], "predicted_tokens": ["[IN:SEND_MESSAGE", "[SL:RECIPIENT", "@ptr3", "SL:RECIPIENT]", "[SL:CONTENT_EXACT", "@ptr7", "@ptr8", "@ptr9", "@ptr10", "@ptr11", "@ptr12", "@ptr13", "SL:CONTENT_EXACT]", "IN:SEND_MESSAGE]"]}
{"loss": 0.9967142343521118, "class_log_probabilities": [-1.1418378353118896, -4.702576637268066, -5.087996006011963, -5.778156280517578], "predictions": [23, 10, 70, 71, 399, 72, 73, 11, 24, 403, 404, 405, 406, 407, 408, 409, 410, 411, 412, 25, 26, 4, 4], "target_tokens": ["[IN:SEND_MESSAGE", "[SL:RECIPIENT", "[IN:GET_CONTACT", "[SL:TYPE_RELATION", "@ptr4", "SL:TYPE_RELATION]", "IN:GET_CONTACT]", "SL:RECIPIENT]", "[SL:CONTENT_EXACT", "@ptr8", "@ptr9", "@ptr10", "@ptr11", "@ptr12", "@ptr13", "@ptr14", "@ptr15", "@ptr16", "@ptr17", "SL:CONTENT_EXACT]", "IN:SEND_MESSAGE]"], "predicted_tokens": ["[IN:SEND_MESSAGE", "[SL:RECIPIENT", "[IN:GET_CONTACT", "[SL:TYPE_RELATION", "@ptr4", "SL:TYPE_RELATION]", "IN:GET_CONTACT]", "SL:RECIPIENT]", "[SL:CONTENT_EXACT", "@ptr8", "@ptr9", "@ptr10", "@ptr11", "@ptr12", "@ptr13", "@ptr14", "@ptr15", "@ptr16", "@ptr17", "SL:CONTENT_EXACT]", "IN:SEND_MESSAGE]"]}
{"loss": 0.9717747569084167, "class_log_probabilities": [-0.6096502542495728, -7.644777774810791, -7.931891918182373, -8.106831550598145], "predictions": [23, 10, 399, 11, 24, 401, 402, 403, 404, 25, 26, 4], "target_tokens": ["[IN:SEND_MESSAGE", "[SL:RECIPIENT", "@ptr4", "SL:RECIPIENT]", "[SL:CONTENT_EXACT", "@ptr6", "@ptr7", "@ptr8", "@ptr9", "SL:CONTENT_EXACT]", "IN:SEND_MESSAGE]"], "predicted_tokens": ["[IN:SEND_MESSAGE", "[SL:RECIPIENT", "@ptr4", "SL:RECIPIENT]", "[SL:CONTENT_EXACT", "@ptr6", "@ptr7", "@ptr8", "@ptr9", "SL:CONTENT_EXACT]", "IN:SEND_MESSAGE]"]}
{"loss": 1.2433785200119019, "class_log_probabilities": [-3.698235511779785, -3.7448482513427734, -4.350108623504639, -4.565359115600586], "predictions": [259, 24, 397, 25, 10, 403, 11, 260, 4], "target_tokens": ["[IN:SEND_MESSAGE", "[SL:CONTENT_EXACT", "@ptr2", "SL:CONTENT_EXACT]", "[SL:RECIPIENT", "@ptr8", "SL:RECIPIENT]", "IN:SEND_MESSAGE]"], "predicted_tokens": ["[IN:UPDATE_ALARM", "[SL:CONTENT_EXACT", "@ptr2", "SL:CONTENT_EXACT]", "[SL:RECIPIENT", "@ptr8", "SL:RECIPIENT]", "IN:UPDATE_ALARM]"]}
{"loss": 1.350972056388855, "class_log_probabilities": [-1.010226845741272, -4.069116592407227, -6.062283515930176, -6.580040454864502], "predictions": [23, 10, 70, 93, 399, 94, 71, 400, 72, 73, 11, 24, 403, 404, 405, 406, 407, 25, 26, 4, 4], "target_tokens": ["[IN:SEND_MESSAGE", "[SL:RECIPIENT", "[IN:GET_CONTACT", "[SL:CONTACT_RELATED", "@ptr4", "SL:CONTACT_RELATED]", "[SL:TYPE_RELATION", "@ptr5", "SL:TYPE_RELATION]", "IN:GET_CONTACT]", "SL:RECIPIENT]", "[SL:CONTENT_EXACT", "@ptr9", "@ptr10", "@ptr11", "@ptr12", "SL:CONTENT_EXACT]", "IN:SEND_MESSAGE]"], "predicted_tokens": ["[IN:SEND_MESSAGE", "[SL:RECIPIENT", "[IN:GET_CONTACT", "[SL:CONTACT_RELATED", "@ptr4", "SL:CONTACT_RELATED]", "[SL:TYPE_RELATION", "@ptr5", "SL:TYPE_RELATION]", "IN:GET_CONTACT]", "SL:RECIPIENT]", "[SL:CONTENT_EXACT", "@ptr8", "@ptr9", "@ptr10", "@ptr11", "@ptr12", "SL:CONTENT_EXACT]", "IN:SEND_MESSAGE]"]}
{"loss": 0.9782270789146423, "class_log_probabilities": [-0.7865061163902283, -6.120523452758789, -7.283812522888184, -7.397690296173096], "predictions": [23, 10, 400, 11, 24, 402, 403, 404, 405, 406, 407, 408, 409, 410, 25, 26, 4], "target_tokens": ["[IN:SEND_MESSAGE", "[SL:RECIPIENT", "@ptr5", "SL:RECIPIENT]", "[SL:CONTENT_EXACT", "@ptr7", "@ptr8", "@ptr9", "@ptr10", "@ptr11", "@ptr12", "@ptr13", "@ptr14", "@ptr15", "SL:CONTENT_EXACT]", "IN:SEND_MESSAGE]"], "predicted_tokens": ["[IN:SEND_MESSAGE", "[SL:RECIPIENT", "@ptr5", "SL:RECIPIENT]", "[SL:CONTENT_EXACT", "@ptr7", "@ptr8", "@ptr9", "@ptr10", "@ptr11", "@ptr12", "@ptr13", "@ptr14", "@ptr15", "SL:CONTENT_EXACT]", "IN:SEND_MESSAGE]"]}
{"loss": 1.3506783246994019, "class_log_probabilities": [-0.8077203631401062, -4.4986491203308105, -4.932264804840088, -6.692265510559082], "predictions": [23, 10, 398, 11, 24, 402, 403, 25, 26, 4, 4], "target_tokens": ["[IN:SEND_MESSAGE", "[SL:RECIPIENT", "@ptr3", "SL:RECIPIENT]", "[SL:CONTENT_EXACT", "@ptr7", "SL:CONTENT_EXACT]", "IN:SEND_MESSAGE]"], "predicted_tokens": ["[IN:SEND_MESSAGE", "[SL:RECIPIENT", "@ptr3", "SL:RECIPIENT]", "[SL:CONTENT_EXACT", "@ptr7", "@ptr8", "SL:CONTENT_EXACT]", "IN:SEND_MESSAGE]"]}
{"loss": 0.9856587648391724, "class_log_probabilities": [-0.40389227867126465, -7.252567768096924, -7.668591022491455, -7.713902950286865], "predictions": [155, 156, 399, 400, 401, 157, 158, 4], "target_tokens": ["[IN:SET_RSVP_YES", "[SL:TITLE_EVENT", "@ptr4", "@ptr5", "@ptr6", "SL:TITLE_EVENT]", "IN:SET_RSVP_YES]"], "predicted_tokens": ["[IN:SET_RSVP_YES", "[SL:TITLE_EVENT", "@ptr4", "@ptr5", "@ptr6", "SL:TITLE_EVENT]", "IN:SET_RSVP_YES]"]}
{"loss": 0.9774845242500305, "class_log_probabilities": [-0.7620553970336914, -4.20991325378418, -5.758269309997559, -6.390394687652588], "predictions": [247, 156, 400, 401, 402, 403, 404, 157, 248, 4], "target_tokens": ["[IN:SET_RSVP_INTERESTED", "[SL:TITLE_EVENT", "@ptr5", "@ptr6", "@ptr7", "@ptr8", "@ptr9", "SL:TITLE_EVENT]", "IN:SET_RSVP_INTERESTED]"], "predicted_tokens": ["[IN:SET_RSVP_INTERESTED", "[SL:TITLE_EVENT", "@ptr5", "@ptr6", "@ptr7", "@ptr8", "@ptr9", "SL:TITLE_EVENT]", "IN:SET_RSVP_INTERESTED]"]}
{"loss": 0.9782217144966125, "class_log_probabilities": [-0.49975210428237915, -6.102945804595947, -6.467601299285889, -6.857011318206787], "predictions": [155, 156, 397, 398, 399, 400, 401, 157, 158, 4], "target_tokens": ["[IN:SET_RSVP_YES", "[SL:TITLE_EVENT", "@ptr2", "@ptr3", "@ptr4", "@ptr5", "@ptr6", "SL:TITLE_EVENT]", "IN:SET_RSVP_YES]"], "predicted_tokens": ["[IN:SET_RSVP_YES", "[SL:TITLE_EVENT", "@ptr2", "@ptr3", "@ptr4", "@ptr5", "@ptr6", "SL:TITLE_EVENT]", "IN:SET_RSVP_YES]"]}
{"loss": 0.9841117858886719, "class_log_probabilities": [-0.286629855632782, -6.671243667602539, -6.935767650604248, -7.042552471160889], "predictions": [155, 20, 399, 21, 158, 4], "target_tokens": ["[IN:SET_RSVP_YES", "[SL:ORDINAL", "@ptr4", "SL:ORDINAL]", "IN:SET_RSVP_YES]"], "predicted_tokens": ["[IN:SET_RSVP_YES", "[SL:ORDINAL", "@ptr4", "SL:ORDINAL]", "IN:SET_RSVP_YES]"]}
{"loss": 0.9866353273391724, "class_log_probabilities": [-0.4944024682044983, -6.688046455383301, -7.102786540985107, -7.106522083282471], "predictions": [155, 156, 398, 399, 400, 401, 402, 157, 158, 4, 4], "target_tokens": ["[IN:SET_RSVP_YES", "[SL:TITLE_EVENT", "@ptr3", "@ptr4", "@ptr5", "@ptr6", "@ptr7", "SL:TITLE_EVENT]", "IN:SET_RSVP_YES]"], "predicted_tokens": ["[IN:SET_RSVP_YES", "[SL:TITLE_EVENT", "@ptr3", "@ptr4", "@ptr5", "@ptr6", "@ptr7", "SL:TITLE_EVENT]", "IN:SET_RSVP_YES]"]}
{"loss": 0.988740086555481, "class_log_probabilities": [-0.49464887380599976, -5.12647008895874, -5.642635822296143, -6.125223636627197], "predictions": [247, 156, 401, 402, 403, 404, 157, 248, 4], "target_tokens": ["[IN:SET_RSVP_INTERESTED", "[SL:TITLE_EVENT", "@ptr6", "@ptr7", "@ptr8", "@ptr9", "SL:TITLE_EVENT]", "IN:SET_RSVP_INTERESTED]"], "predicted_tokens": ["[IN:SET_RSVP_INTERESTED", "[SL:TITLE_EVENT", "@ptr6", "@ptr7", "@ptr8", "@ptr9", "SL:TITLE_EVENT]", "IN:SET_RSVP_INTERESTED]"]}
{"loss": 1.37203049659729, "class_log_probabilities": [-0.7749494910240173, -3.9239559173583984, -4.920308589935303, -6.11705207824707], "predictions": [321, 156, 404, 405, 406, 407, 408, 409, 157, 322, 4, 4], "target_tokens": ["[IN:SET_RSVP_NO", "[SL:TITLE_EVENT", "@ptr10", "@ptr11", "@ptr12", "@ptr13", "@ptr14", "SL:TITLE_EVENT]", "IN:SET_RSVP_NO]"], "predicted_tokens": ["[IN:SET_RSVP_NO", "[SL:TITLE_EVENT", "@ptr9", "@ptr10", "@ptr11", "@ptr12", "@ptr13", "@ptr14", "SL:TITLE_EVENT]", "IN:SET_RSVP_NO]"]}
{"loss": 1.0239170789718628, "class_log_probabilities": [-2.4623022079467773, -4.3669843673706055, -5.464670658111572, -5.654890060424805], "predictions": [247, 156, 398, 399, 400, 401, 402, 403, 404, 405, 406, 407, 408, 409, 157, 248, 4], "target_tokens": ["[IN:SET_RSVP_INTERESTED", "[SL:TITLE_EVENT", "@ptr3", "@ptr4", "@ptr5", "@ptr6", "@ptr7", "@ptr8", "@ptr9", "@ptr10", "@ptr11", "@ptr12", "@ptr13", "@ptr14", "SL:TITLE_EVENT]", "IN:SET_RSVP_INTERESTED]"], "predicted_tokens": ["[IN:SET_RSVP_INTERESTED", "[SL:TITLE_EVENT", "@ptr3", "@ptr4", "@ptr5", "@ptr6", "@ptr7", "@ptr8", "@ptr9", "@ptr10", "@ptr11", "@ptr12", "@ptr13", "@ptr14", "SL:TITLE_EVENT]", "IN:SET_RSVP_INTERESTED]"]}
{"loss": 3.0878472328186035, "class_log_probabilities": [-1.0896291732788086, -5.052236557006836, -5.189232349395752, -5.5557379722595215], "predictions": [155, 156, 404, 405, 157, 158, 4], "target_tokens": ["[IN:SET_RSVP_YES", "[SL:TITLE_EVENT", "@ptr6", "@ptr7", "@ptr8", "@ptr9", "@ptr10", "SL:TITLE_EVENT]", "IN:SET_RSVP_YES]"], "predicted_tokens": ["[IN:SET_RSVP_YES", "[SL:TITLE_EVENT", "@ptr9", "@ptr10", "SL:TITLE_EVENT]", "IN:SET_RSVP_YES]"]}
{"loss": 0.9770740270614624, "class_log_probabilities": [-0.5416208505630493, -6.526899814605713, -6.553766250610352, -7.138337135314941], "predictions": [247, 156, 400, 401, 402, 403, 404, 157, 248, 4], "target_tokens": ["[IN:SET_RSVP_INTERESTED", "[SL:TITLE_EVENT", "@ptr5", "@ptr6", "@ptr7", "@ptr8", "@ptr9", "SL:TITLE_EVENT]", "IN:SET_RSVP_INTERESTED]"], "predicted_tokens": ["[IN:SET_RSVP_INTERESTED", "[SL:TITLE_EVENT", "@ptr5", "@ptr6", "@ptr7", "@ptr8", "@ptr9", "SL:TITLE_EVENT]", "IN:SET_RSVP_INTERESTED]"]}
{"loss": 0.9793259501457214, "class_log_probabilities": [-0.3448006808757782, -4.8888044357299805, -5.691255569458008, -5.996667385101318], "predictions": [247, 20, 406, 21, 248, 4], "target_tokens": ["[IN:SET_RSVP_INTERESTED", "[SL:ORDINAL", "@ptr11", "SL:ORDINAL]", "IN:SET_RSVP_INTERESTED]"], "predicted_tokens": ["[IN:SET_RSVP_INTERESTED", "[SL:ORDINAL", "@ptr11", "SL:ORDINAL]", "IN:SET_RSVP_INTERESTED]"]}
{"loss": 1.3636486530303955, "class_log_probabilities": [-2.946854591369629, -3.17917537689209, -3.183912992477417, -3.7520461082458496], "predictions": [247, 156, 402, 157, 156, 404, 405, 406, 407, 408, 157, 248, 4, 4], "target_tokens": ["[IN:SET_RSVP_INTERESTED", "[SL:TITLE_EVENT", "@ptr9", "@ptr10", "@ptr11", "@ptr12", "@ptr13", "SL:TITLE_EVENT]", "IN:SET_RSVP_INTERESTED]"], "predicted_tokens": ["[IN:SET_RSVP_INTERESTED", "[SL:TITLE_EVENT", "@ptr7", "SL:TITLE_EVENT]", "[SL:TITLE_EVENT", "@ptr9", "@ptr10", "@ptr11", "@ptr12", "@ptr13", "SL:TITLE_EVENT]", "IN:SET_RSVP_INTERESTED]"]}
{"loss": 1.0170055627822876, "class_log_probabilities": [-1.0141539573669434, -3.4481663703918457, -5.926132678985596, -6.568911552429199], "predictions": [321, 156, 404, 405, 406, 407, 408, 157, 322, 4, 4], "target_tokens": ["[IN:SET_RSVP_NO", "[SL:TITLE_EVENT", "@ptr9", "@ptr10", "@ptr11", "@ptr12", "@ptr13", "SL:TITLE_EVENT]", "IN:SET_RSVP_NO]"], "predicted_tokens": ["[IN:SET_RSVP_NO", "[SL:TITLE_EVENT", "@ptr9", "@ptr10", "@ptr11", "@ptr12", "@ptr13", "SL:TITLE_EVENT]", "IN:SET_RSVP_NO]"]}
{"loss": 1.0032495260238647, "class_log_probabilities": [-0.6548250913619995, -3.9867475032806396, -4.831789016723633, -5.326340198516846], "predictions": [61, 233, 398, 234, 62, 4], "target_tokens": ["[IN:GET_EVENT", "[SL:ATTRIBUTE_EVENT", "@ptr3", "SL:ATTRIBUTE_EVENT]", "IN:GET_EVENT]"], "predicted_tokens": ["[IN:GET_EVENT", "[SL:ATTRIBUTE_EVENT", "@ptr3", "SL:ATTRIBUTE_EVENT]", "IN:GET_EVENT]"]}
{"loss": 0.9744205474853516, "class_log_probabilities": [-0.13959890604019165, -8.6781587600708, -8.702529907226562, -8.745430946350098], "predictions": [61, 62, 4], "target_tokens": ["[IN:GET_EVENT", "IN:GET_EVENT]"], "predicted_tokens": ["[IN:GET_EVENT", "IN:GET_EVENT]"]}
{"loss": 0.9831364750862122, "class_log_probabilities": [-0.33510735630989075, -5.151923656463623, -5.936230182647705, -6.111348628997803], "predictions": [155, 20, 404, 21, 158, 4], "target_tokens": ["[IN:SET_RSVP_YES", "[SL:ORDINAL", "@ptr9", "SL:ORDINAL]", "IN:SET_RSVP_YES]"], "predicted_tokens": ["[IN:SET_RSVP_YES", "[SL:ORDINAL", "@ptr9", "SL:ORDINAL]", "IN:SET_RSVP_YES]"]}
{"loss": 0.9771749377250671, "class_log_probabilities": [-0.1995939463376999, -6.368899822235107, -8.946446418762207, -11.092394828796387], "predictions": [61, 62, 4, 4, 4, 4], "target_tokens": ["[IN:GET_EVENT", "IN:GET_EVENT]"], "predicted_tokens": ["[IN:GET_EVENT", "IN:GET_EVENT]"]}
{"loss": 1.448259711265564, "class_log_probabilities": [-0.3641010522842407, -4.235789775848389, -5.122437000274658, -5.715682506561279], "predictions": [61, 343, 398, 344, 62, 4, 4, 4, 4], "target_tokens": ["[IN:GET_EVENT", "[SL:USER_ATTENDEE_EVENT", "@ptr3", "SL:USER_ATTENDEE_EVENT]", "[SL:DATE_TIME", "@ptr5", "SL:DATE_TIME]", "IN:GET_EVENT]"], "predicted_tokens": ["[IN:GET_EVENT", "[SL:USER_ATTENDEE_EVENT", "@ptr3", "SL:USER_ATTENDEE_EVENT]", "IN:GET_EVENT]"]}
{"loss": 0.9792932868003845, "class_log_probabilities": [-0.22131016850471497, -6.270008563995361, -6.768246173858643, -7.862122058868408], "predictions": [61, 62, 4, 4, 4, 4], "target_tokens": ["[IN:GET_EVENT", "IN:GET_EVENT]"], "predicted_tokens": ["[IN:GET_EVENT", "IN:GET_EVENT]"]}
{"loss": 0.9820486903190613, "class_log_probabilities": [-0.48193883895874023, -5.766379356384277, -6.487608432769775, -6.636287212371826], "predictions": [295, 156, 398, 399, 400, 401, 157, 296, 4], "target_tokens": ["[IN:GET_DATE_TIME_EVENT", "[SL:TITLE_EVENT", "@ptr3", "@ptr4", "@ptr5", "@ptr6", "SL:TITLE_EVENT]", "IN:GET_DATE_TIME_EVENT]"], "predicted_tokens": ["[IN:GET_DATE_TIME_EVENT", "[SL:TITLE_EVENT", "@ptr3", "@ptr4", "@ptr5", "@ptr6", "SL:TITLE_EVENT]", "IN:GET_DATE_TIME_EVENT]"]}
{"loss": 0.9862918853759766, "class_log_probabilities": [-0.3743664026260376, -5.809772491455078, -5.880367279052734, -6.009363174438477], "predictions": [265, 156, 400, 401, 157, 266, 4], "target_tokens": ["[IN:GET_ATTENDEE_EVENT", "[SL:TITLE_EVENT", "@ptr5", "@ptr6", "SL:TITLE_EVENT]", "IN:GET_ATTENDEE_EVENT]"], "predicted_tokens": ["[IN:GET_ATTENDEE_EVENT", "[SL:TITLE_EVENT", "@ptr5", "@ptr6", "SL:TITLE_EVENT]", "IN:GET_ATTENDEE_EVENT]"]}
{"loss": 1.9028657674789429, "class_log_probabilities": [-1.1930526494979858, -1.8458964824676514, -5.0212578773498535, -5.187650680541992], "predictions": [63, 151, 397, 152, 68, 4], "target_tokens": ["[IN:GET_EVENT", "[SL:CATEGORY_EVENT", "@ptr3", "SL:CATEGORY_EVENT]", "IN:GET_EVENT]"], "predicted_tokens": ["[IN:PLAY_MUSIC", "[SL:MUSIC_GENRE", "@ptr2", "SL:MUSIC_GENRE]", "IN:PLAY_MUSIC]"]}
{"loss": 3.559666395187378, "class_log_probabilities": [-0.2965942919254303, -7.594196319580078, -7.740660667419434, -7.824178695678711], "predictions": [211, 6, 399, 7, 212, 4], "target_tokens": ["[IN:GET_LOCATION", "[SL:TITLE_EVENT", "@ptr4", "SL:TITLE_EVENT]", "IN:GET_LOCATION]"], "predicted_tokens": ["[IN:GET_LOCATION", "[SL:CONTACT", "@ptr4", "SL:CONTACT]", "IN:GET_LOCATION]"]}
{"loss": 0.996772825717926, "class_log_probabilities": [-0.24525144696235657, -7.586737632751465, -7.661174774169922, -7.84847354888916], "predictions": [295, 20, 400, 21, 296, 4, 4, 4], "target_tokens": ["[IN:GET_DATE_TIME_EVENT", "[SL:ORDINAL", "@ptr5", "SL:ORDINAL]", "IN:GET_DATE_TIME_EVENT]"], "predicted_tokens": ["[IN:GET_DATE_TIME_EVENT", "[SL:ORDINAL", "@ptr5", "SL:ORDINAL]", "IN:GET_DATE_TIME_EVENT]"]}
{"loss": 1.670997977256775, "class_log_probabilities": [-0.6958422660827637, -5.075281143188477, -5.517029762268066, -5.658912181854248], "predictions": [265, 156, 402, 403, 404, 405, 406, 407, 157, 266, 4, 4], "target_tokens": ["[IN:GET_ATTENDEE_EVENT", "[SL:TITLE_EVENT", "@ptr7", "@ptr8", "@ptr9", "@ptr10", "@ptr11", "SL:TITLE_EVENT]", "IN:GET_ATTENDEE_EVENT]"], "predicted_tokens": ["[IN:GET_ATTENDEE_EVENT", "[SL:TITLE_EVENT", "@ptr7", "@ptr8", "@ptr9", "@ptr10", "@ptr11", "@ptr12", "SL:TITLE_EVENT]", "IN:GET_ATTENDEE_EVENT]"]}
{"loss": 0.975070059299469, "class_log_probabilities": [-0.5152304768562317, -7.359342575073242, -7.37327241897583, -7.671761989593506], "predictions": [61, 83, 397, 398, 399, 84, 14, 401, 15, 62, 4, 4], "target_tokens": ["[IN:GET_EVENT", "[SL:CATEGORY_EVENT", "@ptr2", "@ptr3", "@ptr4", "SL:CATEGORY_EVENT]", "[SL:LOCATION", "@ptr6", "SL:LOCATION]", "IN:GET_EVENT]"], "predicted_tokens": ["[IN:GET_EVENT", "[SL:CATEGORY_EVENT", "@ptr2", "@ptr3", "@ptr4", "SL:CATEGORY_EVENT]", "[SL:LOCATION", "@ptr6", "SL:LOCATION]", "IN:GET_EVENT]"]}
{"loss": 0.971231997013092, "class_log_probabilities": [-0.815802812576294, -3.690903663635254, -6.227540969848633, -6.310910701751709], "predictions": [61, 14, 398, 399, 15, 16, 400, 401, 17, 62, 4], "target_tokens": ["[IN:GET_EVENT", "[SL:LOCATION", "@ptr3", "@ptr4", "SL:LOCATION]", "[SL:DATE_TIME", "@ptr5", "@ptr6", "SL:DATE_TIME]", "IN:GET_EVENT]"], "predicted_tokens": ["[IN:GET_EVENT", "[SL:LOCATION", "@ptr3", "@ptr4", "SL:LOCATION]", "[SL:DATE_TIME", "@ptr5", "@ptr6", "SL:DATE_TIME]", "IN:GET_EVENT]"]}
{"loss": 0.9977389574050903, "class_log_probabilities": [-0.30859893560409546, -7.139471054077148, -7.198765277862549, -7.237356662750244], "predictions": [173, 156, 401, 402, 157, 174, 4], "target_tokens": ["[IN:GET_CATEGORY_EVENT", "[SL:TITLE_EVENT", "@ptr6", "@ptr7", "SL:TITLE_EVENT]", "IN:GET_CATEGORY_EVENT]"], "predicted_tokens": ["[IN:GET_CATEGORY_EVENT", "[SL:TITLE_EVENT", "@ptr6", "@ptr7", "SL:TITLE_EVENT]", "IN:GET_CATEGORY_EVENT]"]}
{"loss": 0.9705460667610168, "class_log_probabilities": [-0.6845722794532776, -5.3222761154174805, -6.805990695953369, -6.895098686218262], "predictions": [61, 83, 397, 398, 399, 84, 16, 401, 402, 17, 62, 4, 4], "target_tokens": ["[IN:GET_EVENT", "[SL:CATEGORY_EVENT", "@ptr2", "@ptr3", "@ptr4", "SL:CATEGORY_EVENT]", "[SL:DATE_TIME", "@ptr6", "@ptr7", "SL:DATE_TIME]", "IN:GET_EVENT]"], "predicted_tokens": ["[IN:GET_EVENT", "[SL:CATEGORY_EVENT", "@ptr2", "@ptr3", "@ptr4", "SL:CATEGORY_EVENT]", "[SL:DATE_TIME", "@ptr6", "@ptr7", "SL:DATE_TIME]", "IN:GET_EVENT]"]}
{"loss": 1.624748706817627, "class_log_probabilities": [-0.6501439213752747, -7.1750712394714355, -7.2035393714904785, -7.700510025024414], "predictions": [61, 83, 398, 399, 400, 84, 16, 401, 402, 403, 17, 62, 4], "target_tokens": ["[IN:GET_EVENT", "[SL:CATEGORY_EVENT", "@ptr3", "@ptr4", "@ptr5", "SL:CATEGORY_EVENT]", "[SL:DATE_TIME", "@ptr7", "@ptr8", "SL:DATE_TIME]", "IN:GET_EVENT]"], "predicted_tokens": ["[IN:GET_EVENT", "[SL:CATEGORY_EVENT", "@ptr3", "@ptr4", "@ptr5", "SL:CATEGORY_EVENT]", "[SL:DATE_TIME", "@ptr6", "@ptr7", "@ptr8", "SL:DATE_TIME]", "IN:GET_EVENT]"]}
{"loss": 1.3401840925216675, "class_log_probabilities": [-0.6776389479637146, -6.268128395080566, -6.384719371795654, -6.595450401306152], "predictions": [61, 83, 397, 398, 399, 84, 16, 402, 403, 17, 14, 405, 406, 15, 62, 4, 4], "target_tokens": ["[IN:GET_EVENT", "[SL:CATEGORY_EVENT", "@ptr2", "@ptr3", "@ptr4", "SL:CATEGORY_EVENT]", "[SL:DATE_TIME", "@ptr8", "SL:DATE_TIME]", "[SL:LOCATION", "@ptr10", "@ptr11", "SL:LOCATION]", "IN:GET_EVENT]"], "predicted_tokens": ["[IN:GET_EVENT", "[SL:CATEGORY_EVENT", "@ptr2", "@ptr3", "@ptr4", "SL:CATEGORY_EVENT]", "[SL:DATE_TIME", "@ptr7", "@ptr8", "SL:DATE_TIME]", "[SL:LOCATION", "@ptr10", "@ptr11", "SL:LOCATION]", "IN:GET_EVENT]"]}
{"loss": 1.657698392868042, "class_log_probabilities": [-0.5929379463195801, -6.716416835784912, -7.053619861602783, -7.106617450714111], "predictions": [61, 83, 398, 399, 400, 84, 16, 403, 404, 17, 62, 4], "target_tokens": ["[IN:GET_EVENT", "[SL:CATEGORY_EVENT", "@ptr3", "@ptr4", "@ptr5", "SL:CATEGORY_EVENT]", "[SL:DATE_TIME", "@ptr9", "SL:DATE_TIME]", "IN:GET_EVENT]"], "predicted_tokens": ["[IN:GET_EVENT", "[SL:CATEGORY_EVENT", "@ptr3", "@ptr4", "@ptr5", "SL:CATEGORY_EVENT]", "[SL:DATE_TIME", "@ptr8", "@ptr9", "SL:DATE_TIME]", "IN:GET_EVENT]"]}
{"loss": 0.9691154956817627, "class_log_probabilities": [-0.6108927726745605, -6.604151725769043, -7.243828296661377, -7.511106491088867], "predictions": [61, 83, 398, 399, 400, 84, 16, 401, 402, 17, 62, 4], "target_tokens": ["[IN:GET_EVENT", "[SL:CATEGORY_EVENT", "@ptr3", "@ptr4", "@ptr5", "SL:CATEGORY_EVENT]", "[SL:DATE_TIME", "@ptr6", "@ptr7", "SL:DATE_TIME]", "IN:GET_EVENT]"], "predicted_tokens": ["[IN:GET_EVENT", "[SL:CATEGORY_EVENT", "@ptr3", "@ptr4", "@ptr5", "SL:CATEGORY_EVENT]", "[SL:DATE_TIME", "@ptr6", "@ptr7", "SL:DATE_TIME]", "IN:GET_EVENT]"]}
{"loss": 0.9669706225395203, "class_log_probabilities": [-0.6149249076843262, -7.934129238128662, -8.222951889038086, -8.316963195800781], "predictions": [61, 14, 401, 15, 16, 402, 403, 404, 405, 17, 62, 4, 4], "target_tokens": ["[IN:GET_EVENT", "[SL:LOCATION", "@ptr6", "SL:LOCATION]", "[SL:DATE_TIME", "@ptr7", "@ptr8", "@ptr9", "@ptr10", "SL:DATE_TIME]", "IN:GET_EVENT]"], "predicted_tokens": ["[IN:GET_EVENT", "[SL:LOCATION", "@ptr6", "SL:LOCATION]", "[SL:DATE_TIME", "@ptr7", "@ptr8", "@ptr9", "@ptr10", "SL:DATE_TIME]", "IN:GET_EVENT]"]}
{"loss": 0.968748152256012, "class_log_probabilities": [-0.5907588005065918, -8.166214942932129, -8.550292015075684, -8.639406204223633], "predictions": [61, 14, 400, 15, 16, 401, 402, 403, 404, 17, 62, 4, 4], "target_tokens": ["[IN:GET_EVENT", "[SL:LOCATION", "@ptr5", "SL:LOCATION]", "[SL:DATE_TIME", "@ptr6", "@ptr7", "@ptr8", "@ptr9", "SL:DATE_TIME]", "IN:GET_EVENT]"], "predicted_tokens": ["[IN:GET_EVENT", "[SL:LOCATION", "@ptr5", "SL:LOCATION]", "[SL:DATE_TIME", "@ptr6", "@ptr7", "@ptr8", "@ptr9", "SL:DATE_TIME]", "IN:GET_EVENT]"]}
{"loss": 0.9717668890953064, "class_log_probabilities": [-0.6723603010177612, -7.285730361938477, -7.492903709411621, -8.128458023071289], "predictions": [61, 14, 399, 400, 401, 15, 16, 402, 403, 404, 405, 17, 62, 4, 4], "target_tokens": ["[IN:GET_EVENT", "[SL:LOCATION", "@ptr4", "@ptr5", "@ptr6", "SL:LOCATION]", "[SL:DATE_TIME", "@ptr7", "@ptr8", "@ptr9", "@ptr10", "SL:DATE_TIME]", "IN:GET_EVENT]"], "predicted_tokens": ["[IN:GET_EVENT", "[SL:LOCATION", "@ptr4", "@ptr5", "@ptr6", "SL:LOCATION]", "[SL:DATE_TIME", "@ptr7", "@ptr8", "@ptr9", "@ptr10", "SL:DATE_TIME]", "IN:GET_EVENT]"]}
{"loss": 1.3960932493209839, "class_log_probabilities": [-0.8559231758117676, -5.983007907867432, -6.455100059509277, -7.411893844604492], "predictions": [61, 83, 396, 84, 14, 398, 15, 16, 399, 400, 401, 402, 17, 62, 4, 4], "target_tokens": ["[IN:GET_EVENT", "[SL:LOCATION", "@ptr3", "SL:LOCATION]", "[SL:DATE_TIME", "@ptr4", "@ptr5", "@ptr6", "@ptr7", "SL:DATE_TIME]", "IN:GET_EVENT]"], "predicted_tokens": ["[IN:GET_EVENT", "[SL:CATEGORY_EVENT", "@ptr1", "SL:CATEGORY_EVENT]", "[SL:LOCATION", "@ptr3", "SL:LOCATION]", "[SL:DATE_TIME", "@ptr4", "@ptr5", "@ptr6", "@ptr7", "SL:DATE_TIME]", "IN:GET_EVENT]"]}
{"loss": 1.6684165000915527, "class_log_probabilities": [-0.6833155155181885, -3.4425172805786133, -7.434720039367676, -7.743695259094238], "predictions": [61, 83, 397, 84, 16, 398, 17, 14, 400, 15, 62, 4, 4], "target_tokens": ["[IN:GET_EVENT", "[SL:CATEGORY_EVENT", "@ptr2", "SL:CATEGORY_EVENT]", "[SL:LOCATION", "@ptr5", "SL:LOCATION]", "[SL:DATE_TIME", "@ptr3", "SL:DATE_TIME]", "IN:GET_EVENT]"], "predicted_tokens": ["[IN:GET_EVENT", "[SL:CATEGORY_EVENT", "@ptr2", "SL:CATEGORY_EVENT]", "[SL:DATE_TIME", "@ptr3", "SL:DATE_TIME]", "[SL:LOCATION", "@ptr5", "SL:LOCATION]", "IN:GET_EVENT]"]}
{"loss": 0.9703173041343689, "class_log_probabilities": [-0.8519785404205322, -7.782362937927246, -8.020200729370117, -8.847926139831543], "predictions": [61, 83, 395, 84, 16, 396, 397, 398, 399, 17, 14, 401, 402, 403, 15, 62, 4], "target_tokens": ["[IN:GET_EVENT", "[SL:CATEGORY_EVENT", "@ptr0", "SL:CATEGORY_EVENT]", "[SL:DATE_TIME", "@ptr1", "@ptr2", "@ptr3", "@ptr4", "SL:DATE_TIME]", "[SL:LOCATION", "@ptr6", "@ptr7", "@ptr8", "SL:LOCATION]", "IN:GET_EVENT]"], "predicted_tokens": ["[IN:GET_EVENT", "[SL:CATEGORY_EVENT", "@ptr0", "SL:CATEGORY_EVENT]", "[SL:DATE_TIME", "@ptr1", "@ptr2", "@ptr3", "@ptr4", "SL:DATE_TIME]", "[SL:LOCATION", "@ptr6", "@ptr7", "@ptr8", "SL:LOCATION]", "IN:GET_EVENT]"]}
{"loss": 1.8524150848388672, "class_log_probabilities": [-1.0264242887496948, -2.771672248840332, -3.285576581954956, -4.838418006896973], "predictions": [61, 83, 395, 396, 84, 14, 399, 15, 16, 400, 401, 17, 62, 4], "target_tokens": ["[IN:GET_EVENT", "[SL:CATEGORY_EVENT", "@ptr0", "@ptr1", "SL:CATEGORY_EVENT]", "[SL:LOCATION", "@ptr3", "SL:LOCATION]", "[SL:DATE_TIME", "@ptr4", "@ptr5", "SL:DATE_TIME]", "IN:GET_EVENT]"], "predicted_tokens": ["[IN:GET_EVENT", "[SL:CATEGORY_EVENT", "@ptr0", "@ptr1", "SL:CATEGORY_EVENT]", "[SL:LOCATION", "@ptr4", "SL:LOCATION]", "[SL:DATE_TIME", "@ptr5", "@ptr6", "SL:DATE_TIME]", "IN:GET_EVENT]"]}
{"loss": 0.9663636088371277, "class_log_probabilities": [-0.36035454273223877, -7.978823661804199, -8.301681518554688, -8.460505485534668], "predictions": [61, 14, 399, 400, 15, 62, 4], "target_tokens": ["[IN:GET_EVENT", "[SL:LOCATION", "@ptr4", "@ptr5", "SL:LOCATION]", "IN:GET_EVENT]"], "predicted_tokens": ["[IN:GET_EVENT", "[SL:LOCATION", "@ptr4", "@ptr5", "SL:LOCATION]", "IN:GET_EVENT]"]}
{"loss": 1.5908544063568115, "class_log_probabilities": [-0.7008002996444702, -7.888026714324951, -8.028304100036621, -8.060871124267578], "predictions": [61, 83, 396, 84, 14, 398, 399, 15, 16, 400, 401, 17, 62, 4], "target_tokens": ["[IN:GET_EVENT", "[SL:CATEGORY_EVENT", "@ptr1", "SL:CATEGORY_EVENT]", "[SL:LOCATION", "@ptr3", "@ptr4", "SL:LOCATION]", "[SL:DATE_TIME", "@ptr6", "SL:DATE_TIME]", "IN:GET_EVENT]"], "predicted_tokens": ["[IN:GET_EVENT", "[SL:CATEGORY_EVENT", "@ptr1", "SL:CATEGORY_EVENT]", "[SL:LOCATION", "@ptr3", "@ptr4", "SL:LOCATION]", "[SL:DATE_TIME", "@ptr5", "@ptr6", "SL:DATE_TIME]", "IN:GET_EVENT]"]}
{"loss": 0.9683024287223816, "class_log_probabilities": [-0.4459248483181, -8.50953483581543, -8.688316345214844, -9.003368377685547], "predictions": [61, 14, 397, 15, 16, 398, 17, 62, 4, 4], "target_tokens": ["[IN:GET_EVENT", "[SL:LOCATION", "@ptr2", "SL:LOCATION]", "[SL:DATE_TIME", "@ptr3", "SL:DATE_TIME]", "IN:GET_EVENT]"], "predicted_tokens": ["[IN:GET_EVENT", "[SL:LOCATION", "@ptr2", "SL:LOCATION]", "[SL:DATE_TIME", "@ptr3", "SL:DATE_TIME]", "IN:GET_EVENT]"]}
{"loss": 0.9666287302970886, "class_log_probabilities": [-0.5228688716888428, -7.849725723266602, -8.119894981384277, -8.253888130187988], "predictions": [61, 14, 402, 15, 16, 403, 404, 17, 62, 4, 4], "target_tokens": ["[IN:GET_EVENT", "[SL:LOCATION", "@ptr7", "SL:LOCATION]", "[SL:DATE_TIME", "@ptr8", "@ptr9", "SL:DATE_TIME]", "IN:GET_EVENT]"], "predicted_tokens": ["[IN:GET_EVENT", "[SL:LOCATION", "@ptr7", "SL:LOCATION]", "[SL:DATE_TIME", "@ptr8", "@ptr9", "SL:DATE_TIME]", "IN:GET_EVENT]"]}
{"loss": 0.9702622294425964, "class_log_probabilities": [-0.6513776779174805, -7.939706802368164, -8.082891464233398, -8.254975318908691], "predictions": [61, 83, 399, 84, 16, 400, 401, 17, 14, 403, 15, 62, 4], "target_tokens": ["[IN:GET_EVENT", "[SL:CATEGORY_EVENT", "@ptr4", "SL:CATEGORY_EVENT]", "[SL:DATE_TIME", "@ptr5", "@ptr6", "SL:DATE_TIME]", "[SL:LOCATION", "@ptr8", "SL:LOCATION]", "IN:GET_EVENT]"], "predicted_tokens": ["[IN:GET_EVENT", "[SL:CATEGORY_EVENT", "@ptr4", "SL:CATEGORY_EVENT]", "[SL:DATE_TIME", "@ptr5", "@ptr6", "SL:DATE_TIME]", "[SL:LOCATION", "@ptr8", "SL:LOCATION]", "IN:GET_EVENT]"]}
{"loss": 0.9759386777877808, "class_log_probabilities": [-0.5814849734306335, -7.672804832458496, -7.8741936683654785, -8.292609214782715], "predictions": [61, 83, 395, 84, 14, 397, 398, 15, 16, 399, 17, 62, 4, 4], "target_tokens": ["[IN:GET_EVENT", "[SL:CATEGORY_EVENT", "@ptr0", "SL:CATEGORY_EVENT]", "[SL:LOCATION", "@ptr2", "@ptr3", "SL:LOCATION]", "[SL:DATE_TIME", "@ptr4", "SL:DATE_TIME]", "IN:GET_EVENT]"], "predicted_tokens": ["[IN:GET_EVENT", "[SL:CATEGORY_EVENT", "@ptr0", "SL:CATEGORY_EVENT]", "[SL:LOCATION", "@ptr2", "@ptr3", "SL:LOCATION]", "[SL:DATE_TIME", "@ptr4", "SL:DATE_TIME]", "IN:GET_EVENT]"]}
{"loss": 0.9665361046791077, "class_log_probabilities": [-0.6103663444519043, -8.37843132019043, -8.459148406982422, -8.624300003051758], "predictions": [61, 14, 397, 15, 16, 398, 399, 400, 401, 17, 62, 4], "target_tokens": ["[IN:GET_EVENT", "[SL:LOCATION", "@ptr2", "SL:LOCATION]", "[SL:DATE_TIME", "@ptr3", "@ptr4", "@ptr5", "@ptr6", "SL:DATE_TIME]", "IN:GET_EVENT]"], "predicted_tokens": ["[IN:GET_EVENT", "[SL:LOCATION", "@ptr2", "SL:LOCATION]", "[SL:DATE_TIME", "@ptr3", "@ptr4", "@ptr5", "@ptr6", "SL:DATE_TIME]", "IN:GET_EVENT]"]}
{"loss": 0.9671961665153503, "class_log_probabilities": [-0.353320837020874, -8.80399227142334, -8.809313774108887, -8.919111251831055], "predictions": [61, 16, 400, 401, 17, 62, 4, 4, 4], "target_tokens": ["[IN:GET_EVENT", "[SL:DATE_TIME", "@ptr5", "@ptr6", "SL:DATE_TIME]", "IN:GET_EVENT]"], "predicted_tokens": ["[IN:GET_EVENT", "[SL:DATE_TIME", "@ptr5", "@ptr6", "SL:DATE_TIME]", "IN:GET_EVENT]"]}
{"loss": 0.9671708941459656, "class_log_probabilities": [-0.606536328792572, -8.10048770904541, -8.164800643920898, -8.181902885437012], "predictions": [61, 14, 399, 400, 15, 16, 401, 402, 403, 17, 62, 4], "target_tokens": ["[IN:GET_EVENT", "[SL:LOCATION", "@ptr4", "@ptr5", "SL:LOCATION]", "[SL:DATE_TIME", "@ptr6", "@ptr7", "@ptr8", "SL:DATE_TIME]", "IN:GET_EVENT]"], "predicted_tokens": ["[IN:GET_EVENT", "[SL:LOCATION", "@ptr4", "@ptr5", "SL:LOCATION]", "[SL:DATE_TIME", "@ptr6", "@ptr7", "@ptr8", "SL:DATE_TIME]", "IN:GET_EVENT]"]}
{"loss": 2.3198413848876953, "class_log_probabilities": [-1.527237892150879, -2.1473500728607178, -3.560896873474121, -3.8631339073181152], "predictions": [61, 83, 395, 396, 397, 84, 14, 399, 400, 15, 16, 402, 403, 17, 62, 4, 4], "target_tokens": ["[IN:GET_EVENT", "[SL:CATEGORY_EVENT", "@ptr0", "@ptr1", "@ptr2", "SL:CATEGORY_EVENT]", "[SL:DATE_TIME", "@ptr6", "@ptr7", "SL:DATE_TIME]", "[SL:LOCATION", "@ptr4", "@ptr5", "SL:LOCATION]", "IN:GET_EVENT]"], "predicted_tokens": ["[IN:GET_EVENT", "[SL:CATEGORY_EVENT", "@ptr0", "@ptr1", "@ptr2", "SL:CATEGORY_EVENT]", "[SL:LOCATION", "@ptr4", "@ptr5", "SL:LOCATION]", "[SL:DATE_TIME", "@ptr7", "@ptr8", "SL:DATE_TIME]", "IN:GET_EVENT]"]}
{"loss": 0.967629075050354, "class_log_probabilities": [-0.6578963994979858, -6.963582992553711, -8.020039558410645, -8.499832153320312], "predictions": [61, 14, 399, 400, 15, 16, 401, 402, 403, 404, 17, 62, 4, 4], "target_tokens": ["[IN:GET_EVENT", "[SL:LOCATION", "@ptr4", "@ptr5", "SL:LOCATION]", "[SL:DATE_TIME", "@ptr6", "@ptr7", "@ptr8", "@ptr9", "SL:DATE_TIME]", "IN:GET_EVENT]"], "predicted_tokens": ["[IN:GET_EVENT", "[SL:LOCATION", "@ptr4", "@ptr5", "SL:LOCATION]", "[SL:DATE_TIME", "@ptr6", "@ptr7", "@ptr8", "@ptr9", "SL:DATE_TIME]", "IN:GET_EVENT]"]}
{"loss": 0.9685060977935791, "class_log_probabilities": [-0.29840436577796936, -8.343154907226562, -8.451743125915527, -8.518448829650879], "predictions": [61, 14, 399, 15, 62, 4], "target_tokens": ["[IN:GET_EVENT", "[SL:LOCATION", "@ptr4", "SL:LOCATION]", "IN:GET_EVENT]"], "predicted_tokens": ["[IN:GET_EVENT", "[SL:LOCATION", "@ptr4", "SL:LOCATION]", "IN:GET_EVENT]"]}
{"loss": 1.923719882965088, "class_log_probabilities": [-0.5218964219093323, -6.975998878479004, -7.021914005279541, -7.588324069976807], "predictions": [61, 83, 395, 396, 397, 84, 16, 398, 17, 62, 4], "target_tokens": ["[IN:GET_EVENT", "[SL:CATEGORY_EVENT", "@ptr0", "@ptr1", "@ptr2", "SL:CATEGORY_EVENT]", "IN:GET_EVENT]"], "predicted_tokens": ["[IN:GET_EVENT", "[SL:CATEGORY_EVENT", "@ptr0", "@ptr1", "@ptr2", "SL:CATEGORY_EVENT]", "[SL:DATE_TIME", "@ptr3", "SL:DATE_TIME]", "IN:GET_EVENT]"]}
{"loss": 0.9674889445304871, "class_log_probabilities": [-0.8508583903312683, -6.785799026489258, -7.271792411804199, -7.470454692840576], "predictions": [61, 83, 395, 396, 397, 84, 14, 399, 400, 15, 16, 401, 17, 62, 4, 4], "target_tokens": ["[IN:GET_EVENT", "[SL:CATEGORY_EVENT", "@ptr0", "@ptr1", "@ptr2", "SL:CATEGORY_EVENT]", "[SL:LOCATION", "@ptr4", "@ptr5", "SL:LOCATION]", "[SL:DATE_TIME", "@ptr6", "SL:DATE_TIME]", "IN:GET_EVENT]"], "predicted_tokens": ["[IN:GET_EVENT", "[SL:CATEGORY_EVENT", "@ptr0", "@ptr1", "@ptr2", "SL:CATEGORY_EVENT]", "[SL:LOCATION", "@ptr4", "@ptr5", "SL:LOCATION]", "[SL:DATE_TIME", "@ptr6", "SL:DATE_TIME]", "IN:GET_EVENT]"]}
{"loss": 1.287957787513733, "class_log_probabilities": [-1.1719125509262085, -2.2289042472839355, -3.069620132446289, -3.138920545578003], "predictions": [61, 14, 401, 402, 15, 16, 403, 404, 405, 17, 62, 4], "target_tokens": ["[IN:GET_EVENT", "[SL:LOCATION", "@ptr6", "@ptr7", "SL:LOCATION]", "[SL:DATE_TIME", "@ptr9", "SL:DATE_TIME]", "IN:GET_EVENT]"], "predicted_tokens": ["[IN:GET_EVENT", "[SL:LOCATION", "@ptr6", "@ptr7", "SL:LOCATION]", "[SL:DATE_TIME", "@ptr8", "@ptr9", "@ptr10", "SL:DATE_TIME]", "IN:GET_EVENT]"]}
{"loss": 2.576066732406616, "class_log_probabilities": [-0.6278873682022095, -7.923619270324707, -7.942569255828857, -8.262357711791992], "predictions": [61, 83, 398, 84, 14, 400, 15, 16, 401, 17, 62, 4, 4, 4], "target_tokens": ["[IN:GET_EVENT", "[SL:CATEGORY_EVENT", "@ptr3", "SL:CATEGORY_EVENT]", "[SL:DATE_TIME", "@ptr6", "SL:DATE_TIME]", "[SL:LOCATION", "@ptr5", "SL:LOCATION]", "IN:GET_EVENT]"], "predicted_tokens": ["[IN:GET_EVENT", "[SL:CATEGORY_EVENT", "@ptr3", "SL:CATEGORY_EVENT]", "[SL:LOCATION", "@ptr5", "SL:LOCATION]", "[SL:DATE_TIME", "@ptr6", "SL:DATE_TIME]", "IN:GET_EVENT]"]}
{"loss": 1.7814040184020996, "class_log_probabilities": [-0.5630543231964111, -8.106893539428711, -8.18405818939209, -8.637205123901367], "predictions": [61, 16, 399, 400, 17, 14, 402, 403, 15, 62, 4, 4, 4, 4, 4], "target_tokens": ["[IN:GET_EVENT", "[SL:LOCATION", "@ptr7", "@ptr8", "SL:LOCATION]", "[SL:DATE_TIME", "@ptr4", "@ptr5", "SL:DATE_TIME]", "IN:GET_EVENT]"], "predicted_tokens": ["[IN:GET_EVENT", "[SL:DATE_TIME", "@ptr4", "@ptr5", "SL:DATE_TIME]", "[SL:LOCATION", "@ptr7", "@ptr8", "SL:LOCATION]", "IN:GET_EVENT]"]}
{"loss": 1.6635087728500366, "class_log_probabilities": [-0.5943230986595154, -8.528962135314941, -8.64104175567627, -8.659929275512695], "predictions": [61, 83, 397, 84, 16, 399, 400, 17, 14, 402, 15, 62, 4], "target_tokens": ["[IN:GET_EVENT", "[SL:CATEGORY_EVENT", "@ptr2", "SL:CATEGORY_EVENT]", "[SL:LOCATION", "@ptr7", "SL:LOCATION]", "[SL:DATE_TIME", "@ptr4", "@ptr5", "SL:DATE_TIME]", "IN:GET_EVENT]"], "predicted_tokens": ["[IN:GET_EVENT", "[SL:CATEGORY_EVENT", "@ptr2", "SL:CATEGORY_EVENT]", "[SL:DATE_TIME", "@ptr4", "@ptr5", "SL:DATE_TIME]", "[SL:LOCATION", "@ptr7", "SL:LOCATION]", "IN:GET_EVENT]"]}
{"loss": 1.687811255455017, "class_log_probabilities": [-0.6301557421684265, -8.021358489990234, -8.31455135345459, -8.700124740600586], "predictions": [61, 14, 399, 15, 16, 400, 401, 402, 403, 404, 17, 62, 4], "target_tokens": ["[IN:GET_EVENT", "[SL:LOCATION", "@ptr4", "SL:LOCATION]", "[SL:DATE_TIME", "@ptr6", "@ptr7", "@ptr8", "@ptr9", "SL:DATE_TIME]", "IN:GET_EVENT]"], "predicted_tokens": ["[IN:GET_EVENT", "[SL:LOCATION", "@ptr4", "SL:LOCATION]", "[SL:DATE_TIME", "@ptr5", "@ptr6", "@ptr7", "@ptr8", "@ptr9", "SL:DATE_TIME]", "IN:GET_EVENT]"]}
{"loss": 0.9690595269203186, "class_log_probabilities": [-0.6530051231384277, -7.943137168884277, -8.080462455749512, -8.308943748474121], "predictions": [61, 83, 397, 84, 14, 400, 15, 16, 401, 402, 17, 62, 4, 4], "target_tokens": ["[IN:GET_EVENT", "[SL:CATEGORY_EVENT", "@ptr2", "SL:CATEGORY_EVENT]", "[SL:LOCATION", "@ptr5", "SL:LOCATION]", "[SL:DATE_TIME", "@ptr6", "@ptr7", "SL:DATE_TIME]", "IN:GET_EVENT]"], "predicted_tokens": ["[IN:GET_EVENT", "[SL:CATEGORY_EVENT", "@ptr2", "SL:CATEGORY_EVENT]", "[SL:LOCATION", "@ptr5", "SL:LOCATION]", "[SL:DATE_TIME", "@ptr6", "@ptr7", "SL:DATE_TIME]", "IN:GET_EVENT]"]}
{"loss": 3.366304874420166, "class_log_probabilities": [-1.1305255889892578, -2.4547696113586426, -3.125844955444336, -5.021392345428467], "predictions": [295, 156, 399, 400, 401, 402, 403, 157, 296, 4], "target_tokens": ["[IN:GET_EVENT", "[SL:CATEGORY_EVENT", "@ptr4", "SL:CATEGORY_EVENT]", "[SL:LOCATION", "@ptr6", "@ptr7", "@ptr8", "SL:LOCATION]", "IN:GET_EVENT]"], "predicted_tokens": ["[IN:GET_DATE_TIME_EVENT", "[SL:TITLE_EVENT", "@ptr4", "@ptr5", "@ptr6", "@ptr7", "@ptr8", "SL:TITLE_EVENT]", "IN:GET_DATE_TIME_EVENT]"]}
{"loss": 2.2898659706115723, "class_log_probabilities": [-0.45390555262565613, -7.397249221801758, -7.878036022186279, -7.944751739501953], "predictions": [61, 83, 398, 84, 16, 400, 17, 62, 4, 4], "target_tokens": ["[IN:GET_EVENT", "[SL:DATE_TIME", "@ptr5", "SL:DATE_TIME]", "IN:GET_EVENT]"], "predicted_tokens": ["[IN:GET_EVENT", "[SL:CATEGORY_EVENT", "@ptr3", "SL:CATEGORY_EVENT]", "[SL:DATE_TIME", "@ptr5", "SL:DATE_TIME]", "IN:GET_EVENT]"]}
{"loss": 0.9679332375526428, "class_log_probabilities": [-0.4471609592437744, -8.479954719543457, -8.648031234741211, -8.832928657531738], "predictions": [61, 14, 400, 15, 16, 401, 17, 62, 4], "target_tokens": ["[IN:GET_EVENT", "[SL:LOCATION", "@ptr5", "SL:LOCATION]", "[SL:DATE_TIME", "@ptr6", "SL:DATE_TIME]", "IN:GET_EVENT]"], "predicted_tokens": ["[IN:GET_EVENT", "[SL:LOCATION", "@ptr5", "SL:LOCATION]", "[SL:DATE_TIME", "@ptr6", "SL:DATE_TIME]", "IN:GET_EVENT]"]}
{"loss": 0.9661890864372253, "class_log_probabilities": [-0.3115365505218506, -8.486595153808594, -8.69462776184082, -8.86306095123291], "predictions": [61, 16, 400, 17, 62, 4, 4], "target_tokens": ["[IN:GET_EVENT", "[SL:DATE_TIME", "@ptr5", "SL:DATE_TIME]", "IN:GET_EVENT]"], "predicted_tokens": ["[IN:GET_EVENT", "[SL:DATE_TIME", "@ptr5", "SL:DATE_TIME]", "IN:GET_EVENT]"]}
{"loss": 0.9680832028388977, "class_log_probabilities": [-0.49525153636932373, -8.529669761657715, -8.554182052612305, -8.716287612915039], "predictions": [61, 14, 399, 15, 16, 400, 401, 17, 62, 4], "target_tokens": ["[IN:GET_EVENT", "[SL:LOCATION", "@ptr4", "SL:LOCATION]", "[SL:DATE_TIME", "@ptr5", "@ptr6", "SL:DATE_TIME]", "IN:GET_EVENT]"], "predicted_tokens": ["[IN:GET_EVENT", "[SL:LOCATION", "@ptr4", "SL:LOCATION]", "[SL:DATE_TIME", "@ptr5", "@ptr6", "SL:DATE_TIME]", "IN:GET_EVENT]"]}
{"loss": 0.9666436910629272, "class_log_probabilities": [-0.4632187485694885, -6.472329616546631, -6.552479267120361, -7.608087539672852], "predictions": [61, 16, 399, 400, 17, 62, 4, 4, 4, 4], "target_tokens": ["[IN:GET_EVENT", "[SL:DATE_TIME", "@ptr4", "@ptr5", "SL:DATE_TIME]", "IN:GET_EVENT]"], "predicted_tokens": ["[IN:GET_EVENT", "[SL:DATE_TIME", "@ptr4", "@ptr5", "SL:DATE_TIME]", "IN:GET_EVENT]"]}
{"loss": 0.9660159349441528, "class_log_probabilities": [-0.4162489175796509, -7.317948818206787, -7.604626178741455, -7.870870113372803], "predictions": [61, 14, 399, 400, 401, 15, 62, 4, 4], "target_tokens": ["[IN:GET_EVENT", "[SL:LOCATION", "@ptr4", "@ptr5", "@ptr6", "SL:LOCATION]", "IN:GET_EVENT]"], "predicted_tokens": ["[IN:GET_EVENT", "[SL:LOCATION", "@ptr4", "@ptr5", "@ptr6", "SL:LOCATION]", "IN:GET_EVENT]"]}
{"loss": 0.9759647846221924, "class_log_probabilities": [-0.7051799893379211, -5.172113418579102, -6.694456577301025, -8.12769603729248], "predictions": [61, 83, 397, 84, 14, 400, 15, 16, 401, 402, 403, 404, 17, 62, 4, 4, 4, 4], "target_tokens": ["[IN:GET_EVENT", "[SL:CATEGORY_EVENT", "@ptr2", "SL:CATEGORY_EVENT]", "[SL:LOCATION", "@ptr5", "SL:LOCATION]", "[SL:DATE_TIME", "@ptr6", "@ptr7", "@ptr8", "@ptr9", "SL:DATE_TIME]", "IN:GET_EVENT]"], "predicted_tokens": ["[IN:GET_EVENT", "[SL:CATEGORY_EVENT", "@ptr2", "SL:CATEGORY_EVENT]", "[SL:LOCATION", "@ptr5", "SL:LOCATION]", "[SL:DATE_TIME", "@ptr6", "@ptr7", "@ptr8", "@ptr9", "SL:DATE_TIME]", "IN:GET_EVENT]"]}
{"loss": 0.9662495851516724, "class_log_probabilities": [-0.4642225503921509, -8.258187294006348, -8.675832748413086, -8.841547012329102], "predictions": [61, 14, 401, 15, 16, 402, 17, 62, 4], "target_tokens": ["[IN:GET_EVENT", "[SL:LOCATION", "@ptr6", "SL:LOCATION]", "[SL:DATE_TIME", "@ptr7", "SL:DATE_TIME]", "IN:GET_EVENT]"], "predicted_tokens": ["[IN:GET_EVENT", "[SL:LOCATION", "@ptr6", "SL:LOCATION]", "[SL:DATE_TIME", "@ptr7", "SL:DATE_TIME]", "IN:GET_EVENT]"]}
{"loss": 1.5745964050292969, "class_log_probabilities": [-0.657154381275177, -8.080641746520996, -8.594738960266113, -8.658936500549316], "predictions": [61, 14, 400, 15, 16, 401, 402, 403, 404, 405, 17, 62, 4, 4], "target_tokens": ["[IN:GET_EVENT", "[SL:LOCATION", "@ptr5", "SL:LOCATION]", "[SL:DATE_TIME", "@ptr7", "@ptr8", "@ptr9", "@ptr10", "SL:DATE_TIME]", "IN:GET_EVENT]"], "predicted_tokens": ["[IN:GET_EVENT", "[SL:LOCATION", "@ptr5", "SL:LOCATION]", "[SL:DATE_TIME", "@ptr6", "@ptr7", "@ptr8", "@ptr9", "@ptr10", "SL:DATE_TIME]", "IN:GET_EVENT]"]}
{"loss": 1.673035740852356, "class_log_probabilities": [-0.6370989680290222, -7.091250419616699, -7.459055423736572, -7.897103786468506], "predictions": [61, 14, 402, 15, 16, 403, 404, 405, 406, 407, 17, 62, 4, 4], "target_tokens": ["[IN:GET_EVENT", "[SL:LOCATION", "@ptr7", "SL:LOCATION]", "[SL:DATE_TIME", "@ptr9", "@ptr10", "@ptr11", "@ptr12", "SL:DATE_TIME]", "IN:GET_EVENT]"], "predicted_tokens": ["[IN:GET_EVENT", "[SL:LOCATION", "@ptr7", "SL:LOCATION]", "[SL:DATE_TIME", "@ptr8", "@ptr9", "@ptr10", "@ptr11", "@ptr12", "SL:DATE_TIME]", "IN:GET_EVENT]"]}
{"loss": 1.9195247888565063, "class_log_probabilities": [-0.619583249092102, -8.37968635559082, -8.599839210510254, -8.745375633239746], "predictions": [61, 16, 398, 399, 400, 401, 17, 14, 403, 15, 62, 4], "target_tokens": ["[IN:GET_EVENT", "[SL:LOCATION", "@ptr8", "SL:LOCATION]", "[SL:DATE_TIME", "@ptr3", "@ptr4", "@ptr5", "@ptr6", "SL:DATE_TIME]", "IN:GET_EVENT]"], "predicted_tokens": ["[IN:GET_EVENT", "[SL:DATE_TIME", "@ptr3", "@ptr4", "@ptr5", "@ptr6", "SL:DATE_TIME]", "[SL:LOCATION", "@ptr8", "SL:LOCATION]", "IN:GET_EVENT]"]}
{"loss": 1.5142661333084106, "class_log_probabilities": [-0.8392722606658936, -6.63035249710083, -7.665314674377441, -7.723803520202637], "predictions": [61, 83, 395, 396, 397, 84, 14, 399, 15, 16, 400, 401, 402, 403, 17, 62, 4, 4], "target_tokens": ["[IN:GET_EVENT", "[SL:CATEGORY_EVENT", "@ptr0", "@ptr1", "@ptr2", "SL:CATEGORY_EVENT]", "[SL:LOCATION", "@ptr4", "SL:LOCATION]", "[SL:DATE_TIME", "@ptr6", "@ptr7", "@ptr8", "SL:DATE_TIME]", "IN:GET_EVENT]"], "predicted_tokens": ["[IN:GET_EVENT", "[SL:CATEGORY_EVENT", "@ptr0", "@ptr1", "@ptr2", "SL:CATEGORY_EVENT]", "[SL:LOCATION", "@ptr4", "SL:LOCATION]", "[SL:DATE_TIME", "@ptr5", "@ptr6", "@ptr7", "@ptr8", "SL:DATE_TIME]", "IN:GET_EVENT]"]}
{"loss": 0.9664828777313232, "class_log_probabilities": [-0.30848416686058044, -8.741171836853027, -8.81911849975586, -8.911808013916016], "predictions": [61, 16, 396, 17, 62, 4, 4], "target_tokens": ["[IN:GET_EVENT", "[SL:DATE_TIME", "@ptr1", "SL:DATE_TIME]", "IN:GET_EVENT]"], "predicted_tokens": ["[IN:GET_EVENT", "[SL:DATE_TIME", "@ptr1", "SL:DATE_TIME]", "IN:GET_EVENT]"]}
{"loss": 0.9684140682220459, "class_log_probabilities": [-0.6326740980148315, -6.528374671936035, -6.623950958251953, -7.053223609924316], "predictions": [61, 83, 398, 399, 400, 84, 16, 401, 402, 17, 62, 4], "target_tokens": ["[IN:GET_EVENT", "[SL:CATEGORY_EVENT", "@ptr3", "@ptr4", "@ptr5", "SL:CATEGORY_EVENT]", "[SL:DATE_TIME", "@ptr6", "@ptr7", "SL:DATE_TIME]", "IN:GET_EVENT]"], "predicted_tokens": ["[IN:GET_EVENT", "[SL:CATEGORY_EVENT", "@ptr3", "@ptr4", "@ptr5", "SL:CATEGORY_EVENT]", "[SL:DATE_TIME", "@ptr6", "@ptr7", "SL:DATE_TIME]", "IN:GET_EVENT]"]}
{"loss": 0.9697179794311523, "class_log_probabilities": [-0.48230481147766113, -8.662779808044434, -8.758816719055176, -8.778231620788574], "predictions": [61, 14, 401, 15, 16, 402, 403, 17, 62, 4, 4], "target_tokens": ["[IN:GET_EVENT", "[SL:LOCATION", "@ptr6", "SL:LOCATION]", "[SL:DATE_TIME", "@ptr7", "@ptr8", "SL:DATE_TIME]", "IN:GET_EVENT]"], "predicted_tokens": ["[IN:GET_EVENT", "[SL:LOCATION", "@ptr6", "SL:LOCATION]", "[SL:DATE_TIME", "@ptr7", "@ptr8", "SL:DATE_TIME]", "IN:GET_EVENT]"]}
{"loss": 0.9663594961166382, "class_log_probabilities": [-0.5127444267272949, -8.478128433227539, -8.546069145202637, -8.546720504760742], "predictions": [61, 14, 400, 15, 16, 401, 402, 17, 62, 4, 4], "target_tokens": ["[IN:GET_EVENT", "[SL:LOCATION", "@ptr5", "SL:LOCATION]", "[SL:DATE_TIME", "@ptr6", "@ptr7", "SL:DATE_TIME]", "IN:GET_EVENT]"], "predicted_tokens": ["[IN:GET_EVENT", "[SL:LOCATION", "@ptr5", "SL:LOCATION]", "[SL:DATE_TIME", "@ptr6", "@ptr7", "SL:DATE_TIME]", "IN:GET_EVENT]"]}
{"loss": 1.2711869478225708, "class_log_probabilities": [-0.9553120136260986, -5.045252799987793, -5.170613765716553, -6.392840385437012], "predictions": [61, 83, 396, 397, 84, 14, 399, 15, 16, 400, 401, 17, 62, 4, 4], "target_tokens": ["[IN:GET_EVENT", "[SL:CATEGORY_EVENT", "@ptr2", "SL:CATEGORY_EVENT]", "[SL:LOCATION", "@ptr4", "SL:LOCATION]", "[SL:DATE_TIME", "@ptr5", "@ptr6", "SL:DATE_TIME]", "IN:GET_EVENT]"], "predicted_tokens": ["[IN:GET_EVENT", "[SL:CATEGORY_EVENT", "@ptr1", "@ptr2", "SL:CATEGORY_EVENT]", "[SL:LOCATION", "@ptr4", "SL:LOCATION]", "[SL:DATE_TIME", "@ptr5", "@ptr6", "SL:DATE_TIME]", "IN:GET_EVENT]"]}
{"loss": 1.2029690742492676, "class_log_probabilities": [-0.8098065853118896, -4.883365154266357, -5.575752258300781, -6.002523422241211], "predictions": [61, 83, 400, 401, 84, 14, 403, 15, 16, 404, 405, 17, 62, 4, 4], "target_tokens": ["[IN:GET_EVENT", "[SL:CATEGORY_EVENT", "@ptr4", "@ptr5", "@ptr6", "SL:CATEGORY_EVENT]", "[SL:LOCATION", "@ptr8", "SL:LOCATION]", "[SL:DATE_TIME", "@ptr9", "@ptr10", "SL:DATE_TIME]", "IN:GET_EVENT]"], "predicted_tokens": ["[IN:GET_EVENT", "[SL:CATEGORY_EVENT", "@ptr5", "@ptr6", "SL:CATEGORY_EVENT]", "[SL:LOCATION", "@ptr8", "SL:LOCATION]", "[SL:DATE_TIME", "@ptr9", "@ptr10", "SL:DATE_TIME]", "IN:GET_EVENT]"]}
{"loss": 1.9054784774780273, "class_log_probabilities": [-1.2341967821121216, -1.3510756492614746, -5.1799139976501465, -6.18966817855835], "predictions": [61, 14, 402, 15, 62, 4, 4, 4, 4, 4, 4, 4, 4, 4], "target_tokens": ["[IN:GET_EVENT", "[SL:LOCATION", "@ptr7", "SL:LOCATION]", "[SL:DATE_TIME", "@ptr11", "@ptr12", "SL:DATE_TIME]", "IN:GET_EVENT]"], "predicted_tokens": ["[IN:GET_EVENT", "[SL:LOCATION", "@ptr7", "SL:LOCATION]", "IN:GET_EVENT]"]}
{"loss": 1.4849395751953125, "class_log_probabilities": [-1.0525761842727661, -4.307024002075195, -5.2411789894104, -6.615964412689209], "predictions": [61, 14, 398, 399, 400, 401, 15, 16, 402, 403, 404, 405, 17, 62, 4], "target_tokens": ["[IN:GET_EVENT", "[SL:LOCATION", "@ptr4", "@ptr5", "@ptr6", "SL:LOCATION]", "[SL:DATE_TIME", "@ptr7", "@ptr8", "@ptr9", "@ptr10", "SL:DATE_TIME]", "IN:GET_EVENT]"], "predicted_tokens": ["[IN:GET_EVENT", "[SL:LOCATION", "@ptr3", "@ptr4", "@ptr5", "@ptr6", "SL:LOCATION]", "[SL:DATE_TIME", "@ptr7", "@ptr8", "@ptr9", "@ptr10", "SL:DATE_TIME]", "IN:GET_EVENT]"]}
{"loss": 1.6512714624404907, "class_log_probabilities": [-0.6357147693634033, -7.35729455947876, -7.972372531890869, -8.401898384094238], "predictions": [61, 14, 399, 400, 401, 15, 16, 402, 403, 404, 17, 62, 4, 4], "target_tokens": ["[IN:GET_EVENT", "[SL:LOCATION", "@ptr4", "@ptr5", "@ptr6", "SL:LOCATION]", "[SL:DATE_TIME", "@ptr8", "@ptr9", "SL:DATE_TIME]", "IN:GET_EVENT]"], "predicted_tokens": ["[IN:GET_EVENT", "[SL:LOCATION", "@ptr4", "@ptr5", "@ptr6", "SL:LOCATION]", "[SL:DATE_TIME", "@ptr7", "@ptr8", "@ptr9", "SL:DATE_TIME]", "IN:GET_EVENT]"]}
{"loss": 2.5415244102478027, "class_log_probabilities": [-2.9879510402679443, -4.056636333465576, -4.434024333953857, -5.6842451095581055], "predictions": [61, 14, 399, 15, 16, 400, 401, 17, 62, 4], "target_tokens": ["[IN:GET_EVENT", "[SL:DATE_TIME", "@ptr5", "@ptr6", "SL:DATE_TIME]", "[SL:LOCATION", "@ptr4", "SL:LOCATION]", "IN:GET_EVENT]"], "predicted_tokens": ["[IN:GET_EVENT", "[SL:LOCATION", "@ptr4", "SL:LOCATION]", "[SL:DATE_TIME", "@ptr5", "@ptr6", "SL:DATE_TIME]", "IN:GET_EVENT]"]}
{"loss": 2.420121908187866, "class_log_probabilities": [-0.3569531738758087, -8.459938049316406, -8.812628746032715, -9.171412467956543], "predictions": [61, 16, 399, 400, 17, 62, 4, 4, 4], "target_tokens": ["[IN:GET_EVENT", "[SL:DATE_TIME", "@ptr5", "SL:DATE_TIME]", "IN:GET_EVENT]"], "predicted_tokens": ["[IN:GET_EVENT", "[SL:DATE_TIME", "@ptr4", "@ptr5", "SL:DATE_TIME]", "IN:GET_EVENT]"]}
{"loss": 1.7090994119644165, "class_log_probabilities": [-0.6187663674354553, -7.481178283691406, -8.066994667053223, -9.340295791625977], "predictions": [61, 14, 401, 15, 16, 402, 403, 404, 405, 406, 17, 62, 4, 4, 4], "target_tokens": ["[IN:GET_EVENT", "[SL:LOCATION", "@ptr6", "SL:LOCATION]", "[SL:DATE_TIME", "@ptr8", "@ptr9", "@ptr10", "@ptr11", "SL:DATE_TIME]", "IN:GET_EVENT]"], "predicted_tokens": ["[IN:GET_EVENT", "[SL:LOCATION", "@ptr6", "SL:LOCATION]", "[SL:DATE_TIME", "@ptr7", "@ptr8", "@ptr9", "@ptr10", "@ptr11", "SL:DATE_TIME]", "IN:GET_EVENT]"]}
{"loss": 1.8622028827667236, "class_log_probabilities": [-0.5446171760559082, -7.836389541625977, -8.350329399108887, -8.459547996520996], "predictions": [61, 14, 398, 15, 16, 399, 400, 401, 17, 62, 4, 4], "target_tokens": ["[IN:GET_EVENT", "[SL:LOCATION", "@ptr3", "SL:LOCATION]", "[SL:DATE_TIME", "@ptr5", "@ptr6", "SL:DATE_TIME]", "IN:GET_EVENT]"], "predicted_tokens": ["[IN:GET_EVENT", "[SL:LOCATION", "@ptr3", "SL:LOCATION]", "[SL:DATE_TIME", "@ptr4", "@ptr5", "@ptr6", "SL:DATE_TIME]", "IN:GET_EVENT]"]}
{"loss": 0.9770918488502502, "class_log_probabilities": [-1.0854575634002686, -3.82635760307312, -5.447668552398682, -5.537205696105957], "predictions": [61, 83, 395, 396, 397, 84, 14, 399, 400, 15, 16, 402, 403, 404, 405, 406, 17, 62, 4, 4], "target_tokens": ["[IN:GET_EVENT", "[SL:CATEGORY_EVENT", "@ptr0", "@ptr1", "@ptr2", "SL:CATEGORY_EVENT]", "[SL:LOCATION", "@ptr4", "@ptr5", "SL:LOCATION]", "[SL:DATE_TIME", "@ptr7", "@ptr8", "@ptr9", "@ptr10", "@ptr11", "SL:DATE_TIME]", "IN:GET_EVENT]"], "predicted_tokens": ["[IN:GET_EVENT", "[SL:CATEGORY_EVENT", "@ptr0", "@ptr1", "@ptr2", "SL:CATEGORY_EVENT]", "[SL:LOCATION", "@ptr4", "@ptr5", "SL:LOCATION]", "[SL:DATE_TIME", "@ptr7", "@ptr8", "@ptr9", "@ptr10", "@ptr11", "SL:DATE_TIME]", "IN:GET_EVENT]"]}
{"loss": 1.8278075456619263, "class_log_probabilities": [-0.509731650352478, -8.19721794128418, -8.433012962341309, -8.796443939208984], "predictions": [61, 14, 399, 15, 16, 400, 401, 17, 62, 4], "target_tokens": ["[IN:GET_EVENT", "[SL:LOCATION", "@ptr4", "SL:LOCATION]", "[SL:DATE_TIME", "@ptr6", "SL:DATE_TIME]", "IN:GET_EVENT]"], "predicted_tokens": ["[IN:GET_EVENT", "[SL:LOCATION", "@ptr4", "SL:LOCATION]", "[SL:DATE_TIME", "@ptr5", "@ptr6", "SL:DATE_TIME]", "IN:GET_EVENT]"]}
{"loss": 0.9679663181304932, "class_log_probabilities": [-0.5479813814163208, -8.449745178222656, -8.664644241333008, -8.778964042663574], "predictions": [61, 16, 398, 399, 400, 401, 402, 403, 17, 62, 4, 4], "target_tokens": ["[IN:GET_EVENT", "[SL:DATE_TIME", "@ptr3", "@ptr4", "@ptr5", "@ptr6", "@ptr7", "@ptr8", "SL:DATE_TIME]", "IN:GET_EVENT]"], "predicted_tokens": ["[IN:GET_EVENT", "[SL:DATE_TIME", "@ptr3", "@ptr4", "@ptr5", "@ptr6", "@ptr7", "@ptr8", "SL:DATE_TIME]", "IN:GET_EVENT]"]}
{"loss": 0.9654833078384399, "class_log_probabilities": [-0.41399508714675903, -8.130749702453613, -8.489720344543457, -9.376367568969727], "predictions": [61, 16, 398, 399, 400, 17, 62, 4, 4, 4], "target_tokens": ["[IN:GET_EVENT", "[SL:DATE_TIME", "@ptr3", "@ptr4", "@ptr5", "SL:DATE_TIME]", "IN:GET_EVENT]"], "predicted_tokens": ["[IN:GET_EVENT", "[SL:DATE_TIME", "@ptr3", "@ptr4", "@ptr5", "SL:DATE_TIME]", "IN:GET_EVENT]"]}
{"loss": 2.113950252532959, "class_log_probabilities": [-0.5756180286407471, -5.9005913734436035, -6.8969573974609375, -7.84005880355835], "predictions": [61, 83, 397, 84, 14, 399, 400, 15, 62, 4, 4, 4, 4], "target_tokens": ["[IN:GET_EVENT", "[SL:LOCATION", "@ptr4", "@ptr5", "SL:LOCATION]", "[SL:CATEGORY_EVENT", "@ptr2", "SL:CATEGORY_EVENT]", "IN:GET_EVENT]"], "predicted_tokens": ["[IN:GET_EVENT", "[SL:CATEGORY_EVENT", "@ptr2", "SL:CATEGORY_EVENT]", "[SL:LOCATION", "@ptr4", "@ptr5", "SL:LOCATION]", "IN:GET_EVENT]"]}
{"loss": 0.9645836353302002, "class_log_probabilities": [-0.47868943214416504, -8.347162246704102, -8.623766899108887, -8.853217124938965], "predictions": [61, 16, 398, 399, 400, 401, 17, 62, 4, 4, 4], "target_tokens": ["[IN:GET_EVENT", "[SL:DATE_TIME", "@ptr3", "@ptr4", "@ptr5", "@ptr6", "SL:DATE_TIME]", "IN:GET_EVENT]"], "predicted_tokens": ["[IN:GET_EVENT", "[SL:DATE_TIME", "@ptr3", "@ptr4", "@ptr5", "@ptr6", "SL:DATE_TIME]", "IN:GET_EVENT]"]}
{"loss": 0.9662466645240784, "class_log_probabilities": [-0.3092336058616638, -8.634139060974121, -8.729596138000488, -8.896085739135742], "predictions": [61, 16, 401, 17, 62, 4, 4, 4], "target_tokens": ["[IN:GET_EVENT", "[SL:DATE_TIME", "@ptr6", "SL:DATE_TIME]", "IN:GET_EVENT]"], "predicted_tokens": ["[IN:GET_EVENT", "[SL:DATE_TIME", "@ptr6", "SL:DATE_TIME]", "IN:GET_EVENT]"]}
{"loss": 0.96741783618927, "class_log_probabilities": [-0.3545154333114624, -8.64263916015625, -8.666594505310059, -8.78400993347168], "predictions": [61, 16, 400, 401, 17, 62, 4, 4, 4], "target_tokens": ["[IN:GET_EVENT", "[SL:DATE_TIME", "@ptr5", "@ptr6", "SL:DATE_TIME]", "IN:GET_EVENT]"], "predicted_tokens": ["[IN:GET_EVENT", "[SL:DATE_TIME", "@ptr5", "@ptr6", "SL:DATE_TIME]", "IN:GET_EVENT]"]}
{"loss": 0.9754763245582581, "class_log_probabilities": [-0.6421569585800171, -5.295656204223633, -6.952711582183838, -7.219569683074951], "predictions": [61, 83, 399, 400, 401, 84, 16, 402, 403, 17, 62, 4, 4], "target_tokens": ["[IN:GET_EVENT", "[SL:CATEGORY_EVENT", "@ptr4", "@ptr5", "@ptr6", "SL:CATEGORY_EVENT]", "[SL:DATE_TIME", "@ptr7", "@ptr8", "SL:DATE_TIME]", "IN:GET_EVENT]"], "predicted_tokens": ["[IN:GET_EVENT", "[SL:CATEGORY_EVENT", "@ptr4", "@ptr5", "@ptr6", "SL:CATEGORY_EVENT]", "[SL:DATE_TIME", "@ptr7", "@ptr8", "SL:DATE_TIME]", "IN:GET_EVENT]"]}
{"loss": 0.9793729186058044, "class_log_probabilities": [-0.26159611344337463, -8.229728698730469, -8.352128028869629, -8.377725601196289], "predictions": [61, 83, 397, 84, 62, 4], "target_tokens": ["[IN:GET_EVENT", "[SL:CATEGORY_EVENT", "@ptr2", "SL:CATEGORY_EVENT]", "IN:GET_EVENT]"], "predicted_tokens": ["[IN:GET_EVENT", "[SL:CATEGORY_EVENT", "@ptr2", "SL:CATEGORY_EVENT]", "IN:GET_EVENT]"]}
{"loss": 3.687136650085449, "class_log_probabilities": [-0.31330639123916626, -7.548454284667969, -7.786674976348877, -8.347756385803223], "predictions": [61, 16, 399, 17, 62, 4], "target_tokens": ["[IN:GET_EVENT", "IN:GET_EVENT]"], "predicted_tokens": ["[IN:GET_EVENT", "[SL:DATE_TIME", "@ptr4", "SL:DATE_TIME]", "IN:GET_EVENT]"]}
{"loss": 0.9674552083015442, "class_log_probabilities": [-0.3007320165634155, -8.60940933227539, -8.84744930267334, -8.869544982910156], "predictions": [61, 16, 399, 17, 62, 4, 4], "target_tokens": ["[IN:GET_EVENT", "[SL:DATE_TIME", "@ptr4", "SL:DATE_TIME]", "IN:GET_EVENT]"], "predicted_tokens": ["[IN:GET_EVENT", "[SL:DATE_TIME", "@ptr4", "SL:DATE_TIME]", "IN:GET_EVENT]"]}
{"loss": 0.9751738905906677, "class_log_probabilities": [-0.3602990210056305, -8.300027847290039, -8.433862686157227, -8.492074966430664], "predictions": [49, 36, 401, 402, 403, 37, 50, 4], "target_tokens": ["[IN:CREATE_REMINDER", "[SL:TODO", "@ptr6", "@ptr7", "@ptr8", "SL:TODO]", "IN:CREATE_REMINDER]"], "predicted_tokens": ["[IN:CREATE_REMINDER", "[SL:TODO", "@ptr6", "@ptr7", "@ptr8", "SL:TODO]", "IN:CREATE_REMINDER]"]}
{"loss": 1.3442585468292236, "class_log_probabilities": [-2.7778944969177246, -2.9250881671905518, -3.893598794937134, -4.549110412597656], "predictions": [49, 34, 396, 35, 16, 397, 398, 399, 400, 401, 17, 36, 407, 408, 409, 410, 411, 37, 50, 4, 4, 4, 4, 4], "target_tokens": ["[IN:CREATE_REMINDER", "[SL:PERSON_REMINDED", "@ptr1", "SL:PERSON_REMINDED]", "[SL:DATE_TIME", "@ptr2", "@ptr3", "@ptr4", "@ptr5", "@ptr6", "SL:DATE_TIME]", "IN:CREATE_REMINDER]"], "predicted_tokens": ["[IN:CREATE_REMINDER", "[SL:PERSON_REMINDED", "@ptr1", "SL:PERSON_REMINDED]", "[SL:DATE_TIME", "@ptr2", "@ptr3", "@ptr4", "@ptr5", "@ptr6", "SL:DATE_TIME]", "[SL:TODO", "@ptr12", "@ptr13", "@ptr14", "@ptr15", "@ptr16", "SL:TODO]", "IN:CREATE_REMINDER]"]}
{"loss": 0.9915279150009155, "class_log_probabilities": [-1.4911059141159058, -2.4771013259887695, -4.59102725982666, -5.01658821105957], "predictions": [49, 34, 396, 35, 36, 400, 401, 402, 403, 404, 405, 406, 407, 408, 409, 410, 411, 37, 50, 4, 4, 4, 4, 4], "target_tokens": ["[IN:CREATE_REMINDER", "[SL:PERSON_REMINDED", "@ptr1", "SL:PERSON_REMINDED]", "[SL:TODO", "@ptr5", "@ptr6", "@ptr7", "@ptr8", "@ptr9", "@ptr10", "@ptr11", "@ptr12", "@ptr13", "@ptr14", "@ptr15", "@ptr16", "SL:TODO]", "IN:CREATE_REMINDER]"], "predicted_tokens": ["[IN:CREATE_REMINDER", "[SL:PERSON_REMINDED", "@ptr1", "SL:PERSON_REMINDED]", "[SL:TODO", "@ptr5", "@ptr6", "@ptr7", "@ptr8", "@ptr9", "@ptr10", "@ptr11", "@ptr12", "@ptr13", "@ptr14", "@ptr15", "@ptr16", "SL:TODO]", "IN:CREATE_REMINDER]"]}
{"loss": 0.9689455032348633, "class_log_probabilities": [-0.7696527242660522, -6.346644401550293, -7.552249908447266, -8.153231620788574], "predictions": [49, 16, 398, 399, 400, 401, 402, 403, 404, 405, 406, 407, 17, 50, 4, 4, 4, 4], "target_tokens": ["[IN:CREATE_REMINDER", "[SL:DATE_TIME", "@ptr3", "@ptr4", "@ptr5", "@ptr6", "@ptr7", "@ptr8", "@ptr9", "@ptr10", "@ptr11", "@ptr12", "SL:DATE_TIME]", "IN:CREATE_REMINDER]"], "predicted_tokens": ["[IN:CREATE_REMINDER", "[SL:DATE_TIME", "@ptr3", "@ptr4", "@ptr5", "@ptr6", "@ptr7", "@ptr8", "@ptr9", "@ptr10", "@ptr11", "@ptr12", "SL:DATE_TIME]", "IN:CREATE_REMINDER]"]}
{"loss": 2.3586368560791016, "class_log_probabilities": [-1.8950563669204712, -2.436417818069458, -3.5863850116729736, -4.56102991104126], "predictions": [33, 36, 143, 36, 399, 400, 401, 37, 243, 403, 244, 144, 37, 16, 404, 405, 406, 407, 408, 17, 38, 4, 4, 4, 4], "target_tokens": ["[IN:DELETE_REMINDER", "[SL:TODO", "[IN:GET_TODO", "[SL:TODO", "@ptr4", "SL:TODO]", "[SL:ATTENDEE", "@ptr8", "SL:ATTENDEE]", "[SL:TODO", "@ptr3", "@ptr6", "SL:TODO]", "IN:GET_TODO]", "SL:TODO]", "[SL:DATE_TIME", "@ptr9", "@ptr10", "@ptr11", "@ptr12", "@ptr13", "SL:DATE_TIME]", "IN:DELETE_REMINDER]"], "predicted_tokens": ["[IN:DELETE_REMINDER", "[SL:TODO", "[IN:GET_TODO", "[SL:TODO", "@ptr4", "@ptr5", "@ptr6", "SL:TODO]", "[SL:ATTENDEE", "@ptr8", "SL:ATTENDEE]", "IN:GET_TODO]", "SL:TODO]", "[SL:DATE_TIME", "@ptr9", "@ptr10", "@ptr11", "@ptr12", "@ptr13", "SL:DATE_TIME]", "IN:DELETE_REMINDER]"]}
{"loss": 0.9706888198852539, "class_log_probabilities": [-1.0874816179275513, -4.5322160720825195, -4.978895664215088, -5.065547466278076], "predictions": [49, 36, 398, 399, 400, 37, 16, 403, 404, 405, 406, 407, 408, 17, 50, 4, 4, 4], "target_tokens": ["[IN:CREATE_REMINDER", "[SL:TODO", "@ptr3", "@ptr4", "@ptr5", "SL:TODO]", "[SL:DATE_TIME", "@ptr8", "@ptr9", "@ptr10", "@ptr11", "@ptr12", "@ptr13", "SL:DATE_TIME]", "IN:CREATE_REMINDER]"], "predicted_tokens": ["[IN:CREATE_REMINDER", "[SL:TODO", "@ptr3", "@ptr4", "@ptr5", "SL:TODO]", "[SL:DATE_TIME", "@ptr8", "@ptr9", "@ptr10", "@ptr11", "@ptr12", "@ptr13", "SL:DATE_TIME]", "IN:CREATE_REMINDER]"]}
{"loss": 0.9837030172348022, "class_log_probabilities": [-0.8821359276771545, -4.463374137878418, -6.332449436187744, -6.609200954437256], "predictions": [49, 34, 396, 35, 36, 75, 6, 399, 7, 78, 37, 16, 400, 401, 402, 403, 17, 50, 4, 4, 4, 4, 4], "target_tokens": ["[IN:CREATE_REMINDER", "[SL:PERSON_REMINDED", "@ptr1", "SL:PERSON_REMINDED]", "[SL:TODO", "[IN:CREATE_CALL", "[SL:CONTACT", "@ptr4", "SL:CONTACT]", "IN:CREATE_CALL]", "SL:TODO]", "[SL:DATE_TIME", "@ptr5", "@ptr6", "@ptr7", "@ptr8", "SL:DATE_TIME]", "IN:CREATE_REMINDER]"], "predicted_tokens": ["[IN:CREATE_REMINDER", "[SL:PERSON_REMINDED", "@ptr1", "SL:PERSON_REMINDED]", "[SL:TODO", "[IN:CREATE_CALL", "[SL:CONTACT", "@ptr4", "SL:CONTACT]", "IN:CREATE_CALL]", "SL:TODO]", "[SL:DATE_TIME", "@ptr5", "@ptr6", "@ptr7", "@ptr8", "SL:DATE_TIME]", "IN:CREATE_REMINDER]"]}
{"loss": 0.9638023376464844, "class_log_probabilities": [-0.7712442278862, -5.431429862976074, -7.030710220336914, -7.561368942260742], "predictions": [49, 34, 396, 35, 36, 397, 398, 399, 400, 401, 37, 50, 4, 4], "target_tokens": ["[IN:CREATE_REMINDER", "[SL:PERSON_REMINDED", "@ptr1", "SL:PERSON_REMINDED]", "[SL:TODO", "@ptr2", "@ptr3", "@ptr4", "@ptr5", "@ptr6", "SL:TODO]", "IN:CREATE_REMINDER]"], "predicted_tokens": ["[IN:CREATE_REMINDER", "[SL:PERSON_REMINDED", "@ptr1", "SL:PERSON_REMINDED]", "[SL:TODO", "@ptr2", "@ptr3", "@ptr4", "@ptr5", "@ptr6", "SL:TODO]", "IN:CREATE_REMINDER]"]}
{"loss": 1.2500048875808716, "class_log_probabilities": [-0.8578730225563049, -5.473003387451172, -5.833974361419678, -7.59754753112793], "predictions": [49, 34, 396, 35, 36, 398, 399, 400, 401, 402, 403, 404, 405, 37, 50, 4, 4], "target_tokens": ["[IN:CREATE_REMINDER", "[SL:PERSON_REMINDED", "@ptr1", "SL:PERSON_REMINDED]", "[SL:TODO", "@ptr4", "@ptr5", "@ptr6", "@ptr7", "@ptr8", "@ptr9", "@ptr10", "SL:TODO]", "IN:CREATE_REMINDER]"], "predicted_tokens": ["[IN:CREATE_REMINDER", "[SL:PERSON_REMINDED", "@ptr1", "SL:PERSON_REMINDED]", "[SL:TODO", "@ptr3", "@ptr4", "@ptr5", "@ptr6", "@ptr7", "@ptr8", "@ptr9", "@ptr10", "SL:TODO]", "IN:CREATE_REMINDER]"]}
{"loss": 1.1266546249389648, "class_log_probabilities": [-1.6672258377075195, -3.1870815753936768, -3.7731924057006836, -4.070223331451416], "predictions": [49, 34, 396, 35, 36, 143, 36, 397, 398, 399, 400, 401, 402, 37, 16, 403, 17, 144, 37, 50, 4, 4], "target_tokens": ["[IN:CREATE_REMINDER", "[SL:PERSON_REMINDED", "@ptr1", "SL:PERSON_REMINDED]", "[SL:TODO", "@ptr2", "@ptr3", "@ptr4", "@ptr5", "@ptr6", "@ptr7", "SL:TODO]", "[SL:DATE_TIME", "@ptr8", "SL:DATE_TIME]", "IN:CREATE_REMINDER]"], "predicted_tokens": ["[IN:CREATE_REMINDER", "[SL:PERSON_REMINDED", "@ptr1", "SL:PERSON_REMINDED]", "[SL:TODO", "[IN:GET_TODO", "[SL:TODO", "@ptr2", "@ptr3", "@ptr4", "@ptr5", "@ptr6", "@ptr7", "SL:TODO]", "[SL:DATE_TIME", "@ptr8", "SL:DATE_TIME]", "IN:GET_TODO]", "SL:TODO]", "IN:CREATE_REMINDER]"]}
{"loss": 0.9732064008712769, "class_log_probabilities": [-1.031407356262207, -6.463343143463135, -7.1864705085754395, -8.211692810058594], "predictions": [49, 34, 396, 35, 16, 397, 398, 399, 400, 401, 17, 36, 403, 404, 405, 406, 407, 408, 37, 50, 4, 4, 4], "target_tokens": ["[IN:CREATE_REMINDER", "[SL:PERSON_REMINDED", "@ptr1", "SL:PERSON_REMINDED]", "[SL:DATE_TIME", "@ptr2", "@ptr3", "@ptr4", "@ptr5", "@ptr6", "SL:DATE_TIME]", "[SL:TODO", "@ptr8", "@ptr9", "@ptr10", "@ptr11", "@ptr12", "@ptr13", "SL:TODO]", "IN:CREATE_REMINDER]"], "predicted_tokens": ["[IN:CREATE_REMINDER", "[SL:PERSON_REMINDED", "@ptr1", "SL:PERSON_REMINDED]", "[SL:DATE_TIME", "@ptr2", "@ptr3", "@ptr4", "@ptr5", "@ptr6", "SL:DATE_TIME]", "[SL:TODO", "@ptr8", "@ptr9", "@ptr10", "@ptr11", "@ptr12", "@ptr13", "SL:TODO]", "IN:CREATE_REMINDER]"]}
{"loss": 1.0876280069351196, "class_log_probabilities": [-3.0512566566467285, -3.455369472503662, -3.985694646835327, -4.01017427444458], "predictions": [49, 34, 396, 35, 36, 75, 6, 398, 399, 400, 7, 78, 37, 16, 401, 17, 50, 4, 4, 4, 4], "target_tokens": ["[IN:CREATE_REMINDER", "[SL:PERSON_REMINDED", "@ptr1", "SL:PERSON_REMINDED]", "[SL:TODO", "[IN:CREATE_CALL", "[SL:CONTACT", "@ptr4", "@ptr5", "SL:CONTACT]", "IN:CREATE_CALL]", "SL:TODO]", "[SL:DATE_TIME", "@ptr6", "SL:DATE_TIME]", "IN:CREATE_REMINDER]"], "predicted_tokens": ["[IN:CREATE_REMINDER", "[SL:PERSON_REMINDED", "@ptr1", "SL:PERSON_REMINDED]", "[SL:TODO", "[IN:CREATE_CALL", "[SL:CONTACT", "@ptr3", "@ptr4", "@ptr5", "SL:CONTACT]", "IN:CREATE_CALL]", "SL:TODO]", "[SL:DATE_TIME", "@ptr6", "SL:DATE_TIME]", "IN:CREATE_REMINDER]"]}
{"loss": 0.9692578911781311, "class_log_probabilities": [-0.5573719143867493, -8.238188743591309, -8.311868667602539, -8.386443138122559], "predictions": [33, 34, 396, 35, 36, 399, 400, 401, 37, 38, 4, 4], "target_tokens": ["[IN:DELETE_REMINDER", "[SL:PERSON_REMINDED", "@ptr1", "SL:PERSON_REMINDED]", "[SL:TODO", "@ptr4", "@ptr5", "@ptr6", "SL:TODO]", "IN:DELETE_REMINDER]"], "predicted_tokens": ["[IN:DELETE_REMINDER", "[SL:PERSON_REMINDED", "@ptr1", "SL:PERSON_REMINDED]", "[SL:TODO", "@ptr4", "@ptr5", "@ptr6", "SL:TODO]", "IN:DELETE_REMINDER]"]}
{"loss": 0.9775223731994629, "class_log_probabilities": [-0.9017642140388489, -6.645211219787598, -6.6461029052734375, -7.882885932922363], "predictions": [49, 34, 396, 35, 36, 75, 6, 399, 7, 78, 37, 16, 400, 401, 402, 403, 404, 17, 50, 4, 4, 4, 4, 4], "target_tokens": ["[IN:CREATE_REMINDER", "[SL:PERSON_REMINDED", "@ptr1", "SL:PERSON_REMINDED]", "[SL:TODO", "[IN:CREATE_CALL", "[SL:CONTACT", "@ptr4", "SL:CONTACT]", "IN:CREATE_CALL]", "SL:TODO]", "[SL:DATE_TIME", "@ptr5", "@ptr6", "@ptr7", "@ptr8", "@ptr9", "SL:DATE_TIME]", "IN:CREATE_REMINDER]"], "predicted_tokens": ["[IN:CREATE_REMINDER", "[SL:PERSON_REMINDED", "@ptr1", "SL:PERSON_REMINDED]", "[SL:TODO", "[IN:CREATE_CALL", "[SL:CONTACT", "@ptr4", "SL:CONTACT]", "IN:CREATE_CALL]", "SL:TODO]", "[SL:DATE_TIME", "@ptr5", "@ptr6", "@ptr7", "@ptr8", "@ptr9", "SL:DATE_TIME]", "IN:CREATE_REMINDER]"]}
{"loss": 0.9761285185813904, "class_log_probabilities": [-0.6402413845062256, -7.849400043487549, -7.899463176727295, -8.179021835327148], "predictions": [111, 34, 396, 35, 16, 398, 399, 400, 401, 402, 17, 112, 4], "target_tokens": ["[IN:UPDATE_REMINDER_DATE_TIME", "[SL:PERSON_REMINDED", "@ptr1", "SL:PERSON_REMINDED]", "[SL:DATE_TIME", "@ptr3", "@ptr4", "@ptr5", "@ptr6", "@ptr7", "SL:DATE_TIME]", "IN:UPDATE_REMINDER_DATE_TIME]"], "predicted_tokens": ["[IN:UPDATE_REMINDER_DATE_TIME", "[SL:PERSON_REMINDED", "@ptr1", "SL:PERSON_REMINDED]", "[SL:DATE_TIME", "@ptr3", "@ptr4", "@ptr5", "@ptr6", "@ptr7", "SL:DATE_TIME]", "IN:UPDATE_REMINDER_DATE_TIME]"]}
{"loss": 1.1337910890579224, "class_log_probabilities": [-1.8310903310775757, -3.6787290573120117, -3.9576809406280518, -5.079382419586182], "predictions": [49, 34, 396, 35, 36, 75, 6, 70, 71, 402, 72, 73, 7, 78, 37, 16, 404, 405, 406, 407, 17, 50, 4, 4, 4, 4], "target_tokens": ["[IN:CREATE_REMINDER", "[SL:PERSON_REMINDED", "@ptr1", "SL:PERSON_REMINDED]", "[SL:TODO", "[IN:CREATE_CALL", "[SL:CONTACT", "[IN:GET_CONTACT", "[SL:TYPE_RELATION", "@ptr8", "SL:TYPE_RELATION]", "IN:GET_CONTACT]", "SL:CONTACT]", "IN:CREATE_CALL]", "SL:TODO]", "[SL:DATE_TIME", "@ptr9", "@ptr10", "@ptr11", "@ptr12", "SL:DATE_TIME]", "IN:CREATE_REMINDER]"], "predicted_tokens": ["[IN:CREATE_REMINDER", "[SL:PERSON_REMINDED", "@ptr1", "SL:PERSON_REMINDED]", "[SL:TODO", "[IN:CREATE_CALL", "[SL:CONTACT", "[IN:GET_CONTACT", "[SL:TYPE_RELATION", "@ptr7", "SL:TYPE_RELATION]", "IN:GET_CONTACT]", "SL:CONTACT]", "IN:CREATE_CALL]", "SL:TODO]", "[SL:DATE_TIME", "@ptr9", "@ptr10", "@ptr11", "@ptr12", "SL:DATE_TIME]", "IN:CREATE_REMINDER]"]}
{"loss": 0.9948686957359314, "class_log_probabilities": [-1.3966848850250244, -1.8658150434494019, -5.466609001159668, -5.8286566734313965], "predictions": [49, 34, 396, 35, 36, 398, 399, 400, 401, 402, 403, 37, 16, 404, 405, 17, 50, 4], "target_tokens": ["[IN:CREATE_REMINDER", "[SL:PERSON_REMINDED", "@ptr1", "SL:PERSON_REMINDED]", "[SL:TODO", "@ptr3", "@ptr4", "@ptr5", "@ptr6", "@ptr7", "@ptr8", "SL:TODO]", "[SL:DATE_TIME", "@ptr9", "@ptr10", "SL:DATE_TIME]", "IN:CREATE_REMINDER]"], "predicted_tokens": ["[IN:CREATE_REMINDER", "[SL:PERSON_REMINDED", "@ptr1", "SL:PERSON_REMINDED]", "[SL:TODO", "@ptr3", "@ptr4", "@ptr5", "@ptr6", "@ptr7", "@ptr8", "SL:TODO]", "[SL:DATE_TIME", "@ptr9", "@ptr10", "SL:DATE_TIME]", "IN:CREATE_REMINDER]"]}
{"loss": 1.4134327173233032, "class_log_probabilities": [-1.096743106842041, -5.953444480895996, -6.068918704986572, -7.8694000244140625], "predictions": [49, 34, 396, 35, 36, 398, 399, 400, 401, 402, 403, 37, 16, 404, 405, 406, 407, 408, 409, 410, 17, 50, 4, 4, 4], "target_tokens": ["[IN:CREATE_REMINDER", "[SL:PERSON_REMINDED", "@ptr1", "SL:PERSON_REMINDED]", "[SL:TODO", "@ptr3", "@ptr4", "@ptr5", "@ptr6", "@ptr7", "@ptr8", "SL:TODO]", "[SL:DATE_TIME", "@ptr10", "@ptr11", "@ptr12", "@ptr13", "@ptr14", "@ptr15", "SL:DATE_TIME]", "IN:CREATE_REMINDER]"], "predicted_tokens": ["[IN:CREATE_REMINDER", "[SL:PERSON_REMINDED", "@ptr1", "SL:PERSON_REMINDED]", "[SL:TODO", "@ptr3", "@ptr4", "@ptr5", "@ptr6", "@ptr7", "@ptr8", "SL:TODO]", "[SL:DATE_TIME", "@ptr9", "@ptr10", "@ptr11", "@ptr12", "@ptr13", "@ptr14", "@ptr15", "SL:DATE_TIME]", "IN:CREATE_REMINDER]"]}
{"loss": 0.9687183499336243, "class_log_probabilities": [-1.1985012292861938, -5.599993705749512, -6.807880401611328, -7.01542329788208], "predictions": [49, 34, 396, 35, 36, 397, 398, 399, 400, 37, 16, 401, 402, 403, 404, 405, 406, 17, 50, 4, 4, 4, 4, 4], "target_tokens": ["[IN:CREATE_REMINDER", "[SL:PERSON_REMINDED", "@ptr1", "SL:PERSON_REMINDED]", "[SL:TODO", "@ptr2", "@ptr3", "@ptr4", "@ptr5", "SL:TODO]", "[SL:DATE_TIME", "@ptr6", "@ptr7", "@ptr8", "@ptr9", "@ptr10", "@ptr11", "SL:DATE_TIME]", "IN:CREATE_REMINDER]"], "predicted_tokens": ["[IN:CREATE_REMINDER", "[SL:PERSON_REMINDED", "@ptr1", "SL:PERSON_REMINDED]", "[SL:TODO", "@ptr2", "@ptr3", "@ptr4", "@ptr5", "SL:TODO]", "[SL:DATE_TIME", "@ptr6", "@ptr7", "@ptr8", "@ptr9", "@ptr10", "@ptr11", "SL:DATE_TIME]", "IN:CREATE_REMINDER]"]}
{"loss": 0.9761999249458313, "class_log_probabilities": [-0.4745838940143585, -6.095781326293945, -7.887887001037598, -8.150424003601074], "predictions": [47, 34, 398, 35, 16, 399, 400, 17, 48, 4], "target_tokens": ["[IN:GET_REMINDER", "[SL:PERSON_REMINDED", "@ptr3", "SL:PERSON_REMINDED]", "[SL:DATE_TIME", "@ptr4", "@ptr5", "SL:DATE_TIME]", "IN:GET_REMINDER]"], "predicted_tokens": ["[IN:GET_REMINDER", "[SL:PERSON_REMINDED", "@ptr3", "SL:PERSON_REMINDED]", "[SL:DATE_TIME", "@ptr4", "@ptr5", "SL:DATE_TIME]", "IN:GET_REMINDER]"]}
{"loss": 1.6537644863128662, "class_log_probabilities": [-1.2656540870666504, -2.805063247680664, -5.054594039916992, -6.019585609436035], "predictions": [49, 34, 396, 35, 36, 397, 398, 37, 16, 399, 400, 17, 50, 4, 4, 4, 4, 4], "target_tokens": ["[IN:CREATE_REMINDER", "[SL:PERSON_REMINDED", "@ptr1", "SL:PERSON_REMINDED]", "[SL:TODO", "@ptr2", "@ptr3", "SL:TODO]", "[SL:DATE_TIME", "@ptr5", "SL:DATE_TIME]", "IN:CREATE_REMINDER]"], "predicted_tokens": ["[IN:CREATE_REMINDER", "[SL:PERSON_REMINDED", "@ptr1", "SL:PERSON_REMINDED]", "[SL:TODO", "@ptr2", "@ptr3", "SL:TODO]", "[SL:DATE_TIME", "@ptr4", "@ptr5", "SL:DATE_TIME]", "IN:CREATE_REMINDER]"]}
{"loss": 1.8380143642425537, "class_log_probabilities": [-0.5025926828384399, -7.903992652893066, -8.335914611816406, -8.595969200134277], "predictions": [33, 34, 396, 35, 36, 399, 400, 37, 38, 4, 4, 4], "target_tokens": ["[IN:DELETE_REMINDER", "[SL:PERSON_REMINDED", "@ptr1", "SL:PERSON_REMINDED]", "[SL:TODO", "@ptr5", "SL:TODO]", "IN:DELETE_REMINDER]"], "predicted_tokens": ["[IN:DELETE_REMINDER", "[SL:PERSON_REMINDED", "@ptr1", "SL:PERSON_REMINDED]", "[SL:TODO", "@ptr4", "@ptr5", "SL:TODO]", "IN:DELETE_REMINDER]"]}
{"loss": 1.7917819023132324, "class_log_probabilities": [-0.4771170914173126, -8.657851219177246, -8.716229438781738, -8.719648361206055], "predictions": [49, 34, 396, 35, 36, 398, 399, 37, 50, 4, 4, 4], "target_tokens": ["[IN:CREATE_REMINDER", "[SL:PERSON_REMINDED", "@ptr1", "SL:PERSON_REMINDED]", "[SL:TODO", "@ptr4", "SL:TODO]", "IN:CREATE_REMINDER]"], "predicted_tokens": ["[IN:CREATE_REMINDER", "[SL:PERSON_REMINDED", "@ptr1", "SL:PERSON_REMINDED]", "[SL:TODO", "@ptr3", "@ptr4", "SL:TODO]", "IN:CREATE_REMINDER]"]}
{"loss": 1.0657687187194824, "class_log_probabilities": [-1.7330853939056396, -2.9064807891845703, -4.0058183670043945, -5.397885322570801], "predictions": [49, 34, 396, 35, 36, 398, 399, 400, 401, 402, 403, 404, 37, 16, 404, 17, 50, 4], "target_tokens": ["[IN:CREATE_REMINDER", "[SL:PERSON_REMINDED", "@ptr1", "SL:PERSON_REMINDED]", "[SL:TODO", "@ptr3", "@ptr4", "@ptr5", "@ptr6", "@ptr7", "@ptr8", "SL:TODO]", "[SL:DATE_TIME", "@ptr9", "SL:DATE_TIME]", "IN:CREATE_REMINDER]"], "predicted_tokens": ["[IN:CREATE_REMINDER", "[SL:PERSON_REMINDED", "@ptr1", "SL:PERSON_REMINDED]", "[SL:TODO", "@ptr3", "@ptr4", "@ptr5", "@ptr6", "@ptr7", "@ptr8", "@ptr9", "SL:TODO]", "[SL:DATE_TIME", "@ptr9", "SL:DATE_TIME]", "IN:CREATE_REMINDER]"]}
{"loss": 0.9659416675567627, "class_log_probabilities": [-0.7174938917160034, -7.418741226196289, -7.7212910652160645, -8.479121208190918], "predictions": [49, 34, 396, 35, 36, 397, 398, 37, 16, 399, 17, 50, 4, 4, 4, 4, 4], "target_tokens": ["[IN:CREATE_REMINDER", "[SL:PERSON_REMINDED", "@ptr1", "SL:PERSON_REMINDED]", "[SL:TODO", "@ptr2", "@ptr3", "SL:TODO]", "[SL:DATE_TIME", "@ptr4", "SL:DATE_TIME]", "IN:CREATE_REMINDER]"], "predicted_tokens": ["[IN:CREATE_REMINDER", "[SL:PERSON_REMINDED", "@ptr1", "SL:PERSON_REMINDED]", "[SL:TODO", "@ptr2", "@ptr3", "SL:TODO]", "[SL:DATE_TIME", "@ptr4", "SL:DATE_TIME]", "IN:CREATE_REMINDER]"]}
{"loss": 1.4920079708099365, "class_log_probabilities": [-0.5655025839805603, -6.344610691070557, -7.857245445251465, -8.097885131835938], "predictions": [49, 34, 396, 35, 36, 398, 399, 400, 37, 50, 4, 4, 4], "target_tokens": ["[IN:CREATE_REMINDER", "[SL:PERSON_REMINDED", "@ptr1", "SL:PERSON_REMINDED]", "[SL:TODO", "@ptr4", "@ptr5", "SL:TODO]", "IN:CREATE_REMINDER]"], "predicted_tokens": ["[IN:CREATE_REMINDER", "[SL:PERSON_REMINDED", "@ptr1", "SL:PERSON_REMINDED]", "[SL:TODO", "@ptr3", "@ptr4", "@ptr5", "SL:TODO]", "IN:CREATE_REMINDER]"]}
{"loss": 1.546599268913269, "class_log_probabilities": [-1.1985979080200195, -2.7684383392333984, -6.459991455078125, -6.992338180541992], "predictions": [49, 34, 396, 35, 36, 398, 399, 400, 401, 37, 16, 402, 403, 17, 50, 4, 4, 4], "target_tokens": ["[IN:CREATE_REMINDER", "[SL:PERSON_REMINDED", "@ptr1", "SL:PERSON_REMINDED]", "[SL:TODO", "@ptr4", "@ptr5", "@ptr6", "SL:TODO]", "[SL:DATE_TIME", "@ptr8", "SL:DATE_TIME]", "IN:CREATE_REMINDER]"], "predicted_tokens": ["[IN:CREATE_REMINDER", "[SL:PERSON_REMINDED", "@ptr1", "SL:PERSON_REMINDED]", "[SL:TODO", "@ptr3", "@ptr4", "@ptr5", "@ptr6", "SL:TODO]", "[SL:DATE_TIME", "@ptr7", "@ptr8", "SL:DATE_TIME]", "IN:CREATE_REMINDER]"]}
{"loss": 0.9701168537139893, "class_log_probabilities": [-0.6388458609580994, -6.869195938110352, -7.310450553894043, -7.809847831726074], "predictions": [49, 36, 399, 400, 401, 402, 403, 404, 405, 406, 37, 50, 4], "target_tokens": ["[IN:CREATE_REMINDER", "[SL:TODO", "@ptr4", "@ptr5", "@ptr6", "@ptr7", "@ptr8", "@ptr9", "@ptr10", "@ptr11", "SL:TODO]", "IN:CREATE_REMINDER]"], "predicted_tokens": ["[IN:CREATE_REMINDER", "[SL:TODO", "@ptr4", "@ptr5", "@ptr6", "@ptr7", "@ptr8", "@ptr9", "@ptr10", "@ptr11", "SL:TODO]", "IN:CREATE_REMINDER]"]}
{"loss": 0.9706241488456726, "class_log_probabilities": [-0.8490623235702515, -7.74535608291626, -7.846521377563477, -8.27635669708252], "predictions": [49, 36, 399, 400, 401, 402, 37, 16, 403, 404, 405, 406, 407, 408, 17, 50, 4, 4, 4, 4, 4], "target_tokens": ["[IN:CREATE_REMINDER", "[SL:TODO", "@ptr4", "@ptr5", "@ptr6", "@ptr7", "SL:TODO]", "[SL:DATE_TIME", "@ptr8", "@ptr9", "@ptr10", "@ptr11", "@ptr12", "@ptr13", "SL:DATE_TIME]", "IN:CREATE_REMINDER]"], "predicted_tokens": ["[IN:CREATE_REMINDER", "[SL:TODO", "@ptr4", "@ptr5", "@ptr6", "@ptr7", "SL:TODO]", "[SL:DATE_TIME", "@ptr8", "@ptr9", "@ptr10", "@ptr11", "@ptr12", "@ptr13", "SL:DATE_TIME]", "IN:CREATE_REMINDER]"]}
{"loss": 1.8048945665359497, "class_log_probabilities": [-1.8018414974212646, -1.848384976387024, -2.3181943893432617, -4.433243274688721], "predictions": [33, 34, 396, 35, 36, 398, 399, 37, 38, 4], "target_tokens": ["[IN:CREATE_REMINDER", "[SL:PERSON_REMINDED", "@ptr1", "SL:PERSON_REMINDED]", "[SL:TODO", "@ptr2", "@ptr3", "@ptr4", "SL:TODO]", "IN:CREATE_REMINDER]"], "predicted_tokens": ["[IN:DELETE_REMINDER", "[SL:PERSON_REMINDED", "@ptr1", "SL:PERSON_REMINDED]", "[SL:TODO", "@ptr3", "@ptr4", "SL:TODO]", "IN:DELETE_REMINDER]"]}
{"loss": 0.9665364027023315, "class_log_probabilities": [-0.8097959756851196, -7.0670671463012695, -7.798918724060059, -8.412833213806152], "predictions": [49, 34, 396, 35, 36, 397, 398, 37, 16, 399, 400, 401, 17, 50, 4, 4, 4, 4, 4], "target_tokens": ["[IN:CREATE_REMINDER", "[SL:PERSON_REMINDED", "@ptr1", "SL:PERSON_REMINDED]", "[SL:TODO", "@ptr2", "@ptr3", "SL:TODO]", "[SL:DATE_TIME", "@ptr4", "@ptr5", "@ptr6", "SL:DATE_TIME]", "IN:CREATE_REMINDER]"], "predicted_tokens": ["[IN:CREATE_REMINDER", "[SL:PERSON_REMINDED", "@ptr1", "SL:PERSON_REMINDED]", "[SL:TODO", "@ptr2", "@ptr3", "SL:TODO]", "[SL:DATE_TIME", "@ptr4", "@ptr5", "@ptr6", "SL:DATE_TIME]", "IN:CREATE_REMINDER]"]}
{"loss": 0.970529317855835, "class_log_probabilities": [-0.7221013307571411, -8.071966171264648, -8.258265495300293, -8.29800796508789], "predictions": [49, 36, 399, 400, 401, 37, 16, 402, 403, 404, 405, 406, 17, 50, 4, 4], "target_tokens": ["[IN:CREATE_REMINDER", "[SL:TODO", "@ptr4", "@ptr5", "@ptr6", "SL:TODO]", "[SL:DATE_TIME", "@ptr7", "@ptr8", "@ptr9", "@ptr10", "@ptr11", "SL:DATE_TIME]", "IN:CREATE_REMINDER]"], "predicted_tokens": ["[IN:CREATE_REMINDER", "[SL:TODO", "@ptr4", "@ptr5", "@ptr6", "SL:TODO]", "[SL:DATE_TIME", "@ptr7", "@ptr8", "@ptr9", "@ptr10", "@ptr11", "SL:DATE_TIME]", "IN:CREATE_REMINDER]"]}
{"loss": 0.9733123779296875, "class_log_probabilities": [-0.461165189743042, -7.900117874145508, -8.059548377990723, -8.06744384765625], "predictions": [33, 120, 396, 121, 34, 397, 35, 38, 4], "target_tokens": ["[IN:DELETE_REMINDER", "[SL:AMOUNT", "@ptr1", "SL:AMOUNT]", "[SL:PERSON_REMINDED", "@ptr2", "SL:PERSON_REMINDED]", "IN:DELETE_REMINDER]"], "predicted_tokens": ["[IN:DELETE_REMINDER", "[SL:AMOUNT", "@ptr1", "SL:AMOUNT]", "[SL:PERSON_REMINDED", "@ptr2", "SL:PERSON_REMINDED]", "IN:DELETE_REMINDER]"]}
{"loss": 0.9704422354698181, "class_log_probabilities": [-0.3887091279029846, -8.137261390686035, -8.403912544250488, -8.450133323669434], "predictions": [49, 16, 398, 399, 400, 17, 50, 4], "target_tokens": ["[IN:CREATE_REMINDER", "[SL:DATE_TIME", "@ptr3", "@ptr4", "@ptr5", "SL:DATE_TIME]", "IN:CREATE_REMINDER]"], "predicted_tokens": ["[IN:CREATE_REMINDER", "[SL:DATE_TIME", "@ptr3", "@ptr4", "@ptr5", "SL:DATE_TIME]", "IN:CREATE_REMINDER]"]}
{"loss": 0.9650319218635559, "class_log_probabilities": [-0.7444093227386475, -6.6876044273376465, -7.5679521560668945, -8.309774398803711], "predictions": [49, 34, 396, 35, 36, 397, 398, 37, 16, 399, 17, 50, 4, 4, 4, 4, 4], "target_tokens": ["[IN:CREATE_REMINDER", "[SL:PERSON_REMINDED", "@ptr1", "SL:PERSON_REMINDED]", "[SL:TODO", "@ptr2", "@ptr3", "SL:TODO]", "[SL:DATE_TIME", "@ptr4", "SL:DATE_TIME]", "IN:CREATE_REMINDER]"], "predicted_tokens": ["[IN:CREATE_REMINDER", "[SL:PERSON_REMINDED", "@ptr1", "SL:PERSON_REMINDED]", "[SL:TODO", "@ptr2", "@ptr3", "SL:TODO]", "[SL:DATE_TIME", "@ptr4", "SL:DATE_TIME]", "IN:CREATE_REMINDER]"]}
{"loss": 0.9684022665023804, "class_log_probabilities": [-1.0467500686645508, -5.402508735656738, -6.275866985321045, -6.309406280517578], "predictions": [49, 34, 396, 35, 36, 397, 398, 399, 400, 401, 37, 16, 402, 17, 50, 4, 4, 4], "target_tokens": ["[IN:CREATE_REMINDER", "[SL:PERSON_REMINDED", "@ptr1", "SL:PERSON_REMINDED]", "[SL:TODO", "@ptr2", "@ptr3", "@ptr4", "@ptr5", "@ptr6", "SL:TODO]", "[SL:DATE_TIME", "@ptr7", "SL:DATE_TIME]", "IN:CREATE_REMINDER]"], "predicted_tokens": ["[IN:CREATE_REMINDER", "[SL:PERSON_REMINDED", "@ptr1", "SL:PERSON_REMINDED]", "[SL:TODO", "@ptr2", "@ptr3", "@ptr4", "@ptr5", "@ptr6", "SL:TODO]", "[SL:DATE_TIME", "@ptr7", "SL:DATE_TIME]", "IN:CREATE_REMINDER]"]}
{"loss": 0.9652137756347656, "class_log_probabilities": [-1.136641263961792, -6.953278541564941, -7.488462448120117, -8.62571907043457], "predictions": [49, 34, 396, 35, 36, 397, 398, 399, 37, 16, 400, 401, 402, 403, 404, 405, 17, 50, 4, 4, 4, 4, 4], "target_tokens": ["[IN:CREATE_REMINDER", "[SL:PERSON_REMINDED", "@ptr1", "SL:PERSON_REMINDED]", "[SL:TODO", "@ptr2", "@ptr3", "@ptr4", "SL:TODO]", "[SL:DATE_TIME", "@ptr5", "@ptr6", "@ptr7", "@ptr8", "@ptr9", "@ptr10", "SL:DATE_TIME]", "IN:CREATE_REMINDER]"], "predicted_tokens": ["[IN:CREATE_REMINDER", "[SL:PERSON_REMINDED", "@ptr1", "SL:PERSON_REMINDED]", "[SL:TODO", "@ptr2", "@ptr3", "@ptr4", "SL:TODO]", "[SL:DATE_TIME", "@ptr5", "@ptr6", "@ptr7", "@ptr8", "@ptr9", "@ptr10", "SL:DATE_TIME]", "IN:CREATE_REMINDER]"]}
{"loss": 2.3256125450134277, "class_log_probabilities": [-3.441013813018799, -3.5138330459594727, -4.272322654724121, -4.532847881317139], "predictions": [49, 34, 396, 35, 36, 23, 271, 398, 399, 272, 10, 400, 401, 402, 403, 11, 26, 37, 50, 4, 4, 4], "target_tokens": ["[IN:CREATE_REMINDER", "[SL:PERSON_REMINDED", "@ptr1", "SL:PERSON_REMINDED]", "[SL:TODO", "@ptr4", "@ptr5", "@ptr6", "@ptr7", "@ptr8", "SL:TODO]", "IN:CREATE_REMINDER]"], "predicted_tokens": ["[IN:CREATE_REMINDER", "[SL:PERSON_REMINDED", "@ptr1", "SL:PERSON_REMINDED]", "[SL:TODO", "[IN:SEND_MESSAGE", "[SL:METHOD_MESSAGE", "@ptr3", "@ptr4", "SL:METHOD_MESSAGE]", "[SL:RECIPIENT", "@ptr5", "@ptr6", "@ptr7", "@ptr8", "SL:RECIPIENT]", "IN:SEND_MESSAGE]", "SL:TODO]", "IN:CREATE_REMINDER]"]}
{"loss": 1.4430854320526123, "class_log_probabilities": [-0.6823926568031311, -5.398047924041748, -7.100912094116211, -7.157963275909424], "predictions": [49, 36, 399, 400, 401, 402, 37, 16, 403, 404, 405, 17, 50, 4, 4, 4, 4, 4], "target_tokens": ["[IN:CREATE_REMINDER", "[SL:TODO", "@ptr5", "@ptr6", "@ptr7", "SL:TODO]", "[SL:DATE_TIME", "@ptr8", "@ptr9", "@ptr10", "SL:DATE_TIME]", "IN:CREATE_REMINDER]"], "predicted_tokens": ["[IN:CREATE_REMINDER", "[SL:TODO", "@ptr4", "@ptr5", "@ptr6", "@ptr7", "SL:TODO]", "[SL:DATE_TIME", "@ptr8", "@ptr9", "@ptr10", "SL:DATE_TIME]", "IN:CREATE_REMINDER]"]}
{"loss": 0.9694458246231079, "class_log_probabilities": [-0.787757396697998, -7.677750587463379, -8.49260139465332, -8.55578327178955], "predictions": [49, 34, 396, 35, 36, 398, 399, 400, 401, 402, 403, 404, 405, 37, 50, 4], "target_tokens": ["[IN:CREATE_REMINDER", "[SL:PERSON_REMINDED", "@ptr1", "SL:PERSON_REMINDED]", "[SL:TODO", "@ptr3", "@ptr4", "@ptr5", "@ptr6", "@ptr7", "@ptr8", "@ptr9", "@ptr10", "SL:TODO]", "IN:CREATE_REMINDER]"], "predicted_tokens": ["[IN:CREATE_REMINDER", "[SL:PERSON_REMINDED", "@ptr1", "SL:PERSON_REMINDED]", "[SL:TODO", "@ptr3", "@ptr4", "@ptr5", "@ptr6", "@ptr7", "@ptr8", "@ptr9", "@ptr10", "SL:TODO]", "IN:CREATE_REMINDER]"]}
{"loss": 0.9708106517791748, "class_log_probabilities": [-0.3860863447189331, -8.301836013793945, -8.439220428466797, -9.058531761169434], "predictions": [49, 36, 399, 400, 401, 37, 50, 4, 4, 4], "target_tokens": ["[IN:CREATE_REMINDER", "[SL:TODO", "@ptr4", "@ptr5", "@ptr6", "SL:TODO]", "IN:CREATE_REMINDER]"], "predicted_tokens": ["[IN:CREATE_REMINDER", "[SL:TODO", "@ptr4", "@ptr5", "@ptr6", "SL:TODO]", "IN:CREATE_REMINDER]"]}
{"loss": 1.5614285469055176, "class_log_probabilities": [-2.223592758178711, -4.495842933654785, -4.662436008453369, -4.826622486114502], "predictions": [49, 34, 396, 35, 36, 143, 36, 398, 399, 37, 243, 400, 401, 244, 144, 37, 16, 402, 403, 404, 405, 17, 50, 4], "target_tokens": ["[IN:CREATE_REMINDER", "[SL:PERSON_REMINDED", "@ptr1", "SL:PERSON_REMINDED]", "[SL:TODO", "@ptr3", "@ptr4", "@ptr5", "@ptr6", "SL:TODO]", "[SL:DATE_TIME", "@ptr7", "@ptr8", "@ptr9", "@ptr10", "SL:DATE_TIME]", "IN:CREATE_REMINDER]"], "predicted_tokens": ["[IN:CREATE_REMINDER", "[SL:PERSON_REMINDED", "@ptr1", "SL:PERSON_REMINDED]", "[SL:TODO", "[IN:GET_TODO", "[SL:TODO", "@ptr3", "@ptr4", "SL:TODO]", "[SL:ATTENDEE", "@ptr5", "@ptr6", "SL:ATTENDEE]", "IN:GET_TODO]", "SL:TODO]", "[SL:DATE_TIME", "@ptr7", "@ptr8", "@ptr9", "@ptr10", "SL:DATE_TIME]", "IN:CREATE_REMINDER]"]}
{"loss": 1.7888380289077759, "class_log_probabilities": [-1.1767127513885498, -6.387923717498779, -6.401059150695801, -8.603830337524414], "predictions": [49, 34, 396, 35, 36, 397, 398, 399, 400, 401, 37, 16, 402, 403, 404, 405, 406, 407, 17, 50, 4, 4, 4], "target_tokens": ["[IN:CREATE_REMINDER", "[SL:PERSON_REMINDED", "@ptr1", "SL:PERSON_REMINDED]", "[SL:DATE_TIME", "@ptr7", "@ptr8", "@ptr9", "@ptr10", "@ptr11", "@ptr12", "SL:DATE_TIME]", "[SL:TODO", "@ptr2", "@ptr3", "@ptr4", "@ptr5", "@ptr6", "SL:TODO]", "IN:CREATE_REMINDER]"], "predicted_tokens": ["[IN:CREATE_REMINDER", "[SL:PERSON_REMINDED", "@ptr1", "SL:PERSON_REMINDED]", "[SL:TODO", "@ptr2", "@ptr3", "@ptr4", "@ptr5", "@ptr6", "SL:TODO]", "[SL:DATE_TIME", "@ptr7", "@ptr8", "@ptr9", "@ptr10", "@ptr11", "@ptr12", "SL:DATE_TIME]", "IN:CREATE_REMINDER]"]}
{"loss": 0.9731294512748718, "class_log_probabilities": [-0.49085521697998047, -8.239590644836426, -8.254621505737305, -8.363676071166992], "predictions": [33, 120, 396, 121, 16, 399, 400, 17, 38, 4, 4, 4], "target_tokens": ["[IN:DELETE_REMINDER", "[SL:AMOUNT", "@ptr1", "SL:AMOUNT]", "[SL:DATE_TIME", "@ptr4", "@ptr5", "SL:DATE_TIME]", "IN:DELETE_REMINDER]"], "predicted_tokens": ["[IN:DELETE_REMINDER", "[SL:AMOUNT", "@ptr1", "SL:AMOUNT]", "[SL:DATE_TIME", "@ptr4", "@ptr5", "SL:DATE_TIME]", "IN:DELETE_REMINDER]"]}
{"loss": 0.9755547642707825, "class_log_probabilities": [-0.6249942779541016, -4.820018768310547, -7.363268852233887, -7.56023645401001], "predictions": [47, 120, 398, 121, 16, 401, 402, 403, 404, 17, 48, 4], "target_tokens": ["[IN:GET_REMINDER", "[SL:AMOUNT", "@ptr3", "SL:AMOUNT]", "[SL:DATE_TIME", "@ptr6", "@ptr7", "@ptr8", "@ptr9", "SL:DATE_TIME]", "IN:GET_REMINDER]"], "predicted_tokens": ["[IN:GET_REMINDER", "[SL:AMOUNT", "@ptr3", "SL:AMOUNT]", "[SL:DATE_TIME", "@ptr6", "@ptr7", "@ptr8", "@ptr9", "SL:DATE_TIME]", "IN:GET_REMINDER]"]}
{"loss": 0.9629368185997009, "class_log_probabilities": [-0.6722127199172974, -6.062939643859863, -6.880395412445068, -7.158742904663086], "predictions": [49, 16, 398, 399, 400, 401, 402, 403, 404, 17, 50, 4], "target_tokens": ["[IN:CREATE_REMINDER", "[SL:DATE_TIME", "@ptr3", "@ptr4", "@ptr5", "@ptr6", "@ptr7", "@ptr8", "@ptr9", "SL:DATE_TIME]", "IN:CREATE_REMINDER]"], "predicted_tokens": ["[IN:CREATE_REMINDER", "[SL:DATE_TIME", "@ptr3", "@ptr4", "@ptr5", "@ptr6", "@ptr7", "@ptr8", "@ptr9", "SL:DATE_TIME]", "IN:CREATE_REMINDER]"]}
{"loss": 0.9704189300537109, "class_log_probabilities": [-0.3888937830924988, -8.162212371826172, -8.395064353942871, -8.415165901184082], "predictions": [49, 16, 398, 399, 400, 17, 50, 4], "target_tokens": ["[IN:CREATE_REMINDER", "[SL:DATE_TIME", "@ptr3", "@ptr4", "@ptr5", "SL:DATE_TIME]", "IN:CREATE_REMINDER]"], "predicted_tokens": ["[IN:CREATE_REMINDER", "[SL:DATE_TIME", "@ptr3", "@ptr4", "@ptr5", "SL:DATE_TIME]", "IN:CREATE_REMINDER]"]}
{"loss": 0.965811550617218, "class_log_probabilities": [-0.9057847857475281, -8.074528694152832, -8.214966773986816, -8.248644828796387], "predictions": [49, 34, 396, 35, 36, 397, 398, 37, 16, 399, 400, 401, 402, 403, 17, 50, 4, 4, 4], "target_tokens": ["[IN:CREATE_REMINDER", "[SL:PERSON_REMINDED", "@ptr1", "SL:PERSON_REMINDED]", "[SL:TODO", "@ptr2", "@ptr3", "SL:TODO]", "[SL:DATE_TIME", "@ptr4", "@ptr5", "@ptr6", "@ptr7", "@ptr8", "SL:DATE_TIME]", "IN:CREATE_REMINDER]"], "predicted_tokens": ["[IN:CREATE_REMINDER", "[SL:PERSON_REMINDED", "@ptr1", "SL:PERSON_REMINDED]", "[SL:TODO", "@ptr2", "@ptr3", "SL:TODO]", "[SL:DATE_TIME", "@ptr4", "@ptr5", "@ptr6", "@ptr7", "@ptr8", "SL:DATE_TIME]", "IN:CREATE_REMINDER]"]}
{"loss": 0.9671275615692139, "class_log_probabilities": [-0.5828711986541748, -6.94500207901001, -6.99825382232666, -7.347803592681885], "predictions": [49, 34, 396, 35, 36, 397, 398, 399, 37, 50, 4, 4], "target_tokens": ["[IN:CREATE_REMINDER", "[SL:PERSON_REMINDED", "@ptr1", "SL:PERSON_REMINDED]", "[SL:TODO", "@ptr2", "@ptr3", "@ptr4", "SL:TODO]", "IN:CREATE_REMINDER]"], "predicted_tokens": ["[IN:CREATE_REMINDER", "[SL:PERSON_REMINDED", "@ptr1", "SL:PERSON_REMINDED]", "[SL:TODO", "@ptr2", "@ptr3", "@ptr4", "SL:TODO]", "IN:CREATE_REMINDER]"]}
{"loss": 0.9675701856613159, "class_log_probabilities": [-0.7417927980422974, -7.362836837768555, -7.981109142303467, -8.096807479858398], "predictions": [49, 34, 396, 35, 36, 397, 398, 37, 16, 399, 400, 17, 50, 4, 4, 4], "target_tokens": ["[IN:CREATE_REMINDER", "[SL:PERSON_REMINDED", "@ptr1", "SL:PERSON_REMINDED]", "[SL:TODO", "@ptr2", "@ptr3", "SL:TODO]", "[SL:DATE_TIME", "@ptr4", "@ptr5", "SL:DATE_TIME]", "IN:CREATE_REMINDER]"], "predicted_tokens": ["[IN:CREATE_REMINDER", "[SL:PERSON_REMINDED", "@ptr1", "SL:PERSON_REMINDED]", "[SL:TODO", "@ptr2", "@ptr3", "SL:TODO]", "[SL:DATE_TIME", "@ptr4", "@ptr5", "SL:DATE_TIME]", "IN:CREATE_REMINDER]"]}
{"loss": 0.9658491015434265, "class_log_probabilities": [-0.5902309417724609, -8.099945068359375, -8.187080383300781, -8.363361358642578], "predictions": [33, 34, 396, 35, 36, 399, 400, 401, 37, 38, 4, 4, 4], "target_tokens": ["[IN:DELETE_REMINDER", "[SL:PERSON_REMINDED", "@ptr1", "SL:PERSON_REMINDED]", "[SL:TODO", "@ptr4", "@ptr5", "@ptr6", "SL:TODO]", "IN:DELETE_REMINDER]"], "predicted_tokens": ["[IN:DELETE_REMINDER", "[SL:PERSON_REMINDED", "@ptr1", "SL:PERSON_REMINDED]", "[SL:TODO", "@ptr4", "@ptr5", "@ptr6", "SL:TODO]", "IN:DELETE_REMINDER]"]}
{"loss": 1.5123411417007446, "class_log_probabilities": [-1.0842164754867554, -5.865670680999756, -7.400988578796387, -7.573746204376221], "predictions": [49, 34, 396, 35, 36, 397, 398, 399, 400, 37, 16, 401, 402, 403, 404, 405, 17, 50, 4, 4, 4], "target_tokens": ["[IN:CREATE_REMINDER", "[SL:PERSON_REMINDED", "@ptr1", "SL:PERSON_REMINDED]", "[SL:TODO", "@ptr2", "@ptr3", "@ptr4", "@ptr5", "SL:TODO]", "[SL:DATE_TIME", "@ptr7", "@ptr8", "@ptr9", "@ptr10", "SL:DATE_TIME]", "IN:CREATE_REMINDER]"], "predicted_tokens": ["[IN:CREATE_REMINDER", "[SL:PERSON_REMINDED", "@ptr1", "SL:PERSON_REMINDED]", "[SL:TODO", "@ptr2", "@ptr3", "@ptr4", "@ptr5", "SL:TODO]", "[SL:DATE_TIME", "@ptr6", "@ptr7", "@ptr8", "@ptr9", "@ptr10", "SL:DATE_TIME]", "IN:CREATE_REMINDER]"]}
{"loss": 1.5187350511550903, "class_log_probabilities": [-1.1383402347564697, -4.393022060394287, -4.9685797691345215, -5.106280326843262], "predictions": [111, 36, 401, 402, 403, 404, 37, 16, 406, 407, 408, 409, 17, 112, 4, 4, 4, 4, 4, 4, 4], "target_tokens": ["[IN:UPDATE_REMINDER_DATE_TIME", "[SL:TODO", "@ptr7", "@ptr8", "@ptr9", "SL:TODO]", "[SL:DATE_TIME", "@ptr11", "@ptr12", "@ptr13", "@ptr14", "SL:DATE_TIME]", "[SL:DATE_TIME", "@ptr15", "@ptr16", "@ptr17", "@ptr18", "SL:DATE_TIME]", "IN:UPDATE_REMINDER_DATE_TIME]"], "predicted_tokens": ["[IN:UPDATE_REMINDER_DATE_TIME", "[SL:TODO", "@ptr6", "@ptr7", "@ptr8", "@ptr9", "SL:TODO]", "[SL:DATE_TIME", "@ptr11", "@ptr12", "@ptr13", "@ptr14", "SL:DATE_TIME]", "IN:UPDATE_REMINDER_DATE_TIME]"]}
{"loss": 1.7445344924926758, "class_log_probabilities": [-2.279135227203369, -2.633315086364746, -4.531698703765869, -6.757917881011963], "predictions": [49, 34, 396, 35, 36, 143, 36, 399, 400, 401, 37, 243, 402, 403, 244, 144, 37, 16, 404, 405, 406, 407, 408, 409, 410, 17, 50, 4], "target_tokens": ["[IN:CREATE_REMINDER", "[SL:PERSON_REMINDED", "@ptr1", "SL:PERSON_REMINDED]", "[SL:TODO", "@ptr4", "@ptr5", "@ptr6", "@ptr7", "@ptr8", "SL:TODO]", "[SL:DATE_TIME", "@ptr10", "@ptr11", "@ptr12", "@ptr13", "@ptr14", "@ptr15", "SL:DATE_TIME]", "IN:CREATE_REMINDER]"], "predicted_tokens": ["[IN:CREATE_REMINDER", "[SL:PERSON_REMINDED", "@ptr1", "SL:PERSON_REMINDED]", "[SL:TODO", "[IN:GET_TODO", "[SL:TODO", "@ptr4", "@ptr5", "@ptr6", "SL:TODO]", "[SL:ATTENDEE", "@ptr7", "@ptr8", "SL:ATTENDEE]", "IN:GET_TODO]", "SL:TODO]", "[SL:DATE_TIME", "@ptr9", "@ptr10", "@ptr11", "@ptr12", "@ptr13", "@ptr14", "@ptr15", "SL:DATE_TIME]", "IN:CREATE_REMINDER]"]}
{"loss": 2.2275569438934326, "class_log_probabilities": [-1.8062424659729004, -2.6330251693725586, -3.5666534900665283, -4.301135540008545], "predictions": [49, 34, 396, 35, 36, 143, 16, 397, 398, 17, 36, 399, 400, 401, 402, 37, 16, 403, 404, 17, 144, 37, 50, 4], "target_tokens": ["[IN:CREATE_REMINDER", "[SL:PERSON_REMINDED", "@ptr1", "SL:PERSON_REMINDED]", "[SL:TODO", "@ptr4", "@ptr5", "@ptr6", "SL:TODO]", "[SL:DATE_TIME", "@ptr7", "@ptr8", "SL:DATE_TIME]", "IN:CREATE_REMINDER]"], "predicted_tokens": ["[IN:CREATE_REMINDER", "[SL:PERSON_REMINDED", "@ptr1", "SL:PERSON_REMINDED]", "[SL:TODO", "[IN:GET_TODO", "[SL:DATE_TIME", "@ptr2", "@ptr3", "SL:DATE_TIME]", "[SL:TODO", "@ptr4", "@ptr5", "@ptr6", "@ptr7", "SL:TODO]", "[SL:DATE_TIME", "@ptr8", "@ptr9", "SL:DATE_TIME]", "IN:GET_TODO]", "SL:TODO]", "IN:CREATE_REMINDER]"]}
{"loss": 1.685102939605713, "class_log_probabilities": [-2.7895028591156006, -2.863983631134033, -3.90488600730896, -4.6818084716796875], "predictions": [49, 34, 399, 400, 37, 50, 4, 4, 4, 4], "target_tokens": ["[IN:CREATE_REMINDER", "[SL:PERSON_REMINDED", "@ptr4", "SL:PERSON_REMINDED]", "[SL:TODO", "@ptr5", "SL:TODO]", "IN:CREATE_REMINDER]"], "predicted_tokens": ["[IN:CREATE_REMINDER", "[SL:PERSON_REMINDED", "@ptr4", "@ptr5", "SL:TODO]", "IN:CREATE_REMINDER]"]}
{"loss": 1.4211704730987549, "class_log_probabilities": [-0.671424388885498, -7.255799770355225, -7.421981334686279, -7.518036365509033], "predictions": [49, 34, 396, 35, 16, 398, 17, 36, 399, 400, 37, 50, 4, 4, 4, 4, 4], "target_tokens": ["[IN:CREATE_REMINDER", "[SL:PERSON_REMINDED", "@ptr1", "SL:PERSON_REMINDED]", "[SL:TODO", "@ptr4", "@ptr5", "SL:TODO]", "[SL:DATE_TIME", "@ptr3", "SL:DATE_TIME]", "IN:CREATE_REMINDER]"], "predicted_tokens": ["[IN:CREATE_REMINDER", "[SL:PERSON_REMINDED", "@ptr1", "SL:PERSON_REMINDED]", "[SL:DATE_TIME", "@ptr3", "SL:DATE_TIME]", "[SL:TODO", "@ptr4", "@ptr5", "SL:TODO]", "IN:CREATE_REMINDER]"]}
{"loss": 0.9747854471206665, "class_log_probabilities": [-0.3788960576057434, -8.484880447387695, -8.599207878112793, -8.705496788024902], "predictions": [33, 16, 398, 399, 400, 17, 38, 4, 4], "target_tokens": ["[IN:DELETE_REMINDER", "[SL:DATE_TIME", "@ptr3", "@ptr4", "@ptr5", "SL:DATE_TIME]", "IN:DELETE_REMINDER]"], "predicted_tokens": ["[IN:DELETE_REMINDER", "[SL:DATE_TIME", "@ptr3", "@ptr4", "@ptr5", "SL:DATE_TIME]", "IN:DELETE_REMINDER]"]}
{"loss": 1.478380799293518, "class_log_probabilities": [-0.8831112384796143, -7.984018802642822, -8.296326637268066, -8.502286911010742], "predictions": [49, 34, 396, 35, 36, 398, 399, 400, 401, 37, 16, 402, 403, 404, 405, 17, 50, 4, 4, 4], "target_tokens": ["[IN:CREATE_REMINDER", "[SL:PERSON_REMINDED", "@ptr1", "SL:PERSON_REMINDED]", "[SL:TODO", "@ptr4", "@ptr5", "@ptr6", "SL:TODO]", "[SL:DATE_TIME", "@ptr7", "@ptr8", "@ptr9", "@ptr10", "SL:DATE_TIME]", "IN:CREATE_REMINDER]"], "predicted_tokens": ["[IN:CREATE_REMINDER", "[SL:PERSON_REMINDED", "@ptr1", "SL:PERSON_REMINDED]", "[SL:TODO", "@ptr3", "@ptr4", "@ptr5", "@ptr6", "SL:TODO]", "[SL:DATE_TIME", "@ptr7", "@ptr8", "@ptr9", "@ptr10", "SL:DATE_TIME]", "IN:CREATE_REMINDER]"]}
{"loss": 1.405241847038269, "class_log_probabilities": [-1.6033459901809692, -2.079223871231079, -5.481561183929443, -7.691915035247803], "predictions": [49, 34, 396, 35, 36, 398, 399, 400, 401, 402, 403, 404, 37, 16, 405, 406, 407, 408, 409, 410, 17, 50, 4], "target_tokens": ["[IN:CREATE_REMINDER", "[SL:PERSON_REMINDED", "@ptr1", "SL:PERSON_REMINDED]", "[SL:TODO", "@ptr3", "@ptr4", "@ptr5", "@ptr6", "@ptr7", "@ptr8", "@ptr9", "SL:TODO]", "[SL:DATE_TIME", "@ptr11", "@ptr12", "@ptr13", "@ptr14", "@ptr15", "SL:DATE_TIME]", "IN:CREATE_REMINDER]"], "predicted_tokens": ["[IN:CREATE_REMINDER", "[SL:PERSON_REMINDED", "@ptr1", "SL:PERSON_REMINDED]", "[SL:TODO", "@ptr3", "@ptr4", "@ptr5", "@ptr6", "@ptr7", "@ptr8", "@ptr9", "SL:TODO]", "[SL:DATE_TIME", "@ptr10", "@ptr11", "@ptr12", "@ptr13", "@ptr14", "@ptr15", "SL:DATE_TIME]", "IN:CREATE_REMINDER]"]}
{"loss": 1.6747721433639526, "class_log_probabilities": [-0.723484456539154, -7.593223571777344, -8.043807983398438, -8.360786437988281], "predictions": [49, 36, 399, 37, 16, 400, 401, 402, 403, 404, 405, 406, 407, 17, 50, 4, 4, 4], "target_tokens": ["[IN:CREATE_REMINDER", "[SL:PERSON_REMINDED", "@ptr0", "SL:PERSON_REMINDED]", "[SL:TODO", "@ptr4", "SL:TODO]", "[SL:DATE_TIME", "@ptr5", "@ptr6", "@ptr7", "@ptr8", "@ptr9", "@ptr10", "@ptr11", "@ptr12", "SL:DATE_TIME]", "IN:CREATE_REMINDER]"], "predicted_tokens": ["[IN:CREATE_REMINDER", "[SL:TODO", "@ptr4", "SL:TODO]", "[SL:DATE_TIME", "@ptr5", "@ptr6", "@ptr7", "@ptr8", "@ptr9", "@ptr10", "@ptr11", "@ptr12", "SL:DATE_TIME]", "IN:CREATE_REMINDER]"]}
{"loss": 0.9672554135322571, "class_log_probabilities": [-0.5307354927062988, -8.077760696411133, -8.087385177612305, -8.089162826538086], "predictions": [49, 34, 396, 35, 36, 397, 398, 37, 50, 4, 4, 4], "target_tokens": ["[IN:CREATE_REMINDER", "[SL:PERSON_REMINDED", "@ptr1", "SL:PERSON_REMINDED]", "[SL:TODO", "@ptr2", "@ptr3", "SL:TODO]", "IN:CREATE_REMINDER]"], "predicted_tokens": ["[IN:CREATE_REMINDER", "[SL:PERSON_REMINDED", "@ptr1", "SL:PERSON_REMINDED]", "[SL:TODO", "@ptr2", "@ptr3", "SL:TODO]", "IN:CREATE_REMINDER]"]}
{"loss": 0.9655221104621887, "class_log_probabilities": [-0.9809679985046387, -6.19724178314209, -7.0280351638793945, -7.425584316253662], "predictions": [49, 34, 396, 35, 36, 397, 398, 399, 37, 16, 400, 401, 402, 403, 17, 50, 4, 4], "target_tokens": ["[IN:CREATE_REMINDER", "[SL:PERSON_REMINDED", "@ptr1", "SL:PERSON_REMINDED]", "[SL:TODO", "@ptr2", "@ptr3", "@ptr4", "SL:TODO]", "[SL:DATE_TIME", "@ptr5", "@ptr6", "@ptr7", "@ptr8", "SL:DATE_TIME]", "IN:CREATE_REMINDER]"], "predicted_tokens": ["[IN:CREATE_REMINDER", "[SL:PERSON_REMINDED", "@ptr1", "SL:PERSON_REMINDED]", "[SL:TODO", "@ptr2", "@ptr3", "@ptr4", "SL:TODO]", "[SL:DATE_TIME", "@ptr5", "@ptr6", "@ptr7", "@ptr8", "SL:DATE_TIME]", "IN:CREATE_REMINDER]"]}
{"loss": 0.9685941338539124, "class_log_probabilities": [-0.8788996934890747, -7.979175090789795, -8.123857498168945, -8.142106056213379], "predictions": [33, 34, 396, 35, 36, 399, 400, 401, 402, 403, 37, 16, 404, 405, 17, 38, 4, 4, 4], "target_tokens": ["[IN:DELETE_REMINDER", "[SL:PERSON_REMINDED", "@ptr1", "SL:PERSON_REMINDED]", "[SL:TODO", "@ptr4", "@ptr5", "@ptr6", "@ptr7", "@ptr8", "SL:TODO]", "[SL:DATE_TIME", "@ptr9", "@ptr10", "SL:DATE_TIME]", "IN:DELETE_REMINDER]"], "predicted_tokens": ["[IN:DELETE_REMINDER", "[SL:PERSON_REMINDED", "@ptr1", "SL:PERSON_REMINDED]", "[SL:TODO", "@ptr4", "@ptr5", "@ptr6", "@ptr7", "@ptr8", "SL:TODO]", "[SL:DATE_TIME", "@ptr9", "@ptr10", "SL:DATE_TIME]", "IN:DELETE_REMINDER]"]}
{"loss": 2.28647518157959, "class_log_probabilities": [-0.5344653725624084, -8.05768871307373, -8.371230125427246, -9.212291717529297], "predictions": [33, 36, 399, 400, 401, 37, 16, 402, 403, 17, 38, 4, 4, 4, 4, 4], "target_tokens": ["[IN:DELETE_REMINDER", "[SL:TODO", "[IN:GET_TODO", "[SL:DATE_TIME", "@ptr7", "@ptr8", "SL:DATE_TIME]", "[SL:TODO", "@ptr4", "@ptr5", "@ptr6", "SL:TODO]", "IN:GET_TODO]", "SL:TODO]", "IN:DELETE_REMINDER]"], "predicted_tokens": ["[IN:DELETE_REMINDER", "[SL:TODO", "@ptr4", "@ptr5", "@ptr6", "SL:TODO]", "[SL:DATE_TIME", "@ptr7", "@ptr8", "SL:DATE_TIME]", "IN:DELETE_REMINDER]"]}
{"loss": 2.463829278945923, "class_log_probabilities": [-2.2192580699920654, -3.269963264465332, -4.480489253997803, -4.566397666931152], "predictions": [111, 34, 396, 35, 36, 399, 400, 37, 16, 401, 402, 403, 17, 16, 404, 405, 406, 17, 112, 4, 4, 4, 4], "target_tokens": ["[IN:UPDATE_REMINDER_DATE_TIME", "[SL:PERSON_REMINDED", "@ptr1", "SL:PERSON_REMINDED]", "[SL:TODO", "@ptr4", "SL:TODO]", "[SL:DATE_TIME", "@ptr5", "@ptr6", "@ptr7", "SL:DATE_TIME]", "[SL:DATE_TIME", "@ptr8", "@ptr9", "@ptr10", "SL:DATE_TIME]", "IN:UPDATE_REMINDER_DATE_TIME]"], "predicted_tokens": ["[IN:UPDATE_REMINDER_DATE_TIME", "[SL:PERSON_REMINDED", "@ptr1", "SL:PERSON_REMINDED]", "[SL:TODO", "@ptr4", "@ptr5", "SL:TODO]", "[SL:DATE_TIME", "@ptr6", "@ptr7", "@ptr8", "SL:DATE_TIME]", "[SL:DATE_TIME", "@ptr9", "@ptr10", "@ptr11", "SL:DATE_TIME]", "IN:UPDATE_REMINDER_DATE_TIME]"]}
{"loss": 4.093597888946533, "class_log_probabilities": [-2.259085178375244, -3.5912559032440186, -3.902052879333496, -3.9133362770080566], "predictions": [49, 36, 143, 36, 399, 37, 243, 70, 71, 401, 72, 73, 244, 144, 37, 16, 403, 404, 405, 406, 407, 17, 50, 4, 4, 4, 4], "target_tokens": ["[IN:CREATE_REMINDER", "[SL:TODO", "@ptr4", "@ptr5", "@ptr6", "@ptr7", "SL:TODO]", "[SL:DATE_TIME", "@ptr9", "@ptr10", "@ptr11", "@ptr12", "SL:DATE_TIME]", "IN:CREATE_REMINDER]"], "predicted_tokens": ["[IN:CREATE_REMINDER", "[SL:TODO", "[IN:GET_TODO", "[SL:TODO", "@ptr4", "SL:TODO]", "[SL:ATTENDEE", "[IN:GET_CONTACT", "[SL:TYPE_RELATION", "@ptr6", "SL:TYPE_RELATION]", "IN:GET_CONTACT]", "SL:ATTENDEE]", "IN:GET_TODO]", "SL:TODO]", "[SL:DATE_TIME", "@ptr8", "@ptr9", "@ptr10", "@ptr11", "@ptr12", "SL:DATE_TIME]", "IN:CREATE_REMINDER]"]}
{"loss": 1.8144567012786865, "class_log_probabilities": [-0.615342378616333, -7.874374866485596, -8.052913665771484, -8.326783180236816], "predictions": [47, 16, 400, 401, 402, 403, 404, 405, 406, 17, 48, 4, 4, 4, 4, 4], "target_tokens": ["[IN:GET_REMINDER", "[SL:PERSON_REMINDED", "@ptr1", "SL:PERSON_REMINDED]", "[SL:DATE_TIME", "@ptr5", "@ptr6", "@ptr7", "@ptr8", "@ptr9", "@ptr10", "@ptr11", "SL:DATE_TIME]", "IN:GET_REMINDER]"], "predicted_tokens": ["[IN:GET_REMINDER", "[SL:DATE_TIME", "@ptr5", "@ptr6", "@ptr7", "@ptr8", "@ptr9", "@ptr10", "@ptr11", "SL:DATE_TIME]", "IN:GET_REMINDER]"]}
{"loss": 2.1055850982666016, "class_log_probabilities": [-2.2447521686553955, -3.3181135654449463, -3.4325947761535645, -4.128888130187988], "predictions": [49, 34, 396, 35, 36, 143, 36, 400, 401, 402, 403, 404, 37, 16, 405, 406, 17, 144, 37, 50, 4, 4, 4, 4, 4], "target_tokens": ["[IN:CREATE_REMINDER", "[SL:PERSON_REMINDED", "@ptr1", "SL:PERSON_REMINDED]", "[SL:TODO", "@ptr5", "@ptr6", "@ptr7", "@ptr8", "@ptr9", "SL:TODO]", "[SL:DATE_TIME", "@ptr11", "SL:DATE_TIME]", "IN:CREATE_REMINDER]"], "predicted_tokens": ["[IN:CREATE_REMINDER", "[SL:PERSON_REMINDED", "@ptr1", "SL:PERSON_REMINDED]", "[SL:TODO", "[IN:GET_TODO", "[SL:TODO", "@ptr5", "@ptr6", "@ptr7", "@ptr8", "@ptr9", "SL:TODO]", "[SL:DATE_TIME", "@ptr10", "@ptr11", "SL:DATE_TIME]", "IN:GET_TODO]", "SL:TODO]", "IN:CREATE_REMINDER]"]}
{"loss": 0.9717296957969666, "class_log_probabilities": [-0.5724543929100037, -8.126311302185059, -8.254156112670898, -9.149528503417969], "predictions": [33, 36, 399, 400, 401, 37, 16, 402, 403, 17, 38, 4, 4, 4], "target_tokens": ["[IN:DELETE_REMINDER", "[SL:TODO", "@ptr4", "@ptr5", "@ptr6", "SL:TODO]", "[SL:DATE_TIME", "@ptr7", "@ptr8", "SL:DATE_TIME]", "IN:DELETE_REMINDER]"], "predicted_tokens": ["[IN:DELETE_REMINDER", "[SL:TODO", "@ptr4", "@ptr5", "@ptr6", "SL:TODO]", "[SL:DATE_TIME", "@ptr7", "@ptr8", "SL:DATE_TIME]", "IN:DELETE_REMINDER]"]}
{"loss": 0.9957131147384644, "class_log_probabilities": [-1.5236990451812744, -3.1684141159057617, -4.004744529724121, -4.03711462020874], "predictions": [49, 34, 398, 35, 36, 401, 402, 403, 404, 405, 37, 16, 406, 407, 408, 409, 410, 17, 50, 4, 4, 4, 4, 4], "target_tokens": ["[IN:CREATE_REMINDER", "[SL:PERSON_REMINDED", "@ptr3", "SL:PERSON_REMINDED]", "[SL:TODO", "@ptr6", "@ptr7", "@ptr8", "@ptr9", "@ptr10", "SL:TODO]", "[SL:DATE_TIME", "@ptr11", "@ptr12", "@ptr13", "@ptr14", "@ptr15", "SL:DATE_TIME]", "IN:CREATE_REMINDER]"], "predicted_tokens": ["[IN:CREATE_REMINDER", "[SL:PERSON_REMINDED", "@ptr3", "SL:PERSON_REMINDED]", "[SL:TODO", "@ptr6", "@ptr7", "@ptr8", "@ptr9", "@ptr10", "SL:TODO]", "[SL:DATE_TIME", "@ptr11", "@ptr12", "@ptr13", "@ptr14", "@ptr15", "SL:DATE_TIME]", "IN:CREATE_REMINDER]"]}
{"loss": 2.3066797256469727, "class_log_probabilities": [-0.8663552403450012, -5.635190010070801, -6.081124305725098, -7.322835922241211], "predictions": [33, 36, 399, 400, 401, 402, 403, 404, 37, 16, 405, 406, 407, 408, 409, 17, 38, 4, 4, 4, 4, 4], "target_tokens": ["[IN:DELETE_REMINDER", "[SL:PERSON_REMINDED", "@ptr6", "SL:PERSON_REMINDED]", "[SL:TODO", "@ptr7", "@ptr8", "@ptr9", "SL:TODO]", "[SL:DATE_TIME", "@ptr10", "@ptr11", "@ptr12", "@ptr13", "@ptr14", "SL:DATE_TIME]", "IN:DELETE_REMINDER]"], "predicted_tokens": ["[IN:DELETE_REMINDER", "[SL:TODO", "@ptr4", "@ptr5", "@ptr6", "@ptr7", "@ptr8", "@ptr9", "SL:TODO]", "[SL:DATE_TIME", "@ptr10", "@ptr11", "@ptr12", "@ptr13", "@ptr14", "SL:DATE_TIME]", "IN:DELETE_REMINDER]"]}
{"loss": 0.9869529008865356, "class_log_probabilities": [-1.0266940593719482, -2.57537841796875, -7.6786627769470215, -7.902874946594238], "predictions": [47, 34, 398, 35, 16, 399, 400, 401, 402, 403, 404, 405, 406, 407, 408, 17, 48, 4], "target_tokens": ["[IN:GET_REMINDER", "[SL:PERSON_REMINDED", "@ptr3", "SL:PERSON_REMINDED]", "[SL:DATE_TIME", "@ptr4", "@ptr5", "@ptr6", "@ptr7", "@ptr8", "@ptr9", "@ptr10", "@ptr11", "@ptr12", "@ptr13", "SL:DATE_TIME]", "IN:GET_REMINDER]"], "predicted_tokens": ["[IN:GET_REMINDER", "[SL:PERSON_REMINDED", "@ptr3", "SL:PERSON_REMINDED]", "[SL:DATE_TIME", "@ptr4", "@ptr5", "@ptr6", "@ptr7", "@ptr8", "@ptr9", "@ptr10", "@ptr11", "@ptr12", "@ptr13", "SL:DATE_TIME]", "IN:GET_REMINDER]"]}
{"loss": 0.9733527898788452, "class_log_probabilities": [-0.399423211812973, -7.928064823150635, -8.216617584228516, -8.371105194091797], "predictions": [47, 16, 398, 399, 400, 17, 48, 4], "target_tokens": ["[IN:GET_REMINDER", "[SL:DATE_TIME", "@ptr3", "@ptr4", "@ptr5", "SL:DATE_TIME]", "IN:GET_REMINDER]"], "predicted_tokens": ["[IN:GET_REMINDER", "[SL:DATE_TIME", "@ptr3", "@ptr4", "@ptr5", "SL:DATE_TIME]", "IN:GET_REMINDER]"]}
{"loss": 1.2048572301864624, "class_log_probabilities": [-1.1395649909973145, -4.542544841766357, -4.831120491027832, -5.027014255523682], "predictions": [119, 36, 401, 402, 403, 37, 16, 404, 405, 406, 407, 17, 122, 4], "target_tokens": ["[IN:DELETE_REMINDER", "[SL:TODO", "@ptr6", "@ptr7", "@ptr8", "SL:TODO]", "[SL:DATE_TIME", "@ptr9", "@ptr10", "@ptr11", "@ptr12", "SL:DATE_TIME]", "IN:DELETE_REMINDER]"], "predicted_tokens": ["[IN:DELETE_ALARM", "[SL:TODO", "@ptr6", "@ptr7", "@ptr8", "SL:TODO]", "[SL:DATE_TIME", "@ptr9", "@ptr10", "@ptr11", "@ptr12", "SL:DATE_TIME]", "IN:DELETE_ALARM]"]}
{"loss": 1.5387011766433716, "class_log_probabilities": [-0.8171975612640381, -7.265265464782715, -7.785987854003906, -7.88236141204834], "predictions": [49, 36, 396, 397, 398, 37, 16, 399, 400, 401, 402, 403, 17, 50, 4], "target_tokens": ["[IN:CREATE_REMINDER", "[SL:TODO", "@ptr1", "@ptr2", "@ptr3", "SL:TODO]", "[SL:DATE_TIME", "@ptr5", "@ptr6", "@ptr7", "@ptr8", "SL:DATE_TIME]", "IN:CREATE_REMINDER]"], "predicted_tokens": ["[IN:CREATE_REMINDER", "[SL:TODO", "@ptr1", "@ptr2", "@ptr3", "SL:TODO]", "[SL:DATE_TIME", "@ptr4", "@ptr5", "@ptr6", "@ptr7", "@ptr8", "SL:DATE_TIME]", "IN:CREATE_REMINDER]"]}
{"loss": 0.9724652767181396, "class_log_probabilities": [-0.9153560996055603, -3.0395355224609375, -7.079618453979492, -7.236363410949707], "predictions": [49, 34, 396, 35, 36, 397, 398, 399, 400, 401, 37, 50, 4], "target_tokens": ["[IN:CREATE_REMINDER", "[SL:PERSON_REMINDED", "@ptr1", "SL:PERSON_REMINDED]", "[SL:TODO", "@ptr2", "@ptr3", "@ptr4", "@ptr5", "@ptr6", "SL:TODO]", "IN:CREATE_REMINDER]"], "predicted_tokens": ["[IN:CREATE_REMINDER", "[SL:PERSON_REMINDED", "@ptr1", "SL:PERSON_REMINDED]", "[SL:TODO", "@ptr2", "@ptr3", "@ptr4", "@ptr5", "@ptr6", "SL:TODO]", "IN:CREATE_REMINDER]"]}
{"loss": 1.0145747661590576, "class_log_probabilities": [-1.7063785791397095, -2.389484405517578, -3.6360909938812256, -5.7169880867004395], "predictions": [47, 34, 396, 35, 36, 401, 402, 403, 404, 37, 16, 405, 406, 407, 408, 409, 17, 48, 4, 4, 4, 4, 4], "target_tokens": ["[IN:GET_REMINDER", "[SL:PERSON_REMINDED", "@ptr1", "SL:PERSON_REMINDED]", "[SL:TODO", "@ptr6", "@ptr7", "@ptr8", "@ptr9", "SL:TODO]", "[SL:DATE_TIME", "@ptr10", "@ptr11", "@ptr12", "@ptr13", "@ptr14", "SL:DATE_TIME]", "IN:GET_REMINDER]"], "predicted_tokens": ["[IN:GET_REMINDER", "[SL:PERSON_REMINDED", "@ptr1", "SL:PERSON_REMINDED]", "[SL:TODO", "@ptr6", "@ptr7", "@ptr8", "@ptr9", "SL:TODO]", "[SL:DATE_TIME", "@ptr10", "@ptr11", "@ptr12", "@ptr13", "@ptr14", "SL:DATE_TIME]", "IN:GET_REMINDER]"]}
{"loss": 2.3381218910217285, "class_log_probabilities": [-0.8420302867889404, -4.701478958129883, -5.960391044616699, -7.424200534820557], "predictions": [47, 199, 395, 200, 36, 399, 400, 401, 402, 403, 37, 48, 4, 4, 4], "target_tokens": ["[IN:GET_REMINDER", "[SL:TODO", "@ptr5", "@ptr6", "@ptr7", "@ptr8", "SL:TODO]", "IN:GET_REMINDER]"], "predicted_tokens": ["[IN:GET_REMINDER", "[SL:METHOD_RETRIEVAL_REMINDER", "@ptr0", "SL:METHOD_RETRIEVAL_REMINDER]", "[SL:TODO", "@ptr4", "@ptr5", "@ptr6", "@ptr7", "@ptr8", "SL:TODO]", "IN:GET_REMINDER]"]}
{"loss": 1.8061070442199707, "class_log_probabilities": [-0.6979647278785706, -2.5683398246765137, -6.436434268951416, -6.596784591674805], "predictions": [47, 34, 396, 35, 36, 400, 401, 37, 48, 4], "target_tokens": ["[IN:GET_REMINDER", "[SL:PERSON_REMINDED", "@ptr2", "SL:PERSON_REMINDED]", "[SL:TODO", "@ptr6", "SL:TODO]", "IN:GET_REMINDER]"], "predicted_tokens": ["[IN:GET_REMINDER", "[SL:PERSON_REMINDED", "@ptr1", "SL:PERSON_REMINDED]", "[SL:TODO", "@ptr5", "@ptr6", "SL:TODO]", "IN:GET_REMINDER]"]}
{"loss": 2.719088554382324, "class_log_probabilities": [-0.423303484916687, -2.6144309043884277, -6.490227222442627, -7.8435492515563965], "predictions": [49, 36, 397, 37, 50, 4, 4, 4], "target_tokens": ["[IN:GET_REMINDER", "[SL:TODO", "@ptr2", "SL:TODO]", "IN:GET_REMINDER]"], "predicted_tokens": ["[IN:CREATE_REMINDER", "[SL:TODO", "@ptr2", "SL:TODO]", "IN:CREATE_REMINDER]"]}
{"loss": 0.9739559292793274, "class_log_probabilities": [-0.4957456588745117, -8.052178382873535, -8.2778959274292, -8.745976448059082], "predictions": [33, 120, 396, 121, 16, 400, 401, 17, 38, 4, 4, 4], "target_tokens": ["[IN:DELETE_REMINDER", "[SL:AMOUNT", "@ptr1", "SL:AMOUNT]", "[SL:DATE_TIME", "@ptr5", "@ptr6", "SL:DATE_TIME]", "IN:DELETE_REMINDER]"], "predicted_tokens": ["[IN:DELETE_REMINDER", "[SL:AMOUNT", "@ptr1", "SL:AMOUNT]", "[SL:DATE_TIME", "@ptr5", "@ptr6", "SL:DATE_TIME]", "IN:DELETE_REMINDER]"]}
{"loss": 1.6303819417953491, "class_log_probabilities": [-1.3892402648925781, -3.157979965209961, -6.254594326019287, -6.407851219177246], "predictions": [49, 34, 396, 35, 36, 398, 399, 400, 401, 402, 403, 404, 405, 37, 16, 406, 407, 408, 409, 410, 411, 412, 413, 17, 50, 4, 4], "target_tokens": ["[IN:CREATE_REMINDER", "[SL:PERSON_REMINDED", "@ptr1", "SL:PERSON_REMINDED]", "[SL:TODO", "@ptr4", "@ptr5", "@ptr6", "@ptr7", "@ptr8", "@ptr9", "@ptr10", "SL:TODO]", "[SL:DATE_TIME", "@ptr12", "@ptr13", "@ptr14", "@ptr15", "@ptr16", "@ptr17", "@ptr18", "SL:DATE_TIME]", "IN:CREATE_REMINDER]"], "predicted_tokens": ["[IN:CREATE_REMINDER", "[SL:PERSON_REMINDED", "@ptr1", "SL:PERSON_REMINDED]", "[SL:TODO", "@ptr3", "@ptr4", "@ptr5", "@ptr6", "@ptr7", "@ptr8", "@ptr9", "@ptr10", "SL:TODO]", "[SL:DATE_TIME", "@ptr11", "@ptr12", "@ptr13", "@ptr14", "@ptr15", "@ptr16", "@ptr17", "@ptr18", "SL:DATE_TIME]", "IN:CREATE_REMINDER]"]}
{"loss": 2.3422329425811768, "class_log_probabilities": [-0.736082136631012, -2.8864026069641113, -5.632343292236328, -7.450372219085693], "predictions": [293, 34, 399, 35, 16, 400, 401, 17, 294, 4, 4], "target_tokens": ["[IN:GET_REMINDER_AMOUNT", "[SL:PERSON_REMINDED", "@ptr3", "SL:PERSON_REMINDED]", "[SL:DATE_TIME", "@ptr4", "@ptr5", "SL:DATE_TIME]", "IN:GET_REMINDER_AMOUNT]"], "predicted_tokens": ["[IN:GET_REMINDER_AMOUNT", "[SL:PERSON_REMINDED", "@ptr4", "SL:PERSON_REMINDED]", "[SL:DATE_TIME", "@ptr5", "@ptr6", "SL:DATE_TIME]", "IN:GET_REMINDER_AMOUNT]"]}
{"loss": 1.9588462114334106, "class_log_probabilities": [-0.9857559204101562, -3.9976000785827637, -4.644619941711426, -5.029353618621826], "predictions": [49, 34, 397, 35, 36, 402, 403, 404, 405, 37, 16, 406, 407, 17, 50, 4], "target_tokens": ["[IN:UPDATE_REMINDER", "[SL:PERSON_REMINDED", "@ptr2", "SL:PERSON_REMINDED]", "[SL:TODO", "@ptr8", "@ptr9", "@ptr10", "SL:TODO]", "[SL:DATE_TIME", "@ptr11", "@ptr12", "SL:DATE_TIME]", "IN:UPDATE_REMINDER]"], "predicted_tokens": ["[IN:CREATE_REMINDER", "[SL:PERSON_REMINDED", "@ptr2", "SL:PERSON_REMINDED]", "[SL:TODO", "@ptr7", "@ptr8", "@ptr9", "@ptr10", "SL:TODO]", "[SL:DATE_TIME", "@ptr11", "@ptr12", "SL:DATE_TIME]", "IN:CREATE_REMINDER]"]}
{"loss": 0.9643728733062744, "class_log_probabilities": [-0.9376578330993652, -7.0597710609436035, -7.505227565765381, -7.865005970001221], "predictions": [49, 34, 396, 35, 36, 397, 398, 399, 37, 16, 400, 401, 402, 17, 50, 4, 4, 4], "target_tokens": ["[IN:CREATE_REMINDER", "[SL:PERSON_REMINDED", "@ptr1", "SL:PERSON_REMINDED]", "[SL:TODO", "@ptr2", "@ptr3", "@ptr4", "SL:TODO]", "[SL:DATE_TIME", "@ptr5", "@ptr6", "@ptr7", "SL:DATE_TIME]", "IN:CREATE_REMINDER]"], "predicted_tokens": ["[IN:CREATE_REMINDER", "[SL:PERSON_REMINDED", "@ptr1", "SL:PERSON_REMINDED]", "[SL:TODO", "@ptr2", "@ptr3", "@ptr4", "SL:TODO]", "[SL:DATE_TIME", "@ptr5", "@ptr6", "@ptr7", "SL:DATE_TIME]", "IN:CREATE_REMINDER]"]}
{"loss": 1.693509578704834, "class_log_probabilities": [-0.7687507271766663, -6.984683036804199, -7.884124279022217, -8.632282257080078], "predictions": [111, 36, 401, 402, 403, 37, 16, 405, 406, 407, 408, 409, 17, 112, 4, 4, 4, 4, 4, 4, 4, 4, 4, 4, 4, 4, 4, 4, 4, 4], "target_tokens": ["[IN:UPDATE_REMINDER_DATE_TIME", "[SL:PERSON_REMINDED", "@ptr6", "@ptr7", "@ptr8", "SL:PERSON_REMINDED]", "[SL:DATE_TIME", "@ptr10", "@ptr11", "@ptr12", "@ptr13", "@ptr14", "SL:DATE_TIME]", "[SL:DATE_TIME", "@ptr15", "@ptr16", "@ptr17", "@ptr18", "@ptr19", "SL:DATE_TIME]", "IN:UPDATE_REMINDER_DATE_TIME]"], "predicted_tokens": ["[IN:UPDATE_REMINDER_DATE_TIME", "[SL:TODO", "@ptr6", "@ptr7", "@ptr8", "SL:TODO]", "[SL:DATE_TIME", "@ptr10", "@ptr11", "@ptr12", "@ptr13", "@ptr14", "SL:DATE_TIME]", "IN:UPDATE_REMINDER_DATE_TIME]"]}
{"loss": 0.9772167205810547, "class_log_probabilities": [-0.7952114343643188, -5.339237689971924, -5.683772563934326, -6.609831809997559], "predictions": [111, 36, 399, 37, 16, 400, 401, 402, 17, 16, 405, 406, 17, 112, 4, 4, 4, 4, 4, 4], "target_tokens": ["[IN:UPDATE_REMINDER_DATE_TIME", "[SL:TODO", "@ptr4", "SL:TODO]", "[SL:DATE_TIME", "@ptr5", "@ptr6", "@ptr7", "SL:DATE_TIME]", "[SL:DATE_TIME", "@ptr10", "@ptr11", "SL:DATE_TIME]", "IN:UPDATE_REMINDER_DATE_TIME]"], "predicted_tokens": ["[IN:UPDATE_REMINDER_DATE_TIME", "[SL:TODO", "@ptr4", "SL:TODO]", "[SL:DATE_TIME", "@ptr5", "@ptr6", "@ptr7", "SL:DATE_TIME]", "[SL:DATE_TIME", "@ptr10", "@ptr11", "SL:DATE_TIME]", "IN:UPDATE_REMINDER_DATE_TIME]"]}
{"loss": 0.9974840879440308, "class_log_probabilities": [-1.2983269691467285, -2.46785831451416, -3.5713462829589844, -5.683478355407715], "predictions": [111, 16, 398, 399, 400, 401, 402, 403, 404, 17, 16, 405, 406, 407, 408, 409, 17, 112, 4], "target_tokens": ["[IN:UPDATE_REMINDER_DATE_TIME", "[SL:DATE_TIME", "@ptr3", "@ptr4", "@ptr5", "@ptr6", "@ptr7", "@ptr8", "@ptr9", "SL:DATE_TIME]", "[SL:DATE_TIME", "@ptr10", "@ptr11", "@ptr12", "@ptr13", "@ptr14", "SL:DATE_TIME]", "IN:UPDATE_REMINDER_DATE_TIME]"], "predicted_tokens": ["[IN:UPDATE_REMINDER_DATE_TIME", "[SL:DATE_TIME", "@ptr3", "@ptr4", "@ptr5", "@ptr6", "@ptr7", "@ptr8", "@ptr9", "SL:DATE_TIME]", "[SL:DATE_TIME", "@ptr10", "@ptr11", "@ptr12", "@ptr13", "@ptr14", "SL:DATE_TIME]", "IN:UPDATE_REMINDER_DATE_TIME]"]}
{"loss": 1.9405924081802368, "class_log_probabilities": [-2.367616653442383, -2.399876832962036, -3.3652656078338623, -3.858264207839966], "predictions": [47, 36, 143, 36, 399, 400, 37, 144, 37, 48, 4], "target_tokens": ["[IN:GET_REMINDER", "[SL:TODO", "@ptr4", "@ptr5", "@ptr6", "SL:TODO]", "IN:GET_REMINDER]"], "predicted_tokens": ["[IN:GET_REMINDER", "[SL:TODO", "[IN:GET_TODO", "[SL:TODO", "@ptr4", "@ptr5", "SL:TODO]", "IN:GET_TODO]", "SL:TODO]", "IN:GET_REMINDER]"]}
{"loss": 0.9670678973197937, "class_log_probabilities": [-1.0523782968521118, -6.158413410186768, -6.632513046264648, -8.026089668273926], "predictions": [49, 34, 396, 35, 36, 397, 398, 399, 400, 401, 37, 16, 402, 403, 404, 405, 17, 50, 4, 4, 4], "target_tokens": ["[IN:CREATE_REMINDER", "[SL:PERSON_REMINDED", "@ptr1", "SL:PERSON_REMINDED]", "[SL:TODO", "@ptr2", "@ptr3", "@ptr4", "@ptr5", "@ptr6", "SL:TODO]", "[SL:DATE_TIME", "@ptr7", "@ptr8", "@ptr9", "@ptr10", "SL:DATE_TIME]", "IN:CREATE_REMINDER]"], "predicted_tokens": ["[IN:CREATE_REMINDER", "[SL:PERSON_REMINDED", "@ptr1", "SL:PERSON_REMINDED]", "[SL:TODO", "@ptr2", "@ptr3", "@ptr4", "@ptr5", "@ptr6", "SL:TODO]", "[SL:DATE_TIME", "@ptr7", "@ptr8", "@ptr9", "@ptr10", "SL:DATE_TIME]", "IN:CREATE_REMINDER]"]}
{"loss": 2.2192883491516113, "class_log_probabilities": [-2.9197728633880615, -3.218348264694214, -3.7600154876708984, -4.560466289520264], "predictions": [163, 36, 399, 37, 16, 400, 401, 17, 36, 406, 407, 408, 409, 410, 411, 412, 37, 164, 4, 4, 4, 4, 4], "target_tokens": ["[IN:UPDATE_REMINDER_TODO", "[SL:DATE_TIME", "@ptr6", "SL:DATE_TIME]", "[SL:TODO", "@ptr4", "SL:TODO]", "[SL:TODO", "@ptr10", "@ptr11", "@ptr12", "@ptr13", "@ptr14", "@ptr15", "@ptr16", "SL:TODO]", "IN:UPDATE_REMINDER_TODO]"], "predicted_tokens": ["[IN:UPDATE_REMINDER_TODO", "[SL:TODO", "@ptr4", "SL:TODO]", "[SL:DATE_TIME", "@ptr5", "@ptr6", "SL:DATE_TIME]", "[SL:TODO", "@ptr11", "@ptr12", "@ptr13", "@ptr14", "@ptr15", "@ptr16", "@ptr17", "SL:TODO]", "IN:UPDATE_REMINDER_TODO]"]}
{"loss": 1.5800683498382568, "class_log_probabilities": [-1.9633488655090332, -3.1712095737457275, -4.046335697174072, -4.624124526977539], "predictions": [49, 34, 396, 35, 36, 397, 398, 399, 400, 401, 402, 403, 404, 37, 16, 405, 17, 50, 4, 4], "target_tokens": ["[IN:CREATE_REMINDER", "[SL:PERSON_REMINDED", "@ptr1", "SL:PERSON_REMINDED]", "[SL:TODO", "@ptr4", "@ptr5", "@ptr6", "@ptr7", "@ptr8", "@ptr9", "SL:TODO]", "[SL:DATE_TIME", "@ptr10", "SL:DATE_TIME]", "IN:CREATE_REMINDER]"], "predicted_tokens": ["[IN:CREATE_REMINDER", "[SL:PERSON_REMINDED", "@ptr1", "SL:PERSON_REMINDED]", "[SL:TODO", "@ptr2", "@ptr3", "@ptr4", "@ptr5", "@ptr6", "@ptr7", "@ptr8", "@ptr9", "SL:TODO]", "[SL:DATE_TIME", "@ptr10", "SL:DATE_TIME]", "IN:CREATE_REMINDER]"]}
{"loss": 1.388884425163269, "class_log_probabilities": [-3.360508441925049, -3.6648647785186768, -3.7888944149017334, -3.965440034866333], "predictions": [49, 36, 143, 36, 399, 37, 243, 401, 244, 36, 402, 403, 404, 405, 37, 144, 37, 16, 407, 408, 409, 410, 411, 412, 17, 50, 4, 4], "target_tokens": ["[IN:CREATE_REMINDER", "[SL:TODO", "[IN:GET_TODO", "[SL:TODO", "@ptr4", "SL:TODO]", "[SL:ATTENDEE", "@ptr6", "SL:ATTENDEE]", "IN:GET_TODO]", "SL:TODO]", "[SL:DATE_TIME", "@ptr7", "@ptr8", "@ptr9", "@ptr10", "@ptr11", "@ptr12", "@ptr13", "@ptr14", "@ptr15", "@ptr16", "@ptr17", "SL:DATE_TIME]", "IN:CREATE_REMINDER]"], "predicted_tokens": ["[IN:CREATE_REMINDER", "[SL:TODO", "[IN:GET_TODO", "[SL:TODO", "@ptr4", "SL:TODO]", "[SL:ATTENDEE", "@ptr6", "SL:ATTENDEE]", "[SL:TODO", "@ptr7", "@ptr8", "@ptr9", "@ptr10", "SL:TODO]", "IN:GET_TODO]", "SL:TODO]", "[SL:DATE_TIME", "@ptr12", "@ptr13", "@ptr14", "@ptr15", "@ptr16", "@ptr17", "SL:DATE_TIME]", "IN:CREATE_REMINDER]"]}
{"loss": 0.9693860411643982, "class_log_probabilities": [-0.7739725708961487, -4.070896148681641, -5.7493157386779785, -6.512652397155762], "predictions": [49, 34, 396, 35, 36, 397, 398, 399, 400, 37, 50, 4], "target_tokens": ["[IN:CREATE_REMINDER", "[SL:PERSON_REMINDED", "@ptr1", "SL:PERSON_REMINDED]", "[SL:TODO", "@ptr2", "@ptr3", "@ptr4", "@ptr5", "SL:TODO]", "IN:CREATE_REMINDER]"], "predicted_tokens": ["[IN:CREATE_REMINDER", "[SL:PERSON_REMINDED", "@ptr1", "SL:PERSON_REMINDED]", "[SL:TODO", "@ptr2", "@ptr3", "@ptr4", "@ptr5", "SL:TODO]", "IN:CREATE_REMINDER]"]}
{"loss": 0.9768542051315308, "class_log_probabilities": [-0.6326674222946167, -6.566749572753906, -6.709909915924072, -7.067572593688965], "predictions": [111, 34, 399, 35, 16, 401, 402, 403, 404, 405, 17, 112, 4], "target_tokens": ["[IN:UPDATE_REMINDER_DATE_TIME", "[SL:PERSON_REMINDED", "@ptr4", "SL:PERSON_REMINDED]", "[SL:DATE_TIME", "@ptr6", "@ptr7", "@ptr8", "@ptr9", "@ptr10", "SL:DATE_TIME]", "IN:UPDATE_REMINDER_DATE_TIME]"], "predicted_tokens": ["[IN:UPDATE_REMINDER_DATE_TIME", "[SL:PERSON_REMINDED", "@ptr4", "SL:PERSON_REMINDED]", "[SL:DATE_TIME", "@ptr6", "@ptr7", "@ptr8", "@ptr9", "@ptr10", "SL:DATE_TIME]", "IN:UPDATE_REMINDER_DATE_TIME]"]}
{"loss": 0.9661248922348022, "class_log_probabilities": [-0.6701628565788269, -5.937457084655762, -6.466490745544434, -6.819032192230225], "predictions": [49, 34, 396, 35, 36, 397, 398, 399, 37, 50, 4, 4], "target_tokens": ["[IN:CREATE_REMINDER", "[SL:PERSON_REMINDED", "@ptr1", "SL:PERSON_REMINDED]", "[SL:TODO", "@ptr2", "@ptr3", "@ptr4", "SL:TODO]", "IN:CREATE_REMINDER]"], "predicted_tokens": ["[IN:CREATE_REMINDER", "[SL:PERSON_REMINDED", "@ptr1", "SL:PERSON_REMINDED]", "[SL:TODO", "@ptr2", "@ptr3", "@ptr4", "SL:TODO]", "IN:CREATE_REMINDER]"]}
{"loss": 1.04157292842865, "class_log_probabilities": [-2.2880208492279053, -3.663163900375366, -4.400090217590332, -4.573843955993652], "predictions": [49, 34, 397, 35, 36, 143, 36, 400, 37, 16, 401, 402, 403, 404, 405, 17, 144, 37, 16, 410, 411, 412, 17, 50, 4, 4], "target_tokens": ["[IN:CREATE_REMINDER", "[SL:PERSON_REMINDED", "@ptr2", "SL:PERSON_REMINDED]", "[SL:TODO", "[IN:GET_TODO", "[SL:TODO", "@ptr5", "SL:TODO]", "[SL:DATE_TIME", "@ptr6", "@ptr7", "@ptr8", "@ptr9", "@ptr10", "SL:DATE_TIME]", "IN:GET_TODO]", "SL:TODO]", "[SL:DATE_TIME", "@ptr15", "@ptr16", "@ptr17", "SL:DATE_TIME]", "IN:CREATE_REMINDER]"], "predicted_tokens": ["[IN:CREATE_REMINDER", "[SL:PERSON_REMINDED", "@ptr2", "SL:PERSON_REMINDED]", "[SL:TODO", "[IN:GET_TODO", "[SL:TODO", "@ptr5", "SL:TODO]", "[SL:DATE_TIME", "@ptr6", "@ptr7", "@ptr8", "@ptr9", "@ptr10", "SL:DATE_TIME]", "IN:GET_TODO]", "SL:TODO]", "[SL:DATE_TIME", "@ptr15", "@ptr16", "@ptr17", "SL:DATE_TIME]", "IN:CREATE_REMINDER]"]}
{"loss": 2.6622679233551025, "class_log_probabilities": [-1.3213837146759033, -2.367156505584717, -3.2649030685424805, -3.6597957611083984], "predictions": [117, 34, 398, 35, 36, 143, 36, 401, 37, 243, 403, 244, 144, 37, 118, 4, 4], "target_tokens": ["[IN:GET_REMINDER_DATE_TIME", "[SL:PERSON_REMINDED", "@ptr3", "SL:PERSON_REMINDED]", "[SL:TODO", "@ptr6", "@ptr7", "@ptr8", "SL:TODO]", "IN:GET_REMINDER_DATE_TIME]"], "predicted_tokens": ["[IN:GET_REMINDER_DATE_TIME", "[SL:PERSON_REMINDED", "@ptr3", "SL:PERSON_REMINDED]", "[SL:TODO", "[IN:GET_TODO", "[SL:TODO", "@ptr6", "SL:TODO]", "[SL:ATTENDEE", "@ptr8", "SL:ATTENDEE]", "IN:GET_TODO]", "SL:TODO]", "IN:GET_REMINDER_DATE_TIME]"]}
{"loss": 1.5663317441940308, "class_log_probabilities": [-0.6730527281761169, -7.282197952270508, -7.785930633544922, -8.038803100585938], "predictions": [47, 36, 401, 402, 403, 404, 37, 16, 405, 406, 17, 48, 4, 4], "target_tokens": ["[IN:GET_REMINDER", "[SL:TODO", "@ptr7", "@ptr8", "@ptr9", "SL:TODO]", "[SL:DATE_TIME", "@ptr10", "@ptr11", "SL:DATE_TIME]", "IN:GET_REMINDER]"], "predicted_tokens": ["[IN:GET_REMINDER", "[SL:TODO", "@ptr6", "@ptr7", "@ptr8", "@ptr9", "SL:TODO]", "[SL:DATE_TIME", "@ptr10", "@ptr11", "SL:DATE_TIME]", "IN:GET_REMINDER]"]}
{"loss": 1.3085663318634033, "class_log_probabilities": [-2.544269323348999, -3.27047061920166, -5.343563079833984, -5.686182498931885], "predictions": [49, 34, 70, 93, 397, 94, 71, 398, 72, 73, 35, 36, 399, 400, 401, 402, 403, 404, 405, 37, 16, 406, 407, 408, 409, 17, 50, 4, 4, 4, 4, 4, 4, 4], "target_tokens": ["[IN:CREATE_REMINDER", "[SL:PERSON_REMINDED", "[IN:GET_CONTACT", "[SL:CONTACT_RELATED", "@ptr2", "SL:CONTACT_RELATED]", "[SL:TYPE_RELATION", "@ptr3", "SL:TYPE_RELATION]", "IN:GET_CONTACT]", "SL:PERSON_REMINDED]", "[SL:TODO", "@ptr4", "@ptr5", "@ptr6", "@ptr7", "@ptr8", "@ptr9", "@ptr10", "SL:TODO]", "[SL:DATE_TIME", "@ptr12", "@ptr13", "@ptr14", "SL:DATE_TIME]", "IN:CREATE_REMINDER]"], "predicted_tokens": ["[IN:CREATE_REMINDER", "[SL:PERSON_REMINDED", "[IN:GET_CONTACT", "[SL:CONTACT_RELATED", "@ptr2", "SL:CONTACT_RELATED]", "[SL:TYPE_RELATION", "@ptr3", "SL:TYPE_RELATION]", "IN:GET_CONTACT]", "SL:PERSON_REMINDED]", "[SL:TODO", "@ptr4", "@ptr5", "@ptr6", "@ptr7", "@ptr8", "@ptr9", "@ptr10", "SL:TODO]", "[SL:DATE_TIME", "@ptr11", "@ptr12", "@ptr13", "@ptr14", "SL:DATE_TIME]", "IN:CREATE_REMINDER]"]}
{"loss": 0.9721279740333557, "class_log_probabilities": [-0.5457001328468323, -8.124800682067871, -8.194721221923828, -8.2482328414917], "predictions": [33, 120, 396, 121, 16, 399, 400, 401, 17, 38, 4, 4, 4], "target_tokens": ["[IN:DELETE_REMINDER", "[SL:AMOUNT", "@ptr1", "SL:AMOUNT]", "[SL:DATE_TIME", "@ptr4", "@ptr5", "@ptr6", "SL:DATE_TIME]", "IN:DELETE_REMINDER]"], "predicted_tokens": ["[IN:DELETE_REMINDER", "[SL:AMOUNT", "@ptr1", "SL:AMOUNT]", "[SL:DATE_TIME", "@ptr4", "@ptr5", "@ptr6", "SL:DATE_TIME]", "IN:DELETE_REMINDER]"]}
{"loss": 1.7222800254821777, "class_log_probabilities": [-1.0373036861419678, -3.101893424987793, -4.311342716217041, -5.199321746826172], "predictions": [111, 36, 398, 399, 37, 16, 400, 401, 402, 403, 404, 405, 406, 17, 112, 4], "target_tokens": ["[IN:CREATE_REMINDER", "[SL:TODO", "@ptr3", "@ptr4", "SL:TODO]", "[SL:DATE_TIME", "@ptr6", "@ptr7", "@ptr8", "@ptr9", "@ptr10", "@ptr11", "SL:DATE_TIME]", "IN:CREATE_REMINDER]"], "predicted_tokens": ["[IN:UPDATE_REMINDER_DATE_TIME", "[SL:TODO", "@ptr3", "@ptr4", "SL:TODO]", "[SL:DATE_TIME", "@ptr5", "@ptr6", "@ptr7", "@ptr8", "@ptr9", "@ptr10", "@ptr11", "SL:DATE_TIME]", "IN:UPDATE_REMINDER_DATE_TIME]"]}
{"loss": 1.8996117115020752, "class_log_probabilities": [-4.698574542999268, -5.580083847045898, -7.024357795715332, -10.695443153381348], "predictions": [49, 34, 397, 35, 36, 143, 36, 399, 400, 401, 402, 403, 404, 405, 406, 407, 37, 243, 408, 244, 144, 37, 50, 4, 4, 4, 4, 4, 4, 4, 4], "target_tokens": ["[IN:CREATE_REMINDER", "[SL:PERSON_REMINDED", "@ptr2", "SL:PERSON_REMINDED]", "[SL:TODO", "[IN:GET_TODO", "[SL:TODO", "@ptr4", "SL:TODO]", "[SL:DATE_TIME", "@ptr5", "@ptr6", "@ptr7", "SL:DATE_TIME]", "[SL:TODO", "@ptr9", "@ptr10", "@ptr11", "@ptr12", "SL:TODO]", "[SL:ATTENDEE", "@ptr13", "SL:ATTENDEE]", "[SL:ATTENDEE", "@ptr15", "SL:ATTENDEE]", "[SL:ATTENDEE", "@ptr17", "SL:ATTENDEE]", "IN:GET_TODO]", "SL:TODO]", "IN:CREATE_REMINDER]"], "predicted_tokens": ["[IN:CREATE_REMINDER", "[SL:PERSON_REMINDED", "@ptr2", "SL:PERSON_REMINDED]", "[SL:TODO", "[IN:GET_TODO", "[SL:TODO", "@ptr4", "@ptr5", "@ptr6", "@ptr7", "@ptr8", "@ptr9", "@ptr10", "@ptr11", "@ptr12", "SL:TODO]", "[SL:ATTENDEE", "@ptr13", "SL:ATTENDEE]", "IN:GET_TODO]", "SL:TODO]", "IN:CREATE_REMINDER]"]}
{"loss": 2.685853958129883, "class_log_probabilities": [-0.6458482146263123, -7.116151809692383, -8.22577953338623, -8.315402030944824], "predictions": [49, 36, 397, 398, 399, 37, 16, 400, 401, 17, 50, 4, 4, 4], "target_tokens": ["[IN:CREATE_REMINDER", "[SL:TODO", "@ptr3", "@ptr4", "SL:TODO]", "[SL:DATE_TIME", "@ptr6", "SL:DATE_TIME]", "IN:CREATE_REMINDER]"], "predicted_tokens": ["[IN:CREATE_REMINDER", "[SL:TODO", "@ptr2", "@ptr3", "@ptr4", "SL:TODO]", "[SL:DATE_TIME", "@ptr5", "@ptr6", "SL:DATE_TIME]", "IN:CREATE_REMINDER]"]}
{"loss": 0.975993275642395, "class_log_probabilities": [-0.6943933963775635, -4.42548942565918, -6.301334857940674, -6.753530025482178], "predictions": [47, 34, 398, 35, 16, 400, 401, 402, 403, 404, 405, 17, 48, 4, 4], "target_tokens": ["[IN:GET_REMINDER", "[SL:PERSON_REMINDED", "@ptr3", "SL:PERSON_REMINDED]", "[SL:DATE_TIME", "@ptr5", "@ptr6", "@ptr7", "@ptr8", "@ptr9", "@ptr10", "SL:DATE_TIME]", "IN:GET_REMINDER]"], "predicted_tokens": ["[IN:GET_REMINDER", "[SL:PERSON_REMINDED", "@ptr3", "SL:PERSON_REMINDED]", "[SL:DATE_TIME", "@ptr5", "@ptr6", "@ptr7", "@ptr8", "@ptr9", "@ptr10", "SL:DATE_TIME]", "IN:GET_REMINDER]"]}
{"loss": 1.779386043548584, "class_log_probabilities": [-1.5245440006256104, -3.548717975616455, -4.273925304412842, -5.578678607940674], "predictions": [33, 34, 399, 35, 36, 400, 401, 37, 16, 402, 403, 404, 17, 38, 4], "target_tokens": ["[IN:DELETE_REMINDER", "[SL:TODO", "@ptr4", "@ptr5", "@ptr6", "SL:TODO]", "[SL:DATE_TIME", "@ptr7", "@ptr8", "@ptr9", "SL:DATE_TIME]", "IN:DELETE_REMINDER]"], "predicted_tokens": ["[IN:DELETE_REMINDER", "[SL:PERSON_REMINDED", "@ptr4", "SL:PERSON_REMINDED]", "[SL:TODO", "@ptr5", "@ptr6", "SL:TODO]", "[SL:DATE_TIME", "@ptr7", "@ptr8", "@ptr9", "SL:DATE_TIME]", "IN:DELETE_REMINDER]"]}
{"loss": 1.0230845212936401, "class_log_probabilities": [-1.4891746044158936, -2.948082208633423, -3.3491218090057373, -3.7424304485321045], "predictions": [47, 34, 401, 35, 36, 402, 37, 16, 403, 17, 48, 4, 4], "target_tokens": ["[IN:GET_REMINDER", "[SL:PERSON_REMINDED", "@ptr6", "SL:PERSON_REMINDED]", "[SL:TODO", "@ptr7", "SL:TODO]", "[SL:DATE_TIME", "@ptr8", "SL:DATE_TIME]", "IN:GET_REMINDER]"], "predicted_tokens": ["[IN:GET_REMINDER", "[SL:PERSON_REMINDED", "@ptr6", "SL:PERSON_REMINDED]", "[SL:TODO", "@ptr7", "SL:TODO]", "[SL:DATE_TIME", "@ptr8", "SL:DATE_TIME]", "IN:GET_REMINDER]"]}
{"loss": 1.3433893918991089, "class_log_probabilities": [-1.722420573234558, -2.171509027481079, -3.687145948410034, -3.9527499675750732], "predictions": [47, 34, 70, 71, 400, 72, 73, 35, 48, 4, 4, 4, 4, 4, 4, 4, 4], "target_tokens": ["[IN:GET_REMINDER", "[SL:TODO", "[IN:GET_TODO", "[SL:ATTENDEE", "[IN:GET_CONTACT", "[SL:TYPE_RELATION", "@ptr5", "SL:TYPE_RELATION]", "IN:GET_CONTACT]", "SL:ATTENDEE]", "IN:GET_TODO]", "SL:TODO]", "IN:GET_REMINDER]"], "predicted_tokens": ["[IN:GET_REMINDER", "[SL:PERSON_REMINDED", "[IN:GET_CONTACT", "[SL:TYPE_RELATION", "@ptr5", "SL:TYPE_RELATION]", "IN:GET_CONTACT]", "SL:PERSON_REMINDED]", "IN:GET_REMINDER]"]}
{"loss": 1.6442903280258179, "class_log_probabilities": [-1.9778571128845215, -2.8140323162078857, -3.4139997959136963, -3.7751872539520264], "predictions": [49, 34, 398, 35, 36, 400, 401, 402, 403, 37, 16, 404, 405, 406, 407, 408, 17, 50, 4, 4, 4, 4, 4], "target_tokens": ["[IN:CREATE_REMINDER", "[SL:PERSON_REMINDED", "@ptr3", "SL:PERSON_REMINDED]", "[SL:TODO", "@ptr6", "@ptr7", "@ptr8", "SL:TODO]", "[SL:DATE_TIME", "@ptr10", "@ptr11", "@ptr12", "@ptr13", "SL:DATE_TIME]", "IN:CREATE_REMINDER]"], "predicted_tokens": ["[IN:CREATE_REMINDER", "[SL:PERSON_REMINDED", "@ptr3", "SL:PERSON_REMINDED]", "[SL:TODO", "@ptr5", "@ptr6", "@ptr7", "@ptr8", "SL:TODO]", "[SL:DATE_TIME", "@ptr9", "@ptr10", "@ptr11", "@ptr12", "@ptr13", "SL:DATE_TIME]", "IN:CREATE_REMINDER]"]}
{"loss": 0.9709267020225525, "class_log_probabilities": [-0.7594108581542969, -7.651372909545898, -7.769768238067627, -8.418173789978027], "predictions": [33, 36, 399, 400, 401, 402, 403, 37, 16, 404, 405, 406, 17, 38, 4, 4, 4, 4, 4], "target_tokens": ["[IN:DELETE_REMINDER", "[SL:TODO", "@ptr4", "@ptr5", "@ptr6", "@ptr7", "@ptr8", "SL:TODO]", "[SL:DATE_TIME", "@ptr9", "@ptr10", "@ptr11", "SL:DATE_TIME]", "IN:DELETE_REMINDER]"], "predicted_tokens": ["[IN:DELETE_REMINDER", "[SL:TODO", "@ptr4", "@ptr5", "@ptr6", "@ptr7", "@ptr8", "SL:TODO]", "[SL:DATE_TIME", "@ptr9", "@ptr10", "@ptr11", "SL:DATE_TIME]", "IN:DELETE_REMINDER]"]}
{"loss": 1.7638450860977173, "class_log_probabilities": [-2.080209732055664, -2.6517443656921387, -3.5833637714385986, -5.2211713790893555], "predictions": [49, 34, 396, 35, 36, 398, 399, 400, 37, 16, 406, 407, 17, 50, 4, 4, 4, 4, 4, 4, 4, 4, 4], "target_tokens": ["[IN:CREATE_REMINDER", "[SL:PERSON_REMINDED", "@ptr1", "SL:PERSON_REMINDED]", "[SL:TODO", "@ptr2", "@ptr3", "@ptr4", "@ptr5", "@ptr6", "@ptr7", "@ptr8", "@ptr9", "@ptr10", "SL:TODO]", "[SL:DATE_TIME", "@ptr12", "SL:DATE_TIME]", "IN:CREATE_REMINDER]"], "predicted_tokens": ["[IN:CREATE_REMINDER", "[SL:PERSON_REMINDED", "@ptr1", "SL:PERSON_REMINDED]", "[SL:TODO", "@ptr3", "@ptr4", "@ptr5", "SL:TODO]", "[SL:DATE_TIME", "@ptr11", "@ptr12", "SL:DATE_TIME]", "IN:CREATE_REMINDER]"]}
{"loss": 1.5438276529312134, "class_log_probabilities": [-2.74279522895813, -4.243624210357666, -4.627259731292725, -4.645608901977539], "predictions": [49, 34, 396, 35, 16, 397, 398, 399, 400, 401, 17, 36, 143, 16, 404, 405, 406, 407, 408, 17, 36, 410, 411, 412, 413, 414, 415, 37, 144, 37, 50, 4], "target_tokens": ["[IN:CREATE_REMINDER", "[SL:PERSON_REMINDED", "@ptr1", "SL:PERSON_REMINDED]", "[SL:DATE_TIME", "@ptr3", "@ptr4", "@ptr5", "@ptr6", "SL:DATE_TIME]", "[SL:DATE_TIME", "@ptr8", "@ptr9", "@ptr10", "@ptr11", "@ptr12", "@ptr13", "SL:DATE_TIME]", "[SL:TODO", "@ptr15", "@ptr16", "@ptr17", "@ptr18", "@ptr19", "@ptr20", "SL:TODO]", "IN:CREATE_REMINDER]"], "predicted_tokens": ["[IN:CREATE_REMINDER", "[SL:PERSON_REMINDED", "@ptr1", "SL:PERSON_REMINDED]", "[SL:DATE_TIME", "@ptr2", "@ptr3", "@ptr4", "@ptr5", "@ptr6", "SL:DATE_TIME]", "[SL:TODO", "[IN:GET_TODO", "[SL:DATE_TIME", "@ptr9", "@ptr10", "@ptr11", "@ptr12", "@ptr13", "SL:DATE_TIME]", "[SL:TODO", "@ptr15", "@ptr16", "@ptr17", "@ptr18", "@ptr19", "@ptr20", "SL:TODO]", "IN:GET_TODO]", "SL:TODO]", "IN:CREATE_REMINDER]"]}
{"loss": 0.9717662334442139, "class_log_probabilities": [-0.3798537254333496, -8.153702735900879, -8.249345779418945, -8.257119178771973], "predictions": [49, 36, 399, 400, 401, 37, 50, 4], "target_tokens": ["[IN:CREATE_REMINDER", "[SL:TODO", "@ptr4", "@ptr5", "@ptr6", "SL:TODO]", "IN:CREATE_REMINDER]"], "predicted_tokens": ["[IN:CREATE_REMINDER", "[SL:TODO", "@ptr4", "@ptr5", "@ptr6", "SL:TODO]", "IN:CREATE_REMINDER]"]}
{"loss": 2.0469532012939453, "class_log_probabilities": [-2.1536848545074463, -3.0439414978027344, -4.205879211425781, -6.8526716232299805], "predictions": [111, 34, 399, 35, 36, 400, 401, 402, 37, 16, 406, 407, 408, 17, 112, 4, 4, 4, 4, 4, 4, 4, 4, 4, 4], "target_tokens": ["[IN:UPDATE_REMINDER_DATE_TIME", "[SL:PERSON_REMINDED", "@ptr4", "SL:PERSON_REMINDED]", "[SL:TODO", "@ptr5", "@ptr6", "@ptr7", "SL:TODO]", "[SL:DATE_TIME", "@ptr8", "@ptr9", "@ptr10", "@ptr11", "@ptr12", "@ptr13", "SL:DATE_TIME]", "IN:UPDATE_REMINDER_DATE_TIME]"], "predicted_tokens": ["[IN:UPDATE_REMINDER_DATE_TIME", "[SL:PERSON_REMINDED", "@ptr4", "SL:PERSON_REMINDED]", "[SL:TODO", "@ptr5", "@ptr6", "@ptr7", "SL:TODO]", "[SL:DATE_TIME", "@ptr11", "@ptr12", "@ptr13", "SL:DATE_TIME]", "IN:UPDATE_REMINDER_DATE_TIME]"]}
{"loss": 3.2964799404144287, "class_log_probabilities": [-0.5917572975158691, -7.8512163162231445, -8.724712371826172, -9.21631908416748], "predictions": [33, 120, 396, 121, 36, 399, 400, 401, 402, 37, 38, 4, 4, 4, 4, 4, 4, 4], "target_tokens": ["[IN:DELETE_REMINDER", "[SL:TODO", "@ptr5", "@ptr6", "@ptr7", "SL:TODO]", "[SL:AMOUNT", "@ptr12", "SL:AMOUNT]", "IN:DELETE_REMINDER]"], "predicted_tokens": ["[IN:DELETE_REMINDER", "[SL:AMOUNT", "@ptr1", "SL:AMOUNT]", "[SL:TODO", "@ptr4", "@ptr5", "@ptr6", "@ptr7", "SL:TODO]", "IN:DELETE_REMINDER]"]}
{"loss": 1.9188123941421509, "class_log_probabilities": [-1.2868586778640747, -3.195026159286499, -5.798954010009766, -5.980665683746338], "predictions": [49, 34, 396, 35, 16, 398, 399, 400, 401, 402, 403, 17, 36, 405, 406, 407, 408, 409, 37, 50, 4, 4, 4, 4, 4], "target_tokens": ["[IN:CREATE_REMINDER", "[SL:PERSON_REMINDED", "@ptr1", "SL:PERSON_REMINDED]", "[SL:TODO", "[IN:GET_TODO", "[SL:TODO", "@ptr2", "SL:TODO]", "[SL:DATE_TIME", "@ptr4", "@ptr5", "@ptr6", "@ptr7", "@ptr8", "SL:DATE_TIME]", "IN:GET_TODO]", "SL:TODO]", "IN:CREATE_REMINDER]"], "predicted_tokens": ["[IN:CREATE_REMINDER", "[SL:PERSON_REMINDED", "@ptr1", "SL:PERSON_REMINDED]", "[SL:DATE_TIME", "@ptr3", "@ptr4", "@ptr5", "@ptr6", "@ptr7", "@ptr8", "SL:DATE_TIME]", "[SL:TODO", "@ptr10", "@ptr11", "@ptr12", "@ptr13", "@ptr14", "SL:TODO]", "IN:CREATE_REMINDER]"]}
{"loss": 1.8084547519683838, "class_log_probabilities": [-0.5057237148284912, -8.239156723022461, -8.279576301574707, -8.32866382598877], "predictions": [33, 36, 399, 400, 401, 402, 403, 37, 38, 4], "target_tokens": ["[IN:DELETE_REMINDER", "[SL:TODO", "@ptr5", "@ptr6", "@ptr7", "@ptr8", "SL:TODO]", "IN:DELETE_REMINDER]"], "predicted_tokens": ["[IN:DELETE_REMINDER", "[SL:TODO", "@ptr4", "@ptr5", "@ptr6", "@ptr7", "@ptr8", "SL:TODO]", "IN:DELETE_REMINDER]"]}
{"loss": 0.9772800803184509, "class_log_probabilities": [-0.8740951418876648, -2.9076383113861084, -6.8663554191589355, -7.398909091949463], "predictions": [47, 34, 398, 35, 16, 400, 401, 402, 403, 404, 405, 17, 48, 4, 4], "target_tokens": ["[IN:GET_REMINDER", "[SL:PERSON_REMINDED", "@ptr3", "SL:PERSON_REMINDED]", "[SL:DATE_TIME", "@ptr5", "@ptr6", "@ptr7", "@ptr8", "@ptr9", "@ptr10", "SL:DATE_TIME]", "IN:GET_REMINDER]"], "predicted_tokens": ["[IN:GET_REMINDER", "[SL:PERSON_REMINDED", "@ptr3", "SL:PERSON_REMINDED]", "[SL:DATE_TIME", "@ptr5", "@ptr6", "@ptr7", "@ptr8", "@ptr9", "@ptr10", "SL:DATE_TIME]", "IN:GET_REMINDER]"]}
{"loss": 0.971092164516449, "class_log_probabilities": [-0.5915143489837646, -6.53169059753418, -8.07718276977539, -8.112833023071289], "predictions": [33, 36, 399, 400, 401, 402, 403, 404, 405, 37, 38, 4], "target_tokens": ["[IN:DELETE_REMINDER", "[SL:TODO", "@ptr4", "@ptr5", "@ptr6", "@ptr7", "@ptr8", "@ptr9", "@ptr10", "SL:TODO]", "IN:DELETE_REMINDER]"], "predicted_tokens": ["[IN:DELETE_REMINDER", "[SL:TODO", "@ptr4", "@ptr5", "@ptr6", "@ptr7", "@ptr8", "@ptr9", "@ptr10", "SL:TODO]", "IN:DELETE_REMINDER]"]}
{"loss": 1.9055148363113403, "class_log_probabilities": [-4.895312786102295, -5.963232517242432, -6.086213111877441, -6.556380271911621], "predictions": [111, 34, 397, 35, 36, 143, 16, 399, 400, 401, 17, 36, 403, 404, 405, 406, 37, 16, 410, 411, 412, 413, 17, 144, 37, 16, 410, 411, 412, 413, 17, 112, 4, 4], "target_tokens": ["[IN:UPDATE_REMINDER_DATE_TIME", "[SL:PERSON_REMINDED", "@ptr1", "SL:PERSON_REMINDED]", "[SL:DATE_TIME", "@ptr3", "@ptr4", "@ptr5", "@ptr6", "SL:DATE_TIME]", "[SL:TODO", "@ptr9", "SL:TODO]", "[SL:DATE_TIME", "@ptr10", "@ptr11", "SL:DATE_TIME]", "[SL:DATE_TIME", "@ptr14", "@ptr15", "@ptr16", "@ptr17", "@ptr18", "SL:DATE_TIME]", "IN:UPDATE_REMINDER_DATE_TIME]"], "predicted_tokens": ["[IN:UPDATE_REMINDER_DATE_TIME", "[SL:PERSON_REMINDED", "@ptr2", "SL:PERSON_REMINDED]", "[SL:TODO", "[IN:GET_TODO", "[SL:DATE_TIME", "@ptr4", "@ptr5", "@ptr6", "SL:DATE_TIME]", "[SL:TODO", "@ptr8", "@ptr9", "@ptr10", "@ptr11", "SL:TODO]", "[SL:DATE_TIME", "@ptr15", "@ptr16", "@ptr17", "@ptr18", "SL:DATE_TIME]", "IN:GET_TODO]", "SL:TODO]", "[SL:DATE_TIME", "@ptr15", "@ptr16", "@ptr17", "@ptr18", "SL:DATE_TIME]", "IN:UPDATE_REMINDER_DATE_TIME]"]}
{"loss": 3.13960337638855, "class_log_probabilities": [-0.8554633259773254, -5.348236083984375, -5.487805366516113, -6.722442626953125], "predictions": [49, 34, 397, 35, 36, 400, 401, 402, 403, 404, 37, 16, 405, 406, 17, 50, 4], "target_tokens": ["[IN:CREATE_REMINDER", "[SL:TODO", "[IN:GET_TODO", "[SL:TODO", "@ptr5", "@ptr6", "@ptr7", "@ptr8", "SL:TODO]", "[SL:DATE_TIME", "@ptr9", "@ptr10", "SL:DATE_TIME]", "IN:GET_TODO]", "SL:TODO]", "[SL:PERSON_REMINDED", "@ptr2", "SL:PERSON_REMINDED]", "IN:CREATE_REMINDER]"], "predicted_tokens": ["[IN:CREATE_REMINDER", "[SL:PERSON_REMINDED", "@ptr2", "SL:PERSON_REMINDED]", "[SL:TODO", "@ptr5", "@ptr6", "@ptr7", "@ptr8", "@ptr9", "SL:TODO]", "[SL:DATE_TIME", "@ptr10", "@ptr11", "SL:DATE_TIME]", "IN:CREATE_REMINDER]"]}
{"loss": 1.688246488571167, "class_log_probabilities": [-0.8811622262001038, -4.258848667144775, -5.396645545959473, -6.255537986755371], "predictions": [49, 34, 396, 35, 36, 75, 6, 399, 7, 78, 37, 16, 400, 17, 50, 4, 4, 4], "target_tokens": ["[IN:CREATE_REMINDER", "[SL:PERSON_REMINDED", "@ptr1", "SL:PERSON_REMINDED]", "[SL:DATE_TIME", "@ptr5", "SL:DATE_TIME]", "[SL:TODO", "[IN:CREATE_CALL", "[SL:CONTACT", "@ptr4", "SL:CONTACT]", "IN:CREATE_CALL]", "SL:TODO]", "IN:CREATE_REMINDER]"], "predicted_tokens": ["[IN:CREATE_REMINDER", "[SL:PERSON_REMINDED", "@ptr1", "SL:PERSON_REMINDED]", "[SL:TODO", "[IN:CREATE_CALL", "[SL:CONTACT", "@ptr4", "SL:CONTACT]", "IN:CREATE_CALL]", "SL:TODO]", "[SL:DATE_TIME", "@ptr5", "SL:DATE_TIME]", "IN:CREATE_REMINDER]"]}
{"loss": 1.2364718914031982, "class_log_probabilities": [-3.913496971130371, -4.376108169555664, -4.474629878997803, -4.612634181976318], "predictions": [111, 34, 396, 35, 36, 398, 399, 400, 401, 402, 403, 404, 37, 16, 405, 406, 407, 17, 16, 409, 410, 411, 412, 413, 414, 415, 416, 17, 112, 4, 4, 4, 4], "target_tokens": ["[IN:UPDATE_REMINDER_DATE_TIME", "[SL:PERSON_REMINDED", "@ptr1", "SL:PERSON_REMINDED]", "[SL:TODO", "@ptr4", "@ptr5", "@ptr6", "@ptr7", "@ptr8", "@ptr9", "SL:TODO]", "[SL:DATE_TIME", "@ptr10", "@ptr11", "@ptr12", "@ptr13", "SL:DATE_TIME]", "[SL:DATE_TIME", "@ptr14", "@ptr15", "@ptr16", "@ptr17", "@ptr18", "@ptr19", "@ptr20", "@ptr21", "@ptr22", "SL:DATE_TIME]", "IN:UPDATE_REMINDER_DATE_TIME]"], "predicted_tokens": ["[IN:UPDATE_REMINDER_DATE_TIME", "[SL:PERSON_REMINDED", "@ptr1", "SL:PERSON_REMINDED]", "[SL:TODO", "@ptr3", "@ptr4", "@ptr5", "@ptr6", "@ptr7", "@ptr8", "@ptr9", "SL:TODO]", "[SL:DATE_TIME", "@ptr10", "@ptr11", "@ptr12", "SL:DATE_TIME]", "[SL:DATE_TIME", "@ptr14", "@ptr15", "@ptr16", "@ptr17", "@ptr18", "@ptr19", "@ptr20", "@ptr21", "SL:DATE_TIME]", "IN:UPDATE_REMINDER_DATE_TIME]"]}
{"loss": 2.4158151149749756, "class_log_probabilities": [-3.4948480129241943, -3.57615327835083, -3.645660161972046, -4.037448883056641], "predictions": [49, 36, 143, 36, 75, 6, 401, 7, 78, 37, 36, 402, 403, 404, 405, 406, 407, 37, 16, 408, 409, 17, 144, 37, 50, 4, 4, 4], "target_tokens": ["[IN:CREATE_REMINDER", "[SL:TODO", "@ptr3", "@ptr4", "@ptr5", "@ptr6", "@ptr7", "@ptr8", "@ptr9", "@ptr10", "@ptr11", "@ptr12", "SL:TODO]", "[SL:DATE_TIME", "@ptr14", "SL:DATE_TIME]", "IN:CREATE_REMINDER]"], "predicted_tokens": ["[IN:CREATE_REMINDER", "[SL:TODO", "[IN:GET_TODO", "[SL:TODO", "[IN:CREATE_CALL", "[SL:CONTACT", "@ptr6", "SL:CONTACT]", "IN:CREATE_CALL]", "SL:TODO]", "[SL:TODO", "@ptr7", "@ptr8", "@ptr9", "@ptr10", "@ptr11", "@ptr12", "SL:TODO]", "[SL:DATE_TIME", "@ptr13", "@ptr14", "SL:DATE_TIME]", "IN:GET_TODO]", "SL:TODO]", "IN:CREATE_REMINDER]"]}
{"loss": 4.0811052322387695, "class_log_probabilities": [-0.8684080839157104, -3.806216239929199, -6.29803466796875, -7.6983513832092285], "predictions": [47, 36, 400, 37, 16, 401, 402, 403, 404, 405, 17, 48, 4, 4, 4], "target_tokens": ["[IN:GET_REMINDER", "[SL:PERSON_REMINDED", "@ptr1", "SL:PERSON_REMINDED]", "[SL:DATE_TIME", "@ptr5", "@ptr9", "@ptr10", "SL:DATE_TIME]", "[SL:DATE_TIME", "@ptr6", "@ptr7", "@ptr8", "SL:DATE_TIME]", "IN:GET_REMINDER]"], "predicted_tokens": ["[IN:GET_REMINDER", "[SL:TODO", "@ptr5", "SL:TODO]", "[SL:DATE_TIME", "@ptr6", "@ptr7", "@ptr8", "@ptr9", "@ptr10", "SL:DATE_TIME]", "IN:GET_REMINDER]"]}
{"loss": 1.8725413084030151, "class_log_probabilities": [-0.5708945989608765, -7.8457112312316895, -8.073545455932617, -8.598617553710938], "predictions": [111, 36, 399, 400, 401, 37, 16, 402, 403, 17, 112, 4, 4, 4, 4, 4], "target_tokens": ["[IN:UPDATE_REMINDER_DATE_TIME", "[SL:PERSON_REMINDED", "@ptr1", "SL:PERSON_REMINDED]", "[SL:TODO", "@ptr4", "@ptr5", "@ptr6", "SL:TODO]", "[SL:DATE_TIME", "@ptr7", "@ptr8", "SL:DATE_TIME]", "IN:UPDATE_REMINDER_DATE_TIME]"], "predicted_tokens": ["[IN:UPDATE_REMINDER_DATE_TIME", "[SL:TODO", "@ptr4", "@ptr5", "@ptr6", "SL:TODO]", "[SL:DATE_TIME", "@ptr7", "@ptr8", "SL:DATE_TIME]", "IN:UPDATE_REMINDER_DATE_TIME]"]}
{"loss": 3.0854272842407227, "class_log_probabilities": [-3.525540828704834, -3.528857469558716, -4.840765476226807, -5.1618266105651855], "predictions": [331, 34, 398, 35, 36, 401, 402, 403, 37, 14, 404, 15, 16, 405, 406, 407, 17, 332, 4, 4, 4, 4, 4, 4, 4], "target_tokens": ["[IN:UPDATE_REMINDER", "[SL:PERSON_REMINDED", "@ptr3", "SL:PERSON_REMINDED]", "[SL:DATE_TIME", "@ptr11", "@ptr12", "SL:DATE_TIME]", "[SL:TODO", "@ptr7", "SL:TODO]", "[SL:LOCATION", "@ptr9", "SL:LOCATION]", "IN:UPDATE_REMINDER]"], "predicted_tokens": ["[IN:UPDATE_REMINDER", "[SL:PERSON_REMINDED", "@ptr3", "SL:PERSON_REMINDED]", "[SL:TODO", "@ptr6", "@ptr7", "@ptr8", "SL:TODO]", "[SL:LOCATION", "@ptr9", "SL:LOCATION]", "[SL:DATE_TIME", "@ptr10", "@ptr11", "@ptr12", "SL:DATE_TIME]", "IN:UPDATE_REMINDER]"]}
{"loss": 1.93043053150177, "class_log_probabilities": [-3.7294163703918457, -3.8135147094726562, -3.92710280418396, -3.9383904933929443], "predictions": [163, 36, 397, 398, 399, 37, 34, 402, 35, 164, 4], "target_tokens": ["[IN:UPDATE_REMINDER_TODO", "[SL:TODO", "@ptr1", "@ptr2", "@ptr3", "@ptr4", "SL:TODO]", "[SL:PERSON_REMINDED", "@ptr6", "SL:PERSON_REMINDED]", "[SL:TODO", "@ptr9", "SL:TODO]", "IN:UPDATE_REMINDER_TODO]"], "predicted_tokens": ["[IN:UPDATE_REMINDER_TODO", "[SL:TODO", "@ptr2", "@ptr3", "@ptr4", "SL:TODO]", "[SL:PERSON_REMINDED", "@ptr7", "SL:PERSON_REMINDED]", "IN:UPDATE_REMINDER_TODO]"]}
{"loss": 2.8410868644714355, "class_log_probabilities": [-3.0657384395599365, -3.644301414489746, -5.234674453735352, -5.4310302734375], "predictions": [111, 36, 143, 36, 399, 400, 37, 243, 402, 403, 244, 16, 408, 409, 410, 17, 144, 37, 16, 408, 409, 410, 17, 112, 4], "target_tokens": ["[IN:UPDATE_REMINDER_DATE_TIME", "[SL:PERSON_REMINDED", "@ptr4", "SL:PERSON_REMINDED]", "[SL:TODO", "@ptr5", "@ptr6", "@ptr7", "@ptr8", "SL:TODO]", "[SL:DATE_TIME", "@ptr13", "@ptr14", "@ptr15", "SL:DATE_TIME]", "IN:UPDATE_REMINDER_DATE_TIME]"], "predicted_tokens": ["[IN:UPDATE_REMINDER_DATE_TIME", "[SL:TODO", "[IN:GET_TODO", "[SL:TODO", "@ptr4", "@ptr5", "SL:TODO]", "[SL:ATTENDEE", "@ptr7", "@ptr8", "SL:ATTENDEE]", "[SL:DATE_TIME", "@ptr13", "@ptr14", "@ptr15", "SL:DATE_TIME]", "IN:GET_TODO]", "SL:TODO]", "[SL:DATE_TIME", "@ptr13", "@ptr14", "@ptr15", "SL:DATE_TIME]", "IN:UPDATE_REMINDER_DATE_TIME]"]}
{"loss": 1.582183837890625, "class_log_probabilities": [-0.6497014164924622, -4.142604827880859, -5.567131519317627, -6.644575595855713], "predictions": [163, 36, 396, 37, 36, 400, 401, 402, 403, 404, 37, 164, 4, 4, 4, 4], "target_tokens": ["[IN:UPDATE_REMINDER_TODO", "[SL:TODO", "@ptr1", "SL:TODO]", "[SL:TODO", "@ptr6", "@ptr7", "@ptr8", "@ptr9", "SL:TODO]", "IN:UPDATE_REMINDER_TODO]"], "predicted_tokens": ["[IN:UPDATE_REMINDER_TODO", "[SL:TODO", "@ptr1", "SL:TODO]", "[SL:TODO", "@ptr5", "@ptr6", "@ptr7", "@ptr8", "@ptr9", "SL:TODO]", "IN:UPDATE_REMINDER_TODO]"]}
{"loss": 2.0519919395446777, "class_log_probabilities": [-0.8734493851661682, -3.004713296890259, -5.452545642852783, -6.558008193969727], "predictions": [111, 36, 399, 400, 37, 16, 401, 402, 17, 16, 406, 407, 408, 17, 112, 4, 4, 4, 4, 4, 4], "target_tokens": ["[IN:UPDATE_REMINDER_DATE_TIME", "[SL:TODO", "@ptr5", "SL:TODO]", "[SL:DATE_TIME", "@ptr7", "SL:DATE_TIME]", "[SL:DATE_TIME", "@ptr11", "@ptr12", "@ptr13", "SL:DATE_TIME]", "IN:UPDATE_REMINDER_DATE_TIME]"], "predicted_tokens": ["[IN:UPDATE_REMINDER_DATE_TIME", "[SL:TODO", "@ptr4", "@ptr5", "SL:TODO]", "[SL:DATE_TIME", "@ptr6", "@ptr7", "SL:DATE_TIME]", "[SL:DATE_TIME", "@ptr11", "@ptr12", "@ptr13", "SL:DATE_TIME]", "IN:UPDATE_REMINDER_DATE_TIME]"]}
{"loss": 1.172856092453003, "class_log_probabilities": [-1.3036017417907715, -3.5315403938293457, -4.804752826690674, -5.680485725402832], "predictions": [111, 34, 399, 35, 36, 400, 401, 402, 37, 16, 403, 404, 405, 406, 407, 408, 409, 17, 112, 4, 4, 4, 4, 4, 4, 4, 4, 4, 4, 4, 4, 4, 4], "target_tokens": ["[IN:UPDATE_REMINDER_DATE_TIME", "[SL:PERSON_REMINDED", "@ptr4", "SL:PERSON_REMINDED]", "[SL:TODO", "@ptr5", "@ptr6", "@ptr7", "SL:TODO]", "[SL:DATE_TIME", "@ptr8", "@ptr9", "@ptr10", "@ptr11", "@ptr12", "@ptr13", "@ptr14", "SL:DATE_TIME]", "[SL:DATE_TIME", "@ptr15", "@ptr16", "@ptr17", "@ptr18", "@ptr19", "@ptr20", "@ptr21", "SL:DATE_TIME]", "IN:UPDATE_REMINDER_DATE_TIME]"], "predicted_tokens": ["[IN:UPDATE_REMINDER_DATE_TIME", "[SL:PERSON_REMINDED", "@ptr4", "SL:PERSON_REMINDED]", "[SL:TODO", "@ptr5", "@ptr6", "@ptr7", "SL:TODO]", "[SL:DATE_TIME", "@ptr8", "@ptr9", "@ptr10", "@ptr11", "@ptr12", "@ptr13", "@ptr14", "SL:DATE_TIME]", "IN:UPDATE_REMINDER_DATE_TIME]"]}
{"loss": 1.3139373064041138, "class_log_probabilities": [-1.3979830741882324, -4.100249290466309, -4.511533260345459, -5.283113956451416], "predictions": [111, 36, 401, 402, 37, 16, 403, 404, 405, 406, 407, 17, 16, 408, 409, 410, 411, 412, 17, 112, 4], "target_tokens": ["[IN:UPDATE_REMINDER_DATE_TIME", "[SL:TODO", "@ptr5", "@ptr6", "@ptr7", "SL:TODO]", "[SL:DATE_TIME", "@ptr8", "@ptr9", "@ptr10", "@ptr11", "@ptr12", "SL:DATE_TIME]", "[SL:DATE_TIME", "@ptr13", "@ptr14", "@ptr15", "@ptr16", "@ptr17", "SL:DATE_TIME]", "IN:UPDATE_REMINDER_DATE_TIME]"], "predicted_tokens": ["[IN:UPDATE_REMINDER_DATE_TIME", "[SL:TODO", "@ptr6", "@ptr7", "SL:TODO]", "[SL:DATE_TIME", "@ptr8", "@ptr9", "@ptr10", "@ptr11", "@ptr12", "SL:DATE_TIME]", "[SL:DATE_TIME", "@ptr13", "@ptr14", "@ptr15", "@ptr16", "@ptr17", "SL:DATE_TIME]", "IN:UPDATE_REMINDER_DATE_TIME]"]}
{"loss": 1.2114784717559814, "class_log_probabilities": [-0.7178735733032227, -5.330777645111084, -5.3770222663879395, -6.9063801765441895], "predictions": [47, 120, 396, 121, 16, 399, 400, 401, 17, 36, 403, 37, 48, 4, 4, 4, 4], "target_tokens": ["[IN:GET_REMINDER", "[SL:METHOD_RETRIEVAL_REMINDER", "@ptr0", "SL:METHOD_RETRIEVAL_REMINDER]", "[SL:AMOUNT", "@ptr1", "SL:AMOUNT]", "[SL:DATE_TIME", "@ptr4", "@ptr5", "@ptr6", "SL:DATE_TIME]", "[SL:TODO", "@ptr8", "SL:TODO]", "IN:GET_REMINDER]"], "predicted_tokens": ["[IN:GET_REMINDER", "[SL:AMOUNT", "@ptr1", "SL:AMOUNT]", "[SL:DATE_TIME", "@ptr4", "@ptr5", "@ptr6", "SL:DATE_TIME]", "[SL:TODO", "@ptr8", "SL:TODO]", "IN:GET_REMINDER]"]}
{"loss": 1.585942029953003, "class_log_probabilities": [-1.382554292678833, -4.8423943519592285, -5.097456932067871, -5.771864891052246], "predictions": [49, 34, 396, 35, 36, 143, 36, 397, 398, 399, 400, 37, 16, 401, 402, 403, 17, 14, 405, 15, 144, 37, 50, 4, 4], "target_tokens": ["[IN:CREATE_REMINDER", "[SL:PERSON_REMINDED", "@ptr1", "SL:PERSON_REMINDED]", "[SL:TODO", "[IN:GET_TODO", "[SL:TODO", "@ptr3", "@ptr4", "@ptr5", "SL:TODO]", "[SL:DATE_TIME", "@ptr7", "@ptr8", "SL:DATE_TIME]", "[SL:LOCATION", "@ptr10", "SL:LOCATION]", "IN:GET_TODO]", "SL:TODO]", "IN:CREATE_REMINDER]"], "predicted_tokens": ["[IN:CREATE_REMINDER", "[SL:PERSON_REMINDED", "@ptr1", "SL:PERSON_REMINDED]", "[SL:TODO", "[IN:GET_TODO", "[SL:TODO", "@ptr2", "@ptr3", "@ptr4", "@ptr5", "SL:TODO]", "[SL:DATE_TIME", "@ptr6", "@ptr7", "@ptr8", "SL:DATE_TIME]", "[SL:LOCATION", "@ptr10", "SL:LOCATION]", "IN:GET_TODO]", "SL:TODO]", "IN:CREATE_REMINDER]"]}
{"loss": 0.9710379838943481, "class_log_probabilities": [-0.7708587050437927, -7.825901508331299, -8.491581916809082, -8.958906173706055], "predictions": [49, 34, 396, 35, 36, 398, 399, 400, 401, 402, 403, 404, 405, 37, 50, 4, 4, 4], "target_tokens": ["[IN:CREATE_REMINDER", "[SL:PERSON_REMINDED", "@ptr1", "SL:PERSON_REMINDED]", "[SL:TODO", "@ptr3", "@ptr4", "@ptr5", "@ptr6", "@ptr7", "@ptr8", "@ptr9", "@ptr10", "SL:TODO]", "IN:CREATE_REMINDER]"], "predicted_tokens": ["[IN:CREATE_REMINDER", "[SL:PERSON_REMINDED", "@ptr1", "SL:PERSON_REMINDED]", "[SL:TODO", "@ptr3", "@ptr4", "@ptr5", "@ptr6", "@ptr7", "@ptr8", "@ptr9", "@ptr10", "SL:TODO]", "IN:CREATE_REMINDER]"]}
{"loss": 0.9669710397720337, "class_log_probabilities": [-0.6910006999969482, -7.62129020690918, -7.971197128295898, -8.264005661010742], "predictions": [33, 34, 396, 35, 36, 399, 400, 401, 402, 403, 37, 38, 4], "target_tokens": ["[IN:DELETE_REMINDER", "[SL:PERSON_REMINDED", "@ptr1", "SL:PERSON_REMINDED]", "[SL:TODO", "@ptr4", "@ptr5", "@ptr6", "@ptr7", "@ptr8", "SL:TODO]", "IN:DELETE_REMINDER]"], "predicted_tokens": ["[IN:DELETE_REMINDER", "[SL:PERSON_REMINDED", "@ptr1", "SL:PERSON_REMINDED]", "[SL:TODO", "@ptr4", "@ptr5", "@ptr6", "@ptr7", "@ptr8", "SL:TODO]", "IN:DELETE_REMINDER]"]}
{"loss": 1.803808331489563, "class_log_probabilities": [-1.5793185234069824, -3.855294704437256, -4.8764729499816895, -5.930444717407227], "predictions": [49, 34, 396, 35, 16, 398, 399, 400, 401, 402, 403, 17, 36, 404, 405, 406, 407, 408, 409, 410, 411, 412, 413, 37, 50, 4, 4, 4], "target_tokens": ["[IN:CREATE_REMINDER", "[SL:PERSON_REMINDED", "@ptr1", "SL:PERSON_REMINDED]", "[SL:TODO", "@ptr10", "@ptr11", "@ptr12", "@ptr13", "@ptr14", "@ptr15", "@ptr16", "@ptr17", "@ptr18", "SL:TODO]", "[SL:DATE_TIME", "@ptr3", "@ptr4", "@ptr5", "@ptr6", "@ptr7", "@ptr8", "SL:DATE_TIME]", "IN:CREATE_REMINDER]"], "predicted_tokens": ["[IN:CREATE_REMINDER", "[SL:PERSON_REMINDED", "@ptr1", "SL:PERSON_REMINDED]", "[SL:DATE_TIME", "@ptr3", "@ptr4", "@ptr5", "@ptr6", "@ptr7", "@ptr8", "SL:DATE_TIME]", "[SL:TODO", "@ptr9", "@ptr10", "@ptr11", "@ptr12", "@ptr13", "@ptr14", "@ptr15", "@ptr16", "@ptr17", "@ptr18", "SL:TODO]", "IN:CREATE_REMINDER]"]}
{"loss": 3.1506481170654297, "class_log_probabilities": [-4.625360012054443, -5.8852643966674805, -6.141993045806885, -7.599233150482178], "predictions": [49, 34, 399, 35, 34, 401, 35, 36, 143, 16, 402, 403, 404, 17, 36, 410, 411, 412, 413, 414, 415, 416, 404, 37, 144, 37, 16, 405, 406, 17, 50, 4, 4, 4], "target_tokens": ["[IN:CREATE_REMINDER", "[SL:PERSON_REMINDED", "@ptr4", "SL:PERSON_REMINDED]", "[SL:PERSON_REMINDED", "@ptr6", "SL:PERSON_REMINDED]", "[SL:TODO", "[IN:GET_TODO", "[SL:TODO", "@ptr16", "@ptr17", "@ptr18", "SL:TODO]", "[SL:DATE_TIME", "@ptr21", "SL:DATE_TIME]", "IN:GET_TODO]", "SL:TODO]", "[SL:DATE_TIME", "@ptr8", "SL:DATE_TIME]", "[SL:DATE_TIME", "@ptr11", "SL:DATE_TIME]", "IN:CREATE_REMINDER]"], "predicted_tokens": ["[IN:CREATE_REMINDER", "[SL:PERSON_REMINDED", "@ptr4", "SL:PERSON_REMINDED]", "[SL:PERSON_REMINDED", "@ptr6", "SL:PERSON_REMINDED]", "[SL:TODO", "[IN:GET_TODO", "[SL:DATE_TIME", "@ptr7", "@ptr8", "@ptr9", "SL:DATE_TIME]", "[SL:TODO", "@ptr15", "@ptr16", "@ptr17", "@ptr18", "@ptr19", "@ptr20", "@ptr21", "@ptr9", "SL:TODO]", "IN:GET_TODO]", "SL:TODO]", "[SL:DATE_TIME", "@ptr10", "@ptr11", "SL:DATE_TIME]", "IN:CREATE_REMINDER]"]}
{"loss": 0.9770322442054749, "class_log_probabilities": [-1.1132097244262695, -5.994721412658691, -6.509274959564209, -7.176084518432617], "predictions": [49, 34, 396, 35, 36, 397, 398, 399, 400, 401, 402, 37, 16, 403, 404, 405, 406, 407, 408, 17, 50, 4, 4, 4], "target_tokens": ["[IN:CREATE_REMINDER", "[SL:PERSON_REMINDED", "@ptr1", "SL:PERSON_REMINDED]", "[SL:TODO", "@ptr2", "@ptr3", "@ptr4", "@ptr5", "@ptr6", "@ptr7", "SL:TODO]", "[SL:DATE_TIME", "@ptr8", "@ptr9", "@ptr10", "@ptr11", "@ptr12", "@ptr13", "SL:DATE_TIME]", "IN:CREATE_REMINDER]"], "predicted_tokens": ["[IN:CREATE_REMINDER", "[SL:PERSON_REMINDED", "@ptr1", "SL:PERSON_REMINDED]", "[SL:TODO", "@ptr2", "@ptr3", "@ptr4", "@ptr5", "@ptr6", "@ptr7", "SL:TODO]", "[SL:DATE_TIME", "@ptr8", "@ptr9", "@ptr10", "@ptr11", "@ptr12", "@ptr13", "SL:DATE_TIME]", "IN:CREATE_REMINDER]"]}
{"loss": 0.979779839515686, "class_log_probabilities": [-0.8979446887969971, -4.973579406738281, -7.764856338500977, -8.370992660522461], "predictions": [49, 34, 396, 35, 36, 400, 401, 402, 403, 37, 16, 404, 405, 406, 407, 408, 409, 17, 50, 4, 4, 4, 4, 4], "target_tokens": ["[IN:CREATE_REMINDER", "[SL:PERSON_REMINDED", "@ptr1", "SL:PERSON_REMINDED]", "[SL:TODO", "@ptr5", "@ptr6", "@ptr7", "@ptr8", "SL:TODO]", "[SL:DATE_TIME", "@ptr9", "@ptr10", "@ptr11", "@ptr12", "@ptr13", "@ptr14", "SL:DATE_TIME]", "IN:CREATE_REMINDER]"], "predicted_tokens": ["[IN:CREATE_REMINDER", "[SL:PERSON_REMINDED", "@ptr1", "SL:PERSON_REMINDED]", "[SL:TODO", "@ptr5", "@ptr6", "@ptr7", "@ptr8", "SL:TODO]", "[SL:DATE_TIME", "@ptr9", "@ptr10", "@ptr11", "@ptr12", "@ptr13", "@ptr14", "SL:DATE_TIME]", "IN:CREATE_REMINDER]"]}
{"loss": 1.1645063161849976, "class_log_probabilities": [-3.9220426082611084, -5.158324718475342, -5.3368096351623535, -5.6884284019470215], "predictions": [49, 34, 396, 35, 36, 143, 36, 399, 400, 401, 402, 403, 404, 405, 406, 37, 16, 407, 408, 409, 410, 411, 17, 144, 37, 50, 4], "target_tokens": ["[IN:CREATE_REMINDER", "[SL:PERSON_REMINDED", "@ptr1", "SL:PERSON_REMINDED]", "[SL:TODO", "@ptr3", "@ptr4", "@ptr5", "@ptr6", "@ptr7", "@ptr8", "@ptr9", "@ptr10", "@ptr11", "SL:TODO]", "[SL:DATE_TIME", "@ptr12", "@ptr13", "@ptr14", "@ptr15", "@ptr16", "SL:DATE_TIME]", "IN:CREATE_REMINDER]"], "predicted_tokens": ["[IN:CREATE_REMINDER", "[SL:PERSON_REMINDED", "@ptr1", "SL:PERSON_REMINDED]", "[SL:TODO", "[IN:GET_TODO", "[SL:TODO", "@ptr4", "@ptr5", "@ptr6", "@ptr7", "@ptr8", "@ptr9", "@ptr10", "@ptr11", "SL:TODO]", "[SL:DATE_TIME", "@ptr12", "@ptr13", "@ptr14", "@ptr15", "@ptr16", "SL:DATE_TIME]", "IN:GET_TODO]", "SL:TODO]", "IN:CREATE_REMINDER]"]}
{"loss": 0.968616783618927, "class_log_probabilities": [-0.7506564259529114, -8.298650741577148, -8.419930458068848, -8.48398208618164], "predictions": [33, 120, 396, 121, 16, 399, 400, 401, 402, 403, 404, 17, 38, 4, 4, 4], "target_tokens": ["[IN:DELETE_REMINDER", "[SL:AMOUNT", "@ptr1", "SL:AMOUNT]", "[SL:DATE_TIME", "@ptr4", "@ptr5", "@ptr6", "@ptr7", "@ptr8", "@ptr9", "SL:DATE_TIME]", "IN:DELETE_REMINDER]"], "predicted_tokens": ["[IN:DELETE_REMINDER", "[SL:AMOUNT", "@ptr1", "SL:AMOUNT]", "[SL:DATE_TIME", "@ptr4", "@ptr5", "@ptr6", "@ptr7", "@ptr8", "@ptr9", "SL:DATE_TIME]", "IN:DELETE_REMINDER]"]}
{"loss": 1.915622353553772, "class_log_probabilities": [-3.2812957763671875, -3.4349968433380127, -4.159068584442139, -6.919853687286377], "predictions": [49, 36, 143, 36, 401, 402, 403, 404, 405, 37, 16, 410, 411, 412, 413, 414, 17, 144, 37, 50, 4, 4, 4, 4, 4, 4, 4, 4], "target_tokens": ["[IN:CREATE_REMINDER", "[SL:TODO", "@ptr4", "@ptr5", "@ptr6", "@ptr7", "@ptr8", "@ptr9", "@ptr10", "SL:TODO]", "[SL:PERSON_REMINDED", "@ptr14", "SL:PERSON_REMINDED]", "[SL:DATE_TIME", "@ptr15", "@ptr16", "@ptr17", "@ptr18", "@ptr19", "SL:DATE_TIME]", "IN:CREATE_REMINDER]"], "predicted_tokens": ["[IN:CREATE_REMINDER", "[SL:TODO", "[IN:GET_TODO", "[SL:TODO", "@ptr6", "@ptr7", "@ptr8", "@ptr9", "@ptr10", "SL:TODO]", "[SL:DATE_TIME", "@ptr15", "@ptr16", "@ptr17", "@ptr18", "@ptr19", "SL:DATE_TIME]", "IN:GET_TODO]", "SL:TODO]", "IN:CREATE_REMINDER]"]}
{"loss": 0.9712973237037659, "class_log_probabilities": [-0.926902711391449, -8.329194068908691, -8.443860054016113, -8.65212345123291], "predictions": [49, 34, 396, 35, 36, 398, 399, 400, 401, 402, 403, 404, 405, 37, 16, 406, 17, 50, 4, 4, 4], "target_tokens": ["[IN:CREATE_REMINDER", "[SL:PERSON_REMINDED", "@ptr1", "SL:PERSON_REMINDED]", "[SL:TODO", "@ptr3", "@ptr4", "@ptr5", "@ptr6", "@ptr7", "@ptr8", "@ptr9", "@ptr10", "SL:TODO]", "[SL:DATE_TIME", "@ptr11", "SL:DATE_TIME]", "IN:CREATE_REMINDER]"], "predicted_tokens": ["[IN:CREATE_REMINDER", "[SL:PERSON_REMINDED", "@ptr1", "SL:PERSON_REMINDED]", "[SL:TODO", "@ptr3", "@ptr4", "@ptr5", "@ptr6", "@ptr7", "@ptr8", "@ptr9", "@ptr10", "SL:TODO]", "[SL:DATE_TIME", "@ptr11", "SL:DATE_TIME]", "IN:CREATE_REMINDER]"]}
{"loss": 0.9695273041725159, "class_log_probabilities": [-0.4118986129760742, -8.180258750915527, -8.30850601196289, -8.391719818115234], "predictions": [33, 36, 399, 400, 401, 37, 38, 4, 4, 4], "target_tokens": ["[IN:DELETE_REMINDER", "[SL:TODO", "@ptr4", "@ptr5", "@ptr6", "SL:TODO]", "IN:DELETE_REMINDER]"], "predicted_tokens": ["[IN:DELETE_REMINDER", "[SL:TODO", "@ptr4", "@ptr5", "@ptr6", "SL:TODO]", "IN:DELETE_REMINDER]"]}
{"loss": 0.9763910174369812, "class_log_probabilities": [-0.8781242370605469, -6.1913161277771, -7.959519863128662, -8.176934242248535], "predictions": [49, 34, 396, 35, 36, 399, 400, 401, 402, 403, 404, 405, 406, 407, 408, 409, 37, 50, 4, 4, 4, 4, 4, 4, 4, 4, 4, 4, 4], "target_tokens": ["[IN:CREATE_REMINDER", "[SL:PERSON_REMINDED", "@ptr1", "SL:PERSON_REMINDED]", "[SL:TODO", "@ptr4", "@ptr5", "@ptr6", "@ptr7", "@ptr8", "@ptr9", "@ptr10", "@ptr11", "@ptr12", "@ptr13", "@ptr14", "SL:TODO]", "IN:CREATE_REMINDER]"], "predicted_tokens": ["[IN:CREATE_REMINDER", "[SL:PERSON_REMINDED", "@ptr1", "SL:PERSON_REMINDED]", "[SL:TODO", "@ptr4", "@ptr5", "@ptr6", "@ptr7", "@ptr8", "@ptr9", "@ptr10", "@ptr11", "@ptr12", "@ptr13", "@ptr14", "SL:TODO]", "IN:CREATE_REMINDER]"]}
{"loss": 1.3258529901504517, "class_log_probabilities": [-2.0686795711517334, -3.3939270973205566, -4.17266321182251, -5.52810001373291], "predictions": [49, 34, 396, 35, 36, 397, 398, 399, 400, 401, 402, 37, 16, 403, 404, 17, 50, 4, 4, 4, 4], "target_tokens": ["[IN:CREATE_REMINDER", "[SL:PERSON_REMINDED", "@ptr1", "SL:PERSON_REMINDED]", "[SL:TODO", "@ptr2", "@ptr3", "@ptr4", "@ptr5", "@ptr6", "@ptr7", "SL:TODO]", "[SL:DATE_TIME", "@ptr9", "SL:DATE_TIME]", "IN:CREATE_REMINDER]"], "predicted_tokens": ["[IN:CREATE_REMINDER", "[SL:PERSON_REMINDED", "@ptr1", "SL:PERSON_REMINDED]", "[SL:TODO", "@ptr2", "@ptr3", "@ptr4", "@ptr5", "@ptr6", "@ptr7", "SL:TODO]", "[SL:DATE_TIME", "@ptr8", "@ptr9", "SL:DATE_TIME]", "IN:CREATE_REMINDER]"]}
{"loss": 2.276796579360962, "class_log_probabilities": [-2.5950093269348145, -3.3745458126068115, -4.349798679351807, -4.430094242095947], "predictions": [49, 34, 396, 35, 36, 143, 36, 398, 399, 37, 243, 401, 244, 36, 403, 404, 37, 144, 37, 16, 405, 406, 407, 408, 409, 410, 17, 50, 4], "target_tokens": ["[IN:CREATE_REMINDER", "[SL:PERSON_REMINDED", "@ptr1", "SL:PERSON_REMINDED]", "[SL:TODO", "@ptr4", "@ptr5", "@ptr6", "@ptr7", "@ptr8", "SL:TODO]", "[SL:DATE_TIME", "@ptr10", "@ptr11", "@ptr12", "@ptr13", "@ptr14", "@ptr15", "SL:DATE_TIME]", "IN:CREATE_REMINDER]"], "predicted_tokens": ["[IN:CREATE_REMINDER", "[SL:PERSON_REMINDED", "@ptr1", "SL:PERSON_REMINDED]", "[SL:TODO", "[IN:GET_TODO", "[SL:TODO", "@ptr3", "@ptr4", "SL:TODO]", "[SL:ATTENDEE", "@ptr6", "SL:ATTENDEE]", "[SL:TODO", "@ptr8", "@ptr9", "SL:TODO]", "IN:GET_TODO]", "SL:TODO]", "[SL:DATE_TIME", "@ptr10", "@ptr11", "@ptr12", "@ptr13", "@ptr14", "@ptr15", "SL:DATE_TIME]", "IN:CREATE_REMINDER]"]}
{"loss": 1.5538475513458252, "class_log_probabilities": [-1.4423044919967651, -4.803740501403809, -5.462266445159912, -5.823858737945557], "predictions": [49, 34, 396, 35, 36, 397, 398, 399, 400, 401, 37, 16, 402, 403, 404, 405, 406, 407, 408, 409, 410, 17, 50, 4, 4, 4, 4, 4], "target_tokens": ["[IN:CREATE_REMINDER", "[SL:PERSON_REMINDED", "@ptr1", "SL:PERSON_REMINDED]", "[SL:TODO", "@ptr3", "@ptr4", "@ptr5", "@ptr6", "SL:TODO]", "[SL:DATE_TIME", "@ptr8", "@ptr9", "@ptr10", "@ptr11", "@ptr12", "@ptr13", "@ptr14", "@ptr15", "SL:DATE_TIME]", "IN:CREATE_REMINDER]"], "predicted_tokens": ["[IN:CREATE_REMINDER", "[SL:PERSON_REMINDED", "@ptr1", "SL:PERSON_REMINDED]", "[SL:TODO", "@ptr2", "@ptr3", "@ptr4", "@ptr5", "@ptr6", "SL:TODO]", "[SL:DATE_TIME", "@ptr7", "@ptr8", "@ptr9", "@ptr10", "@ptr11", "@ptr12", "@ptr13", "@ptr14", "@ptr15", "SL:DATE_TIME]", "IN:CREATE_REMINDER]"]}
{"loss": 0.9693587422370911, "class_log_probabilities": [-0.9888941645622253, -6.735536575317383, -7.212596893310547, -7.3389573097229], "predictions": [49, 34, 396, 35, 36, 397, 398, 399, 400, 401, 402, 403, 404, 405, 406, 407, 37, 50, 4], "target_tokens": ["[IN:CREATE_REMINDER", "[SL:PERSON_REMINDED", "@ptr1", "SL:PERSON_REMINDED]", "[SL:TODO", "@ptr2", "@ptr3", "@ptr4", "@ptr5", "@ptr6", "@ptr7", "@ptr8", "@ptr9", "@ptr10", "@ptr11", "@ptr12", "SL:TODO]", "IN:CREATE_REMINDER]"], "predicted_tokens": ["[IN:CREATE_REMINDER", "[SL:PERSON_REMINDED", "@ptr1", "SL:PERSON_REMINDED]", "[SL:TODO", "@ptr2", "@ptr3", "@ptr4", "@ptr5", "@ptr6", "@ptr7", "@ptr8", "@ptr9", "@ptr10", "@ptr11", "@ptr12", "SL:TODO]", "IN:CREATE_REMINDER]"]}
{"loss": 1.7768852710723877, "class_log_probabilities": [-2.0917673110961914, -2.596228837966919, -3.3887956142425537, -3.542668104171753], "predictions": [111, 34, 399, 35, 36, 402, 403, 404, 405, 406, 407, 37, 16, 408, 17, 112, 4, 4, 4, 4, 4], "target_tokens": ["[IN:UPDATE_REMINDER_DATE_TIME", "[SL:PERSON_REMINDED", "@ptr4", "SL:PERSON_REMINDED]", "[SL:TODO", "@ptr8", "@ptr9", "@ptr10", "@ptr11", "@ptr12", "@ptr13", "SL:TODO]", "[SL:DATE_TIME", "@ptr14", "@ptr15", "@ptr16", "@ptr17", "@ptr18", "@ptr19", "@ptr20", "@ptr21", "@ptr22", "SL:DATE_TIME]", "IN:UPDATE_REMINDER_DATE_TIME]"], "predicted_tokens": ["[IN:UPDATE_REMINDER_DATE_TIME", "[SL:PERSON_REMINDED", "@ptr4", "SL:PERSON_REMINDED]", "[SL:TODO", "@ptr7", "@ptr8", "@ptr9", "@ptr10", "@ptr11", "@ptr12", "SL:TODO]", "[SL:DATE_TIME", "@ptr13", "SL:DATE_TIME]", "IN:UPDATE_REMINDER_DATE_TIME]"]}
{"loss": 1.7084007263183594, "class_log_probabilities": [-0.5828266143798828, -8.14773941040039, -8.431968688964844, -8.525866508483887], "predictions": [49, 36, 399, 400, 401, 37, 16, 402, 403, 17, 50, 4, 4, 4], "target_tokens": ["[IN:CREATE_REMINDER", "[SL:TODO", "@ptr4", "@ptr5", "@ptr6", "SL:TODO]", "[SL:DATE_TIME", "@ptr8", "SL:DATE_TIME]", "IN:CREATE_REMINDER]"], "predicted_tokens": ["[IN:CREATE_REMINDER", "[SL:TODO", "@ptr4", "@ptr5", "@ptr6", "SL:TODO]", "[SL:DATE_TIME", "@ptr7", "@ptr8", "SL:DATE_TIME]", "IN:CREATE_REMINDER]"]}
{"loss": 1.5158843994140625, "class_log_probabilities": [-2.5693471431732178, -3.1107752323150635, -3.7709951400756836, -4.38544225692749], "predictions": [49, 34, 396, 35, 36, 143, 36, 399, 400, 401, 402, 403, 404, 405, 406, 407, 408, 409, 37, 144, 37, 50, 4, 4, 4], "target_tokens": ["[IN:CREATE_REMINDER", "[SL:PERSON_REMINDED", "@ptr1", "SL:PERSON_REMINDED]", "[SL:TODO", "[IN:GET_TODO", "[SL:TODO", "[IN:CREATE_CALL", "[SL:CONTACT", "@ptr6", "@ptr7", "@ptr8", "SL:CONTACT]", "IN:CREATE_CALL]", "SL:TODO]", "[SL:TODO", "@ptr10", "@ptr11", "@ptr12", "@ptr13", "@ptr14", "SL:TODO]", "IN:GET_TODO]", "SL:TODO]", "IN:CREATE_REMINDER]"], "predicted_tokens": ["[IN:CREATE_REMINDER", "[SL:PERSON_REMINDED", "@ptr1", "SL:PERSON_REMINDED]", "[SL:TODO", "[IN:GET_TODO", "[SL:TODO", "@ptr4", "@ptr5", "@ptr6", "@ptr7", "@ptr8", "@ptr9", "@ptr10", "@ptr11", "@ptr12", "@ptr13", "@ptr14", "SL:TODO]", "IN:GET_TODO]", "SL:TODO]", "IN:CREATE_REMINDER]"]}
{"loss": 1.4623053073883057, "class_log_probabilities": [-2.113178253173828, -2.5776193141937256, -4.555068492889404, -4.561270236968994], "predictions": [49, 34, 396, 35, 36, 398, 399, 400, 401, 402, 403, 37, 16, 404, 405, 406, 407, 408, 409, 410, 17, 50, 4, 4, 4, 4, 4, 4], "target_tokens": ["[IN:CREATE_REMINDER", "[SL:PERSON_REMINDED", "@ptr1", "SL:PERSON_REMINDED]", "[SL:TODO", "@ptr2", "@ptr3", "@ptr4", "@ptr5", "@ptr6", "@ptr7", "@ptr8", "SL:TODO]", "[SL:DATE_TIME", "@ptr10", "@ptr11", "@ptr12", "@ptr13", "@ptr14", "@ptr15", "SL:DATE_TIME]", "IN:CREATE_REMINDER]"], "predicted_tokens": ["[IN:CREATE_REMINDER", "[SL:PERSON_REMINDED", "@ptr1", "SL:PERSON_REMINDED]", "[SL:TODO", "@ptr3", "@ptr4", "@ptr5", "@ptr6", "@ptr7", "@ptr8", "SL:TODO]", "[SL:DATE_TIME", "@ptr9", "@ptr10", "@ptr11", "@ptr12", "@ptr13", "@ptr14", "@ptr15", "SL:DATE_TIME]", "IN:CREATE_REMINDER]"]}
{"loss": 0.9667631983757019, "class_log_probabilities": [-0.9786944389343262, -6.861447334289551, -7.15761137008667, -7.187582969665527], "predictions": [49, 34, 396, 35, 36, 397, 398, 399, 37, 16, 400, 401, 402, 403, 17, 50, 4, 4, 4], "target_tokens": ["[IN:CREATE_REMINDER", "[SL:PERSON_REMINDED", "@ptr1", "SL:PERSON_REMINDED]", "[SL:TODO", "@ptr2", "@ptr3", "@ptr4", "SL:TODO]", "[SL:DATE_TIME", "@ptr5", "@ptr6", "@ptr7", "@ptr8", "SL:DATE_TIME]", "IN:CREATE_REMINDER]"], "predicted_tokens": ["[IN:CREATE_REMINDER", "[SL:PERSON_REMINDED", "@ptr1", "SL:PERSON_REMINDED]", "[SL:TODO", "@ptr2", "@ptr3", "@ptr4", "SL:TODO]", "[SL:DATE_TIME", "@ptr5", "@ptr6", "@ptr7", "@ptr8", "SL:DATE_TIME]", "IN:CREATE_REMINDER]"]}
{"loss": 3.3851394653320312, "class_log_probabilities": [-2.4670450687408447, -3.960251569747925, -4.356540203094482, -5.293155193328857], "predictions": [111, 34, 396, 35, 36, 143, 36, 399, 400, 37, 243, 402, 403, 404, 244, 144, 37, 16, 405, 406, 407, 408, 17, 112, 4, 4, 4, 4, 4], "target_tokens": ["[IN:CREATE_REMINDER", "[SL:PERSON_REMINDED", "@ptr1", "SL:PERSON_REMINDED]", "[SL:DATE_TIME", "@ptr2", "SL:DATE_TIME]", "[SL:TODO", "@ptr3", "@ptr4", "@ptr5", "@ptr6", "@ptr7", "@ptr8", "@ptr9", "@ptr10", "@ptr11", "@ptr12", "@ptr13", "@ptr14", "@ptr15", "@ptr16", "@ptr17", "@ptr18", "@ptr19", "@ptr20", "@ptr21", "@ptr22", "@ptr23", "SL:TODO]", "IN:CREATE_REMINDER]"], "predicted_tokens": ["[IN:UPDATE_REMINDER_DATE_TIME", "[SL:PERSON_REMINDED", "@ptr1", "SL:PERSON_REMINDED]", "[SL:TODO", "[IN:GET_TODO", "[SL:TODO", "@ptr4", "@ptr5", "SL:TODO]", "[SL:ATTENDEE", "@ptr7", "@ptr8", "@ptr9", "SL:ATTENDEE]", "IN:GET_TODO]", "SL:TODO]", "[SL:DATE_TIME", "@ptr10", "@ptr11", "@ptr12", "@ptr13", "SL:DATE_TIME]", "IN:UPDATE_REMINDER_DATE_TIME]"]}
{"loss": 1.104228138923645, "class_log_probabilities": [-2.6590194702148438, -3.2473983764648438, -3.648029088973999, -4.952120304107666], "predictions": [49, 34, 396, 35, 36, 397, 398, 399, 400, 401, 402, 403, 404, 405, 406, 407, 408, 409, 37, 16, 411, 17, 50, 4, 4, 4, 4, 4], "target_tokens": ["[IN:CREATE_REMINDER", "[SL:PERSON_REMINDED", "@ptr1", "SL:PERSON_REMINDED]", "[SL:TODO", "@ptr2", "@ptr3", "@ptr4", "@ptr5", "@ptr6", "@ptr7", "@ptr8", "@ptr9", "@ptr10", "@ptr11", "@ptr12", "@ptr13", "@ptr14", "@ptr15", "SL:TODO]", "[SL:DATE_TIME", "@ptr16", "@ptr17", "SL:DATE_TIME]", "IN:CREATE_REMINDER]"], "predicted_tokens": ["[IN:CREATE_REMINDER", "[SL:PERSON_REMINDED", "@ptr1", "SL:PERSON_REMINDED]", "[SL:TODO", "@ptr2", "@ptr3", "@ptr4", "@ptr5", "@ptr6", "@ptr7", "@ptr8", "@ptr9", "@ptr10", "@ptr11", "@ptr12", "@ptr13", "@ptr14", "SL:TODO]", "[SL:DATE_TIME", "@ptr16", "SL:DATE_TIME]", "IN:CREATE_REMINDER]"]}
{"loss": 0.9801112413406372, "class_log_probabilities": [-0.7421104311943054, -3.371716022491455, -7.67200231552124, -7.839573860168457], "predictions": [47, 34, 398, 35, 16, 399, 400, 401, 402, 403, 404, 17, 48, 4, 4, 4, 4, 4], "target_tokens": ["[IN:GET_REMINDER", "[SL:PERSON_REMINDED", "@ptr3", "SL:PERSON_REMINDED]", "[SL:DATE_TIME", "@ptr4", "@ptr5", "@ptr6", "@ptr7", "@ptr8", "@ptr9", "SL:DATE_TIME]", "IN:GET_REMINDER]"], "predicted_tokens": ["[IN:GET_REMINDER", "[SL:PERSON_REMINDED", "@ptr3", "SL:PERSON_REMINDED]", "[SL:DATE_TIME", "@ptr4", "@ptr5", "@ptr6", "@ptr7", "@ptr8", "@ptr9", "SL:DATE_TIME]", "IN:GET_REMINDER]"]}
{"loss": 1.9761968851089478, "class_log_probabilities": [-1.8950014114379883, -4.562276363372803, -5.586500644683838, -5.62397575378418], "predictions": [33, 36, 143, 36, 399, 400, 37, 243, 402, 403, 244, 144, 37, 16, 404, 405, 406, 17, 38, 4, 4, 4, 4, 4, 4], "target_tokens": ["[IN:DELETE_REMINDER", "[SL:TODO", "@ptr4", "@ptr5", "@ptr6", "@ptr7", "@ptr8", "SL:TODO]", "[SL:DATE_TIME", "@ptr9", "@ptr10", "@ptr11", "SL:DATE_TIME]", "IN:DELETE_REMINDER]"], "predicted_tokens": ["[IN:DELETE_REMINDER", "[SL:TODO", "[IN:GET_TODO", "[SL:TODO", "@ptr4", "@ptr5", "SL:TODO]", "[SL:ATTENDEE", "@ptr7", "@ptr8", "SL:ATTENDEE]", "IN:GET_TODO]", "SL:TODO]", "[SL:DATE_TIME", "@ptr9", "@ptr10", "@ptr11", "SL:DATE_TIME]", "IN:DELETE_REMINDER]"]}
{"loss": 2.0453052520751953, "class_log_probabilities": [-2.167863607406616, -3.0160796642303467, -3.2116525173187256, -4.159684658050537], "predictions": [49, 34, 399, 35, 36, 143, 16, 401, 402, 17, 36, 403, 404, 405, 406, 407, 408, 409, 37, 144, 37, 50, 4, 4, 4, 4, 4, 4, 4, 4, 4], "target_tokens": ["[IN:CREATE_REMINDER", "[SL:PERSON_REMINDED", "@ptr4", "SL:PERSON_REMINDED]", "[SL:TODO", "@ptr9", "@ptr10", "@ptr11", "@ptr12", "@ptr13", "@ptr14", "SL:TODO]", "[SL:DATE_TIME", "@ptr6", "@ptr15", "@ptr16", "@ptr17", "@ptr18", "@ptr19", "@ptr20", "SL:DATE_TIME]", "IN:CREATE_REMINDER]"], "predicted_tokens": ["[IN:CREATE_REMINDER", "[SL:PERSON_REMINDED", "@ptr4", "SL:PERSON_REMINDED]", "[SL:TODO", "[IN:GET_TODO", "[SL:DATE_TIME", "@ptr6", "@ptr7", "SL:DATE_TIME]", "[SL:TODO", "@ptr8", "@ptr9", "@ptr10", "@ptr11", "@ptr12", "@ptr13", "@ptr14", "SL:TODO]", "IN:GET_TODO]", "SL:TODO]", "IN:CREATE_REMINDER]"]}
{"loss": 0.968277096748352, "class_log_probabilities": [-0.5849794745445251, -7.128063678741455, -7.194108486175537, -7.40592098236084], "predictions": [49, 34, 399, 35, 36, 402, 403, 37, 50, 4], "target_tokens": ["[IN:CREATE_REMINDER", "[SL:PERSON_REMINDED", "@ptr4", "SL:PERSON_REMINDED]", "[SL:TODO", "@ptr7", "@ptr8", "SL:TODO]", "IN:CREATE_REMINDER]"], "predicted_tokens": ["[IN:CREATE_REMINDER", "[SL:PERSON_REMINDED", "@ptr4", "SL:PERSON_REMINDED]", "[SL:TODO", "@ptr7", "@ptr8", "SL:TODO]", "IN:CREATE_REMINDER]"]}
{"loss": 1.5708231925964355, "class_log_probabilities": [-3.4304451942443848, -4.520213603973389, -5.515011787414551, -5.788273334503174], "predictions": [49, 34, 396, 35, 36, 143, 36, 397, 398, 399, 400, 401, 402, 403, 404, 405, 406, 37, 16, 407, 408, 17, 144, 37, 50, 4], "target_tokens": ["[IN:CREATE_REMINDER", "[SL:PERSON_REMINDED", "@ptr1", "SL:PERSON_REMINDED]", "[SL:TODO", "[IN:GET_TODO", "[SL:TODO", "@ptr2", "@ptr3", "@ptr4", "@ptr5", "@ptr6", "@ptr7", "@ptr8", "@ptr9", "@ptr10", "@ptr11", "SL:TODO]", "[SL:DATE_TIME", "@ptr12", "@ptr13", "SL:DATE_TIME]", "[SL:LOCATION", "[IN:GET_LOCATION", "[SL:TYPE_RELATION", "@ptr17", "SL:TYPE_RELATION]", "IN:GET_LOCATION]", "SL:LOCATION]", "IN:GET_TODO]", "SL:TODO]", "IN:CREATE_REMINDER]"], "predicted_tokens": ["[IN:CREATE_REMINDER", "[SL:PERSON_REMINDED", "@ptr1", "SL:PERSON_REMINDED]", "[SL:TODO", "[IN:GET_TODO", "[SL:TODO", "@ptr2", "@ptr3", "@ptr4", "@ptr5", "@ptr6", "@ptr7", "@ptr8", "@ptr9", "@ptr10", "@ptr11", "SL:TODO]", "[SL:DATE_TIME", "@ptr12", "@ptr13", "SL:DATE_TIME]", "IN:GET_TODO]", "SL:TODO]", "IN:CREATE_REMINDER]"]}
{"loss": 1.1287899017333984, "class_log_probabilities": [-1.4429097175598145, -4.082139492034912, -5.103378772735596, -6.59098482131958], "predictions": [49, 16, 395, 396, 397, 17, 34, 400, 35, 36, 402, 403, 404, 405, 406, 407, 408, 409, 410, 411, 412, 413, 37, 50, 4, 4, 4, 4, 4], "target_tokens": ["[IN:CREATE_REMINDER", "[SL:DATE_TIME", "@ptr0", "@ptr1", "@ptr2", "SL:DATE_TIME]", "[SL:PERSON_REMINDED", "@ptr5", "SL:PERSON_REMINDED]", "[SL:TODO", "@ptr8", "@ptr9", "@ptr10", "@ptr11", "@ptr12", "@ptr13", "@ptr14", "@ptr15", "@ptr16", "@ptr17", "@ptr18", "SL:TODO]", "IN:CREATE_REMINDER]"], "predicted_tokens": ["[IN:CREATE_REMINDER", "[SL:DATE_TIME", "@ptr0", "@ptr1", "@ptr2", "SL:DATE_TIME]", "[SL:PERSON_REMINDED", "@ptr5", "SL:PERSON_REMINDED]", "[SL:TODO", "@ptr7", "@ptr8", "@ptr9", "@ptr10", "@ptr11", "@ptr12", "@ptr13", "@ptr14", "@ptr15", "@ptr16", "@ptr17", "@ptr18", "SL:TODO]", "IN:CREATE_REMINDER]"]}
{"loss": 3.533083915710449, "class_log_probabilities": [-1.094253420829773, -6.126294136047363, -6.1669392585754395, -7.788381576538086], "predictions": [49, 34, 396, 35, 36, 143, 36, 397, 398, 399, 37, 243, 401, 244, 144, 37, 16, 402, 403, 404, 405, 406, 17, 50, 4, 4], "target_tokens": ["[IN:CREATE_REMINDER", "[SL:PERSON_REMINDED", "@ptr1", "SL:PERSON_REMINDED]", "[SL:TODO", "[IN:GET_TODO", "[SL:TODO", "@ptr2", "SL:TODO]", "[SL:DATE_TIME", "@ptr9", "@ptr10", "@ptr10", "@ptr11", "@ptr11", "SL:DATE_TIME]", "[SL:TODO", "@ptr4", "SL:TODO]", "[SL:ATTENDEE", "@ptr6", "SL:ATTENDEE]", "IN:GET_TODO]", "SL:TODO]", "IN:CREATE_REMINDER]"], "predicted_tokens": ["[IN:CREATE_REMINDER", "[SL:PERSON_REMINDED", "@ptr1", "SL:PERSON_REMINDED]", "[SL:TODO", "[IN:GET_TODO", "[SL:TODO", "@ptr2", "@ptr3", "@ptr4", "SL:TODO]", "[SL:ATTENDEE", "@ptr6", "SL:ATTENDEE]", "IN:GET_TODO]", "SL:TODO]", "[SL:DATE_TIME", "@ptr7", "@ptr8", "@ptr9", "@ptr10", "@ptr11", "SL:DATE_TIME]", "IN:CREATE_REMINDER]"]}
{"loss": 0.9754160642623901, "class_log_probabilities": [-0.7363754510879517, -3.8525776863098145, -6.799507141113281, -6.853036880493164], "predictions": [47, 34, 398, 35, 16, 400, 401, 402, 403, 404, 405, 17, 48, 4, 4], "target_tokens": ["[IN:GET_REMINDER", "[SL:PERSON_REMINDED", "@ptr3", "SL:PERSON_REMINDED]", "[SL:DATE_TIME", "@ptr5", "@ptr6", "@ptr7", "@ptr8", "@ptr9", "@ptr10", "SL:DATE_TIME]", "IN:GET_REMINDER]"], "predicted_tokens": ["[IN:GET_REMINDER", "[SL:PERSON_REMINDED", "@ptr3", "SL:PERSON_REMINDED]", "[SL:DATE_TIME", "@ptr5", "@ptr6", "@ptr7", "@ptr8", "@ptr9", "@ptr10", "SL:DATE_TIME]", "IN:GET_REMINDER]"]}
{"loss": 1.8038454055786133, "class_log_probabilities": [-0.9169260263442993, -6.189743518829346, -8.330382347106934, -8.580780029296875], "predictions": [49, 34, 396, 35, 36, 398, 399, 400, 401, 37, 16, 402, 403, 404, 405, 406, 17, 50, 4, 4, 4], "target_tokens": ["[IN:CREATE_REMINDER", "[SL:PERSON_REMINDED", "@ptr1", "SL:PERSON_REMINDED]", "[SL:TODO", "@ptr4", "@ptr5", "@ptr6", "SL:TODO]", "[SL:DATE_TIME", "@ptr8", "@ptr9", "@ptr10", "@ptr11", "SL:DATE_TIME]", "IN:CREATE_REMINDER]"], "predicted_tokens": ["[IN:CREATE_REMINDER", "[SL:PERSON_REMINDED", "@ptr1", "SL:PERSON_REMINDED]", "[SL:TODO", "@ptr3", "@ptr4", "@ptr5", "@ptr6", "SL:TODO]", "[SL:DATE_TIME", "@ptr7", "@ptr8", "@ptr9", "@ptr10", "@ptr11", "SL:DATE_TIME]", "IN:CREATE_REMINDER]"]}
{"loss": 1.0124138593673706, "class_log_probabilities": [-0.8483436703681946, -5.147930145263672, -5.768350601196289, -6.0926513671875], "predictions": [111, 36, 399, 400, 401, 402, 37, 16, 403, 404, 405, 406, 17, 16, 407, 408, 409, 410, 17, 112, 4], "target_tokens": ["[IN:UPDATE_REMINDER_DATE_TIME", "[SL:TODO", "@ptr4", "@ptr5", "@ptr6", "@ptr7", "SL:TODO]", "[SL:DATE_TIME", "@ptr8", "@ptr9", "@ptr10", "@ptr11", "SL:DATE_TIME]", "[SL:DATE_TIME", "@ptr12", "@ptr13", "@ptr14", "@ptr15", "SL:DATE_TIME]", "IN:UPDATE_REMINDER_DATE_TIME]"], "predicted_tokens": ["[IN:UPDATE_REMINDER_DATE_TIME", "[SL:TODO", "@ptr4", "@ptr5", "@ptr6", "@ptr7", "SL:TODO]", "[SL:DATE_TIME", "@ptr8", "@ptr9", "@ptr10", "@ptr11", "SL:DATE_TIME]", "[SL:DATE_TIME", "@ptr12", "@ptr13", "@ptr14", "@ptr15", "SL:DATE_TIME]", "IN:UPDATE_REMINDER_DATE_TIME]"]}
{"loss": 1.3253557682037354, "class_log_probabilities": [-1.1935642957687378, -5.122215270996094, -5.564742088317871, -6.1646318435668945], "predictions": [49, 34, 396, 35, 16, 397, 398, 17, 36, 400, 401, 402, 403, 404, 405, 406, 407, 408, 37, 50, 4, 4, 4, 4, 4], "target_tokens": ["[IN:CREATE_REMINDER", "[SL:PERSON_REMINDED", "@ptr1", "SL:PERSON_REMINDED]", "[SL:DATE_TIME", "@ptr3", "SL:DATE_TIME]", "[SL:TODO", "@ptr5", "@ptr6", "@ptr7", "@ptr8", "@ptr9", "@ptr10", "@ptr11", "@ptr12", "@ptr13", "SL:TODO]", "IN:CREATE_REMINDER]"], "predicted_tokens": ["[IN:CREATE_REMINDER", "[SL:PERSON_REMINDED", "@ptr1", "SL:PERSON_REMINDED]", "[SL:DATE_TIME", "@ptr2", "@ptr3", "SL:DATE_TIME]", "[SL:TODO", "@ptr5", "@ptr6", "@ptr7", "@ptr8", "@ptr9", "@ptr10", "@ptr11", "@ptr12", "@ptr13", "SL:TODO]", "IN:CREATE_REMINDER]"]}
{"loss": 1.0176326036453247, "class_log_probabilities": [-1.620200514793396, -2.0903451442718506, -6.800079345703125, -7.4852166175842285], "predictions": [47, 36, 400, 37, 16, 401, 402, 403, 404, 405, 406, 17, 48, 4, 4, 4, 4], "target_tokens": ["[IN:GET_REMINDER", "[SL:PERSON_REMINDED", "@ptr1", "SL:PERSON_REMINDED]", "[SL:TODO", "@ptr5", "SL:TODO]", "[SL:DATE_TIME", "@ptr6", "@ptr7", "@ptr8", "@ptr9", "@ptr10", "@ptr11", "SL:DATE_TIME]", "IN:GET_REMINDER]"], "predicted_tokens": ["[IN:GET_REMINDER", "[SL:TODO", "@ptr5", "SL:TODO]", "[SL:DATE_TIME", "@ptr6", "@ptr7", "@ptr8", "@ptr9", "@ptr10", "@ptr11", "SL:DATE_TIME]", "IN:GET_REMINDER]"]}
{"loss": 1.3426432609558105, "class_log_probabilities": [-1.1932404041290283, -5.714951992034912, -6.511176586151123, -6.555629730224609], "predictions": [49, 34, 396, 35, 16, 397, 398, 399, 400, 401, 402, 17, 36, 404, 405, 406, 407, 408, 409, 410, 37, 50, 4, 4, 4], "target_tokens": ["[IN:CREATE_REMINDER", "[SL:PERSON_REMINDED", "@ptr1", "SL:PERSON_REMINDED]", "[SL:DATE_TIME", "@ptr2", "@ptr3", "@ptr4", "@ptr5", "@ptr6", "@ptr7", "SL:DATE_TIME]", "[SL:TODO", "@ptr10", "@ptr11", "@ptr12", "@ptr13", "@ptr14", "@ptr15", "SL:TODO]", "IN:CREATE_REMINDER]"], "predicted_tokens": ["[IN:CREATE_REMINDER", "[SL:PERSON_REMINDED", "@ptr1", "SL:PERSON_REMINDED]", "[SL:DATE_TIME", "@ptr2", "@ptr3", "@ptr4", "@ptr5", "@ptr6", "@ptr7", "SL:DATE_TIME]", "[SL:TODO", "@ptr9", "@ptr10", "@ptr11", "@ptr12", "@ptr13", "@ptr14", "@ptr15", "SL:TODO]", "IN:CREATE_REMINDER]"]}
{"loss": 1.0842756032943726, "class_log_probabilities": [-1.9899230003356934, -2.8187255859375, -4.216383934020996, -4.742356300354004], "predictions": [49, 34, 396, 35, 36, 143, 36, 75, 6, 399, 7, 78, 37, 36, 401, 402, 403, 404, 405, 406, 407, 37, 16, 408, 409, 410, 411, 17, 144, 37, 50, 4, 4], "target_tokens": ["[IN:CREATE_REMINDER", "[SL:PERSON_REMINDED", "@ptr1", "SL:PERSON_REMINDED]", "[SL:TODO", "[IN:GET_TODO", "[SL:TODO", "[IN:CREATE_CALL", "[SL:CONTACT", "@ptr4", "SL:CONTACT]", "IN:CREATE_CALL]", "SL:TODO]", "[SL:TODO", "@ptr6", "@ptr7", "@ptr8", "@ptr9", "@ptr10", "@ptr11", "@ptr12", "SL:TODO]", "IN:GET_TODO]", "SL:TODO]", "[SL:DATE_TIME", "@ptr13", "@ptr14", "@ptr15", "@ptr16", "@ptr17", "SL:DATE_TIME]", "IN:CREATE_REMINDER]"], "predicted_tokens": ["[IN:CREATE_REMINDER", "[SL:PERSON_REMINDED", "@ptr1", "SL:PERSON_REMINDED]", "[SL:TODO", "[IN:GET_TODO", "[SL:TODO", "[IN:CREATE_CALL", "[SL:CONTACT", "@ptr4", "SL:CONTACT]", "IN:CREATE_CALL]", "SL:TODO]", "[SL:TODO", "@ptr6", "@ptr7", "@ptr8", "@ptr9", "@ptr10", "@ptr11", "@ptr12", "SL:TODO]", "[SL:DATE_TIME", "@ptr13", "@ptr14", "@ptr15", "@ptr16", "SL:DATE_TIME]", "IN:GET_TODO]", "SL:TODO]", "IN:CREATE_REMINDER]"]}
{"loss": 1.9668649435043335, "class_log_probabilities": [-0.8123446106910706, -8.21803092956543, -8.334589004516602, -8.43177604675293], "predictions": [49, 34, 396, 35, 36, 398, 399, 400, 401, 37, 16, 402, 403, 17, 50, 4, 4, 4], "target_tokens": ["[IN:CREATE_REMINDER", "[SL:PERSON_REMINDED", "@ptr1", "SL:PERSON_REMINDED]", "[SL:TODO", "@ptr4", "@ptr5", "@ptr6", "SL:TODO]", "[SL:DATE_TIME", "@ptr8", "SL:DATE_TIME]", "IN:CREATE_REMINDER]"], "predicted_tokens": ["[IN:CREATE_REMINDER", "[SL:PERSON_REMINDED", "@ptr1", "SL:PERSON_REMINDED]", "[SL:TODO", "@ptr3", "@ptr4", "@ptr5", "@ptr6", "SL:TODO]", "[SL:DATE_TIME", "@ptr7", "@ptr8", "SL:DATE_TIME]", "IN:CREATE_REMINDER]"]}
{"loss": 1.317520022392273, "class_log_probabilities": [-1.190224528312683, -3.465747833251953, -4.41082763671875, -4.702089309692383], "predictions": [49, 36, 399, 400, 401, 402, 403, 404, 405, 406, 37, 16, 407, 408, 409, 410, 411, 17, 50, 4, 4], "target_tokens": ["[IN:CREATE_REMINDER", "[SL:TODO", "@ptr4", "@ptr5", "@ptr6", "@ptr7", "@ptr8", "@ptr9", "@ptr10", "@ptr11", "SL:TODO]", "[SL:DATE_TIME", "@ptr13", "@ptr14", "@ptr15", "@ptr16", "SL:DATE_TIME]", "IN:CREATE_REMINDER]"], "predicted_tokens": ["[IN:CREATE_REMINDER", "[SL:TODO", "@ptr4", "@ptr5", "@ptr6", "@ptr7", "@ptr8", "@ptr9", "@ptr10", "@ptr11", "SL:TODO]", "[SL:DATE_TIME", "@ptr12", "@ptr13", "@ptr14", "@ptr15", "@ptr16", "SL:DATE_TIME]", "IN:CREATE_REMINDER]"]}
{"loss": 3.7767090797424316, "class_log_probabilities": [-1.851740837097168, -3.260695457458496, -4.496655464172363, -5.033437252044678], "predictions": [117, 34, 70, 93, 402, 94, 71, 403, 72, 73, 35, 36, 405, 406, 407, 37, 118, 4], "target_tokens": ["[IN:GET_REMINDER_DATE_TIME", "[SL:PERSON_REMINDED", "@ptr4", "SL:PERSON_REMINDED]", "[SL:TODO", "@ptr5", "@ptr6", "@ptr7", "@ptr8", "@ptr9", "@ptr10", "@ptr11", "@ptr12", "SL:TODO]", "IN:GET_REMINDER_DATE_TIME]"], "predicted_tokens": ["[IN:GET_REMINDER_DATE_TIME", "[SL:PERSON_REMINDED", "[IN:GET_CONTACT", "[SL:CONTACT_RELATED", "@ptr7", "SL:CONTACT_RELATED]", "[SL:TYPE_RELATION", "@ptr8", "SL:TYPE_RELATION]", "IN:GET_CONTACT]", "SL:PERSON_REMINDED]", "[SL:TODO", "@ptr10", "@ptr11", "@ptr12", "SL:TODO]", "IN:GET_REMINDER_DATE_TIME]"]}
{"loss": 1.5025482177734375, "class_log_probabilities": [-0.8391739726066589, -6.301563739776611, -6.318350791931152, -7.820493698120117], "predictions": [49, 36, 399, 400, 401, 402, 37, 16, 403, 404, 405, 406, 407, 17, 50, 4, 4, 4, 4, 4], "target_tokens": ["[IN:CREATE_REMINDER", "[SL:TODO", "@ptr5", "@ptr6", "@ptr7", "SL:TODO]", "[SL:DATE_TIME", "@ptr8", "@ptr9", "@ptr10", "@ptr11", "@ptr12", "SL:DATE_TIME]", "IN:CREATE_REMINDER]"], "predicted_tokens": ["[IN:CREATE_REMINDER", "[SL:TODO", "@ptr4", "@ptr5", "@ptr6", "@ptr7", "SL:TODO]", "[SL:DATE_TIME", "@ptr8", "@ptr9", "@ptr10", "@ptr11", "@ptr12", "SL:DATE_TIME]", "IN:CREATE_REMINDER]"]}
{"loss": 0.972443163394928, "class_log_probabilities": [-0.5722525119781494, -7.734033107757568, -8.408441543579102, -8.865401268005371], "predictions": [33, 36, 399, 400, 37, 16, 401, 402, 403, 17, 38, 4, 4, 4], "target_tokens": ["[IN:DELETE_REMINDER", "[SL:TODO", "@ptr4", "@ptr5", "SL:TODO]", "[SL:DATE_TIME", "@ptr6", "@ptr7", "@ptr8", "SL:DATE_TIME]", "IN:DELETE_REMINDER]"], "predicted_tokens": ["[IN:DELETE_REMINDER", "[SL:TODO", "@ptr4", "@ptr5", "SL:TODO]", "[SL:DATE_TIME", "@ptr6", "@ptr7", "@ptr8", "SL:DATE_TIME]", "IN:DELETE_REMINDER]"]}
{"loss": 2.3072493076324463, "class_log_probabilities": [-2.796689987182617, -3.972262144088745, -4.801977157592773, -4.961477279663086], "predictions": [49, 34, 396, 35, 36, 397, 398, 399, 400, 401, 402, 403, 404, 405, 37, 16, 406, 407, 408, 409, 410, 411, 412, 413, 17, 50, 4, 4, 4, 4, 4], "target_tokens": ["[IN:CREATE_REMINDER", "[SL:PERSON_REMINDED", "@ptr1", "SL:PERSON_REMINDED]", "[SL:TODO", "[IN:REPLY_MESSAGE", "[SL:RECIPIENT", "@ptr4", "SL:RECIPIENT]", "[SL:CONTENT_EXACT", "@ptr6", "@ptr7", "@ptr8", "@ptr9", "@ptr10", "SL:CONTENT_EXACT]", "IN:REPLY_MESSAGE]", "SL:TODO]", "[SL:DATE_TIME", "@ptr11", "@ptr12", "@ptr13", "@ptr14", "@ptr15", "@ptr16", "@ptr17", "@ptr18", "@ptr19", "SL:DATE_TIME]", "IN:CREATE_REMINDER]"], "predicted_tokens": ["[IN:CREATE_REMINDER", "[SL:PERSON_REMINDED", "@ptr1", "SL:PERSON_REMINDED]", "[SL:TODO", "@ptr2", "@ptr3", "@ptr4", "@ptr5", "@ptr6", "@ptr7", "@ptr8", "@ptr9", "@ptr10", "SL:TODO]", "[SL:DATE_TIME", "@ptr11", "@ptr12", "@ptr13", "@ptr14", "@ptr15", "@ptr16", "@ptr17", "@ptr18", "SL:DATE_TIME]", "IN:CREATE_REMINDER]"]}
{"loss": 0.9714857339859009, "class_log_probabilities": [-0.34268754720687866, -8.386685371398926, -8.768511772155762, -8.917410850524902], "predictions": [33, 36, 399, 400, 37, 38, 4, 4, 4], "target_tokens": ["[IN:DELETE_REMINDER", "[SL:TODO", "@ptr4", "@ptr5", "SL:TODO]", "IN:DELETE_REMINDER]"], "predicted_tokens": ["[IN:DELETE_REMINDER", "[SL:TODO", "@ptr4", "@ptr5", "SL:TODO]", "IN:DELETE_REMINDER]"]}
{"loss": 1.1113719940185547, "class_log_probabilities": [-1.6579691171646118, -3.2098169326782227, -3.662379026412964, -4.073950290679932], "predictions": [49, 34, 396, 35, 36, 397, 398, 399, 400, 401, 37, 16, 403, 404, 17, 50, 4, 4], "target_tokens": ["[IN:CREATE_REMINDER", "[SL:PERSON_REMINDED", "@ptr1", "SL:PERSON_REMINDED]", "[SL:TODO", "@ptr2", "@ptr3", "@ptr4", "@ptr5", "@ptr6", "SL:TODO]", "[SL:DATE_TIME", "@ptr8", "SL:DATE_TIME]", "IN:CREATE_REMINDER]"], "predicted_tokens": ["[IN:CREATE_REMINDER", "[SL:PERSON_REMINDED", "@ptr1", "SL:PERSON_REMINDED]", "[SL:TODO", "@ptr2", "@ptr3", "@ptr4", "@ptr5", "@ptr6", "SL:TODO]", "[SL:DATE_TIME", "@ptr8", "@ptr9", "SL:DATE_TIME]", "IN:CREATE_REMINDER]"]}
{"loss": 1.6919279098510742, "class_log_probabilities": [-1.8626010417938232, -2.355959177017212, -4.594574928283691, -4.6040520668029785], "predictions": [49, 34, 396, 35, 16, 398, 17, 36, 399, 400, 401, 402, 403, 404, 405, 406, 407, 408, 409, 410, 411, 412, 37, 50, 4, 4, 4, 4, 4], "target_tokens": ["[IN:CREATE_REMINDER", "[SL:PERSON_REMINDED", "@ptr1", "SL:PERSON_REMINDED]", "[SL:TODO", "@ptr4", "@ptr5", "@ptr6", "@ptr7", "@ptr8", "@ptr9", "@ptr10", "@ptr11", "@ptr12", "@ptr13", "@ptr14", "@ptr15", "@ptr16", "@ptr17", "SL:TODO]", "[SL:DATE_TIME", "@ptr3", "SL:DATE_TIME]", "IN:CREATE_REMINDER]"], "predicted_tokens": ["[IN:CREATE_REMINDER", "[SL:PERSON_REMINDED", "@ptr1", "SL:PERSON_REMINDED]", "[SL:DATE_TIME", "@ptr3", "SL:DATE_TIME]", "[SL:TODO", "@ptr4", "@ptr5", "@ptr6", "@ptr7", "@ptr8", "@ptr9", "@ptr10", "@ptr11", "@ptr12", "@ptr13", "@ptr14", "@ptr15", "@ptr16", "@ptr17", "SL:TODO]", "IN:CREATE_REMINDER]"]}
{"loss": 0.9675232768058777, "class_log_probabilities": [-0.7727885842323303, -6.863446235656738, -6.956668853759766, -7.224442005157471], "predictions": [49, 34, 396, 35, 36, 397, 37, 16, 398, 399, 400, 17, 50, 4, 4, 4], "target_tokens": ["[IN:CREATE_REMINDER", "[SL:PERSON_REMINDED", "@ptr1", "SL:PERSON_REMINDED]", "[SL:TODO", "@ptr2", "SL:TODO]", "[SL:DATE_TIME", "@ptr3", "@ptr4", "@ptr5", "SL:DATE_TIME]", "IN:CREATE_REMINDER]"], "predicted_tokens": ["[IN:CREATE_REMINDER", "[SL:PERSON_REMINDED", "@ptr1", "SL:PERSON_REMINDED]", "[SL:TODO", "@ptr2", "SL:TODO]", "[SL:DATE_TIME", "@ptr3", "@ptr4", "@ptr5", "SL:DATE_TIME]", "IN:CREATE_REMINDER]"]}
{"loss": 2.807314872741699, "class_log_probabilities": [-0.43138357996940613, -7.193068504333496, -7.879973888397217, -8.505260467529297], "predictions": [49, 36, 400, 401, 402, 403, 37, 50, 4, 4], "target_tokens": ["[IN:CREATE_REMINDER", "[SL:PERSON_REMINDED", "@ptr0", "SL:PERSON_REMINDED]", "[SL:TODO", "@ptr6", "@ptr7", "@ptr8", "SL:TODO]", "IN:CREATE_REMINDER]"], "predicted_tokens": ["[IN:CREATE_REMINDER", "[SL:TODO", "@ptr5", "@ptr6", "@ptr7", "@ptr8", "SL:TODO]", "IN:CREATE_REMINDER]"]}
{"loss": 0.9807937741279602, "class_log_probabilities": [-1.0596765279769897, -4.04049015045166, -6.199471950531006, -7.221955299377441], "predictions": [49, 36, 399, 400, 401, 402, 403, 404, 37, 16, 405, 406, 407, 408, 409, 410, 411, 17, 50, 4, 4, 4, 4, 4], "target_tokens": ["[IN:CREATE_REMINDER", "[SL:TODO", "@ptr4", "@ptr5", "@ptr6", "@ptr7", "@ptr8", "@ptr9", "SL:TODO]", "[SL:DATE_TIME", "@ptr10", "@ptr11", "@ptr12", "@ptr13", "@ptr14", "@ptr15", "@ptr16", "SL:DATE_TIME]", "IN:CREATE_REMINDER]"], "predicted_tokens": ["[IN:CREATE_REMINDER", "[SL:TODO", "@ptr4", "@ptr5", "@ptr6", "@ptr7", "@ptr8", "@ptr9", "SL:TODO]", "[SL:DATE_TIME", "@ptr10", "@ptr11", "@ptr12", "@ptr13", "@ptr14", "@ptr15", "@ptr16", "SL:DATE_TIME]", "IN:CREATE_REMINDER]"]}
{"loss": 1.8841440677642822, "class_log_probabilities": [-1.0860074758529663, -4.955055236816406, -8.187660217285156, -8.544611930847168], "predictions": [49, 34, 396, 35, 36, 398, 399, 400, 401, 402, 403, 404, 37, 16, 405, 406, 407, 408, 17, 50, 4, 4, 4], "target_tokens": ["[IN:CREATE_REMINDER", "[SL:PERSON_REMINDED", "@ptr1", "SL:PERSON_REMINDED]", "[SL:TODO", "@ptr4", "@ptr5", "@ptr6", "@ptr7", "@ptr8", "@ptr9", "SL:TODO]", "[SL:DATE_TIME", "@ptr11", "@ptr12", "@ptr13", "SL:DATE_TIME]", "IN:CREATE_REMINDER]"], "predicted_tokens": ["[IN:CREATE_REMINDER", "[SL:PERSON_REMINDED", "@ptr1", "SL:PERSON_REMINDED]", "[SL:TODO", "@ptr3", "@ptr4", "@ptr5", "@ptr6", "@ptr7", "@ptr8", "@ptr9", "SL:TODO]", "[SL:DATE_TIME", "@ptr10", "@ptr11", "@ptr12", "@ptr13", "SL:DATE_TIME]", "IN:CREATE_REMINDER]"]}
{"loss": 1.952223300933838, "class_log_probabilities": [-1.972481369972229, -2.8369333744049072, -3.4471049308776855, -5.327847957611084], "predictions": [49, 34, 396, 35, 36, 143, 36, 399, 400, 401, 402, 403, 404, 405, 37, 16, 406, 407, 408, 409, 410, 411, 17, 144, 37, 50, 4], "target_tokens": ["[IN:CREATE_REMINDER", "[SL:PERSON_REMINDED", "@ptr1", "SL:PERSON_REMINDED]", "[SL:TODO", "[IN:GET_TODO", "[SL:TODO", "@ptr4", "@ptr5", "@ptr6", "@ptr7", "@ptr8", "@ptr9", "@ptr10", "SL:TODO]", "[SL:DATE_TIME", "@ptr11", "@ptr12", "@ptr13", "@ptr14", "@ptr15", "@ptr16", "SL:DATE_TIME]", "[SL:TODO", "@ptr17", "@ptr18", "@ptr19", "SL:TODO]", "IN:GET_TODO]", "SL:TODO]", "IN:CREATE_REMINDER]"], "predicted_tokens": ["[IN:CREATE_REMINDER", "[SL:PERSON_REMINDED", "@ptr1", "SL:PERSON_REMINDED]", "[SL:TODO", "[IN:GET_TODO", "[SL:TODO", "@ptr4", "@ptr5", "@ptr6", "@ptr7", "@ptr8", "@ptr9", "@ptr10", "SL:TODO]", "[SL:DATE_TIME", "@ptr11", "@ptr12", "@ptr13", "@ptr14", "@ptr15", "@ptr16", "SL:DATE_TIME]", "IN:GET_TODO]", "SL:TODO]", "IN:CREATE_REMINDER]"]}
{"loss": 2.766989231109619, "class_log_probabilities": [-3.6684813499450684, -3.8174681663513184, -6.0205888748168945, -6.075131416320801], "predictions": [49, 34, 396, 35, 36, 23, 271, 399, 400, 272, 24, 402, 403, 404, 25, 10, 405, 406, 11, 26, 37, 50, 4], "target_tokens": ["[IN:CREATE_REMINDER", "[SL:PERSON_REMINDED", "@ptr1", "SL:PERSON_REMINDED]", "[SL:TODO", "[IN:SEND_MESSAGE", "[SL:METHOD_MESSAGE", "@ptr2", "@ptr3", "@ptr4", "@ptr5", "SL:METHOD_MESSAGE]", "[SL:RECIPIENT", "@ptr10", "SL:RECIPIENT]", "[SL:CONTENT_EXACT", "@ptr8", "SL:CONTENT_EXACT]", "IN:SEND_MESSAGE]", "SL:TODO]", "IN:CREATE_REMINDER]"], "predicted_tokens": ["[IN:CREATE_REMINDER", "[SL:PERSON_REMINDED", "@ptr1", "SL:PERSON_REMINDED]", "[SL:TODO", "[IN:SEND_MESSAGE", "[SL:METHOD_MESSAGE", "@ptr4", "@ptr5", "SL:METHOD_MESSAGE]", "[SL:CONTENT_EXACT", "@ptr7", "@ptr8", "@ptr9", "SL:CONTENT_EXACT]", "[SL:RECIPIENT", "@ptr10", "@ptr11", "SL:RECIPIENT]", "IN:SEND_MESSAGE]", "SL:TODO]", "IN:CREATE_REMINDER]"]}
{"loss": 1.2277735471725464, "class_log_probabilities": [-1.6677556037902832, -2.1151254177093506, -5.868703842163086, -6.457550525665283], "predictions": [49, 34, 397, 35, 36, 143, 36, 399, 400, 401, 37, 16, 402, 403, 404, 405, 406, 17, 144, 37, 16, 411, 412, 413, 17, 50, 4, 4], "target_tokens": ["[IN:CREATE_REMINDER", "[SL:PERSON_REMINDED", "@ptr2", "SL:PERSON_REMINDED]", "[SL:TODO", "[IN:GET_TODO", "[SL:TODO", "@ptr5", "@ptr6", "SL:TODO]", "[SL:DATE_TIME", "@ptr7", "@ptr8", "@ptr9", "@ptr10", "@ptr11", "SL:DATE_TIME]", "IN:GET_TODO]", "SL:TODO]", "[SL:DATE_TIME", "@ptr16", "@ptr17", "@ptr18", "SL:DATE_TIME]", "IN:CREATE_REMINDER]"], "predicted_tokens": ["[IN:CREATE_REMINDER", "[SL:PERSON_REMINDED", "@ptr2", "SL:PERSON_REMINDED]", "[SL:TODO", "[IN:GET_TODO", "[SL:TODO", "@ptr4", "@ptr5", "@ptr6", "SL:TODO]", "[SL:DATE_TIME", "@ptr7", "@ptr8", "@ptr9", "@ptr10", "@ptr11", "SL:DATE_TIME]", "IN:GET_TODO]", "SL:TODO]", "[SL:DATE_TIME", "@ptr16", "@ptr17", "@ptr18", "SL:DATE_TIME]", "IN:CREATE_REMINDER]"]}
{"loss": 3.1233952045440674, "class_log_probabilities": [-0.726470410823822, -5.523280143737793, -6.219118595123291, -6.859969615936279], "predictions": [49, 36, 143, 36, 399, 37, 243, 401, 244, 144, 37, 16, 402, 403, 404, 17, 50, 4, 4, 4, 4], "target_tokens": ["[IN:CREATE_REMINDER", "[SL:TODO", "@ptr4", "@ptr5", "@ptr6", "SL:TODO]", "[SL:DATE_TIME", "@ptr7", "@ptr8", "@ptr9", "SL:DATE_TIME]", "IN:CREATE_REMINDER]"], "predicted_tokens": ["[IN:CREATE_REMINDER", "[SL:TODO", "[IN:GET_TODO", "[SL:TODO", "@ptr4", "SL:TODO]", "[SL:ATTENDEE", "@ptr6", "SL:ATTENDEE]", "IN:GET_TODO]", "SL:TODO]", "[SL:DATE_TIME", "@ptr7", "@ptr8", "@ptr9", "SL:DATE_TIME]", "IN:CREATE_REMINDER]"]}
{"loss": 1.6835602521896362, "class_log_probabilities": [-2.23405385017395, -3.1630661487579346, -3.653978109359741, -5.089763164520264], "predictions": [49, 36, 400, 401, 402, 403, 404, 37, 50, 4, 4, 4, 4, 4, 4, 4, 4, 4, 4, 4, 4], "target_tokens": ["[IN:CREATE_REMINDER", "[SL:PERSON_REMINDED", "@ptr0", "SL:PERSON_REMINDED]", "[SL:TODO", "@ptr5", "@ptr6", "@ptr7", "@ptr8", "@ptr9", "@ptr10", "@ptr11", "@ptr12", "@ptr13", "@ptr14", "@ptr15", "@ptr16", "@ptr17", "@ptr18", "@ptr19", "SL:TODO]", "IN:CREATE_REMINDER]"], "predicted_tokens": ["[IN:CREATE_REMINDER", "[SL:TODO", "@ptr5", "@ptr6", "@ptr7", "@ptr8", "@ptr9", "SL:TODO]", "IN:CREATE_REMINDER]"]}
{"loss": 0.9724175333976746, "class_log_probabilities": [-0.9265395998954773, -5.031836032867432, -5.181240558624268, -5.685853958129883], "predictions": [49, 36, 401, 402, 403, 404, 405, 406, 37, 16, 407, 408, 17, 50, 4], "target_tokens": ["[IN:CREATE_REMINDER", "[SL:TODO", "@ptr6", "@ptr7", "@ptr8", "@ptr9", "@ptr10", "@ptr11", "SL:TODO]", "[SL:DATE_TIME", "@ptr12", "@ptr13", "SL:DATE_TIME]", "IN:CREATE_REMINDER]"], "predicted_tokens": ["[IN:CREATE_REMINDER", "[SL:TODO", "@ptr6", "@ptr7", "@ptr8", "@ptr9", "@ptr10", "@ptr11", "SL:TODO]", "[SL:DATE_TIME", "@ptr12", "@ptr13", "SL:DATE_TIME]", "IN:CREATE_REMINDER]"]}
{"loss": 0.9730141162872314, "class_log_probabilities": [-0.8507096767425537, -3.385660171508789, -8.172134399414062, -8.554950714111328], "predictions": [49, 34, 396, 35, 36, 398, 399, 400, 401, 402, 403, 404, 37, 50, 4, 4], "target_tokens": ["[IN:CREATE_REMINDER", "[SL:PERSON_REMINDED", "@ptr1", "SL:PERSON_REMINDED]", "[SL:TODO", "@ptr3", "@ptr4", "@ptr5", "@ptr6", "@ptr7", "@ptr8", "@ptr9", "SL:TODO]", "IN:CREATE_REMINDER]"], "predicted_tokens": ["[IN:CREATE_REMINDER", "[SL:PERSON_REMINDED", "@ptr1", "SL:PERSON_REMINDED]", "[SL:TODO", "@ptr3", "@ptr4", "@ptr5", "@ptr6", "@ptr7", "@ptr8", "@ptr9", "SL:TODO]", "IN:CREATE_REMINDER]"]}
{"loss": 1.3310973644256592, "class_log_probabilities": [-1.5483289957046509, -2.4369959831237793, -5.827600002288818, -6.919406414031982], "predictions": [49, 34, 396, 35, 36, 398, 399, 400, 401, 402, 403, 37, 16, 405, 406, 407, 408, 409, 410, 17, 50, 4, 4, 4, 4, 4], "target_tokens": ["[IN:CREATE_REMINDER", "[SL:PERSON_REMINDED", "@ptr1", "SL:PERSON_REMINDED]", "[SL:TODO", "@ptr4", "@ptr5", "@ptr6", "@ptr7", "@ptr8", "SL:TODO]", "[SL:DATE_TIME", "@ptr10", "@ptr11", "@ptr12", "@ptr13", "@ptr14", "@ptr15", "SL:DATE_TIME]", "IN:CREATE_REMINDER]"], "predicted_tokens": ["[IN:CREATE_REMINDER", "[SL:PERSON_REMINDED", "@ptr1", "SL:PERSON_REMINDED]", "[SL:TODO", "@ptr3", "@ptr4", "@ptr5", "@ptr6", "@ptr7", "@ptr8", "SL:TODO]", "[SL:DATE_TIME", "@ptr10", "@ptr11", "@ptr12", "@ptr13", "@ptr14", "@ptr15", "SL:DATE_TIME]", "IN:CREATE_REMINDER]"]}
{"loss": 0.9632677435874939, "class_log_probabilities": [-0.8391932845115662, -6.751998424530029, -7.276517868041992, -8.009849548339844], "predictions": [49, 34, 396, 35, 36, 400, 401, 402, 37, 16, 403, 404, 17, 50, 4, 4, 4, 4, 4], "target_tokens": ["[IN:CREATE_REMINDER", "[SL:PERSON_REMINDED", "@ptr1", "SL:PERSON_REMINDED]", "[SL:TODO", "@ptr5", "@ptr6", "@ptr7", "SL:TODO]", "[SL:DATE_TIME", "@ptr8", "@ptr9", "SL:DATE_TIME]", "IN:CREATE_REMINDER]"], "predicted_tokens": ["[IN:CREATE_REMINDER", "[SL:PERSON_REMINDED", "@ptr1", "SL:PERSON_REMINDED]", "[SL:TODO", "@ptr5", "@ptr6", "@ptr7", "SL:TODO]", "[SL:DATE_TIME", "@ptr8", "@ptr9", "SL:DATE_TIME]", "IN:CREATE_REMINDER]"]}
{"loss": 2.6452085971832275, "class_log_probabilities": [-2.4782564640045166, -3.447911262512207, -3.951969861984253, -4.125274181365967], "predictions": [49, 36, 143, 36, 399, 400, 37, 36, 402, 37, 144, 37, 16, 403, 404, 405, 406, 407, 17, 50, 4], "target_tokens": ["[IN:CREATE_REMINDER", "[SL:TODO", "@ptr5", "@ptr6", "@ptr7", "SL:TODO]", "[SL:DATE_TIME", "@ptr8", "@ptr9", "@ptr10", "@ptr11", "@ptr12", "SL:DATE_TIME]", "IN:CREATE_REMINDER]"], "predicted_tokens": ["[IN:CREATE_REMINDER", "[SL:TODO", "[IN:GET_TODO", "[SL:TODO", "@ptr4", "@ptr5", "SL:TODO]", "[SL:TODO", "@ptr7", "SL:TODO]", "IN:GET_TODO]", "SL:TODO]", "[SL:DATE_TIME", "@ptr8", "@ptr9", "@ptr10", "@ptr11", "@ptr12", "SL:DATE_TIME]", "IN:CREATE_REMINDER]"]}
{"loss": 1.2745954990386963, "class_log_probabilities": [-3.470935821533203, -3.5230932235717773, -4.68513298034668, -5.876497745513916], "predictions": [49, 34, 396, 35, 36, 143, 36, 398, 399, 400, 401, 37, 36, 402, 403, 37, 16, 404, 405, 406, 407, 408, 409, 410, 17, 144, 37, 50, 4, 4, 4, 4, 4], "target_tokens": ["[IN:CREATE_REMINDER", "[SL:PERSON_REMINDED", "@ptr1", "SL:PERSON_REMINDED]", "[SL:TODO", "@ptr3", "@ptr4", "@ptr5", "@ptr6", "@ptr7", "@ptr8", "SL:TODO]", "[SL:DATE_TIME", "@ptr9", "@ptr10", "@ptr11", "@ptr12", "@ptr13", "@ptr14", "@ptr15", "SL:DATE_TIME]", "IN:CREATE_REMINDER]"], "predicted_tokens": ["[IN:CREATE_REMINDER", "[SL:PERSON_REMINDED", "@ptr1", "SL:PERSON_REMINDED]", "[SL:TODO", "[IN:GET_TODO", "[SL:TODO", "@ptr3", "@ptr4", "@ptr5", "@ptr6", "SL:TODO]", "[SL:TODO", "@ptr7", "@ptr8", "SL:TODO]", "[SL:DATE_TIME", "@ptr9", "@ptr10", "@ptr11", "@ptr12", "@ptr13", "@ptr14", "@ptr15", "SL:DATE_TIME]", "IN:GET_TODO]", "SL:TODO]", "IN:CREATE_REMINDER]"]}
{"loss": 1.3232884407043457, "class_log_probabilities": [-0.9647209644317627, -7.773377895355225, -8.146747589111328, -8.198575019836426], "predictions": [49, 34, 396, 35, 16, 398, 399, 400, 401, 17, 36, 402, 403, 404, 405, 406, 407, 37, 50, 4, 4, 4], "target_tokens": ["[IN:CREATE_REMINDER", "[SL:PERSON_REMINDED", "@ptr1", "SL:PERSON_REMINDED]", "[SL:DATE_TIME", "@ptr2", "@ptr3", "@ptr4", "@ptr5", "@ptr6", "SL:DATE_TIME]", "[SL:TODO", "@ptr7", "@ptr8", "@ptr9", "@ptr10", "@ptr11", "@ptr12", "SL:TODO]", "IN:CREATE_REMINDER]"], "predicted_tokens": ["[IN:CREATE_REMINDER", "[SL:PERSON_REMINDED", "@ptr1", "SL:PERSON_REMINDED]", "[SL:DATE_TIME", "@ptr3", "@ptr4", "@ptr5", "@ptr6", "SL:DATE_TIME]", "[SL:TODO", "@ptr7", "@ptr8", "@ptr9", "@ptr10", "@ptr11", "@ptr12", "SL:TODO]", "IN:CREATE_REMINDER]"]}
{"loss": 1.6512503623962402, "class_log_probabilities": [-2.196981191635132, -2.313516616821289, -4.086183071136475, -4.146418571472168], "predictions": [49, 34, 396, 35, 36, 143, 36, 75, 6, 399, 400, 7, 78, 37, 16, 401, 402, 17, 36, 404, 405, 406, 37, 144, 37, 50, 4, 4], "target_tokens": ["[IN:CREATE_REMINDER", "[SL:PERSON_REMINDED", "@ptr1", "SL:PERSON_REMINDED]", "[SL:TODO", "[IN:GET_TODO", "[SL:TODO", "[IN:CREATE_CALL", "[SL:CONTACT", "@ptr5", "SL:CONTACT]", "IN:CREATE_CALL]", "SL:TODO]", "[SL:DATE_TIME", "@ptr7", "SL:DATE_TIME]", "[SL:TODO", "@ptr9", "@ptr10", "@ptr11", "SL:TODO]", "IN:GET_TODO]", "SL:TODO]", "IN:CREATE_REMINDER]"], "predicted_tokens": ["[IN:CREATE_REMINDER", "[SL:PERSON_REMINDED", "@ptr1", "SL:PERSON_REMINDED]", "[SL:TODO", "[IN:GET_TODO", "[SL:TODO", "[IN:CREATE_CALL", "[SL:CONTACT", "@ptr4", "@ptr5", "SL:CONTACT]", "IN:CREATE_CALL]", "SL:TODO]", "[SL:DATE_TIME", "@ptr6", "@ptr7", "SL:DATE_TIME]", "[SL:TODO", "@ptr9", "@ptr10", "@ptr11", "SL:TODO]", "IN:GET_TODO]", "SL:TODO]", "IN:CREATE_REMINDER]"]}
{"loss": 2.496670722961426, "class_log_probabilities": [-14.253323554992676, -16.316415786743164, -17.49736785888672, -18.531448364257812], "predictions": [49, 34, 396, 35, 36, 23, 271, 400, 401, 402, 429, 403, 272, 10, 404, 405, 406, 407, 408, 409, 410, 411, 412, 413, 414, 415, 416, 417, 419, 419, 11, 26, 37, 50, 4, 4, 4, 4, 4, 4, 4, 4, 4, 4, 4, 4, 4, 4, 4, 4], "target_tokens": ["[IN:CREATE_REMINDER", "[SL:PERSON_REMINDED", "@ptr1", "SL:PERSON_REMINDED]", "[SL:TODO", "[IN:SEND_MESSAGE", "[SL:METHOD_MESSAGE", "@ptr6", "@ptr7", "SL:METHOD_MESSAGE]", "[SL:RECIPIENT", "@ptr10", "@ptr11", "@ptr12", "SL:RECIPIENT]", "[SL:CONTENT_EXACT", "@ptr15", "@ptr16", "@ptr17", "@ptr18", "@ptr19", "@ptr20", "@ptr21", "@ptr22", "@ptr23", "SL:CONTENT_EXACT]", "IN:SEND_MESSAGE]", "SL:TODO]", "[SL:DATE_TIME", "@ptr25", "@ptr26", "@ptr27", "@ptr28", "@ptr29", "@ptr30", "@ptr31", "SL:DATE_TIME]", "IN:CREATE_REMINDER]"], "predicted_tokens": ["[IN:CREATE_REMINDER", "[SL:PERSON_REMINDED", "@ptr1", "SL:PERSON_REMINDED]", "[SL:TODO", "[IN:SEND_MESSAGE", "[SL:METHOD_MESSAGE", "@ptr5", "@ptr6", "@ptr7", "@ptr34", "@ptr8", "SL:METHOD_MESSAGE]", "[SL:RECIPIENT", "@ptr9", "@ptr10", "@ptr11", "@ptr12", "@ptr13", "@ptr14", "@ptr15", "@ptr16", "@ptr17", "@ptr18", "@ptr19", "@ptr20", "@ptr21", "@ptr22", "@ptr24", "@ptr24", "SL:RECIPIENT]", "IN:SEND_MESSAGE]", "SL:TODO]", "IN:CREATE_REMINDER]"]}
{"loss": 1.5687623023986816, "class_log_probabilities": [-2.7441587448120117, -3.3404390811920166, -4.648265838623047, -5.744263172149658], "predictions": [49, 36, 143, 36, 75, 6, 402, 403, 7, 78, 37, 36, 405, 406, 407, 37, 16, 408, 409, 410, 411, 412, 413, 17, 144, 37, 50, 4, 4, 4, 4, 4, 4, 4, 4, 4], "target_tokens": ["[IN:CREATE_REMINDER", "[SL:TODO", "[IN:GET_TODO", "[SL:TODO", "[IN:CREATE_CALL", "IN:CREATE_CALL]", "SL:TODO]", "[SL:TODO", "@ptr7", "@ptr8", "@ptr9", "@ptr10", "@ptr11", "@ptr12", "SL:TODO]", "IN:GET_TODO]", "SL:TODO]", "[SL:DATE_TIME", "@ptr13", "@ptr14", "@ptr15", "@ptr16", "@ptr17", "@ptr18", "SL:DATE_TIME]", "IN:CREATE_REMINDER]"], "predicted_tokens": ["[IN:CREATE_REMINDER", "[SL:TODO", "[IN:GET_TODO", "[SL:TODO", "[IN:CREATE_CALL", "[SL:CONTACT", "@ptr7", "@ptr8", "SL:CONTACT]", "IN:CREATE_CALL]", "SL:TODO]", "[SL:TODO", "@ptr10", "@ptr11", "@ptr12", "SL:TODO]", "[SL:DATE_TIME", "@ptr13", "@ptr14", "@ptr15", "@ptr16", "@ptr17", "@ptr18", "SL:DATE_TIME]", "IN:GET_TODO]", "SL:TODO]", "IN:CREATE_REMINDER]"]}
{"loss": 2.2416086196899414, "class_log_probabilities": [-1.7781829833984375, -2.7956106662750244, -3.7632343769073486, -5.222537517547607], "predictions": [49, 34, 396, 35, 36, 143, 36, 398, 399, 400, 401, 402, 403, 404, 405, 37, 16, 406, 407, 408, 409, 410, 17, 144, 37, 50, 4], "target_tokens": ["[IN:CREATE_REMINDER", "[SL:PERSON_REMINDED", "@ptr1", "SL:PERSON_REMINDED]", "[SL:TODO", "[IN:GET_TODO", "[SL:TODO", "@ptr4", "@ptr5", "@ptr6", "SL:TODO]", "[SL:LOCATION", "[IN:GET_LOCATION", "[SL:CONTACT", "@ptr10", "SL:CONTACT]", "IN:GET_LOCATION]", "SL:LOCATION]", "IN:GET_TODO]", "SL:TODO]", "[SL:DATE_TIME", "@ptr11", "@ptr12", "@ptr13", "@ptr14", "@ptr15", "SL:DATE_TIME]", "IN:CREATE_REMINDER]"], "predicted_tokens": ["[IN:CREATE_REMINDER", "[SL:PERSON_REMINDED", "@ptr1", "SL:PERSON_REMINDED]", "[SL:TODO", "[IN:GET_TODO", "[SL:TODO", "@ptr3", "@ptr4", "@ptr5", "@ptr6", "@ptr7", "@ptr8", "@ptr9", "@ptr10", "SL:TODO]", "[SL:DATE_TIME", "@ptr11", "@ptr12", "@ptr13", "@ptr14", "@ptr15", "SL:DATE_TIME]", "IN:GET_TODO]", "SL:TODO]", "IN:CREATE_REMINDER]"]}
{"loss": 1.469832181930542, "class_log_probabilities": [-0.7524743676185608, -6.315526962280273, -6.473104476928711, -8.015474319458008], "predictions": [49, 34, 405, 35, 16, 406, 407, 408, 409, 17, 50, 4, 4, 4, 4, 4, 4, 4, 4, 4, 4, 4], "target_tokens": ["[IN:CREATE_REMINDER", "[SL:TODO", "@ptr1", "@ptr2", "@ptr3", "@ptr4", "@ptr5", "@ptr6", "SL:TODO]", "[SL:PERSON_REMINDED", "@ptr9", "SL:PERSON_REMINDED]", "[SL:DATE_TIME", "@ptr11", "@ptr12", "@ptr13", "@ptr14", "SL:DATE_TIME]", "IN:CREATE_REMINDER]"], "predicted_tokens": ["[IN:CREATE_REMINDER", "[SL:PERSON_REMINDED", "@ptr10", "SL:PERSON_REMINDED]", "[SL:DATE_TIME", "@ptr11", "@ptr12", "@ptr13", "@ptr14", "SL:DATE_TIME]", "IN:CREATE_REMINDER]"]}
{"loss": 0.9662590026855469, "class_log_probabilities": [-0.871902346611023, -6.444817066192627, -6.909962177276611, -7.5928144454956055], "predictions": [49, 34, 396, 35, 36, 397, 398, 399, 400, 401, 402, 403, 404, 37, 50, 4, 4, 4, 4, 4], "target_tokens": ["[IN:CREATE_REMINDER", "[SL:PERSON_REMINDED", "@ptr1", "SL:PERSON_REMINDED]", "[SL:TODO", "@ptr2", "@ptr3", "@ptr4", "@ptr5", "@ptr6", "@ptr7", "@ptr8", "@ptr9", "SL:TODO]", "IN:CREATE_REMINDER]"], "predicted_tokens": ["[IN:CREATE_REMINDER", "[SL:PERSON_REMINDED", "@ptr1", "SL:PERSON_REMINDED]", "[SL:TODO", "@ptr2", "@ptr3", "@ptr4", "@ptr5", "@ptr6", "@ptr7", "@ptr8", "@ptr9", "SL:TODO]", "IN:CREATE_REMINDER]"]}
{"loss": 0.967758297920227, "class_log_probabilities": [-0.6624536514282227, -8.526565551757812, -8.585371971130371, -8.69794750213623], "predictions": [49, 34, 396, 35, 36, 398, 399, 37, 16, 400, 17, 50, 4, 4, 4], "target_tokens": ["[IN:CREATE_REMINDER", "[SL:PERSON_REMINDED", "@ptr1", "SL:PERSON_REMINDED]", "[SL:TODO", "@ptr3", "@ptr4", "SL:TODO]", "[SL:DATE_TIME", "@ptr5", "SL:DATE_TIME]", "IN:CREATE_REMINDER]"], "predicted_tokens": ["[IN:CREATE_REMINDER", "[SL:PERSON_REMINDED", "@ptr1", "SL:PERSON_REMINDED]", "[SL:TODO", "@ptr3", "@ptr4", "SL:TODO]", "[SL:DATE_TIME", "@ptr5", "SL:DATE_TIME]", "IN:CREATE_REMINDER]"]}
{"loss": 0.9655656218528748, "class_log_probabilities": [-0.9543266892433167, -6.414413928985596, -7.207396984100342, -7.407215595245361], "predictions": [49, 34, 396, 35, 36, 397, 398, 399, 400, 401, 402, 403, 404, 405, 37, 50, 4], "target_tokens": ["[IN:CREATE_REMINDER", "[SL:PERSON_REMINDED", "@ptr1", "SL:PERSON_REMINDED]", "[SL:TODO", "@ptr2", "@ptr3", "@ptr4", "@ptr5", "@ptr6", "@ptr7", "@ptr8", "@ptr9", "@ptr10", "SL:TODO]", "IN:CREATE_REMINDER]"], "predicted_tokens": ["[IN:CREATE_REMINDER", "[SL:PERSON_REMINDED", "@ptr1", "SL:PERSON_REMINDED]", "[SL:TODO", "@ptr2", "@ptr3", "@ptr4", "@ptr5", "@ptr6", "@ptr7", "@ptr8", "@ptr9", "@ptr10", "SL:TODO]", "IN:CREATE_REMINDER]"]}
{"loss": 1.5990959405899048, "class_log_probabilities": [-1.7802541255950928, -3.2028605937957764, -3.5593738555908203, -4.085402488708496], "predictions": [49, 34, 398, 35, 36, 400, 401, 402, 403, 404, 405, 406, 37, 16, 408, 409, 17, 50, 4, 4, 4, 4, 4], "target_tokens": ["[IN:CREATE_REMINDER", "[SL:PERSON_REMINDED", "@ptr3", "SL:PERSON_REMINDED]", "[SL:TODO", "@ptr5", "@ptr6", "@ptr7", "@ptr8", "@ptr9", "@ptr10", "@ptr11", "@ptr12", "SL:TODO]", "[SL:DATE_TIME", "@ptr14", "SL:DATE_TIME]", "IN:CREATE_REMINDER]"], "predicted_tokens": ["[IN:CREATE_REMINDER", "[SL:PERSON_REMINDED", "@ptr3", "SL:PERSON_REMINDED]", "[SL:TODO", "@ptr5", "@ptr6", "@ptr7", "@ptr8", "@ptr9", "@ptr10", "@ptr11", "SL:TODO]", "[SL:DATE_TIME", "@ptr13", "@ptr14", "SL:DATE_TIME]", "IN:CREATE_REMINDER]"]}
{"loss": 2.689439058303833, "class_log_probabilities": [-1.135938048362732, -3.7055912017822266, -7.489398956298828, -8.005946159362793], "predictions": [49, 34, 396, 35, 36, 398, 399, 400, 401, 402, 403, 404, 405, 37, 16, 406, 407, 408, 17, 50, 4, 4], "target_tokens": ["[IN:CREATE_REMINDER", "[SL:PERSON_REMINDED", "@ptr1", "SL:PERSON_REMINDED]", "[SL:TODO", "[IN:GET_TODO", "[SL:TODO", "@ptr3", "@ptr4", "@ptr5", "SL:TODO]", "[SL:ATTENDEE", "@ptr8", "@ptr9", "@ptr10", "SL:ATTENDEE]", "IN:GET_TODO]", "SL:TODO]", "[SL:DATE_TIME", "@ptr12", "@ptr13", "SL:DATE_TIME]", "IN:CREATE_REMINDER]"], "predicted_tokens": ["[IN:CREATE_REMINDER", "[SL:PERSON_REMINDED", "@ptr1", "SL:PERSON_REMINDED]", "[SL:TODO", "@ptr3", "@ptr4", "@ptr5", "@ptr6", "@ptr7", "@ptr8", "@ptr9", "@ptr10", "SL:TODO]", "[SL:DATE_TIME", "@ptr11", "@ptr12", "@ptr13", "SL:DATE_TIME]", "IN:CREATE_REMINDER]"]}
{"loss": 0.966714084148407, "class_log_probabilities": [-0.31060928106307983, -8.642151832580566, -8.653972625732422, -8.791518211364746], "predictions": [70, 71, 400, 72, 73, 4, 4, 4], "target_tokens": ["[IN:GET_CONTACT", "[SL:TYPE_RELATION", "@ptr5", "SL:TYPE_RELATION]", "IN:GET_CONTACT]"], "predicted_tokens": ["[IN:GET_CONTACT", "[SL:TYPE_RELATION", "@ptr5", "SL:TYPE_RELATION]", "IN:GET_CONTACT]"]}
{"loss": 0.9669815897941589, "class_log_probabilities": [-1.0344187021255493, -3.9784162044525146, -4.358008861541748, -6.680736064910889], "predictions": [70, 93, 399, 94, 71, 400, 72, 16, 404, 405, 17, 73, 4, 4], "target_tokens": ["[IN:GET_CONTACT", "[SL:CONTACT_RELATED", "@ptr4", "SL:CONTACT_RELATED]", "[SL:TYPE_RELATION", "@ptr5", "SL:TYPE_RELATION]", "[SL:DATE_TIME", "@ptr9", "@ptr10", "SL:DATE_TIME]", "IN:GET_CONTACT]"], "predicted_tokens": ["[IN:GET_CONTACT", "[SL:CONTACT_RELATED", "@ptr4", "SL:CONTACT_RELATED]", "[SL:TYPE_RELATION", "@ptr5", "SL:TYPE_RELATION]", "[SL:DATE_TIME", "@ptr9", "@ptr10", "SL:DATE_TIME]", "IN:GET_CONTACT]"]}
{"loss": 2.345682144165039, "class_log_probabilities": [-0.37274548411369324, -8.146869659423828, -8.44209098815918, -8.700199127197266], "predictions": [70, 16, 399, 400, 17, 73, 4, 4], "target_tokens": ["[IN:GET_CONTACT", "[SL:DATE_TIME", "@ptr5", "SL:DATE_TIME]", "IN:GET_CONTACT]"], "predicted_tokens": ["[IN:GET_CONTACT", "[SL:DATE_TIME", "@ptr4", "@ptr5", "SL:DATE_TIME]", "IN:GET_CONTACT]"]}
{"loss": 2.460979461669922, "class_log_probabilities": [-1.8252187967300415, -3.5201897621154785, -3.6489527225494385, -4.503237724304199], "predictions": [70, 71, 399, 400, 72, 93, 401, 94, 16, 403, 404, 405, 17, 73, 4], "target_tokens": ["[IN:GET_CONTACT", "[SL:CONTACT_RELATED", "@ptr6", "SL:CONTACT_RELATED]", "[SL:TYPE_RELATION", "@ptr4", "SL:TYPE_RELATION]", "[SL:DATE_TIME", "@ptr9", "@ptr10", "SL:DATE_TIME]", "IN:GET_CONTACT]"], "predicted_tokens": ["[IN:GET_CONTACT", "[SL:TYPE_RELATION", "@ptr4", "@ptr5", "SL:TYPE_RELATION]", "[SL:CONTACT_RELATED", "@ptr6", "SL:CONTACT_RELATED]", "[SL:DATE_TIME", "@ptr8", "@ptr9", "@ptr10", "SL:DATE_TIME]", "IN:GET_CONTACT]"]}
{"loss": 2.4096262454986572, "class_log_probabilities": [-3.169787883758545, -4.562320232391357, -4.957151889801025, -4.968991756439209], "predictions": [70, 71, 400, 401, 402, 72, 93, 406, 94, 73, 4, 4, 4, 4, 4], "target_tokens": ["[IN:GET_CONTACT", "[SL:CONTACT_RELATED", "@ptr11", "SL:CONTACT_RELATED]", "[SL:TYPE_RELATION", "@ptr6", "@ptr7", "@ptr8", "@ptr9", "SL:TYPE_RELATION]", "IN:GET_CONTACT]"], "predicted_tokens": ["[IN:GET_CONTACT", "[SL:TYPE_RELATION", "@ptr5", "@ptr6", "@ptr7", "SL:TYPE_RELATION]", "[SL:CONTACT_RELATED", "@ptr11", "SL:CONTACT_RELATED]", "IN:GET_CONTACT]"]}
{"loss": 2.2417995929718018, "class_log_probabilities": [-0.6603201627731323, -5.2360310554504395, -6.238290786743164, -6.647252082824707], "predictions": [70, 93, 398, 94, 16, 399, 400, 17, 73, 4], "target_tokens": ["[IN:GET_CONTACT", "[SL:DATE_TIME", "@ptr4", "@ptr5", "SL:DATE_TIME]", "IN:GET_CONTACT]"], "predicted_tokens": ["[IN:GET_CONTACT", "[SL:CONTACT_RELATED", "@ptr3", "SL:CONTACT_RELATED]", "[SL:DATE_TIME", "@ptr4", "@ptr5", "SL:DATE_TIME]", "IN:GET_CONTACT]"]}
{"loss": 1.1355592012405396, "class_log_probabilities": [-1.0008400678634644, -2.472520112991333, -4.867903232574463, -5.620005130767822], "predictions": [70, 16, 399, 400, 401, 402, 403, 404, 17, 73, 4, 4, 4], "target_tokens": ["[IN:GET_CONTACT", "[SL:DATE_TIME", "@ptr5", "@ptr6", "@ptr7", "@ptr8", "@ptr9", "SL:DATE_TIME]", "IN:GET_CONTACT]"], "predicted_tokens": ["[IN:GET_CONTACT", "[SL:DATE_TIME", "@ptr4", "@ptr5", "@ptr6", "@ptr7", "@ptr8", "@ptr9", "SL:DATE_TIME]", "IN:GET_CONTACT]"]}
{"loss": 2.2656619548797607, "class_log_probabilities": [-0.3579379916191101, -8.14232063293457, -8.261608123779297, -8.663817405700684], "predictions": [70, 16, 399, 400, 17, 73, 4], "target_tokens": ["[IN:GET_CONTACT", "[SL:DATE_TIME", "@ptr5", "SL:DATE_TIME]", "IN:GET_CONTACT]"], "predicted_tokens": ["[IN:GET_CONTACT", "[SL:DATE_TIME", "@ptr4", "@ptr5", "SL:DATE_TIME]", "IN:GET_CONTACT]"]}
{"loss": 3.309936285018921, "class_log_probabilities": [-1.0583970546722412, -3.1675593852996826, -3.6580400466918945, -3.90484619140625], "predictions": [70, 71, 399, 72, 93, 401, 94, 16, 403, 404, 405, 406, 17, 73, 4], "target_tokens": ["[IN:GET_CONTACT", "[SL:CONTACT_RELATED", "@ptr6", "SL:CONTACT_RELATED]", "[SL:TYPE_RELATION", "@ptr4", "SL:TYPE_RELATION]", "[SL:DATE_TIME", "@ptr9", "@ptr10", "@ptr11", "SL:DATE_TIME]", "IN:GET_CONTACT]"], "predicted_tokens": ["[IN:GET_CONTACT", "[SL:TYPE_RELATION", "@ptr4", "SL:TYPE_RELATION]", "[SL:CONTACT_RELATED", "@ptr6", "SL:CONTACT_RELATED]", "[SL:DATE_TIME", "@ptr8", "@ptr9", "@ptr10", "@ptr11", "SL:DATE_TIME]", "IN:GET_CONTACT]"]}
{"loss": 1.4871408939361572, "class_log_probabilities": [-1.7982666492462158, -2.3024702072143555, -3.57743501663208, -4.800363540649414], "predictions": [70, 71, 403, 72, 93, 405, 406, 94, 73, 4, 4], "target_tokens": ["[IN:GET_CONTACT", "[SL:CONTACT_RELATED", "@ptr10", "@ptr11", "SL:CONTACT_RELATED]", "[SL:TYPE_RELATION", "@ptr8", "SL:TYPE_RELATION]", "IN:GET_CONTACT]"], "predicted_tokens": ["[IN:GET_CONTACT", "[SL:TYPE_RELATION", "@ptr8", "SL:TYPE_RELATION]", "[SL:CONTACT_RELATED", "@ptr10", "@ptr11", "SL:CONTACT_RELATED]", "IN:GET_CONTACT]"]}
{"loss": 2.50048828125, "class_log_probabilities": [-0.8975073099136353, -4.273470878601074, -4.779013156890869, -6.253732204437256], "predictions": [70, 71, 399, 72, 93, 401, 94, 16, 403, 404, 405, 406, 407, 408, 17, 73, 4], "target_tokens": ["[IN:GET_CONTACT", "[SL:CONTACT_RELATED", "@ptr6", "SL:CONTACT_RELATED]", "[SL:TYPE_RELATION", "@ptr4", "SL:TYPE_RELATION]", "[SL:DATE_TIME", "@ptr8", "@ptr9", "@ptr10", "@ptr11", "@ptr12", "@ptr13", "SL:DATE_TIME]", "IN:GET_CONTACT]"], "predicted_tokens": ["[IN:GET_CONTACT", "[SL:TYPE_RELATION", "@ptr4", "SL:TYPE_RELATION]", "[SL:CONTACT_RELATED", "@ptr6", "SL:CONTACT_RELATED]", "[SL:DATE_TIME", "@ptr8", "@ptr9", "@ptr10", "@ptr11", "@ptr12", "@ptr13", "SL:DATE_TIME]", "IN:GET_CONTACT]"]}
{"loss": 1.7163891792297363, "class_log_probabilities": [-0.7548148036003113, -3.304750680923462, -7.319688320159912, -7.513951301574707], "predictions": [70, 16, 399, 400, 401, 402, 17, 73, 4], "target_tokens": ["[IN:GET_CONTACT", "[SL:DATE_TIME", "@ptr5", "@ptr6", "@ptr7", "SL:DATE_TIME]", "IN:GET_CONTACT]"], "predicted_tokens": ["[IN:GET_CONTACT", "[SL:DATE_TIME", "@ptr4", "@ptr5", "@ptr6", "@ptr7", "SL:DATE_TIME]", "IN:GET_CONTACT]"]}
{"loss": 3.8783445358276367, "class_log_probabilities": [-1.4130563735961914, -2.2219910621643066, -3.9560630321502686, -4.529442310333252], "predictions": [105, 6, 398, 7, 71, 401, 402, 72, 93, 404, 94, 106, 4], "target_tokens": ["[IN:GET_CONTACT", "[SL:CONTACT_RELATED", "@ptr9", "SL:CONTACT_RELATED]", "[SL:TYPE_RELATION", "@ptr6", "SL:TYPE_RELATION]", "[SL:CONTACT", "@ptr3", "SL:CONTACT]", "IN:GET_CONTACT]"], "predicted_tokens": ["[IN:GET_INFO_CONTACT", "[SL:CONTACT", "@ptr3", "SL:CONTACT]", "[SL:TYPE_RELATION", "@ptr6", "@ptr7", "SL:TYPE_RELATION]", "[SL:CONTACT_RELATED", "@ptr9", "SL:CONTACT_RELATED]", "IN:GET_INFO_CONTACT]"]}
{"loss": 0.9731341004371643, "class_log_probabilities": [-0.29286229610443115, -8.060418128967285, -8.1192045211792, -8.272049903869629], "predictions": [105, 6, 398, 7, 106, 4], "target_tokens": ["[IN:GET_INFO_CONTACT", "[SL:CONTACT", "@ptr3", "SL:CONTACT]", "IN:GET_INFO_CONTACT]"], "predicted_tokens": ["[IN:GET_INFO_CONTACT", "[SL:CONTACT", "@ptr3", "SL:CONTACT]", "IN:GET_INFO_CONTACT]"]}
{"loss": 0.9716374278068542, "class_log_probabilities": [-0.30125701427459717, -7.91778039932251, -8.00583267211914, -8.174778938293457], "predictions": [105, 6, 398, 7, 106, 4], "target_tokens": ["[IN:GET_INFO_CONTACT", "[SL:CONTACT", "@ptr3", "SL:CONTACT]", "IN:GET_INFO_CONTACT]"], "predicted_tokens": ["[IN:GET_INFO_CONTACT", "[SL:CONTACT", "@ptr3", "SL:CONTACT]", "IN:GET_INFO_CONTACT]"]}
{"loss": 1.8884001970291138, "class_log_probabilities": [-0.5352622270584106, -4.96084451675415, -5.331267356872559, -5.6780571937561035], "predictions": [137, 6, 398, 399, 400, 7, 140, 4], "target_tokens": ["[IN:GET_EMPLOYER", "[SL:CONTACT", "@ptr3", "@ptr4", "SL:CONTACT]", "IN:GET_EMPLOYER]"], "predicted_tokens": ["[IN:GET_EMPLOYER", "[SL:CONTACT", "@ptr3", "@ptr4", "@ptr5", "SL:CONTACT]", "IN:GET_EMPLOYER]"]}
{"loss": 1.0291670560836792, "class_log_probabilities": [-0.8673381805419922, -2.320377826690674, -6.454257011413574, -6.987092018127441], "predictions": [137, 6, 398, 7, 140, 4], "target_tokens": ["[IN:GET_EMPLOYER", "[SL:CONTACT", "@ptr3", "SL:CONTACT]", "IN:GET_EMPLOYER]"], "predicted_tokens": ["[IN:GET_EMPLOYER", "[SL:CONTACT", "@ptr3", "SL:CONTACT]", "IN:GET_EMPLOYER]"]}
{"loss": 1.8457285165786743, "class_log_probabilities": [-1.6414231061935425, -3.9490597248077393, -4.0603837966918945, -4.534018039703369], "predictions": [137, 6, 396, 7, 194, 399, 400, 195, 140, 4], "target_tokens": ["[IN:GET_EMPLOYER", "[SL:CONTACT", "@ptr1", "SL:CONTACT]", "IN:GET_EMPLOYER]"], "predicted_tokens": ["[IN:GET_EMPLOYER", "[SL:CONTACT", "@ptr1", "SL:CONTACT]", "[SL:JOB", "@ptr4", "@ptr5", "SL:JOB]", "IN:GET_EMPLOYER]"]}
{"loss": 2.1368610858917236, "class_log_probabilities": [-1.376999855041504, -2.9842264652252197, -5.677022933959961, -5.970303535461426], "predictions": [105, 6, 397, 7, 106, 4], "target_tokens": ["[IN:GET_CONTACT", "[SL:CONTACT", "@ptr2", "SL:CONTACT]", "IN:GET_CONTACT]"], "predicted_tokens": ["[IN:GET_INFO_CONTACT", "[SL:CONTACT", "@ptr2", "SL:CONTACT]", "IN:GET_INFO_CONTACT]"]}
{"loss": 2.8274407386779785, "class_log_probabilities": [-0.49796146154403687, -7.3761887550354, -7.707784652709961, -7.814972877502441], "predictions": [70, 71, 400, 72, 93, 402, 94, 73, 4], "target_tokens": ["[IN:GET_CONTACT", "[SL:CONTACT_RELATED", "@ptr7", "SL:CONTACT_RELATED]", "[SL:TYPE_RELATION", "@ptr5", "SL:TYPE_RELATION]", "IN:GET_CONTACT]"], "predicted_tokens": ["[IN:GET_CONTACT", "[SL:TYPE_RELATION", "@ptr5", "SL:TYPE_RELATION]", "[SL:CONTACT_RELATED", "@ptr7", "SL:CONTACT_RELATED]", "IN:GET_CONTACT]"]}
{"loss": 0.9711858630180359, "class_log_probabilities": [-0.29787084460258484, -7.778997898101807, -8.155198097229004, -8.170795440673828], "predictions": [137, 6, 399, 7, 140, 4], "target_tokens": ["[IN:GET_EMPLOYER", "[SL:CONTACT", "@ptr4", "SL:CONTACT]", "IN:GET_EMPLOYER]"], "predicted_tokens": ["[IN:GET_EMPLOYER", "[SL:CONTACT", "@ptr4", "SL:CONTACT]", "IN:GET_EMPLOYER]"]}
{"loss": 0.9708573222160339, "class_log_probabilities": [-0.309129536151886, -6.566287040710449, -6.775724411010742, -7.547295570373535], "predictions": [137, 6, 398, 7, 140, 4], "target_tokens": ["[IN:GET_EMPLOYER", "[SL:CONTACT", "@ptr3", "SL:CONTACT]", "IN:GET_EMPLOYER]"], "predicted_tokens": ["[IN:GET_EMPLOYER", "[SL:CONTACT", "@ptr3", "SL:CONTACT]", "IN:GET_EMPLOYER]"]}
{"loss": 0.9760485887527466, "class_log_probabilities": [-0.425481915473938, -6.6845293045043945, -7.182206630706787, -8.186237335205078], "predictions": [137, 6, 396, 7, 138, 400, 139, 140, 4], "target_tokens": ["[IN:GET_EMPLOYER", "[SL:CONTACT", "@ptr1", "SL:CONTACT]", "[SL:EMPLOYER", "@ptr5", "SL:EMPLOYER]", "IN:GET_EMPLOYER]"], "predicted_tokens": ["[IN:GET_EMPLOYER", "[SL:CONTACT", "@ptr1", "SL:CONTACT]", "[SL:EMPLOYER", "@ptr5", "SL:EMPLOYER]", "IN:GET_EMPLOYER]"]}
{"loss": 0.9719120860099792, "class_log_probabilities": [-0.2952558100223541, -7.879525661468506, -8.305477142333984, -8.330286026000977], "predictions": [137, 6, 399, 7, 140, 4], "target_tokens": ["[IN:GET_EMPLOYER", "[SL:CONTACT", "@ptr4", "SL:CONTACT]", "IN:GET_EMPLOYER]"], "predicted_tokens": ["[IN:GET_EMPLOYER", "[SL:CONTACT", "@ptr4", "SL:CONTACT]", "IN:GET_EMPLOYER]"]}
{"loss": 0.9718411564826965, "class_log_probabilities": [-0.29528024792671204, -7.8736114501953125, -8.38149356842041, -8.39021110534668], "predictions": [137, 6, 399, 7, 140, 4], "target_tokens": ["[IN:GET_EMPLOYER", "[SL:CONTACT", "@ptr4", "SL:CONTACT]", "IN:GET_EMPLOYER]"], "predicted_tokens": ["[IN:GET_EMPLOYER", "[SL:CONTACT", "@ptr4", "SL:CONTACT]", "IN:GET_EMPLOYER]"]}
{"loss": 0.9762217998504639, "class_log_probabilities": [-0.43227922916412354, -5.83108377456665, -6.5566086769104, -8.005342483520508], "predictions": [137, 6, 396, 7, 138, 400, 139, 140, 4], "target_tokens": ["[IN:GET_EMPLOYER", "[SL:CONTACT", "@ptr1", "SL:CONTACT]", "[SL:EMPLOYER", "@ptr5", "SL:EMPLOYER]", "IN:GET_EMPLOYER]"], "predicted_tokens": ["[IN:GET_EMPLOYER", "[SL:CONTACT", "@ptr1", "SL:CONTACT]", "[SL:EMPLOYER", "@ptr5", "SL:EMPLOYER]", "IN:GET_EMPLOYER]"]}
{"loss": 0.9763298034667969, "class_log_probabilities": [-0.2849288880825043, -6.669427394866943, -8.135412216186523, -8.334005355834961], "predictions": [137, 6, 400, 7, 140, 4], "target_tokens": ["[IN:GET_EMPLOYER", "[SL:CONTACT", "@ptr5", "SL:CONTACT]", "IN:GET_EMPLOYER]"], "predicted_tokens": ["[IN:GET_EMPLOYER", "[SL:CONTACT", "@ptr5", "SL:CONTACT]", "IN:GET_EMPLOYER]"]}
{"loss": 0.9710626602172852, "class_log_probabilities": [-0.3016487956047058, -7.430449485778809, -7.6657185554504395, -7.690191745758057], "predictions": [137, 6, 402, 7, 140, 4], "target_tokens": ["[IN:GET_EMPLOYER", "[SL:CONTACT", "@ptr7", "SL:CONTACT]", "IN:GET_EMPLOYER]"], "predicted_tokens": ["[IN:GET_EMPLOYER", "[SL:CONTACT", "@ptr7", "SL:CONTACT]", "IN:GET_EMPLOYER]"]}
{"loss": 0.976313054561615, "class_log_probabilities": [-0.41538017988204956, -7.926474571228027, -8.092127799987793, -8.10311508178711], "predictions": [137, 6, 396, 7, 138, 399, 139, 140, 4], "target_tokens": ["[IN:GET_EMPLOYER", "[SL:CONTACT", "@ptr1", "SL:CONTACT]", "[SL:EMPLOYER", "@ptr4", "SL:EMPLOYER]", "IN:GET_EMPLOYER]"], "predicted_tokens": ["[IN:GET_EMPLOYER", "[SL:CONTACT", "@ptr1", "SL:CONTACT]", "[SL:EMPLOYER", "@ptr4", "SL:EMPLOYER]", "IN:GET_EMPLOYER]"]}
{"loss": 0.9744406342506409, "class_log_probabilities": [-0.2904832363128662, -6.607866287231445, -8.107486724853516, -8.161437034606934], "predictions": [137, 6, 398, 7, 140, 4], "target_tokens": ["[IN:GET_EMPLOYER", "[SL:CONTACT", "@ptr3", "SL:CONTACT]", "IN:GET_EMPLOYER]"], "predicted_tokens": ["[IN:GET_EMPLOYER", "[SL:CONTACT", "@ptr3", "SL:CONTACT]", "IN:GET_EMPLOYER]"]}
{"loss": 2.18182373046875, "class_log_probabilities": [-1.1728112697601318, -3.1856637001037598, -3.374640703201294, -3.6367952823638916], "predictions": [147, 6, 396, 7, 98, 398, 99, 257, 401, 258, 150, 4], "target_tokens": ["[IN:GET_UNDERGRAD", "[SL:CONTACT", "@ptr1", "SL:CONTACT]", "[SL:SCHOOL", "@ptr6", "SL:SCHOOL]", "IN:GET_UNDERGRAD]"], "predicted_tokens": ["[IN:GET_EDUCATION_TIME", "[SL:CONTACT", "@ptr1", "SL:CONTACT]", "[SL:LIFE_EVENT", "@ptr3", "SL:LIFE_EVENT]", "[SL:SCHOOL", "@ptr6", "SL:SCHOOL]", "IN:GET_EDUCATION_TIME]"]}
{"loss": 0.972626268863678, "class_log_probabilities": [-0.4267897307872772, -7.616540908813477, -8.000582695007324, -8.213135719299316], "predictions": [211, 6, 396, 7, 14, 400, 15, 212, 4], "target_tokens": ["[IN:GET_LOCATION", "[SL:CONTACT", "@ptr1", "SL:CONTACT]", "[SL:LOCATION", "@ptr5", "SL:LOCATION]", "IN:GET_LOCATION]"], "predicted_tokens": ["[IN:GET_LOCATION", "[SL:CONTACT", "@ptr1", "SL:CONTACT]", "[SL:LOCATION", "@ptr5", "SL:LOCATION]", "IN:GET_LOCATION]"]}
{"loss": 0.9727346897125244, "class_log_probabilities": [-0.3562006950378418, -4.5914411544799805, -7.477667331695557, -7.595393657684326], "predictions": [137, 6, 398, 7, 140, 4], "target_tokens": ["[IN:GET_EMPLOYER", "[SL:CONTACT", "@ptr3", "SL:CONTACT]", "IN:GET_EMPLOYER]"], "predicted_tokens": ["[IN:GET_EMPLOYER", "[SL:CONTACT", "@ptr3", "SL:CONTACT]", "IN:GET_EMPLOYER]"]}
{"loss": 0.967562735080719, "class_log_probabilities": [-0.31090715527534485, -7.794894695281982, -7.808046817779541, -8.085221290588379], "predictions": [70, 138, 399, 139, 73, 4, 4, 4], "target_tokens": ["[IN:GET_CONTACT", "[SL:EMPLOYER", "@ptr4", "SL:EMPLOYER]", "IN:GET_CONTACT]"], "predicted_tokens": ["[IN:GET_CONTACT", "[SL:EMPLOYER", "@ptr4", "SL:EMPLOYER]", "IN:GET_CONTACT]"]}
{"loss": 0.9678344130516052, "class_log_probabilities": [-0.36295753717422485, -7.644041538238525, -7.838423252105713, -7.8974127769470215], "predictions": [70, 138, 399, 400, 139, 73, 4], "target_tokens": ["[IN:GET_CONTACT", "[SL:EMPLOYER", "@ptr4", "@ptr5", "SL:EMPLOYER]", "IN:GET_CONTACT]"], "predicted_tokens": ["[IN:GET_CONTACT", "[SL:EMPLOYER", "@ptr4", "@ptr5", "SL:EMPLOYER]", "IN:GET_CONTACT]"]}
{"loss": 0.9661367535591125, "class_log_probabilities": [-0.4300367832183838, -7.301877975463867, -7.384115695953369, -7.397523880004883], "predictions": [70, 138, 400, 401, 402, 139, 73, 4], "target_tokens": ["[IN:GET_CONTACT", "[SL:EMPLOYER", "@ptr5", "@ptr6", "@ptr7", "SL:EMPLOYER]", "IN:GET_CONTACT]"], "predicted_tokens": ["[IN:GET_CONTACT", "[SL:EMPLOYER", "@ptr5", "@ptr6", "@ptr7", "SL:EMPLOYER]", "IN:GET_CONTACT]"]}
{"loss": 0.9709436297416687, "class_log_probabilities": [-0.3429582715034485, -7.7609381675720215, -7.785345077514648, -7.996192932128906], "predictions": [70, 138, 399, 400, 139, 73, 4], "target_tokens": ["[IN:GET_CONTACT", "[SL:EMPLOYER", "@ptr4", "@ptr5", "SL:EMPLOYER]", "IN:GET_CONTACT]"], "predicted_tokens": ["[IN:GET_CONTACT", "[SL:EMPLOYER", "@ptr4", "@ptr5", "SL:EMPLOYER]", "IN:GET_CONTACT]"]}
{"loss": 0.9697651863098145, "class_log_probabilities": [-0.297848641872406, -7.705434799194336, -7.775180816650391, -7.90094518661499], "predictions": [70, 138, 400, 139, 73, 4, 4, 4], "target_tokens": ["[IN:GET_CONTACT", "[SL:EMPLOYER", "@ptr5", "SL:EMPLOYER]", "IN:GET_CONTACT]"], "predicted_tokens": ["[IN:GET_CONTACT", "[SL:EMPLOYER", "@ptr5", "SL:EMPLOYER]", "IN:GET_CONTACT]"]}
{"loss": 0.9719083905220032, "class_log_probabilities": [-0.2879488468170166, -7.6526665687561035, -8.247579574584961, -8.29175090789795], "predictions": [70, 138, 400, 139, 73, 4, 4, 4], "target_tokens": ["[IN:GET_CONTACT", "[SL:EMPLOYER", "@ptr5", "SL:EMPLOYER]", "IN:GET_CONTACT]"], "predicted_tokens": ["[IN:GET_CONTACT", "[SL:EMPLOYER", "@ptr5", "SL:EMPLOYER]", "IN:GET_CONTACT]"]}
{"loss": 2.233403205871582, "class_log_probabilities": [-0.8832201361656189, -3.198864221572876, -4.812080383300781, -5.142125606536865], "predictions": [70, 138, 403, 404, 139, 73, 4, 4], "target_tokens": ["[IN:GET_CONTACT", "[SL:CONTACT_RELATED", "@ptr1", "SL:CONTACT_RELATED]", "[SL:EMPLOYER", "@ptr8", "@ptr9", "SL:EMPLOYER]", "IN:GET_CONTACT]"], "predicted_tokens": ["[IN:GET_CONTACT", "[SL:EMPLOYER", "@ptr8", "@ptr9", "SL:EMPLOYER]", "IN:GET_CONTACT]"]}
{"loss": 0.9670987129211426, "class_log_probabilities": [-0.42895248532295227, -7.422929763793945, -7.489977836608887, -7.521324157714844], "predictions": [70, 138, 399, 400, 401, 139, 73, 4, 4], "target_tokens": ["[IN:GET_CONTACT", "[SL:EMPLOYER", "@ptr4", "@ptr5", "@ptr6", "SL:EMPLOYER]", "IN:GET_CONTACT]"], "predicted_tokens": ["[IN:GET_CONTACT", "[SL:EMPLOYER", "@ptr4", "@ptr5", "@ptr6", "SL:EMPLOYER]", "IN:GET_CONTACT]"]}
{"loss": 1.1304646730422974, "class_log_probabilities": [-2.151622772216797, -3.3793888092041016, -3.70993709564209, -3.907797336578369], "predictions": [70, 93, 399, 94, 71, 401, 72, 138, 404, 139, 73, 4, 4], "target_tokens": ["[IN:GET_CONTACT", "[SL:CONTACT_RELATED", "@ptr4", "SL:CONTACT_RELATED]", "[SL:TYPE_RELATION", "@ptr5", "SL:TYPE_RELATION]", "[SL:EMPLOYER", "@ptr9", "SL:EMPLOYER]", "IN:GET_CONTACT]"], "predicted_tokens": ["[IN:GET_CONTACT", "[SL:CONTACT_RELATED", "@ptr4", "SL:CONTACT_RELATED]", "[SL:TYPE_RELATION", "@ptr6", "SL:TYPE_RELATION]", "[SL:EMPLOYER", "@ptr9", "SL:EMPLOYER]", "IN:GET_CONTACT]"]}
{"loss": 2.041496753692627, "class_log_probabilities": [-0.32075342535972595, -6.458354949951172, -7.814344882965088, -8.076872825622559], "predictions": [70, 138, 399, 139, 73, 4, 4, 4], "target_tokens": ["[IN:GET_CONTACT", "[SL:EMPLOYER", "@ptr4", "@ptr5", "SL:EMPLOYER]", "IN:GET_CONTACT]"], "predicted_tokens": ["[IN:GET_CONTACT", "[SL:EMPLOYER", "@ptr4", "SL:EMPLOYER]", "IN:GET_CONTACT]"]}
{"loss": 0.965774655342102, "class_log_probabilities": [-0.3891785144805908, -7.11963415145874, -7.405998229980469, -7.577505111694336], "predictions": [70, 138, 400, 401, 139, 73, 4], "target_tokens": ["[IN:GET_CONTACT", "[SL:EMPLOYER", "@ptr5", "@ptr6", "SL:EMPLOYER]", "IN:GET_CONTACT]"], "predicted_tokens": ["[IN:GET_CONTACT", "[SL:EMPLOYER", "@ptr5", "@ptr6", "SL:EMPLOYER]", "IN:GET_CONTACT]"]}
{"loss": 0.9698565602302551, "class_log_probabilities": [-0.2985331118106842, -7.748121738433838, -8.02795696258545, -8.223329544067383], "predictions": [70, 138, 399, 139, 73, 4, 4, 4], "target_tokens": ["[IN:GET_CONTACT", "[SL:EMPLOYER", "@ptr4", "SL:EMPLOYER]", "IN:GET_CONTACT]"], "predicted_tokens": ["[IN:GET_CONTACT", "[SL:EMPLOYER", "@ptr4", "SL:EMPLOYER]", "IN:GET_CONTACT]"]}
{"loss": 0.9698565602302551, "class_log_probabilities": [-0.2985331118106842, -7.748121738433838, -8.02795696258545, -8.223329544067383], "predictions": [70, 138, 399, 139, 73, 4, 4, 4], "target_tokens": ["[IN:GET_CONTACT", "[SL:EMPLOYER", "@ptr4", "SL:EMPLOYER]", "IN:GET_CONTACT]"], "predicted_tokens": ["[IN:GET_CONTACT", "[SL:EMPLOYER", "@ptr4", "SL:EMPLOYER]", "IN:GET_CONTACT]"]}
{"loss": 0.9701958894729614, "class_log_probabilities": [-0.45004042983055115, -5.766284465789795, -6.413404941558838, -7.4438958168029785], "predictions": [70, 138, 401, 402, 403, 139, 73, 4], "target_tokens": ["[IN:GET_CONTACT", "[SL:EMPLOYER", "@ptr6", "@ptr7", "@ptr8", "SL:EMPLOYER]", "IN:GET_CONTACT]"], "predicted_tokens": ["[IN:GET_CONTACT", "[SL:EMPLOYER", "@ptr6", "@ptr7", "@ptr8", "SL:EMPLOYER]", "IN:GET_CONTACT]"]}
{"loss": 0.967823326587677, "class_log_probabilities": [-0.30937957763671875, -7.674118518829346, -8.063224792480469, -8.094404220581055], "predictions": [70, 138, 399, 139, 73, 4, 4, 4], "target_tokens": ["[IN:GET_CONTACT", "[SL:EMPLOYER", "@ptr4", "SL:EMPLOYER]", "IN:GET_CONTACT]"], "predicted_tokens": ["[IN:GET_CONTACT", "[SL:EMPLOYER", "@ptr4", "SL:EMPLOYER]", "IN:GET_CONTACT]"]}
{"loss": 0.962639331817627, "class_log_probabilities": [-0.4802345633506775, -6.688034534454346, -6.869021415710449, -7.2675089836120605], "predictions": [70, 138, 400, 401, 402, 139, 73, 4], "target_tokens": ["[IN:GET_CONTACT", "[SL:EMPLOYER", "@ptr5", "@ptr6", "@ptr7", "SL:EMPLOYER]", "IN:GET_CONTACT]"], "predicted_tokens": ["[IN:GET_CONTACT", "[SL:EMPLOYER", "@ptr5", "@ptr6", "@ptr7", "SL:EMPLOYER]", "IN:GET_CONTACT]"]}
{"loss": 0.9703438878059387, "class_log_probabilities": [-0.29462045431137085, -7.784862518310547, -7.785943508148193, -7.998373031616211], "predictions": [70, 138, 400, 139, 73, 4, 4, 4], "target_tokens": ["[IN:GET_CONTACT", "[SL:EMPLOYER", "@ptr5", "SL:EMPLOYER]", "IN:GET_CONTACT]"], "predicted_tokens": ["[IN:GET_CONTACT", "[SL:EMPLOYER", "@ptr5", "SL:EMPLOYER]", "IN:GET_CONTACT]"]}
{"loss": 0.9647547006607056, "class_log_probabilities": [-0.4459567070007324, -7.157301902770996, -7.389043807983398, -7.620412349700928], "predictions": [70, 138, 400, 401, 402, 139, 73, 4], "target_tokens": ["[IN:GET_CONTACT", "[SL:EMPLOYER", "@ptr5", "@ptr6", "@ptr7", "SL:EMPLOYER]", "IN:GET_CONTACT]"], "predicted_tokens": ["[IN:GET_CONTACT", "[SL:EMPLOYER", "@ptr5", "@ptr6", "@ptr7", "SL:EMPLOYER]", "IN:GET_CONTACT]"]}
{"loss": 0.9671515822410583, "class_log_probabilities": [-0.36958247423171997, -6.819607257843018, -7.428160667419434, -7.556760311126709], "predictions": [70, 138, 400, 401, 139, 73, 4], "target_tokens": ["[IN:GET_CONTACT", "[SL:EMPLOYER", "@ptr5", "@ptr6", "SL:EMPLOYER]", "IN:GET_CONTACT]"], "predicted_tokens": ["[IN:GET_CONTACT", "[SL:EMPLOYER", "@ptr5", "@ptr6", "SL:EMPLOYER]", "IN:GET_CONTACT]"]}
{"loss": 0.9685239195823669, "class_log_probabilities": [-0.30642572045326233, -7.888372421264648, -8.021817207336426, -8.080777168273926], "predictions": [70, 138, 399, 139, 73, 4, 4, 4], "target_tokens": ["[IN:GET_CONTACT", "[SL:EMPLOYER", "@ptr4", "SL:EMPLOYER]", "IN:GET_CONTACT]"], "predicted_tokens": ["[IN:GET_CONTACT", "[SL:EMPLOYER", "@ptr4", "SL:EMPLOYER]", "IN:GET_CONTACT]"]}
{"loss": 0.966553807258606, "class_log_probabilities": [-0.4307260513305664, -7.279476165771484, -7.472357273101807, -7.638007640838623], "predictions": [70, 138, 399, 400, 401, 139, 73, 4, 4], "target_tokens": ["[IN:GET_CONTACT", "[SL:EMPLOYER", "@ptr4", "@ptr5", "@ptr6", "SL:EMPLOYER]", "IN:GET_CONTACT]"], "predicted_tokens": ["[IN:GET_CONTACT", "[SL:EMPLOYER", "@ptr4", "@ptr5", "@ptr6", "SL:EMPLOYER]", "IN:GET_CONTACT]"]}
{"loss": 1.4425877332687378, "class_log_probabilities": [-0.7022336721420288, -6.7295942306518555, -6.834847450256348, -7.469095230102539], "predictions": [70, 93, 398, 94, 71, 399, 72, 138, 402, 403, 404, 139, 73, 4, 4], "target_tokens": ["[IN:GET_CONTACT", "[SL:CONTACT_RELATED", "@ptr3", "SL:CONTACT_RELATED]", "[SL:TYPE_RELATION", "@ptr4", "SL:TYPE_RELATION]", "[SL:EMPLOYER", "@ptr7", "@ptr8", "@ptr9", "@ptr10", "SL:EMPLOYER]", "IN:GET_CONTACT]"], "predicted_tokens": ["[IN:GET_CONTACT", "[SL:CONTACT_RELATED", "@ptr3", "SL:CONTACT_RELATED]", "[SL:TYPE_RELATION", "@ptr4", "SL:TYPE_RELATION]", "[SL:EMPLOYER", "@ptr7", "@ptr8", "@ptr9", "SL:EMPLOYER]", "IN:GET_CONTACT]"]}
{"loss": 0.9735093712806702, "class_log_probabilities": [-0.441427081823349, -8.034553527832031, -8.086592674255371, -8.271697044372559], "predictions": [137, 6, 396, 7, 138, 400, 139, 140, 4, 4, 4], "target_tokens": ["[IN:GET_EMPLOYER", "[SL:CONTACT", "@ptr1", "SL:CONTACT]", "[SL:EMPLOYER", "@ptr5", "SL:EMPLOYER]", "IN:GET_EMPLOYER]"], "predicted_tokens": ["[IN:GET_EMPLOYER", "[SL:CONTACT", "@ptr1", "SL:CONTACT]", "[SL:EMPLOYER", "@ptr5", "SL:EMPLOYER]", "IN:GET_EMPLOYER]"]}
{"loss": 0.9682472348213196, "class_log_probabilities": [-0.3102315366268158, -7.91514778137207, -8.048048973083496, -8.059941291809082], "predictions": [70, 138, 399, 139, 73, 4, 4, 4], "target_tokens": ["[IN:GET_CONTACT", "[SL:EMPLOYER", "@ptr4", "SL:EMPLOYER]", "IN:GET_CONTACT]"], "predicted_tokens": ["[IN:GET_CONTACT", "[SL:EMPLOYER", "@ptr4", "SL:EMPLOYER]", "IN:GET_CONTACT]"]}
{"loss": 2.071866750717163, "class_log_probabilities": [-0.630448579788208, -5.254761695861816, -5.949662685394287, -7.345407009124756], "predictions": [70, 93, 397, 94, 138, 401, 139, 73, 4], "target_tokens": ["[IN:GET_CONTACT", "[SL:EMPLOYER", "@ptr6", "SL:EMPLOYER]", "IN:GET_CONTACT]"], "predicted_tokens": ["[IN:GET_CONTACT", "[SL:CONTACT_RELATED", "@ptr2", "SL:CONTACT_RELATED]", "[SL:EMPLOYER", "@ptr6", "SL:EMPLOYER]", "IN:GET_CONTACT]"]}
{"loss": 0.9835078716278076, "class_log_probabilities": [-0.8179298043251038, -3.806964635848999, -5.518844127655029, -5.585311412811279], "predictions": [70, 93, 396, 94, 257, 404, 405, 406, 258, 73, 4, 4, 4, 4], "target_tokens": ["[IN:GET_CONTACT", "[SL:CONTACT_RELATED", "@ptr1", "SL:CONTACT_RELATED]", "[SL:SCHOOL", "@ptr9", "@ptr10", "@ptr11", "SL:SCHOOL]", "IN:GET_CONTACT]"], "predicted_tokens": ["[IN:GET_CONTACT", "[SL:CONTACT_RELATED", "@ptr1", "SL:CONTACT_RELATED]", "[SL:SCHOOL", "@ptr9", "@ptr10", "@ptr11", "SL:SCHOOL]", "IN:GET_CONTACT]"]}
{"loss": 1.691677451133728, "class_log_probabilities": [-2.0183072090148926, -2.7776553630828857, -3.2843215465545654, -3.894177198410034], "predictions": [70, 98, 403, 99, 257, 405, 406, 407, 408, 258, 16, 410, 17, 73, 4], "target_tokens": ["[IN:GET_CONTACT", "[SL:SCHOOL", "@ptr11", "@ptr12", "@ptr13", "SL:SCHOOL]", "[SL:DATE_TIME", "@ptr14", "@ptr15", "SL:DATE_TIME]", "IN:GET_CONTACT]"], "predicted_tokens": ["[IN:GET_CONTACT", "[SL:LIFE_EVENT", "@ptr8", "SL:LIFE_EVENT]", "[SL:SCHOOL", "@ptr10", "@ptr11", "@ptr12", "@ptr13", "SL:SCHOOL]", "[SL:DATE_TIME", "@ptr15", "SL:DATE_TIME]", "IN:GET_CONTACT]"]}
{"loss": 0.9816464185714722, "class_log_probabilities": [-0.6151784062385559, -6.774690628051758, -6.905638694763184, -7.807667255401611], "predictions": [70, 93, 398, 94, 71, 399, 72, 257, 402, 403, 404, 258, 73, 4, 4], "target_tokens": ["[IN:GET_CONTACT", "[SL:CONTACT_RELATED", "@ptr3", "SL:CONTACT_RELATED]", "[SL:TYPE_RELATION", "@ptr4", "SL:TYPE_RELATION]", "[SL:SCHOOL", "@ptr7", "@ptr8", "@ptr9", "SL:SCHOOL]", "IN:GET_CONTACT]"], "predicted_tokens": ["[IN:GET_CONTACT", "[SL:CONTACT_RELATED", "@ptr3", "SL:CONTACT_RELATED]", "[SL:TYPE_RELATION", "@ptr4", "SL:TYPE_RELATION]", "[SL:SCHOOL", "@ptr7", "@ptr8", "@ptr9", "SL:SCHOOL]", "IN:GET_CONTACT]"]}
{"loss": 1.067320466041565, "class_log_probabilities": [-1.6651183366775513, -2.4062438011169434, -6.363709926605225, -6.51625394821167], "predictions": [70, 257, 400, 258, 93, 401, 94, 73, 4], "target_tokens": ["[IN:GET_CONTACT", "[SL:SCHOOL", "@ptr5", "SL:SCHOOL]", "[SL:CONTACT_RELATED", "@ptr6", "SL:CONTACT_RELATED]", "IN:GET_CONTACT]"], "predicted_tokens": ["[IN:GET_CONTACT", "[SL:SCHOOL", "@ptr5", "SL:SCHOOL]", "[SL:CONTACT_RELATED", "@ptr6", "SL:CONTACT_RELATED]", "IN:GET_CONTACT]"]}
{"loss": 2.588510274887085, "class_log_probabilities": [-0.27830860018730164, -7.652162075042725, -7.692885398864746, -7.976202487945557], "predictions": [70, 257, 403, 258, 73, 4, 4, 4], "target_tokens": ["[IN:GET_CONTACT", "[SL:CONTACT_RELATED", "@ptr1", "SL:CONTACT_RELATED]", "[SL:SCHOOL", "@ptr8", "SL:SCHOOL]", "IN:GET_CONTACT]"], "predicted_tokens": ["[IN:GET_CONTACT", "[SL:SCHOOL", "@ptr8", "SL:SCHOOL]", "IN:GET_CONTACT]"]}
{"loss": 2.404874086380005, "class_log_probabilities": [-1.2332510948181152, -2.9046247005462646, -3.8184027671813965, -6.104525089263916], "predictions": [70, 6, 401, 7, 73, 4], "target_tokens": ["[IN:GET_CONTACT", "[SL:CONTACT_RELATED", "@ptr3", "SL:CONTACT_RELATED]", "[SL:SCHOOL", "@ptr6", "SL:SCHOOL]", "IN:GET_CONTACT]"], "predicted_tokens": ["[IN:GET_CONTACT", "[SL:CONTACT", "@ptr6", "SL:CONTACT]", "IN:GET_CONTACT]"]}
{"loss": 2.319735050201416, "class_log_probabilities": [-0.9365456104278564, -4.528048515319824, -5.213110446929932, -5.721930980682373], "predictions": [70, 98, 402, 99, 257, 404, 405, 258, 73, 4, 4, 4, 4], "target_tokens": ["[IN:GET_CONTACT", "[SL:CONTACT_RELATED", "@ptr1", "SL:CONTACT_RELATED]", "[SL:LIFE_EVENT", "@ptr7", "SL:LIFE_EVENT]", "[SL:SCHOOL", "@ptr9", "@ptr10", "SL:SCHOOL]", "IN:GET_CONTACT]"], "predicted_tokens": ["[IN:GET_CONTACT", "[SL:LIFE_EVENT", "@ptr7", "SL:LIFE_EVENT]", "[SL:SCHOOL", "@ptr9", "@ptr10", "SL:SCHOOL]", "IN:GET_CONTACT]"]}
{"loss": 2.0884275436401367, "class_log_probabilities": [-0.7662857174873352, -2.908207654953003, -5.294402122497559, -5.533276557922363], "predictions": [70, 98, 398, 99, 6, 400, 7, 73, 4], "target_tokens": ["[IN:GET_CONTACT", "[SL:SCHOOL", "@ptr5", "SL:SCHOOL]", "IN:GET_CONTACT]"], "predicted_tokens": ["[IN:GET_CONTACT", "[SL:LIFE_EVENT", "@ptr3", "SL:LIFE_EVENT]", "[SL:CONTACT", "@ptr5", "SL:CONTACT]", "IN:GET_CONTACT]"]}
{"loss": 3.0009853839874268, "class_log_probabilities": [-2.6829605102539062, -4.078817367553711, -4.224877834320068, -4.57610559463501], "predictions": [70, 257, 402, 403, 404, 258, 73, 4], "target_tokens": ["[IN:GET_CONTACT", "[SL:CONTACT_RELATED", "@ptr3", "SL:CONTACT_RELATED]", "[SL:SCHOOL", "@ptr9", "SL:SCHOOL]", "IN:GET_CONTACT]"], "predicted_tokens": ["[IN:GET_CONTACT", "[SL:SCHOOL", "@ptr7", "@ptr8", "@ptr9", "SL:SCHOOL]", "IN:GET_CONTACT]"]}
{"loss": 2.472036600112915, "class_log_probabilities": [-0.27453097701072693, -7.951846122741699, -7.9750285148620605, -8.087106704711914], "predictions": [70, 257, 403, 258, 73, 4, 4, 4], "target_tokens": ["[IN:GET_CONTACT", "[SL:CONTACT_RELATED", "@ptr1", "SL:CONTACT_RELATED]", "[SL:SCHOOL", "@ptr8", "SL:SCHOOL]", "IN:GET_CONTACT]"], "predicted_tokens": ["[IN:GET_CONTACT", "[SL:SCHOOL", "@ptr8", "SL:SCHOOL]", "IN:GET_CONTACT]"]}
{"loss": 1.897299885749817, "class_log_probabilities": [-3.6746459007263184, -4.009614944458008, -4.752577304840088, -5.042957305908203], "predictions": [70, 257, 403, 404, 15, 73, 4, 4, 4, 4, 4], "target_tokens": ["[IN:GET_CONTACT", "[SL:CONTACT_RELATED", "@ptr3", "SL:CONTACT_RELATED]", "[SL:EDUCATION_DEGREE", "@ptr6", "SL:EDUCATION_DEGREE]", "[SL:LOCATION", "@ptr8", "@ptr9", "SL:LOCATION]", "IN:GET_CONTACT]"], "predicted_tokens": ["[IN:GET_CONTACT", "[SL:SCHOOL", "@ptr8", "@ptr9", "SL:LOCATION]", "IN:GET_CONTACT]"]}
{"loss": 1.5781450271606445, "class_log_probabilities": [-0.569842517375946, -5.868791580200195, -6.317010402679443, -7.201117038726807], "predictions": [70, 98, 398, 99, 257, 401, 402, 403, 404, 405, 258, 73, 4, 4, 4, 4], "target_tokens": ["[IN:GET_CONTACT", "[SL:SCHOOL", "@ptr6", "@ptr7", "@ptr8", "@ptr9", "@ptr10", "SL:SCHOOL]", "IN:GET_CONTACT]"], "predicted_tokens": ["[IN:GET_CONTACT", "[SL:LIFE_EVENT", "@ptr3", "SL:LIFE_EVENT]", "[SL:SCHOOL", "@ptr6", "@ptr7", "@ptr8", "@ptr9", "@ptr10", "SL:SCHOOL]", "IN:GET_CONTACT]"]}
{"loss": 3.252081871032715, "class_log_probabilities": [-0.4707452952861786, -8.458695411682129, -8.523907661437988, -8.845288276672363], "predictions": [70, 71, 398, 72, 93, 400, 94, 73, 4, 4, 4], "target_tokens": ["[IN:GET_CONTACT", "[SL:CONTACT_RELATED", "@ptr5", "SL:CONTACT_RELATED]", "[SL:TYPE_RELATION", "@ptr3", "SL:TYPE_RELATION]", "IN:GET_CONTACT]"], "predicted_tokens": ["[IN:GET_CONTACT", "[SL:TYPE_RELATION", "@ptr3", "SL:TYPE_RELATION]", "[SL:CONTACT_RELATED", "@ptr5", "SL:CONTACT_RELATED]", "IN:GET_CONTACT]"]}
{"loss": 3.61112117767334, "class_log_probabilities": [-0.9598372578620911, -3.339115619659424, -3.3735172748565674, -5.708939552307129], "predictions": [105, 71, 398, 72, 93, 400, 94, 106, 4], "target_tokens": ["[IN:GET_CONTACT", "[SL:CONTACT_RELATED", "@ptr5", "SL:CONTACT_RELATED]", "[SL:TYPE_RELATION", "@ptr3", "SL:TYPE_RELATION]", "IN:GET_CONTACT]"], "predicted_tokens": ["[IN:GET_INFO_CONTACT", "[SL:TYPE_RELATION", "@ptr3", "SL:TYPE_RELATION]", "[SL:CONTACT_RELATED", "@ptr5", "SL:CONTACT_RELATED]", "IN:GET_INFO_CONTACT]"]}
{"loss": 2.7230823040008545, "class_log_probabilities": [-0.48208165168762207, -5.678444862365723, -7.286489486694336, -8.945276260375977], "predictions": [70, 71, 399, 72, 93, 401, 94, 73, 4, 4, 4], "target_tokens": ["[IN:GET_CONTACT", "[SL:CONTACT_RELATED", "@ptr6", "SL:CONTACT_RELATED]", "[SL:TYPE_RELATION", "@ptr4", "SL:TYPE_RELATION]", "IN:GET_CONTACT]"], "predicted_tokens": ["[IN:GET_CONTACT", "[SL:TYPE_RELATION", "@ptr4", "SL:TYPE_RELATION]", "[SL:CONTACT_RELATED", "@ptr6", "SL:CONTACT_RELATED]", "IN:GET_CONTACT]"]}
{"loss": 0.9740188121795654, "class_log_probabilities": [-0.4126511812210083, -7.724450588226318, -7.903936386108398, -8.38360595703125], "predictions": [70, 93, 400, 94, 71, 401, 72, 73, 4], "target_tokens": ["[IN:GET_CONTACT", "[SL:CONTACT_RELATED", "@ptr5", "SL:CONTACT_RELATED]", "[SL:TYPE_RELATION", "@ptr6", "SL:TYPE_RELATION]", "IN:GET_CONTACT]"], "predicted_tokens": ["[IN:GET_CONTACT", "[SL:CONTACT_RELATED", "@ptr5", "SL:CONTACT_RELATED]", "[SL:TYPE_RELATION", "@ptr6", "SL:TYPE_RELATION]", "IN:GET_CONTACT]"]}
{"loss": 0.9693082571029663, "class_log_probabilities": [-0.5495562553405762, -4.635716915130615, -6.949203968048096, -7.809229850769043], "predictions": [70, 71, 399, 400, 72, 93, 402, 94, 73, 4, 4], "target_tokens": ["[IN:GET_CONTACT", "[SL:TYPE_RELATION", "@ptr4", "@ptr5", "SL:TYPE_RELATION]", "[SL:CONTACT_RELATED", "@ptr7", "SL:CONTACT_RELATED]", "IN:GET_CONTACT]"], "predicted_tokens": ["[IN:GET_CONTACT", "[SL:TYPE_RELATION", "@ptr4", "@ptr5", "SL:TYPE_RELATION]", "[SL:CONTACT_RELATED", "@ptr7", "SL:CONTACT_RELATED]", "IN:GET_CONTACT]"]}
{"loss": 0.9703183770179749, "class_log_probabilities": [-0.47279825806617737, -5.8215460777282715, -6.24875020980835, -7.685535430908203], "predictions": [70, 93, 396, 94, 71, 399, 72, 73, 4], "target_tokens": ["[IN:GET_CONTACT", "[SL:CONTACT_RELATED", "@ptr1", "SL:CONTACT_RELATED]", "[SL:TYPE_RELATION", "@ptr4", "SL:TYPE_RELATION]", "IN:GET_CONTACT]"], "predicted_tokens": ["[IN:GET_CONTACT", "[SL:CONTACT_RELATED", "@ptr1", "SL:CONTACT_RELATED]", "[SL:TYPE_RELATION", "@ptr4", "SL:TYPE_RELATION]", "IN:GET_CONTACT]"]}
{"loss": 3.348498582839966, "class_log_probabilities": [-0.4552496671676636, -8.321664810180664, -8.37019157409668, -8.824585914611816], "predictions": [70, 71, 399, 72, 93, 401, 94, 73, 4, 4, 4], "target_tokens": ["[IN:GET_CONTACT", "[SL:CONTACT_RELATED", "@ptr6", "SL:CONTACT_RELATED]", "[SL:TYPE_RELATION", "@ptr4", "SL:TYPE_RELATION]", "IN:GET_CONTACT]"], "predicted_tokens": ["[IN:GET_CONTACT", "[SL:TYPE_RELATION", "@ptr4", "SL:TYPE_RELATION]", "[SL:CONTACT_RELATED", "@ptr6", "SL:CONTACT_RELATED]", "IN:GET_CONTACT]"]}
{"loss": 3.194888114929199, "class_log_probabilities": [-0.46571069955825806, -7.829870700836182, -8.287182807922363, -8.307811737060547], "predictions": [70, 71, 400, 72, 93, 402, 94, 73, 4, 4, 4], "target_tokens": ["[IN:GET_CONTACT", "[SL:CONTACT_RELATED", "@ptr7", "SL:CONTACT_RELATED]", "[SL:TYPE_RELATION", "@ptr5", "SL:TYPE_RELATION]", "IN:GET_CONTACT]"], "predicted_tokens": ["[IN:GET_CONTACT", "[SL:TYPE_RELATION", "@ptr5", "SL:TYPE_RELATION]", "[SL:CONTACT_RELATED", "@ptr7", "SL:CONTACT_RELATED]", "IN:GET_CONTACT]"]}
{"loss": 0.970907986164093, "class_log_probabilities": [-0.6872925162315369, -4.993732452392578, -6.227418899536133, -7.104480743408203], "predictions": [51, 113, 398, 114, 52, 400, 401, 53, 54, 4, 4], "target_tokens": ["[IN:GET_RECIPES", "[SL:RECIPES_COOKING_METHOD", "@ptr3", "SL:RECIPES_COOKING_METHOD]", "[SL:RECIPES_DISH", "@ptr5", "@ptr6", "SL:RECIPES_DISH]", "IN:GET_RECIPES]"], "predicted_tokens": ["[IN:GET_RECIPES", "[SL:RECIPES_COOKING_METHOD", "@ptr3", "SL:RECIPES_COOKING_METHOD]", "[SL:RECIPES_DISH", "@ptr5", "@ptr6", "SL:RECIPES_DISH]", "IN:GET_RECIPES]"]}
{"loss": 3.583198308944702, "class_log_probabilities": [-1.2671817541122437, -2.5323407649993896, -4.0615234375, -4.708580493927002], "predictions": [165, 52, 398, 53, 52, 400, 53, 113, 403, 114, 166, 4], "target_tokens": ["[IN:IS_TRUE_RECIPES", "[SL:RECIPES_COOKING_METHOD", "@ptr8", "SL:RECIPES_COOKING_METHOD]", "[SL:RECIPES_DISH", "@ptr3", "@ptr4", "@ptr5", "SL:RECIPES_DISH]", "IN:IS_TRUE_RECIPES]"], "predicted_tokens": ["[IN:IS_TRUE_RECIPES", "[SL:RECIPES_DISH", "@ptr3", "SL:RECIPES_DISH]", "[SL:RECIPES_DISH", "@ptr5", "SL:RECIPES_DISH]", "[SL:RECIPES_COOKING_METHOD", "@ptr8", "SL:RECIPES_COOKING_METHOD]", "IN:IS_TRUE_RECIPES]"]}
{"loss": 3.216993570327759, "class_log_probabilities": [-2.087862968444824, -2.6412622928619385, -2.833031415939331, -4.16837739944458], "predictions": [51, 52, 398, 53, 181, 399, 182, 54, 4], "target_tokens": ["[IN:GET_RECIPES", "[SL:RECIPES_TYPE", "@ptr4", "SL:RECIPES_TYPE]", "[SL:RECIPES_DISH", "@ptr3", "SL:RECIPES_DISH]", "IN:GET_RECIPES]"], "predicted_tokens": ["[IN:GET_RECIPES", "[SL:RECIPES_DISH", "@ptr3", "SL:RECIPES_DISH]", "[SL:RECIPES_DIET", "@ptr4", "SL:RECIPES_DIET]", "IN:GET_RECIPES]"]}
{"loss": 3.5543975830078125, "class_log_probabilities": [-0.7491121292114258, -3.927551507949829, -5.465709686279297, -5.469470977783203], "predictions": [51, 52, 398, 53, 145, 399, 146, 54, 4], "target_tokens": ["[IN:GET_RECIPES", "[SL:RECIPES_CUISINE", "@ptr4", "SL:RECIPES_CUISINE]", "[SL:RECIPES_DISH", "@ptr3", "SL:RECIPES_DISH]", "IN:GET_RECIPES]"], "predicted_tokens": ["[IN:GET_RECIPES", "[SL:RECIPES_DISH", "@ptr3", "SL:RECIPES_DISH]", "[SL:RECIPES_TYPE", "@ptr4", "SL:RECIPES_TYPE]", "IN:GET_RECIPES]"]}
{"loss": 0.9664504528045654, "class_log_probabilities": [-0.3195757269859314, -6.023200988769531, -6.536637783050537, -7.584440231323242], "predictions": [51, 52, 400, 53, 54, 4], "target_tokens": ["[IN:GET_RECIPES", "[SL:RECIPES_DISH", "@ptr5", "SL:RECIPES_DISH]", "IN:GET_RECIPES]"], "predicted_tokens": ["[IN:GET_RECIPES", "[SL:RECIPES_DISH", "@ptr5", "SL:RECIPES_DISH]", "IN:GET_RECIPES]"]}
{"loss": 3.1229403018951416, "class_log_probabilities": [-0.32340189814567566, -6.722935676574707, -7.136734962463379, -8.168622016906738], "predictions": [51, 52, 400, 53, 54, 4, 4], "target_tokens": ["[IN:GET_RECIPES", "[SL:RECIPES_TYPE", "@ptr3", "@ptr4", "@ptr5", "SL:RECIPES_TYPE]", "IN:GET_RECIPES]"], "predicted_tokens": ["[IN:GET_RECIPES", "[SL:RECIPES_DISH", "@ptr5", "SL:RECIPES_DISH]", "IN:GET_RECIPES]"]}
{"loss": 0.9709472060203552, "class_log_probabilities": [-0.3419150710105896, -8.15550422668457, -8.412068367004395, -8.487821578979492], "predictions": [51, 52, 397, 398, 53, 54, 4], "target_tokens": ["[IN:GET_RECIPES", "[SL:RECIPES_DISH", "@ptr2", "@ptr3", "SL:RECIPES_DISH]", "IN:GET_RECIPES]"], "predicted_tokens": ["[IN:GET_RECIPES", "[SL:RECIPES_DISH", "@ptr2", "@ptr3", "SL:RECIPES_DISH]", "IN:GET_RECIPES]"]}
{"loss": 0.9701005816459656, "class_log_probabilities": [-0.298148512840271, -8.236940383911133, -8.439852714538574, -8.71748161315918], "predictions": [51, 52, 400, 53, 54, 4, 4, 4], "target_tokens": ["[IN:GET_RECIPES", "[SL:RECIPES_DISH", "@ptr5", "SL:RECIPES_DISH]", "IN:GET_RECIPES]"], "predicted_tokens": ["[IN:GET_RECIPES", "[SL:RECIPES_DISH", "@ptr5", "SL:RECIPES_DISH]", "IN:GET_RECIPES]"]}
{"loss": 1.3238120079040527, "class_log_probabilities": [-2.870349884033203, -3.6336653232574463, -3.7613108158111572, -3.884052276611328], "predictions": [165, 129, 397, 130, 166, 4, 4, 4, 4], "target_tokens": ["[IN:IS_TRUE_RECIPES", "[SL:RECIPES_INCLUDED_INGREDIENT", "@ptr2", "SL:RECIPES_INCLUDED_INGREDIENT]", "IN:IS_TRUE_RECIPES]"], "predicted_tokens": ["[IN:IS_TRUE_RECIPES", "[SL:RECIPES_INCLUDED_INGREDIENT", "@ptr2", "SL:RECIPES_INCLUDED_INGREDIENT]", "IN:IS_TRUE_RECIPES]"]}
{"loss": 2.6190099716186523, "class_log_probabilities": [-2.1128413677215576, -3.3622305393218994, -4.489925384521484, -6.023382186889648], "predictions": [27, 28, 396, 29, 175, 397, 176, 52, 401, 402, 403, 404, 53, 30, 4, 4], "target_tokens": ["[IN:GET_INFO_RECIPES", "[SL:RECIPES_ATTRIBUTE", "@ptr1", "SL:RECIPES_ATTRIBUTE]", "[SL:RECIPES_UNIT_NUTRITION", "@ptr2", "SL:RECIPES_UNIT_NUTRITION]", "[SL:RECIPES_INCLUDED_INGREDIENT", "@ptr7", "@ptr8", "SL:RECIPES_INCLUDED_INGREDIENT]", "IN:GET_INFO_RECIPES]"], "predicted_tokens": ["[IN:GET_INFO_RECIPES", "[SL:RECIPES_ATTRIBUTE", "@ptr1", "SL:RECIPES_ATTRIBUTE]", "[SL:RECIPES_UNIT_NUTRITION", "@ptr2", "SL:RECIPES_UNIT_NUTRITION]", "[SL:RECIPES_DISH", "@ptr6", "@ptr7", "@ptr8", "@ptr9", "SL:RECIPES_DISH]", "IN:GET_INFO_RECIPES]"]}
{"loss": 0.9707298278808594, "class_log_probabilities": [-0.2918573021888733, -8.073975563049316, -8.293587684631348, -8.339658737182617], "predictions": [51, 52, 399, 53, 54, 4], "target_tokens": ["[IN:GET_RECIPES", "[SL:RECIPES_DISH", "@ptr4", "SL:RECIPES_DISH]", "IN:GET_RECIPES]"], "predicted_tokens": ["[IN:GET_RECIPES", "[SL:RECIPES_DISH", "@ptr4", "SL:RECIPES_DISH]", "IN:GET_RECIPES]"]}
{"loss": 0.9721751809120178, "class_log_probabilities": [-0.28647902607917786, -8.455781936645508, -8.502921104431152, -8.540955543518066], "predictions": [51, 52, 399, 53, 54, 4], "target_tokens": ["[IN:GET_RECIPES", "[SL:RECIPES_DISH", "@ptr4", "SL:RECIPES_DISH]", "IN:GET_RECIPES]"], "predicted_tokens": ["[IN:GET_RECIPES", "[SL:RECIPES_DISH", "@ptr4", "SL:RECIPES_DISH]", "IN:GET_RECIPES]"]}
{"loss": 2.4382431507110596, "class_log_probabilities": [-0.9652172327041626, -4.298396587371826, -5.513398170471191, -5.806882858276367], "predictions": [27, 52, 400, 401, 53, 113, 402, 403, 114, 30, 4, 4], "target_tokens": ["[IN:GET_INFO_RECIPES", "[SL:RECIPES_INCLUDED_INGREDIENT", "@ptr5", "SL:RECIPES_INCLUDED_INGREDIENT]", "[SL:RECIPES_COOKING_METHOD", "@ptr8", "SL:RECIPES_COOKING_METHOD]", "IN:GET_INFO_RECIPES]"], "predicted_tokens": ["[IN:GET_INFO_RECIPES", "[SL:RECIPES_DISH", "@ptr5", "@ptr6", "SL:RECIPES_DISH]", "[SL:RECIPES_COOKING_METHOD", "@ptr7", "@ptr8", "SL:RECIPES_COOKING_METHOD]", "IN:GET_INFO_RECIPES]"]}
{"loss": 1.2911925315856934, "class_log_probabilities": [-1.0432533025741577, -2.580592632293701, -5.309893608093262, -5.519627571105957], "predictions": [27, 52, 399, 400, 53, 113, 403, 404, 405, 114, 30, 4], "target_tokens": ["[IN:GET_RECIPES", "[SL:RECIPES_DISH", "@ptr4", "@ptr5", "SL:RECIPES_DISH]", "[SL:RECIPES_COOKING_METHOD", "@ptr8", "@ptr9", "@ptr10", "SL:RECIPES_COOKING_METHOD]", "IN:GET_RECIPES]"], "predicted_tokens": ["[IN:GET_INFO_RECIPES", "[SL:RECIPES_DISH", "@ptr4", "@ptr5", "SL:RECIPES_DISH]", "[SL:RECIPES_COOKING_METHOD", "@ptr8", "@ptr9", "@ptr10", "SL:RECIPES_COOKING_METHOD]", "IN:GET_INFO_RECIPES]"]}
{"loss": 2.231506109237671, "class_log_probabilities": [-0.8302843570709229, -3.0910725593566895, -5.772782325744629, -5.874184608459473], "predictions": [51, 289, 398, 290, 129, 401, 402, 403, 130, 54, 4], "target_tokens": ["[IN:GET_RECIPES", "[SL:RECIPES_RATING", "@ptr3", "SL:RECIPES_RATING]", "[SL:RECIPES_DISH", "@ptr4", "@ptr5", "@ptr6", "@ptr7", "@ptr8", "SL:RECIPES_DISH]", "IN:GET_RECIPES]"], "predicted_tokens": ["[IN:GET_RECIPES", "[SL:RECIPES_RATING", "@ptr3", "SL:RECIPES_RATING]", "[SL:RECIPES_INCLUDED_INGREDIENT", "@ptr6", "@ptr7", "@ptr8", "SL:RECIPES_INCLUDED_INGREDIENT]", "IN:GET_RECIPES]"]}
{"loss": 0.9725155234336853, "class_log_probabilities": [-0.44934436678886414, -7.973968029022217, -7.97501802444458, -8.11185073852539], "predictions": [27, 113, 398, 114, 129, 400, 130, 30, 4], "target_tokens": ["[IN:GET_INFO_RECIPES", "[SL:RECIPES_COOKING_METHOD", "@ptr3", "SL:RECIPES_COOKING_METHOD]", "[SL:RECIPES_INCLUDED_INGREDIENT", "@ptr5", "SL:RECIPES_INCLUDED_INGREDIENT]", "IN:GET_INFO_RECIPES]"], "predicted_tokens": ["[IN:GET_INFO_RECIPES", "[SL:RECIPES_COOKING_METHOD", "@ptr3", "SL:RECIPES_COOKING_METHOD]", "[SL:RECIPES_INCLUDED_INGREDIENT", "@ptr5", "SL:RECIPES_INCLUDED_INGREDIENT]", "IN:GET_INFO_RECIPES]"]}
{"loss": 2.337292432785034, "class_log_probabilities": [-2.0733022689819336, -2.797290563583374, -3.1419198513031006, -4.376481533050537], "predictions": [27, 52, 401, 53, 113, 404, 405, 406, 407, 408, 114, 30, 4], "target_tokens": ["[IN:GET_RECIPES", "[SL:RECIPES_INCLUDED_INGREDIENT", "@ptr6", "SL:RECIPES_INCLUDED_INGREDIENT]", "[SL:RECIPES_COOKING_METHOD", "@ptr9", "@ptr10", "@ptr11", "@ptr12", "SL:RECIPES_COOKING_METHOD]", "IN:GET_RECIPES]"], "predicted_tokens": ["[IN:GET_INFO_RECIPES", "[SL:RECIPES_DISH", "@ptr6", "SL:RECIPES_DISH]", "[SL:RECIPES_COOKING_METHOD", "@ptr9", "@ptr10", "@ptr11", "@ptr12", "@ptr13", "SL:RECIPES_COOKING_METHOD]", "IN:GET_INFO_RECIPES]"]}
{"loss": 3.0714988708496094, "class_log_probabilities": [-0.415342777967453, -5.6503496170043945, -6.0640130043029785, -6.124023914337158], "predictions": [51, 52, 400, 53, 54, 4, 4], "target_tokens": ["[IN:GET_RECIPES", "[SL:RECIPES_DISH", "@ptr3", "@ptr4", "@ptr5", "SL:RECIPES_DISH]", "IN:GET_RECIPES]"], "predicted_tokens": ["[IN:GET_RECIPES", "[SL:RECIPES_DISH", "@ptr5", "SL:RECIPES_DISH]", "IN:GET_RECIPES]"]}
{"loss": 4.57004451751709, "class_log_probabilities": [-0.47266578674316406, -7.113282680511475, -7.486697673797607, -7.831560134887695], "predictions": [51, 52, 400, 53, 129, 403, 130, 54, 4, 4, 4, 4], "target_tokens": ["[IN:GET_RECIPES", "[SL:RECIPES_TYPE", "@ptr6", "@ptr7", "@ptr8", "SL:RECIPES_TYPE]", "[SL:RECIPES_DISH", "@ptr5", "SL:RECIPES_DISH]", "IN:GET_RECIPES]"], "predicted_tokens": ["[IN:GET_RECIPES", "[SL:RECIPES_DISH", "@ptr5", "SL:RECIPES_DISH]", "[SL:RECIPES_INCLUDED_INGREDIENT", "@ptr8", "SL:RECIPES_INCLUDED_INGREDIENT]", "IN:GET_RECIPES]"]}
{"loss": 1.7396934032440186, "class_log_probabilities": [-1.6823303699493408, -3.0616445541381836, -3.9658024311065674, -6.257958889007568], "predictions": [51, 52, 397, 398, 399, 130, 54, 4, 4, 4, 4, 4], "target_tokens": ["[IN:GET_RECIPES", "[SL:RECIPES_DISH", "@ptr2", "@ptr3", "@ptr4", "SL:RECIPES_DISH]", "IN:GET_RECIPES]"], "predicted_tokens": ["[IN:GET_RECIPES", "[SL:RECIPES_DISH", "@ptr2", "@ptr3", "@ptr4", "SL:RECIPES_INCLUDED_INGREDIENT]", "IN:GET_RECIPES]"]}
{"loss": 0.9711434245109558, "class_log_probabilities": [-0.28992873430252075, -7.608676910400391, -8.052759170532227, -8.590668678283691], "predictions": [51, 52, 399, 53, 54, 4, 4, 4], "target_tokens": ["[IN:GET_RECIPES", "[SL:RECIPES_DISH", "@ptr4", "SL:RECIPES_DISH]", "IN:GET_RECIPES]"], "predicted_tokens": ["[IN:GET_RECIPES", "[SL:RECIPES_DISH", "@ptr4", "SL:RECIPES_DISH]", "IN:GET_RECIPES]"]}
{"loss": 1.345395803451538, "class_log_probabilities": [-3.57800030708313, -4.698989391326904, -4.9944376945495605, -6.137524604797363], "predictions": [51, 113, 398, 399, 114, 52, 399, 53, 54, 4], "target_tokens": ["[IN:GET_RECIPES", "[SL:RECIPES_COOKING_METHOD", "@ptr3", "SL:RECIPES_COOKING_METHOD]", "[SL:RECIPES_DISH", "@ptr4", "SL:RECIPES_DISH]", "IN:GET_RECIPES]"], "predicted_tokens": ["[IN:GET_RECIPES", "[SL:RECIPES_COOKING_METHOD", "@ptr3", "@ptr4", "SL:RECIPES_COOKING_METHOD]", "[SL:RECIPES_DISH", "@ptr4", "SL:RECIPES_DISH]", "IN:GET_RECIPES]"]}
{"loss": 1.9825825691223145, "class_log_probabilities": [-0.3506244421005249, -5.783833026885986, -6.281527042388916, -6.307868003845215], "predictions": [165, 52, 397, 53, 181, 399, 182, 166, 4], "target_tokens": ["[IN:IS_TRUE_RECIPES", "[SL:RECIPES_INCLUDED_INGREDIENT", "@ptr2", "SL:RECIPES_INCLUDED_INGREDIENT]", "[SL:RECIPES_DIET", "@ptr4", "SL:RECIPES_DIET]", "IN:IS_TRUE_RECIPES]"], "predicted_tokens": ["[IN:IS_TRUE_RECIPES", "[SL:RECIPES_DISH", "@ptr2", "SL:RECIPES_DISH]", "[SL:RECIPES_DIET", "@ptr4", "SL:RECIPES_DIET]", "IN:IS_TRUE_RECIPES]"]}
{"loss": 2.2678048610687256, "class_log_probabilities": [-0.3097327947616577, -6.32365608215332, -6.63623046875, -8.560423851013184], "predictions": [27, 52, 398, 53, 30, 4, 4], "target_tokens": ["[IN:GET_RECIPES", "[SL:RECIPES_DISH", "@ptr3", "SL:RECIPES_DISH]", "IN:GET_RECIPES]"], "predicted_tokens": ["[IN:GET_INFO_RECIPES", "[SL:RECIPES_DISH", "@ptr3", "SL:RECIPES_DISH]", "IN:GET_INFO_RECIPES]"]}
{"loss": 2.5113518238067627, "class_log_probabilities": [-1.3466936349868774, -2.2286341190338135, -3.739121913909912, -4.620659351348877], "predictions": [27, 113, 402, 114, 30, 4, 4, 4, 4], "target_tokens": ["[IN:GET_INFO_RECIPES", "[SL:RECIPES_ATTRIBUTE", "@ptr8", "SL:RECIPES_ATTRIBUTE]", "[SL:RECIPES_COOKING_METHOD", "@ptr11", "SL:RECIPES_COOKING_METHOD]", "IN:GET_INFO_RECIPES]"], "predicted_tokens": ["[IN:GET_INFO_RECIPES", "[SL:RECIPES_COOKING_METHOD", "@ptr7", "SL:RECIPES_COOKING_METHOD]", "IN:GET_INFO_RECIPES]"]}
{"loss": 4.668290138244629, "class_log_probabilities": [-1.76896333694458, -2.7333762645721436, -3.106654167175293, -4.299139499664307], "predictions": [27, 129, 399, 130, 113, 407, 408, 114, 30, 4, 4, 4, 4], "target_tokens": ["[IN:GET_INFO_RECIPES", "[SL:METHOD_RECIPES", "@ptr9", "SL:METHOD_RECIPES]", "IN:GET_INFO_RECIPES]"], "predicted_tokens": ["[IN:GET_INFO_RECIPES", "[SL:RECIPES_INCLUDED_INGREDIENT", "@ptr4", "SL:RECIPES_INCLUDED_INGREDIENT]", "[SL:RECIPES_COOKING_METHOD", "@ptr12", "@ptr13", "SL:RECIPES_COOKING_METHOD]", "IN:GET_INFO_RECIPES]"]}
{"loss": 1.01951265335083, "class_log_probabilities": [-1.3478422164916992, -3.580261707305908, -3.7425968647003174, -4.063015937805176], "predictions": [51, 28, 398, 29, 129, 400, 130, 54, 4], "target_tokens": ["[IN:GET_RECIPES", "[SL:RECIPES_ATTRIBUTE", "@ptr3", "SL:RECIPES_ATTRIBUTE]", "[SL:RECIPES_INCLUDED_INGREDIENT", "@ptr5", "SL:RECIPES_INCLUDED_INGREDIENT]", "IN:GET_RECIPES]"], "predicted_tokens": ["[IN:GET_RECIPES", "[SL:RECIPES_ATTRIBUTE", "@ptr3", "SL:RECIPES_ATTRIBUTE]", "[SL:RECIPES_INCLUDED_INGREDIENT", "@ptr5", "SL:RECIPES_INCLUDED_INGREDIENT]", "IN:GET_RECIPES]"]}
{"loss": 2.4282987117767334, "class_log_probabilities": [-1.056009292602539, -3.7539031505584717, -3.9774043560028076, -4.3475141525268555], "predictions": [51, 277, 399, 278, 54, 4], "target_tokens": ["[IN:GET_INFO_RECIPES", "[SL:METHOD_RECIPES", "@ptr4", "SL:METHOD_RECIPES]", "IN:GET_INFO_RECIPES]"], "predicted_tokens": ["[IN:GET_RECIPES", "[SL:METHOD_RECIPES", "@ptr4", "SL:METHOD_RECIPES]", "IN:GET_RECIPES]"]}
{"loss": 0.9844006896018982, "class_log_probabilities": [-0.2619546055793762, -7.208796501159668, -7.745725154876709, -7.886466979980469], "predictions": [51, 145, 398, 146, 54, 4], "target_tokens": ["[IN:GET_RECIPES", "[SL:RECIPES_TYPE", "@ptr3", "SL:RECIPES_TYPE]", "IN:GET_RECIPES]"], "predicted_tokens": ["[IN:GET_RECIPES", "[SL:RECIPES_TYPE", "@ptr3", "SL:RECIPES_TYPE]", "IN:GET_RECIPES]"]}
{"loss": 2.386416435241699, "class_log_probabilities": [-0.5759926438331604, -7.624889373779297, -7.637016296386719, -7.7296462059021], "predictions": [27, 28, 399, 29, 113, 401, 114, 52, 404, 53, 30, 4, 4], "target_tokens": ["[IN:GET_INFO_RECIPES", "[SL:RECIPES_COOKING_METHOD", "@ptr6", "SL:RECIPES_COOKING_METHOD]", "[SL:RECIPES_ATTRIBUTE", "@ptr4", "SL:RECIPES_ATTRIBUTE]", "[SL:RECIPES_DISH", "@ptr9", "SL:RECIPES_DISH]", "IN:GET_INFO_RECIPES]"], "predicted_tokens": ["[IN:GET_INFO_RECIPES", "[SL:RECIPES_ATTRIBUTE", "@ptr4", "SL:RECIPES_ATTRIBUTE]", "[SL:RECIPES_COOKING_METHOD", "@ptr6", "SL:RECIPES_COOKING_METHOD]", "[SL:RECIPES_DISH", "@ptr9", "SL:RECIPES_DISH]", "IN:GET_INFO_RECIPES]"]}
{"loss": 0.9831269383430481, "class_log_probabilities": [-0.75407475233078, -2.9117729663848877, -3.9788126945495605, -4.286825656890869], "predictions": [51, 52, 400, 401, 402, 53, 54, 4], "target_tokens": ["[IN:GET_RECIPES", "[SL:RECIPES_DISH", "@ptr5", "@ptr6", "@ptr7", "SL:RECIPES_DISH]", "IN:GET_RECIPES]"], "predicted_tokens": ["[IN:GET_RECIPES", "[SL:RECIPES_DISH", "@ptr5", "@ptr6", "@ptr7", "SL:RECIPES_DISH]", "IN:GET_RECIPES]"]}
{"loss": 1.9061164855957031, "class_log_probabilities": [-1.4108185768127441, -1.8775107860565186, -4.983911514282227, -6.451766490936279], "predictions": [27, 28, 399, 29, 129, 403, 130, 113, 406, 114, 30, 4], "target_tokens": ["[IN:GET_INFO_RECIPES", "[SL:RECIPES_ATTRIBUTE", "@ptr4", "SL:RECIPES_ATTRIBUTE]", "[SL:RECIPES_COOKING_METHOD", "@ptr7", "SL:RECIPES_COOKING_METHOD]", "[SL:RECIPES_INCLUDED_INGREDIENT", "@ptr8", "SL:RECIPES_INCLUDED_INGREDIENT]", "[SL:RECIPES_COOKING_METHOD", "@ptr11", "SL:RECIPES_COOKING_METHOD]", "IN:GET_INFO_RECIPES]"], "predicted_tokens": ["[IN:GET_INFO_RECIPES", "[SL:RECIPES_ATTRIBUTE", "@ptr4", "SL:RECIPES_ATTRIBUTE]", "[SL:RECIPES_INCLUDED_INGREDIENT", "@ptr8", "SL:RECIPES_INCLUDED_INGREDIENT]", "[SL:RECIPES_COOKING_METHOD", "@ptr11", "SL:RECIPES_COOKING_METHOD]", "IN:GET_INFO_RECIPES]"]}
{"loss": 0.9704483151435852, "class_log_probabilities": [-0.4019261598587036, -7.430225849151611, -7.701566696166992, -7.750753402709961], "predictions": [51, 52, 400, 401, 402, 53, 54, 4, 4], "target_tokens": ["[IN:GET_RECIPES", "[SL:RECIPES_DISH", "@ptr5", "@ptr6", "@ptr7", "SL:RECIPES_DISH]", "IN:GET_RECIPES]"], "predicted_tokens": ["[IN:GET_RECIPES", "[SL:RECIPES_DISH", "@ptr5", "@ptr6", "@ptr7", "SL:RECIPES_DISH]", "IN:GET_RECIPES]"]}
{"loss": 0.968518853187561, "class_log_probabilities": [-0.3554823398590088, -8.135236740112305, -8.555656433105469, -8.687559127807617], "predictions": [51, 52, 397, 398, 53, 54, 4], "target_tokens": ["[IN:GET_RECIPES", "[SL:RECIPES_DISH", "@ptr2", "@ptr3", "SL:RECIPES_DISH]", "IN:GET_RECIPES]"], "predicted_tokens": ["[IN:GET_RECIPES", "[SL:RECIPES_DISH", "@ptr2", "@ptr3", "SL:RECIPES_DISH]", "IN:GET_RECIPES]"]}
{"loss": 3.6431939601898193, "class_log_probabilities": [-0.9015424251556396, -3.2826778888702393, -3.7978439331054688, -4.499541282653809], "predictions": [51, 285, 398, 286, 54, 4, 4, 4, 4], "target_tokens": ["[IN:GET_RECIPES", "[SL:RECIPES_ATTRIBUTE", "@ptr6", "@ptr7", "@ptr8", "@ptr9", "SL:RECIPES_ATTRIBUTE]", "[SL:RECIPES_MEAL", "@ptr3", "SL:RECIPES_MEAL]", "IN:GET_RECIPES]"], "predicted_tokens": ["[IN:GET_RECIPES", "[SL:RECIPES_MEAL", "@ptr3", "SL:RECIPES_MEAL]", "IN:GET_RECIPES]"]}
{"loss": 0.9724900126457214, "class_log_probabilities": [-0.2847597599029541, -8.469010353088379, -8.48508358001709, -8.80610466003418], "predictions": [51, 52, 399, 53, 54, 4, 4], "target_tokens": ["[IN:GET_RECIPES", "[SL:RECIPES_DISH", "@ptr4", "SL:RECIPES_DISH]", "IN:GET_RECIPES]"], "predicted_tokens": ["[IN:GET_RECIPES", "[SL:RECIPES_DISH", "@ptr4", "SL:RECIPES_DISH]", "IN:GET_RECIPES]"]}
{"loss": 0.9698147177696228, "class_log_probabilities": [-0.2978789806365967, -8.48093318939209, -8.667095184326172, -8.715934753417969], "predictions": [51, 52, 399, 53, 54, 4, 4, 4], "target_tokens": ["[IN:GET_RECIPES", "[SL:RECIPES_DISH", "@ptr4", "SL:RECIPES_DISH]", "IN:GET_RECIPES]"], "predicted_tokens": ["[IN:GET_RECIPES", "[SL:RECIPES_DISH", "@ptr4", "SL:RECIPES_DISH]", "IN:GET_RECIPES]"]}
{"loss": 1.0146071910858154, "class_log_probabilities": [-1.4135828018188477, -3.1804544925689697, -3.870321035385132, -3.8852617740631104], "predictions": [51, 129, 400, 130, 129, 402, 130, 129, 404, 405, 406, 130, 54, 4, 4, 4, 4], "target_tokens": ["[IN:GET_RECIPES", "[SL:RECIPES_INCLUDED_INGREDIENT", "@ptr5", "SL:RECIPES_INCLUDED_INGREDIENT]", "[SL:RECIPES_INCLUDED_INGREDIENT", "@ptr7", "SL:RECIPES_INCLUDED_INGREDIENT]", "[SL:RECIPES_INCLUDED_INGREDIENT", "@ptr9", "@ptr10", "@ptr11", "SL:RECIPES_INCLUDED_INGREDIENT]", "IN:GET_RECIPES]"], "predicted_tokens": ["[IN:GET_RECIPES", "[SL:RECIPES_INCLUDED_INGREDIENT", "@ptr5", "SL:RECIPES_INCLUDED_INGREDIENT]", "[SL:RECIPES_INCLUDED_INGREDIENT", "@ptr7", "SL:RECIPES_INCLUDED_INGREDIENT]", "[SL:RECIPES_INCLUDED_INGREDIENT", "@ptr9", "@ptr10", "@ptr11", "SL:RECIPES_INCLUDED_INGREDIENT]", "IN:GET_RECIPES]"]}
{"loss": 0.9695342183113098, "class_log_probabilities": [-0.3488647937774658, -6.805981636047363, -6.9494709968566895, -8.048819541931152], "predictions": [51, 52, 398, 399, 53, 54, 4], "target_tokens": ["[IN:GET_RECIPES", "[SL:RECIPES_DISH", "@ptr3", "@ptr4", "SL:RECIPES_DISH]", "IN:GET_RECIPES]"], "predicted_tokens": ["[IN:GET_RECIPES", "[SL:RECIPES_DISH", "@ptr3", "@ptr4", "SL:RECIPES_DISH]", "IN:GET_RECIPES]"]}
{"loss": 3.2475924491882324, "class_log_probabilities": [-0.6129657030105591, -2.842358350753784, -5.507317543029785, -5.8145270347595215], "predictions": [51, 52, 399, 400, 53, 54, 4, 4, 4, 4], "target_tokens": ["[IN:GET_RECIPES", "[SL:RECIPES_TYPE", "@ptr5", "SL:RECIPES_TYPE]", "[SL:RECIPES_DISH", "@ptr4", "SL:RECIPES_DISH]", "IN:GET_RECIPES]"], "predicted_tokens": ["[IN:GET_RECIPES", "[SL:RECIPES_DISH", "@ptr4", "@ptr5", "SL:RECIPES_DISH]", "IN:GET_RECIPES]"]}
{"loss": 3.183131456375122, "class_log_probabilities": [-1.1588175296783447, -2.389082431793213, -3.6839702129364014, -3.9319779872894287], "predictions": [165, 277, 397, 278, 129, 399, 130, 129, 401, 130, 166, 4], "target_tokens": ["[IN:IS_TRUE_RECIPES", "[SL:RECIPES_INCLUDED_INGREDIENT", "@ptr4", "SL:RECIPES_INCLUDED_INGREDIENT]", "[SL:RECIPES_INCLUDED_INGREDIENT", "@ptr6", "SL:RECIPES_INCLUDED_INGREDIENT]", "[SL:METHOD_RECIPES", "@ptr2", "SL:METHOD_RECIPES]", "IN:IS_TRUE_RECIPES]"], "predicted_tokens": ["[IN:IS_TRUE_RECIPES", "[SL:METHOD_RECIPES", "@ptr2", "SL:METHOD_RECIPES]", "[SL:RECIPES_INCLUDED_INGREDIENT", "@ptr4", "SL:RECIPES_INCLUDED_INGREDIENT]", "[SL:RECIPES_INCLUDED_INGREDIENT", "@ptr6", "SL:RECIPES_INCLUDED_INGREDIENT]", "IN:IS_TRUE_RECIPES]"]}
{"loss": 0.997734546661377, "class_log_probabilities": [-1.1370675563812256, -2.053799867630005, -4.994361877441406, -5.9167609214782715], "predictions": [27, 28, 398, 29, 113, 400, 114, 52, 402, 53, 30, 4], "target_tokens": ["[IN:GET_INFO_RECIPES", "[SL:RECIPES_ATTRIBUTE", "@ptr3", "SL:RECIPES_ATTRIBUTE]", "[SL:RECIPES_COOKING_METHOD", "@ptr5", "SL:RECIPES_COOKING_METHOD]", "[SL:RECIPES_DISH", "@ptr7", "SL:RECIPES_DISH]", "IN:GET_INFO_RECIPES]"], "predicted_tokens": ["[IN:GET_INFO_RECIPES", "[SL:RECIPES_ATTRIBUTE", "@ptr3", "SL:RECIPES_ATTRIBUTE]", "[SL:RECIPES_COOKING_METHOD", "@ptr5", "SL:RECIPES_COOKING_METHOD]", "[SL:RECIPES_DISH", "@ptr7", "SL:RECIPES_DISH]", "IN:GET_INFO_RECIPES]"]}
{"loss": 2.872518539428711, "class_log_probabilities": [-3.496750831604004, -3.990161895751953, -4.90986967086792, -54.994632720947266], "predictions": [27, 277, 397, 278, 113, 403, 114, 113, 405, 406, 114, 30, 4, 4, 4, 4, 4, 4, 4, 4, 4, 4, 4, 4, 4, 4, 4, 4, 4, 4, 4, 4, 4, 4, 4, 4, 4, 4, 4, 4, 4, 4, 4, 4, 4, 4, 4, 4, 4, 4, 4, 4, 4, 4, 4, 4, 4, 4, 4, 4, 4, 4, 4, 4, 4, 4, 4, 4, 4, 4, 4, 4, 4, 4, 4, 4, 4, 4, 4, 4, 4, 4, 4, 4, 4, 4, 4, 4, 4, 4, 4, 4, 4, 4, 4, 4, 4, 4, 4, 4], "target_tokens": ["[IN:GET_RECIPES", "[SL:RECIPES_COOKING_METHOD", "@ptr8", "@ptr9", "@ptr10", "@ptr11", "SL:RECIPES_COOKING_METHOD]", "IN:GET_RECIPES]"], "predicted_tokens": ["[IN:GET_INFO_RECIPES", "[SL:METHOD_RECIPES", "@ptr2", "SL:METHOD_RECIPES]", "[SL:RECIPES_COOKING_METHOD", "@ptr8", "SL:RECIPES_COOKING_METHOD]", "[SL:RECIPES_COOKING_METHOD", "@ptr10", "@ptr11", "SL:RECIPES_COOKING_METHOD]", "IN:GET_INFO_RECIPES]"]}
{"loss": 0.9709314107894897, "class_log_probabilities": [-0.3879382610321045, -7.23624849319458, -7.997258186340332, -8.125177383422852], "predictions": [51, 52, 399, 400, 401, 53, 54, 4, 4], "target_tokens": ["[IN:GET_RECIPES", "[SL:RECIPES_DISH", "@ptr4", "@ptr5", "@ptr6", "SL:RECIPES_DISH]", "IN:GET_RECIPES]"], "predicted_tokens": ["[IN:GET_RECIPES", "[SL:RECIPES_DISH", "@ptr4", "@ptr5", "@ptr6", "SL:RECIPES_DISH]", "IN:GET_RECIPES]"]}
{"loss": 3.2897164821624756, "class_log_probabilities": [-0.14411062002182007, -7.46652364730835, -8.926957130432129, -9.663141250610352], "predictions": [27, 30, 4, 4, 4, 4], "target_tokens": ["[IN:GET_INFO_RECIPES", "[SL:RECIPES_DISH", "@ptr4", "@ptr5", "@ptr6", "SL:RECIPES_DISH]", "[SL:RECIPES_COOKING_METHOD", "@ptr2", "SL:RECIPES_COOKING_METHOD]", "IN:GET_INFO_RECIPES]"], "predicted_tokens": ["[IN:GET_INFO_RECIPES", "IN:GET_INFO_RECIPES]"]}
{"loss": 1.865668773651123, "class_log_probabilities": [-0.7428339719772339, -5.159389019012451, -5.809540748596191, -6.195057392120361], "predictions": [27, 28, 395, 29, 113, 397, 114, 52, 400, 53, 30, 4, 4], "target_tokens": ["[IN:GET_INFO_RECIPES", "[SL:RECIPES_ATTRIBUTE", "@ptr0", "SL:RECIPES_ATTRIBUTE]", "[SL:RECIPES_DISH", "@ptr5", "SL:RECIPES_DISH]", "IN:GET_INFO_RECIPES]"], "predicted_tokens": ["[IN:GET_INFO_RECIPES", "[SL:RECIPES_ATTRIBUTE", "@ptr0", "SL:RECIPES_ATTRIBUTE]", "[SL:RECIPES_COOKING_METHOD", "@ptr2", "SL:RECIPES_COOKING_METHOD]", "[SL:RECIPES_DISH", "@ptr5", "SL:RECIPES_DISH]", "IN:GET_INFO_RECIPES]"]}
{"loss": 4.594020366668701, "class_log_probabilities": [-2.9618284702301025, -3.9817752838134766, -4.393237590789795, -4.430240631103516], "predictions": [51, 52, 397, 53, 129, 399, 400, 401, 130, 30, 4, 4, 4, 4], "target_tokens": ["[IN:GET_RECIPES", "[SL:RECIPES_ATTRIBUTE", "@ptr7", "SL:RECIPES_ATTRIBUTE]", "[SL:RECIPES_ATTRIBUTE", "@ptr9", "SL:RECIPES_ATTRIBUTE]", "[SL:RECIPES_DISH", "@ptr2", "@ptr3", "@ptr4", "@ptr5", "@ptr6", "SL:RECIPES_DISH]", "IN:GET_RECIPES]"], "predicted_tokens": ["[IN:GET_RECIPES", "[SL:RECIPES_DISH", "@ptr2", "SL:RECIPES_DISH]", "[SL:RECIPES_INCLUDED_INGREDIENT", "@ptr4", "@ptr5", "@ptr6", "SL:RECIPES_INCLUDED_INGREDIENT]", "IN:GET_INFO_RECIPES]"]}
{"loss": 2.7011561393737793, "class_log_probabilities": [-1.4967846870422363, -2.280503273010254, -4.525619029998779, -4.526474475860596], "predictions": [51, 52, 400, 53, 181, 401, 182, 54, 4], "target_tokens": ["[IN:GET_RECIPES", "[SL:RECIPES_TYPE", "@ptr6", "SL:RECIPES_TYPE]", "[SL:RECIPES_DISH", "@ptr5", "SL:RECIPES_DISH]", "IN:GET_RECIPES]"], "predicted_tokens": ["[IN:GET_RECIPES", "[SL:RECIPES_DISH", "@ptr5", "SL:RECIPES_DISH]", "[SL:RECIPES_DIET", "@ptr6", "SL:RECIPES_DIET]", "IN:GET_RECIPES]"]}
{"loss": 1.0170048475265503, "class_log_probabilities": [-1.1094014644622803, -1.859848976135254, -4.41052770614624, -5.497141361236572], "predictions": [27, 129, 397, 130, 52, 403, 404, 405, 53, 30, 4, 4], "target_tokens": ["[IN:GET_INFO_RECIPES", "[SL:RECIPES_INCLUDED_INGREDIENT", "@ptr2", "SL:RECIPES_INCLUDED_INGREDIENT]", "[SL:RECIPES_DISH", "@ptr8", "@ptr9", "@ptr10", "SL:RECIPES_DISH]", "IN:GET_INFO_RECIPES]"], "predicted_tokens": ["[IN:GET_INFO_RECIPES", "[SL:RECIPES_INCLUDED_INGREDIENT", "@ptr2", "SL:RECIPES_INCLUDED_INGREDIENT]", "[SL:RECIPES_DISH", "@ptr8", "@ptr9", "@ptr10", "SL:RECIPES_DISH]", "IN:GET_INFO_RECIPES]"]}
{"loss": 0.9682778120040894, "class_log_probabilities": [-0.4566096067428589, -7.095227241516113, -7.564965724945068, -7.736917495727539], "predictions": [51, 52, 397, 398, 399, 400, 53, 54, 4], "target_tokens": ["[IN:GET_RECIPES", "[SL:RECIPES_DISH", "@ptr2", "@ptr3", "@ptr4", "@ptr5", "SL:RECIPES_DISH]", "IN:GET_RECIPES]"], "predicted_tokens": ["[IN:GET_RECIPES", "[SL:RECIPES_DISH", "@ptr2", "@ptr3", "@ptr4", "@ptr5", "SL:RECIPES_DISH]", "IN:GET_RECIPES]"]}
{"loss": 0.9843132495880127, "class_log_probabilities": [-0.2838748097419739, -6.728609085083008, -7.23109769821167, -7.427340507507324], "predictions": [51, 145, 399, 146, 54, 4], "target_tokens": ["[IN:GET_RECIPES", "[SL:RECIPES_TYPE", "@ptr4", "SL:RECIPES_TYPE]", "IN:GET_RECIPES]"], "predicted_tokens": ["[IN:GET_RECIPES", "[SL:RECIPES_TYPE", "@ptr4", "SL:RECIPES_TYPE]", "IN:GET_RECIPES]"]}
{"loss": 0.9717257022857666, "class_log_probabilities": [-0.43644899129867554, -6.724132537841797, -7.2189130783081055, -7.785039901733398], "predictions": [51, 52, 399, 400, 401, 402, 53, 54, 4, 4], "target_tokens": ["[IN:GET_RECIPES", "[SL:RECIPES_DISH", "@ptr4", "@ptr5", "@ptr6", "@ptr7", "SL:RECIPES_DISH]", "IN:GET_RECIPES]"], "predicted_tokens": ["[IN:GET_RECIPES", "[SL:RECIPES_DISH", "@ptr4", "@ptr5", "@ptr6", "@ptr7", "SL:RECIPES_DISH]", "IN:GET_RECIPES]"]}
{"loss": 2.803912401199341, "class_log_probabilities": [-1.091374397277832, -2.1487033367156982, -4.1904168128967285, -5.418362140655518], "predictions": [51, 285, 399, 286, 54, 4, 4, 4, 4, 4], "target_tokens": ["[IN:GET_RECIPES", "[SL:RECIPES_TYPE", "@ptr6", "@ptr7", "@ptr8", "SL:RECIPES_TYPE]", "[SL:RECIPES_MEAL", "@ptr4", "SL:RECIPES_MEAL]", "IN:GET_RECIPES]"], "predicted_tokens": ["[IN:GET_RECIPES", "[SL:RECIPES_MEAL", "@ptr4", "SL:RECIPES_MEAL]", "IN:GET_RECIPES]"]}
{"loss": 3.3574302196502686, "class_log_probabilities": [-1.399871587753296, -1.8545275926589966, -4.666017532348633, -5.372604846954346], "predictions": [27, 52, 403, 53, 113, 406, 114, 30, 4], "target_tokens": ["[IN:GET_INFO_RECIPES", "[SL:RECIPES_RATING", "@ptr4", "SL:RECIPES_RATING]", "[SL:RECIPES_DISH", "@ptr8", "@ptr9", "@ptr10", "@ptr11", "SL:RECIPES_DISH]", "IN:GET_INFO_RECIPES]"], "predicted_tokens": ["[IN:GET_INFO_RECIPES", "[SL:RECIPES_DISH", "@ptr8", "SL:RECIPES_DISH]", "[SL:RECIPES_COOKING_METHOD", "@ptr11", "SL:RECIPES_COOKING_METHOD]", "IN:GET_INFO_RECIPES]"]}
{"loss": 0.973186731338501, "class_log_probabilities": [-0.42599359154701233, -7.53777551651001, -8.028542518615723, -8.069625854492188], "predictions": [27, 129, 399, 130, 52, 403, 53, 30, 4], "target_tokens": ["[IN:GET_INFO_RECIPES", "[SL:RECIPES_INCLUDED_INGREDIENT", "@ptr4", "SL:RECIPES_INCLUDED_INGREDIENT]", "[SL:RECIPES_DISH", "@ptr8", "SL:RECIPES_DISH]", "IN:GET_INFO_RECIPES]"], "predicted_tokens": ["[IN:GET_INFO_RECIPES", "[SL:RECIPES_INCLUDED_INGREDIENT", "@ptr4", "SL:RECIPES_INCLUDED_INGREDIENT]", "[SL:RECIPES_DISH", "@ptr8", "SL:RECIPES_DISH]", "IN:GET_INFO_RECIPES]"]}
{"loss": 0.9685266613960266, "class_log_probabilities": [-0.4323277473449707, -6.396935939788818, -6.661380767822266, -6.6704020500183105], "predictions": [51, 52, 399, 400, 401, 53, 54, 4, 4], "target_tokens": ["[IN:GET_RECIPES", "[SL:RECIPES_DISH", "@ptr4", "@ptr5", "@ptr6", "SL:RECIPES_DISH]", "IN:GET_RECIPES]"], "predicted_tokens": ["[IN:GET_RECIPES", "[SL:RECIPES_DISH", "@ptr4", "@ptr5", "@ptr6", "SL:RECIPES_DISH]", "IN:GET_RECIPES]"]}
{"loss": 0.9923636317253113, "class_log_probabilities": [-0.3403565585613251, -3.1587820053100586, -6.484180927276611, -8.87505054473877], "predictions": [51, 145, 399, 146, 54, 4, 4, 4, 4], "target_tokens": ["[IN:GET_RECIPES", "[SL:RECIPES_TYPE", "@ptr4", "SL:RECIPES_TYPE]", "IN:GET_RECIPES]"], "predicted_tokens": ["[IN:GET_RECIPES", "[SL:RECIPES_TYPE", "@ptr4", "SL:RECIPES_TYPE]", "IN:GET_RECIPES]"]}
{"loss": 0.970820963382721, "class_log_probabilities": [-0.299935519695282, -7.446262359619141, -7.666992664337158, -7.759670257568359], "predictions": [27, 129, 400, 130, 30, 4], "target_tokens": ["[IN:GET_INFO_RECIPES", "[SL:RECIPES_INCLUDED_INGREDIENT", "@ptr5", "SL:RECIPES_INCLUDED_INGREDIENT]", "IN:GET_INFO_RECIPES]"], "predicted_tokens": ["[IN:GET_INFO_RECIPES", "[SL:RECIPES_INCLUDED_INGREDIENT", "@ptr5", "SL:RECIPES_INCLUDED_INGREDIENT]", "IN:GET_INFO_RECIPES]"]}
{"loss": 1.0407898426055908, "class_log_probabilities": [-1.1963790655136108, -1.6420526504516602, -3.7932329177856445, -3.901638984680176], "predictions": [51, 52, 400, 401, 53, 54, 4], "target_tokens": ["[IN:GET_RECIPES", "[SL:RECIPES_DISH", "@ptr5", "@ptr6", "SL:RECIPES_DISH]", "IN:GET_RECIPES]"], "predicted_tokens": ["[IN:GET_RECIPES", "[SL:RECIPES_DISH", "@ptr5", "@ptr6", "SL:RECIPES_DISH]", "IN:GET_RECIPES]"]}
{"loss": 1.337249517440796, "class_log_probabilities": [-0.7017195224761963, -3.598361015319824, -5.798933982849121, -6.8380231857299805], "predictions": [51, 289, 397, 290, 52, 400, 53, 113, 403, 404, 114, 54, 4, 4, 4, 4, 4], "target_tokens": ["[IN:GET_RECIPES", "[SL:RECIPES_RATING", "@ptr2", "SL:RECIPES_RATING]", "[SL:RECIPES_DISH", "@ptr5", "SL:RECIPES_DISH]", "[SL:RECIPES_COOKING_METHOD", "@ptr8", "@ptr9", "@ptr10", "@ptr11", "@ptr12", "SL:RECIPES_COOKING_METHOD]", "IN:GET_RECIPES]"], "predicted_tokens": ["[IN:GET_RECIPES", "[SL:RECIPES_RATING", "@ptr2", "SL:RECIPES_RATING]", "[SL:RECIPES_DISH", "@ptr5", "SL:RECIPES_DISH]", "[SL:RECIPES_COOKING_METHOD", "@ptr8", "@ptr9", "SL:RECIPES_COOKING_METHOD]", "IN:GET_RECIPES]"]}
{"loss": 0.9664334654808044, "class_log_probabilities": [-0.32371437549591064, -6.178649425506592, -6.335251331329346, -6.366759300231934], "predictions": [51, 52, 400, 53, 54, 4], "target_tokens": ["[IN:GET_RECIPES", "[SL:RECIPES_DISH", "@ptr5", "SL:RECIPES_DISH]", "IN:GET_RECIPES]"], "predicted_tokens": ["[IN:GET_RECIPES", "[SL:RECIPES_DISH", "@ptr5", "SL:RECIPES_DISH]", "IN:GET_RECIPES]"]}
{"loss": 1.977218508720398, "class_log_probabilities": [-0.6975805759429932, -4.126442909240723, -5.008168697357178, -6.65843391418457], "predictions": [51, 28, 396, 29, 52, 398, 53, 129, 400, 130, 54, 4, 4], "target_tokens": ["[IN:GET_RECIPES", "[SL:RECIPES_ATTRIBUTE", "@ptr1", "SL:RECIPES_ATTRIBUTE]", "[SL:RECIPES_DISH", "@ptr3", "@ptr4", "@ptr5", "SL:RECIPES_DISH]", "[SL:RECIPES_TYPE", "@ptr7", "SL:RECIPES_TYPE]", "IN:GET_RECIPES]"], "predicted_tokens": ["[IN:GET_RECIPES", "[SL:RECIPES_ATTRIBUTE", "@ptr1", "SL:RECIPES_ATTRIBUTE]", "[SL:RECIPES_DISH", "@ptr3", "SL:RECIPES_DISH]", "[SL:RECIPES_INCLUDED_INGREDIENT", "@ptr5", "SL:RECIPES_INCLUDED_INGREDIENT]", "IN:GET_RECIPES]"]}
{"loss": 3.8841187953948975, "class_log_probabilities": [-0.35030579566955566, -7.123558044433594, -7.983968734741211, -8.941340446472168], "predictions": [51, 52, 397, 398, 53, 54, 4, 4], "target_tokens": ["[IN:GET_RECIPES", "[SL:RECIPES_COOKING_METHOD", "@ptr3", "SL:RECIPES_COOKING_METHOD]", "[SL:RECIPES_DISH", "@ptr2", "SL:RECIPES_DISH]", "IN:GET_RECIPES]"], "predicted_tokens": ["[IN:GET_RECIPES", "[SL:RECIPES_DISH", "@ptr2", "@ptr3", "SL:RECIPES_DISH]", "IN:GET_RECIPES]"]}
{"loss": 2.5814428329467773, "class_log_probabilities": [-0.40660858154296875, -7.312675476074219, -7.48136568069458, -7.704497337341309], "predictions": [51, 289, 396, 290, 52, 399, 53, 54, 4], "target_tokens": ["[IN:GET_RECIPES", "[SL:RECIPES_RATING", "@ptr1", "SL:RECIPES_RATING]", "[SL:RECIPES_INCLUDED_INGREDIENT", "@ptr4", "SL:RECIPES_INCLUDED_INGREDIENT]", "IN:GET_RECIPES]"], "predicted_tokens": ["[IN:GET_RECIPES", "[SL:RECIPES_RATING", "@ptr1", "SL:RECIPES_RATING]", "[SL:RECIPES_DISH", "@ptr4", "SL:RECIPES_DISH]", "IN:GET_RECIPES]"]}
{"loss": 2.8133819103240967, "class_log_probabilities": [-0.3479127287864685, -7.492374420166016, -7.698875904083252, -8.135251998901367], "predictions": [27, 52, 404, 405, 53, 30, 4, 4], "target_tokens": ["[IN:GET_RECIPES", "[SL:RECIPES_DISH", "@ptr9", "@ptr10", "SL:RECIPES_DISH]", "IN:GET_RECIPES]"], "predicted_tokens": ["[IN:GET_INFO_RECIPES", "[SL:RECIPES_DISH", "@ptr9", "@ptr10", "SL:RECIPES_DISH]", "IN:GET_INFO_RECIPES]"]}
{"loss": 1.9001238346099854, "class_log_probabilities": [-0.4891927242279053, -7.431286811828613, -8.1427640914917, -8.18880844116211], "predictions": [27, 129, 399, 130, 52, 404, 405, 53, 30, 4, 4], "target_tokens": ["[IN:GET_INFO_RECIPES", "[SL:RECIPES_INCLUDED_INGREDIENT", "@ptr4", "SL:RECIPES_INCLUDED_INGREDIENT]", "[SL:RECIPES_DISH", "@ptr10", "SL:RECIPES_DISH]", "IN:GET_INFO_RECIPES]"], "predicted_tokens": ["[IN:GET_INFO_RECIPES", "[SL:RECIPES_INCLUDED_INGREDIENT", "@ptr4", "SL:RECIPES_INCLUDED_INGREDIENT]", "[SL:RECIPES_DISH", "@ptr9", "@ptr10", "SL:RECIPES_DISH]", "IN:GET_INFO_RECIPES]"]}
{"loss": 0.9791408181190491, "class_log_probabilities": [-0.6126303672790527, -5.931126594543457, -6.878357410430908, -7.700286388397217], "predictions": [23, 10, 70, 93, 400, 94, 71, 401, 72, 73, 11, 26, 4], "target_tokens": ["[IN:SEND_MESSAGE", "[SL:RECIPIENT", "[IN:GET_CONTACT", "[SL:CONTACT_RELATED", "@ptr5", "SL:CONTACT_RELATED]", "[SL:TYPE_RELATION", "@ptr6", "SL:TYPE_RELATION]", "IN:GET_CONTACT]", "SL:RECIPIENT]", "IN:SEND_MESSAGE]"], "predicted_tokens": ["[IN:SEND_MESSAGE", "[SL:RECIPIENT", "[IN:GET_CONTACT", "[SL:CONTACT_RELATED", "@ptr5", "SL:CONTACT_RELATED]", "[SL:TYPE_RELATION", "@ptr6", "SL:TYPE_RELATION]", "IN:GET_CONTACT]", "SL:RECIPIENT]", "IN:SEND_MESSAGE]"]}
{"loss": 0.9816408157348633, "class_log_probabilities": [-0.525884747505188, -5.802708625793457, -6.294337272644043, -6.579392433166504], "predictions": [23, 8, 399, 9, 10, 401, 11, 10, 403, 11, 26, 4, 4, 4, 4], "target_tokens": ["[IN:SEND_MESSAGE", "[SL:TYPE_CONTENT", "@ptr4", "SL:TYPE_CONTENT]", "[SL:RECIPIENT", "@ptr6", "SL:RECIPIENT]", "[SL:RECIPIENT", "@ptr8", "SL:RECIPIENT]", "IN:SEND_MESSAGE]"], "predicted_tokens": ["[IN:SEND_MESSAGE", "[SL:TYPE_CONTENT", "@ptr4", "SL:TYPE_CONTENT]", "[SL:RECIPIENT", "@ptr6", "SL:RECIPIENT]", "[SL:RECIPIENT", "@ptr8", "SL:RECIPIENT]", "IN:SEND_MESSAGE]"]}
{"loss": 0.9745737910270691, "class_log_probabilities": [-0.4194256067276001, -7.2462158203125, -7.730871200561523, -7.910499095916748], "predictions": [23, 10, 401, 11, 10, 404, 11, 26, 4], "target_tokens": ["[IN:SEND_MESSAGE", "[SL:RECIPIENT", "@ptr6", "SL:RECIPIENT]", "[SL:RECIPIENT", "@ptr9", "SL:RECIPIENT]", "IN:SEND_MESSAGE]"], "predicted_tokens": ["[IN:SEND_MESSAGE", "[SL:RECIPIENT", "@ptr6", "SL:RECIPIENT]", "[SL:RECIPIENT", "@ptr9", "SL:RECIPIENT]", "IN:SEND_MESSAGE]"]}
{"loss": 2.124598503112793, "class_log_probabilities": [-4.167356014251709, -4.378641128540039, -4.47264289855957, -40.0698127746582], "predictions": [23, 8, 399, 9, 269, 403, 270, 76, 405, 77, 269, 407, 270, 26, 4, 4, 4, 4, 4, 4, 4, 4, 4, 4, 4, 4, 4, 4, 4, 4, 4, 4, 4, 4, 4, 4, 4, 4, 4, 4, 4, 4, 4, 4, 4, 4, 4, 4, 4, 4, 4, 4, 4, 4, 4, 4, 4, 4, 4, 4, 4, 4, 4, 4, 4, 4, 4, 4, 4, 4, 4, 4, 4, 4, 4, 4, 4, 4, 4, 4, 4, 4, 4, 4, 4, 4, 4, 4, 4, 4, 4, 4, 4, 4, 4, 4, 4, 4, 4, 4], "target_tokens": ["[IN:SEND_MESSAGE", "[SL:TYPE_CONTENT", "@ptr4", "SL:TYPE_CONTENT]", "[SL:GROUP", "@ptr8", "@ptr9", "@ptr10", "@ptr11", "@ptr12", "SL:GROUP]", "IN:SEND_MESSAGE]"], "predicted_tokens": ["[IN:SEND_MESSAGE", "[SL:TYPE_CONTENT", "@ptr4", "SL:TYPE_CONTENT]", "[SL:GROUP", "@ptr8", "SL:GROUP]", "[SL:NAME_APP", "@ptr10", "SL:NAME_APP]", "[SL:GROUP", "@ptr12", "SL:GROUP]", "IN:SEND_MESSAGE]"]}
{"loss": 1.9127283096313477, "class_log_probabilities": [-0.6480966210365295, -4.159712314605713, -4.934493541717529, -5.34063720703125], "predictions": [23, 269, 405, 406, 270, 26, 4], "target_tokens": ["[IN:SEND_MESSAGE", "[SL:GROUP", "@ptr9", "@ptr10", "@ptr11", "SL:GROUP]", "IN:SEND_MESSAGE]"], "predicted_tokens": ["[IN:SEND_MESSAGE", "[SL:GROUP", "@ptr10", "@ptr11", "SL:GROUP]", "IN:SEND_MESSAGE]"]}
{"loss": 1.175689697265625, "class_log_probabilities": [-3.7979369163513184, -4.11682653427124, -4.149883270263672, -7.033918380737305], "predictions": [23, 10, 397, 11, 10, 399, 11, 10, 401, 11, 24, 410, 411, 412, 11, 26, 4, 4, 4, 4, 4, 4], "target_tokens": ["[IN:SEND_MESSAGE", "[SL:RECIPIENT", "@ptr2", "SL:RECIPIENT]", "[SL:RECIPIENT", "@ptr4", "SL:RECIPIENT]", "[SL:RECIPIENT", "@ptr6", "SL:RECIPIENT]", "[SL:CONTENT_EXACT", "@ptr15", "@ptr16", "@ptr17", "SL:CONTENT_EXACT]", "IN:SEND_MESSAGE]"], "predicted_tokens": ["[IN:SEND_MESSAGE", "[SL:RECIPIENT", "@ptr2", "SL:RECIPIENT]", "[SL:RECIPIENT", "@ptr4", "SL:RECIPIENT]", "[SL:RECIPIENT", "@ptr6", "SL:RECIPIENT]", "[SL:CONTENT_EXACT", "@ptr15", "@ptr16", "@ptr17", "SL:RECIPIENT]", "IN:SEND_MESSAGE]"]}
{"loss": 0.9732784628868103, "class_log_probabilities": [-0.3438619077205658, -6.112270832061768, -6.3143439292907715, -6.683533191680908], "predictions": [23, 269, 399, 270, 26, 4], "target_tokens": ["[IN:SEND_MESSAGE", "[SL:GROUP", "@ptr4", "SL:GROUP]", "IN:SEND_MESSAGE]"], "predicted_tokens": ["[IN:SEND_MESSAGE", "[SL:GROUP", "@ptr4", "SL:GROUP]", "IN:SEND_MESSAGE]"]}
{"loss": 0.9721953272819519, "class_log_probabilities": [-0.4446999430656433, -6.996317386627197, -7.638859748840332, -7.675052642822266], "predictions": [23, 10, 403, 11, 10, 405, 11, 26, 4, 4, 4], "target_tokens": ["[IN:SEND_MESSAGE", "[SL:RECIPIENT", "@ptr8", "SL:RECIPIENT]", "[SL:RECIPIENT", "@ptr10", "SL:RECIPIENT]", "IN:SEND_MESSAGE]"], "predicted_tokens": ["[IN:SEND_MESSAGE", "[SL:RECIPIENT", "@ptr8", "SL:RECIPIENT]", "[SL:RECIPIENT", "@ptr10", "SL:RECIPIENT]", "IN:SEND_MESSAGE]"]}
{"loss": 3.4516243934631348, "class_log_probabilities": [-0.4883345067501068, -5.750254154205322, -6.211706638336182, -6.402514934539795], "predictions": [23, 269, 408, 270, 26, 4, 4, 4, 4], "target_tokens": ["[IN:SEND_MESSAGE", "[SL:GROUP", "@ptr11", "@ptr12", "@ptr13", "SL:GROUP]", "IN:SEND_MESSAGE]"], "predicted_tokens": ["[IN:SEND_MESSAGE", "[SL:GROUP", "@ptr13", "SL:GROUP]", "IN:SEND_MESSAGE]"]}
{"loss": 2.687035322189331, "class_log_probabilities": [-0.5729618668556213, -4.662506103515625, -4.91991662979126, -4.953654766082764], "predictions": [23, 8, 400, 9, 10, 402, 11, 10, 404, 11, 26, 4], "target_tokens": ["[IN:SEND_MESSAGE", "[SL:RECIPIENT", "@ptr7", "SL:RECIPIENT]", "[SL:RECIPIENT", "@ptr9", "SL:RECIPIENT]", "[SL:TYPE_CONTENT", "@ptr5", "SL:TYPE_CONTENT]", "IN:SEND_MESSAGE]"], "predicted_tokens": ["[IN:SEND_MESSAGE", "[SL:TYPE_CONTENT", "@ptr5", "SL:TYPE_CONTENT]", "[SL:RECIPIENT", "@ptr7", "SL:RECIPIENT]", "[SL:RECIPIENT", "@ptr9", "SL:RECIPIENT]", "IN:SEND_MESSAGE]"]}
{"loss": 0.9744750261306763, "class_log_probabilities": [-0.5351546406745911, -4.971789836883545, -5.305799961090088, -6.318980693817139], "predictions": [23, 8, 397, 9, 269, 400, 270, 26, 4], "target_tokens": ["[IN:SEND_MESSAGE", "[SL:TYPE_CONTENT", "@ptr2", "SL:TYPE_CONTENT]", "[SL:GROUP", "@ptr5", "SL:GROUP]", "IN:SEND_MESSAGE]"], "predicted_tokens": ["[IN:SEND_MESSAGE", "[SL:TYPE_CONTENT", "@ptr2", "SL:TYPE_CONTENT]", "[SL:GROUP", "@ptr5", "SL:GROUP]", "IN:SEND_MESSAGE]"]}
{"loss": 0.9753319621086121, "class_log_probabilities": [-0.34585875272750854, -6.20379114151001, -6.975735187530518, -7.07183837890625], "predictions": [23, 269, 401, 402, 270, 26, 4], "target_tokens": ["[IN:SEND_MESSAGE", "[SL:GROUP", "@ptr6", "@ptr7", "SL:GROUP]", "IN:SEND_MESSAGE]"], "predicted_tokens": ["[IN:SEND_MESSAGE", "[SL:GROUP", "@ptr6", "@ptr7", "SL:GROUP]", "IN:SEND_MESSAGE]"]}
{"loss": 0.9904515743255615, "class_log_probabilities": [-0.683891773223877, -2.936221122741699, -6.1029791831970215, -7.033391952514648], "predictions": [23, 10, 401, 11, 10, 404, 405, 406, 11, 26, 4, 4], "target_tokens": ["[IN:SEND_MESSAGE", "[SL:RECIPIENT", "@ptr6", "SL:RECIPIENT]", "[SL:RECIPIENT", "@ptr9", "@ptr10", "@ptr11", "SL:RECIPIENT]", "IN:SEND_MESSAGE]"], "predicted_tokens": ["[IN:SEND_MESSAGE", "[SL:RECIPIENT", "@ptr6", "SL:RECIPIENT]", "[SL:RECIPIENT", "@ptr9", "@ptr10", "@ptr11", "SL:RECIPIENT]", "IN:SEND_MESSAGE]"]}
{"loss": 3.286313772201538, "class_log_probabilities": [-2.8604559898376465, -3.351092576980591, -3.749018907546997, -7.114095211029053], "predictions": [5, 10, 396, 11, 269, 405, 406, 407, 270, 16, 408, 409, 17, 12, 4, 4], "target_tokens": ["[IN:GET_MESSAGE", "[SL:GROUP", "@ptr10", "@ptr11", "@ptr12", "SL:GROUP]", "[SL:RECIPIENT", "@ptr1", "SL:RECIPIENT]", "[SL:DATE_TIME", "@ptr14", "SL:DATE_TIME]", "IN:GET_MESSAGE]"], "predicted_tokens": ["[IN:GET_MESSAGE", "[SL:RECIPIENT", "@ptr1", "SL:RECIPIENT]", "[SL:GROUP", "@ptr10", "@ptr11", "@ptr12", "SL:GROUP]", "[SL:DATE_TIME", "@ptr13", "@ptr14", "SL:DATE_TIME]", "IN:GET_MESSAGE]"]}
{"loss": 0.9722340703010559, "class_log_probabilities": [-0.44607794284820557, -6.964030742645264, -7.613212585449219, -7.806177139282227], "predictions": [23, 10, 403, 11, 10, 405, 11, 26, 4, 4, 4, 4], "target_tokens": ["[IN:SEND_MESSAGE", "[SL:RECIPIENT", "@ptr8", "SL:RECIPIENT]", "[SL:RECIPIENT", "@ptr10", "SL:RECIPIENT]", "IN:SEND_MESSAGE]"], "predicted_tokens": ["[IN:SEND_MESSAGE", "[SL:RECIPIENT", "@ptr8", "SL:RECIPIENT]", "[SL:RECIPIENT", "@ptr10", "SL:RECIPIENT]", "IN:SEND_MESSAGE]"]}
{"loss": 0.978021502494812, "class_log_probabilities": [-0.6249665021896362, -5.0675950050354, -7.548009872436523, -9.410931587219238], "predictions": [23, 10, 70, 93, 399, 94, 71, 400, 72, 73, 11, 26, 4, 4, 4], "target_tokens": ["[IN:SEND_MESSAGE", "[SL:RECIPIENT", "[IN:GET_CONTACT", "[SL:CONTACT_RELATED", "@ptr4", "SL:CONTACT_RELATED]", "[SL:TYPE_RELATION", "@ptr5", "SL:TYPE_RELATION]", "IN:GET_CONTACT]", "SL:RECIPIENT]", "IN:SEND_MESSAGE]"], "predicted_tokens": ["[IN:SEND_MESSAGE", "[SL:RECIPIENT", "[IN:GET_CONTACT", "[SL:CONTACT_RELATED", "@ptr4", "SL:CONTACT_RELATED]", "[SL:TYPE_RELATION", "@ptr5", "SL:TYPE_RELATION]", "IN:GET_CONTACT]", "SL:RECIPIENT]", "IN:SEND_MESSAGE]"]}
{"loss": 0.9943250417709351, "class_log_probabilities": [-0.7037707567214966, -3.8830902576446533, -5.424180507659912, -6.676270484924316], "predictions": [5, 8, 399, 9, 59, 70, 71, 402, 72, 6, 403, 7, 73, 60, 12, 4], "target_tokens": ["[IN:GET_MESSAGE", "[SL:TYPE_CONTENT", "@ptr4", "SL:TYPE_CONTENT]", "[SL:SENDER", "[IN:GET_CONTACT", "[SL:TYPE_RELATION", "@ptr7", "SL:TYPE_RELATION]", "[SL:CONTACT", "@ptr8", "SL:CONTACT]", "IN:GET_CONTACT]", "SL:SENDER]", "IN:GET_MESSAGE]"], "predicted_tokens": ["[IN:GET_MESSAGE", "[SL:TYPE_CONTENT", "@ptr4", "SL:TYPE_CONTENT]", "[SL:SENDER", "[IN:GET_CONTACT", "[SL:TYPE_RELATION", "@ptr7", "SL:TYPE_RELATION]", "[SL:CONTACT", "@ptr8", "SL:CONTACT]", "IN:GET_CONTACT]", "SL:SENDER]", "IN:GET_MESSAGE]"]}
{"loss": 2.0423595905303955, "class_log_probabilities": [-1.059480905532837, -2.1868512630462646, -3.9278697967529297, -4.318291187286377], "predictions": [5, 10, 70, 71, 400, 72, 93, 402, 94, 73, 11, 12, 4], "target_tokens": ["[IN:GET_MESSAGE", "[SL:SENDER", "[IN:GET_CONTACT", "[SL:TYPE_RELATION", "@ptr5", "SL:TYPE_RELATION]", "[SL:CONTACT", "@ptr7", "SL:CONTACT]", "IN:GET_CONTACT]", "SL:SENDER]", "IN:GET_MESSAGE]"], "predicted_tokens": ["[IN:GET_MESSAGE", "[SL:RECIPIENT", "[IN:GET_CONTACT", "[SL:TYPE_RELATION", "@ptr5", "SL:TYPE_RELATION]", "[SL:CONTACT_RELATED", "@ptr7", "SL:CONTACT_RELATED]", "IN:GET_CONTACT]", "SL:RECIPIENT]", "IN:GET_MESSAGE]"]}
{"loss": 0.9995027780532837, "class_log_probabilities": [-0.6717618107795715, -4.370650291442871, -5.1049909591674805, -5.907887935638428], "predictions": [5, 59, 70, 93, 400, 94, 71, 401, 72, 6, 402, 7, 73, 60, 12, 4], "target_tokens": ["[IN:GET_MESSAGE", "[SL:SENDER", "[IN:GET_CONTACT", "[SL:CONTACT_RELATED", "@ptr5", "SL:CONTACT_RELATED]", "[SL:TYPE_RELATION", "@ptr6", "SL:TYPE_RELATION]", "[SL:CONTACT", "@ptr7", "SL:CONTACT]", "IN:GET_CONTACT]", "SL:SENDER]", "IN:GET_MESSAGE]"], "predicted_tokens": ["[IN:GET_MESSAGE", "[SL:SENDER", "[IN:GET_CONTACT", "[SL:CONTACT_RELATED", "@ptr5", "SL:CONTACT_RELATED]", "[SL:TYPE_RELATION", "@ptr6", "SL:TYPE_RELATION]", "[SL:CONTACT", "@ptr7", "SL:CONTACT]", "IN:GET_CONTACT]", "SL:SENDER]", "IN:GET_MESSAGE]"]}
{"loss": 1.6278178691864014, "class_log_probabilities": [-1.5600664615631104, -3.422548294067383, -3.4924814701080322, -3.727850914001465], "predictions": [5, 59, 70, 93, 401, 94, 71, 402, 72, 6, 403, 7, 73, 60, 12, 4], "target_tokens": ["[IN:GET_MESSAGE", "[SL:SENDER", "[IN:GET_CONTACT", "[SL:TYPE_RELATION", "@ptr7", "SL:TYPE_RELATION]", "[SL:CONTACT", "@ptr8", "SL:CONTACT]", "IN:GET_CONTACT]", "SL:SENDER]", "IN:GET_MESSAGE]"], "predicted_tokens": ["[IN:GET_MESSAGE", "[SL:SENDER", "[IN:GET_CONTACT", "[SL:CONTACT_RELATED", "@ptr6", "SL:CONTACT_RELATED]", "[SL:TYPE_RELATION", "@ptr7", "SL:TYPE_RELATION]", "[SL:CONTACT", "@ptr8", "SL:CONTACT]", "IN:GET_CONTACT]", "SL:SENDER]", "IN:GET_MESSAGE]"]}
{"loss": 0.9929259419441223, "class_log_probabilities": [-0.6539589762687683, -3.4678845405578613, -3.7449450492858887, -4.4426493644714355], "predictions": [5, 59, 402, 60, 12, 4], "target_tokens": ["[IN:GET_MESSAGE", "[SL:SENDER", "@ptr7", "SL:SENDER]", "IN:GET_MESSAGE]"], "predicted_tokens": ["[IN:GET_MESSAGE", "[SL:SENDER", "@ptr7", "SL:SENDER]", "IN:GET_MESSAGE]"]}
{"loss": 1.0825766324996948, "class_log_probabilities": [-1.7531181573867798, -2.2664215564727783, -4.1218647956848145, -6.100297927856445], "predictions": [5, 59, 70, 71, 403, 72, 6, 405, 7, 73, 60, 12, 4, 4, 4, 4, 4, 4], "target_tokens": ["[IN:GET_MESSAGE", "[SL:SENDER", "[IN:GET_CONTACT", "[SL:TYPE_RELATION", "@ptr8", "SL:TYPE_RELATION]", "[SL:CONTACT", "@ptr9", "SL:CONTACT]", "IN:GET_CONTACT]", "SL:SENDER]", "IN:GET_MESSAGE]"], "predicted_tokens": ["[IN:GET_MESSAGE", "[SL:SENDER", "[IN:GET_CONTACT", "[SL:TYPE_RELATION", "@ptr8", "SL:TYPE_RELATION]", "[SL:CONTACT", "@ptr10", "SL:CONTACT]", "IN:GET_CONTACT]", "SL:SENDER]", "IN:GET_MESSAGE]"]}
{"loss": 2.4420738220214844, "class_log_probabilities": [-0.5555192232131958, -7.142904758453369, -7.419240951538086, -7.621012210845947], "predictions": [23, 8, 399, 9, 10, 401, 11, 76, 403, 77, 26, 4, 4, 4, 4], "target_tokens": ["[IN:SEND_MESSAGE", "[SL:RECIPIENT", "@ptr6", "SL:RECIPIENT]", "[SL:TYPE_CONTENT", "@ptr4", "SL:TYPE_CONTENT]", "[SL:NAME_APP", "@ptr8", "SL:NAME_APP]", "IN:SEND_MESSAGE]"], "predicted_tokens": ["[IN:SEND_MESSAGE", "[SL:TYPE_CONTENT", "@ptr4", "SL:TYPE_CONTENT]", "[SL:RECIPIENT", "@ptr6", "SL:RECIPIENT]", "[SL:NAME_APP", "@ptr8", "SL:NAME_APP]", "IN:SEND_MESSAGE]"]}
{"loss": 1.0434666872024536, "class_log_probabilities": [-1.691711187362671, -1.8829858303070068, -4.692497730255127, -4.747390270233154], "predictions": [5, 6, 396, 397, 7, 10, 398, 11, 76, 403, 77, 12, 4], "target_tokens": ["[IN:GET_MESSAGE", "[SL:SENDER", "@ptr1", "@ptr2", "SL:SENDER]", "[SL:RECIPIENT", "@ptr3", "SL:RECIPIENT]", "[SL:NAME_APP", "@ptr8", "SL:NAME_APP]", "IN:GET_MESSAGE]"], "predicted_tokens": ["[IN:GET_MESSAGE", "[SL:CONTACT", "@ptr1", "@ptr2", "SL:CONTACT]", "[SL:RECIPIENT", "@ptr3", "SL:RECIPIENT]", "[SL:NAME_APP", "@ptr8", "SL:NAME_APP]", "IN:GET_MESSAGE]"]}
{"loss": 1.3919651508331299, "class_log_probabilities": [-0.8001670837402344, -6.2815961837768555, -6.834812164306641, -7.0661725997924805], "predictions": [23, 10, 397, 11, 76, 399, 77, 24, 401, 402, 403, 25, 26, 4], "target_tokens": ["[IN:SEND_MESSAGE", "[SL:RECIPIENT", "@ptr2", "SL:RECIPIENT]", "[SL:NAME_APP", "@ptr4", "SL:NAME_APP]", "[SL:CONTENT_EXACT", "@ptr6", "@ptr7", "SL:CONTENT_EXACT]", "IN:SEND_MESSAGE]"], "predicted_tokens": ["[IN:SEND_MESSAGE", "[SL:RECIPIENT", "@ptr2", "SL:RECIPIENT]", "[SL:NAME_APP", "@ptr4", "SL:NAME_APP]", "[SL:CONTENT_EXACT", "@ptr6", "@ptr7", "@ptr8", "SL:CONTENT_EXACT]", "IN:SEND_MESSAGE]"]}
{"loss": 0.9728541970252991, "class_log_probabilities": [-0.45341408252716064, -6.473302364349365, -6.798434734344482, -7.908161163330078], "predictions": [23, 10, 397, 11, 76, 399, 77, 26, 4], "target_tokens": ["[IN:SEND_MESSAGE", "[SL:RECIPIENT", "@ptr2", "SL:RECIPIENT]", "[SL:NAME_APP", "@ptr4", "SL:NAME_APP]", "IN:SEND_MESSAGE]"], "predicted_tokens": ["[IN:SEND_MESSAGE", "[SL:RECIPIENT", "@ptr2", "SL:RECIPIENT]", "[SL:NAME_APP", "@ptr4", "SL:NAME_APP]", "IN:SEND_MESSAGE]"]}
{"loss": 0.9752933382987976, "class_log_probabilities": [-0.2829814553260803, -7.707345962524414, -7.794297695159912, -8.06859016418457], "predictions": [23, 76, 399, 77, 26, 4], "target_tokens": ["[IN:SEND_MESSAGE", "[SL:NAME_APP", "@ptr4", "SL:NAME_APP]", "IN:SEND_MESSAGE]"], "predicted_tokens": ["[IN:SEND_MESSAGE", "[SL:NAME_APP", "@ptr4", "SL:NAME_APP]", "IN:SEND_MESSAGE]"]}
{"loss": 0.9834315776824951, "class_log_probabilities": [-0.2829485833644867, -7.719631671905518, -7.981656074523926, -8.041497230529785], "predictions": [5, 76, 401, 77, 12, 4], "target_tokens": ["[IN:GET_MESSAGE", "[SL:NAME_APP", "@ptr6", "SL:NAME_APP]", "IN:GET_MESSAGE]"], "predicted_tokens": ["[IN:GET_MESSAGE", "[SL:NAME_APP", "@ptr6", "SL:NAME_APP]", "IN:GET_MESSAGE]"]}
{"loss": 2.8102355003356934, "class_log_probabilities": [-0.8411839008331299, -5.177451133728027, -6.631871223449707, -6.869585037231445], "predictions": [23, 76, 399, 77, 10, 401, 402, 11, 24, 405, 406, 407, 25, 26, 4, 4, 4, 4], "target_tokens": ["[IN:SEND_MESSAGE", "[SL:RECIPIENT", "@ptr6", "@ptr7", "SL:RECIPIENT]", "[SL:NAME_APP", "@ptr4", "SL:NAME_APP]", "[SL:CONTENT_EXACT", "@ptr10", "@ptr11", "SL:CONTENT_EXACT]", "IN:SEND_MESSAGE]"], "predicted_tokens": ["[IN:SEND_MESSAGE", "[SL:NAME_APP", "@ptr4", "SL:NAME_APP]", "[SL:RECIPIENT", "@ptr6", "@ptr7", "SL:RECIPIENT]", "[SL:CONTENT_EXACT", "@ptr10", "@ptr11", "@ptr12", "SL:CONTENT_EXACT]", "IN:SEND_MESSAGE]"]}
{"loss": 0.9782554507255554, "class_log_probabilities": [-0.3191322684288025, -5.107508182525635, -7.432496070861816, -8.268501281738281], "predictions": [23, 76, 401, 77, 26, 4], "target_tokens": ["[IN:SEND_MESSAGE", "[SL:NAME_APP", "@ptr6", "SL:NAME_APP]", "IN:SEND_MESSAGE]"], "predicted_tokens": ["[IN:SEND_MESSAGE", "[SL:NAME_APP", "@ptr6", "SL:NAME_APP]", "IN:SEND_MESSAGE]"]}
{"loss": 0.9789941310882568, "class_log_probabilities": [-0.5360504388809204, -5.498004913330078, -5.656670093536377, -6.098923206329346], "predictions": [23, 8, 398, 9, 76, 400, 77, 26, 4, 4, 4, 4], "target_tokens": ["[IN:SEND_MESSAGE", "[SL:TYPE_CONTENT", "@ptr3", "SL:TYPE_CONTENT]", "[SL:NAME_APP", "@ptr5", "SL:NAME_APP]", "IN:SEND_MESSAGE]"], "predicted_tokens": ["[IN:SEND_MESSAGE", "[SL:TYPE_CONTENT", "@ptr3", "SL:TYPE_CONTENT]", "[SL:NAME_APP", "@ptr5", "SL:NAME_APP]", "IN:SEND_MESSAGE]"]}
{"loss": 0.9731915593147278, "class_log_probabilities": [-0.43713679909706116, -7.190577507019043, -7.624466419219971, -7.787191867828369], "predictions": [23, 10, 402, 11, 76, 404, 77, 26, 4], "target_tokens": ["[IN:SEND_MESSAGE", "[SL:RECIPIENT", "@ptr7", "SL:RECIPIENT]", "[SL:NAME_APP", "@ptr9", "SL:NAME_APP]", "IN:SEND_MESSAGE]"], "predicted_tokens": ["[IN:SEND_MESSAGE", "[SL:RECIPIENT", "@ptr7", "SL:RECIPIENT]", "[SL:NAME_APP", "@ptr9", "SL:NAME_APP]", "IN:SEND_MESSAGE]"]}
{"loss": 0.9716166257858276, "class_log_probabilities": [-0.469692200422287, -7.4087042808532715, -7.433990001678467, -7.7520341873168945], "predictions": [23, 10, 403, 11, 76, 405, 77, 26, 4], "target_tokens": ["[IN:SEND_MESSAGE", "[SL:RECIPIENT", "@ptr8", "SL:RECIPIENT]", "[SL:NAME_APP", "@ptr10", "SL:NAME_APP]", "IN:SEND_MESSAGE]"], "predicted_tokens": ["[IN:SEND_MESSAGE", "[SL:RECIPIENT", "@ptr8", "SL:RECIPIENT]", "[SL:NAME_APP", "@ptr10", "SL:NAME_APP]", "IN:SEND_MESSAGE]"]}
{"loss": 0.976370632648468, "class_log_probabilities": [-0.30038323998451233, -7.502987384796143, -7.925449371337891, -7.996004581451416], "predictions": [23, 76, 401, 77, 26, 4], "target_tokens": ["[IN:SEND_MESSAGE", "[SL:NAME_APP", "@ptr6", "SL:NAME_APP]", "IN:SEND_MESSAGE]"], "predicted_tokens": ["[IN:SEND_MESSAGE", "[SL:NAME_APP", "@ptr6", "SL:NAME_APP]", "IN:SEND_MESSAGE]"]}
{"loss": 0.9812970757484436, "class_log_probabilities": [-0.534993052482605, -6.935919761657715, -7.342222690582275, -7.685733795166016], "predictions": [23, 8, 401, 9, 10, 403, 11, 76, 405, 77, 26, 4], "target_tokens": ["[IN:SEND_MESSAGE", "[SL:TYPE_CONTENT", "@ptr6", "SL:TYPE_CONTENT]", "[SL:RECIPIENT", "@ptr8", "SL:RECIPIENT]", "[SL:NAME_APP", "@ptr10", "SL:NAME_APP]", "IN:SEND_MESSAGE]"], "predicted_tokens": ["[IN:SEND_MESSAGE", "[SL:TYPE_CONTENT", "@ptr6", "SL:TYPE_CONTENT]", "[SL:RECIPIENT", "@ptr8", "SL:RECIPIENT]", "[SL:NAME_APP", "@ptr10", "SL:NAME_APP]", "IN:SEND_MESSAGE]"]}
{"loss": 0.9735753536224365, "class_log_probabilities": [-0.423919141292572, -8.152504920959473, -8.247298240661621, -8.34671401977539], "predictions": [23, 10, 399, 11, 76, 401, 77, 26, 4], "target_tokens": ["[IN:SEND_MESSAGE", "[SL:RECIPIENT", "@ptr4", "SL:RECIPIENT]", "[SL:NAME_APP", "@ptr6", "SL:NAME_APP]", "IN:SEND_MESSAGE]"], "predicted_tokens": ["[IN:SEND_MESSAGE", "[SL:RECIPIENT", "@ptr4", "SL:RECIPIENT]", "[SL:NAME_APP", "@ptr6", "SL:NAME_APP]", "IN:SEND_MESSAGE]"]}
{"loss": 0.988010823726654, "class_log_probabilities": [-0.24784579873085022, -7.775652885437012, -8.160722732543945, -8.18226432800293], "predictions": [5, 76, 401, 77, 12, 4], "target_tokens": ["[IN:GET_MESSAGE", "[SL:NAME_APP", "@ptr6", "SL:NAME_APP]", "IN:GET_MESSAGE]"], "predicted_tokens": ["[IN:GET_MESSAGE", "[SL:NAME_APP", "@ptr6", "SL:NAME_APP]", "IN:GET_MESSAGE]"]}
{"loss": 1.0757821798324585, "class_log_probabilities": [-1.7548714876174927, -1.8975955247879028, -1.941575050354004, -5.374032974243164], "predictions": [327, 8, 399, 9, 10, 402, 11, 328, 4], "target_tokens": ["[IN:CANCEL_MESSAGE", "[SL:TYPE_CONTENT", "@ptr4", "SL:TYPE_CONTENT]", "[SL:RECIPIENT", "@ptr7", "SL:RECIPIENT]", "IN:CANCEL_MESSAGE]"], "predicted_tokens": ["[IN:CANCEL_MESSAGE", "[SL:TYPE_CONTENT", "@ptr4", "SL:TYPE_CONTENT]", "[SL:RECIPIENT", "@ptr7", "SL:RECIPIENT]", "IN:CANCEL_MESSAGE]"]}
{"loss": 0.97654789686203, "class_log_probabilities": [-0.5740346908569336, -3.937211513519287, -6.153735637664795, -6.7379150390625], "predictions": [327, 8, 399, 9, 10, 402, 11, 328, 4], "target_tokens": ["[IN:CANCEL_MESSAGE", "[SL:TYPE_CONTENT", "@ptr4", "SL:TYPE_CONTENT]", "[SL:RECIPIENT", "@ptr7", "SL:RECIPIENT]", "IN:CANCEL_MESSAGE]"], "predicted_tokens": ["[IN:CANCEL_MESSAGE", "[SL:TYPE_CONTENT", "@ptr4", "SL:TYPE_CONTENT]", "[SL:RECIPIENT", "@ptr7", "SL:RECIPIENT]", "IN:CANCEL_MESSAGE]"]}
{"loss": 0.9730966687202454, "class_log_probabilities": [-0.47070005536079407, -7.625660419464111, -8.474762916564941, -8.482873916625977], "predictions": [23, 8, 399, 9, 10, 402, 403, 11, 26, 4], "target_tokens": ["[IN:SEND_MESSAGE", "[SL:TYPE_CONTENT", "@ptr4", "SL:TYPE_CONTENT]", "[SL:RECIPIENT", "@ptr7", "@ptr8", "SL:RECIPIENT]", "IN:SEND_MESSAGE]"], "predicted_tokens": ["[IN:SEND_MESSAGE", "[SL:TYPE_CONTENT", "@ptr4", "SL:TYPE_CONTENT]", "[SL:RECIPIENT", "@ptr7", "@ptr8", "SL:RECIPIENT]", "IN:SEND_MESSAGE]"]}
{"loss": 0.9733836054801941, "class_log_probabilities": [-0.4195113778114319, -8.459052085876465, -8.512621879577637, -9.071065902709961], "predictions": [23, 8, 397, 9, 10, 400, 11, 26, 4, 4, 4], "target_tokens": ["[IN:SEND_MESSAGE", "[SL:TYPE_CONTENT", "@ptr2", "SL:TYPE_CONTENT]", "[SL:RECIPIENT", "@ptr5", "SL:RECIPIENT]", "IN:SEND_MESSAGE]"], "predicted_tokens": ["[IN:SEND_MESSAGE", "[SL:TYPE_CONTENT", "@ptr2", "SL:TYPE_CONTENT]", "[SL:RECIPIENT", "@ptr5", "SL:RECIPIENT]", "IN:SEND_MESSAGE]"]}
{"loss": 0.9824450016021729, "class_log_probabilities": [-0.6788811683654785, -6.569701671600342, -6.628871440887451, -7.646676540374756], "predictions": [23, 8, 399, 9, 10, 70, 93, 401, 94, 71, 402, 72, 73, 11, 26, 4], "target_tokens": ["[IN:SEND_MESSAGE", "[SL:TYPE_CONTENT", "@ptr4", "SL:TYPE_CONTENT]", "[SL:RECIPIENT", "[IN:GET_CONTACT", "[SL:CONTACT_RELATED", "@ptr6", "SL:CONTACT_RELATED]", "[SL:TYPE_RELATION", "@ptr7", "SL:TYPE_RELATION]", "IN:GET_CONTACT]", "SL:RECIPIENT]", "IN:SEND_MESSAGE]"], "predicted_tokens": ["[IN:SEND_MESSAGE", "[SL:TYPE_CONTENT", "@ptr4", "SL:TYPE_CONTENT]", "[SL:RECIPIENT", "[IN:GET_CONTACT", "[SL:CONTACT_RELATED", "@ptr6", "SL:CONTACT_RELATED]", "[SL:TYPE_RELATION", "@ptr7", "SL:TYPE_RELATION]", "IN:GET_CONTACT]", "SL:RECIPIENT]", "IN:SEND_MESSAGE]"]}
{"loss": 1.3815977573394775, "class_log_probabilities": [-0.6834664344787598, -6.49903678894043, -6.785088062286377, -7.9650163650512695], "predictions": [23, 8, 399, 9, 10, 70, 93, 401, 94, 71, 402, 72, 73, 11, 26, 4, 4, 4], "target_tokens": ["[IN:SEND_MESSAGE", "[SL:TYPE_CONTENT", "@ptr4", "SL:TYPE_CONTENT]", "[SL:RECIPIENT", "[IN:GET_CONTACT", "[SL:TYPE_RELATION", "@ptr7", "SL:TYPE_RELATION]", "IN:GET_CONTACT]", "SL:RECIPIENT]", "IN:SEND_MESSAGE]"], "predicted_tokens": ["[IN:SEND_MESSAGE", "[SL:TYPE_CONTENT", "@ptr4", "SL:TYPE_CONTENT]", "[SL:RECIPIENT", "[IN:GET_CONTACT", "[SL:CONTACT_RELATED", "@ptr6", "SL:CONTACT_RELATED]", "[SL:TYPE_RELATION", "@ptr7", "SL:TYPE_RELATION]", "IN:GET_CONTACT]", "SL:RECIPIENT]", "IN:SEND_MESSAGE]"]}
{"loss": 1.3815977573394775, "class_log_probabilities": [-0.6834664344787598, -6.49903678894043, -6.785088062286377, -7.9650163650512695], "predictions": [23, 8, 399, 9, 10, 70, 93, 401, 94, 71, 402, 72, 73, 11, 26, 4, 4, 4], "target_tokens": ["[IN:SEND_MESSAGE", "[SL:TYPE_CONTENT", "@ptr4", "SL:TYPE_CONTENT]", "[SL:RECIPIENT", "[IN:GET_CONTACT", "[SL:TYPE_RELATION", "@ptr7", "SL:TYPE_RELATION]", "IN:GET_CONTACT]", "SL:RECIPIENT]", "IN:SEND_MESSAGE]"], "predicted_tokens": ["[IN:SEND_MESSAGE", "[SL:TYPE_CONTENT", "@ptr4", "SL:TYPE_CONTENT]", "[SL:RECIPIENT", "[IN:GET_CONTACT", "[SL:CONTACT_RELATED", "@ptr6", "SL:CONTACT_RELATED]", "[SL:TYPE_RELATION", "@ptr7", "SL:TYPE_RELATION]", "IN:GET_CONTACT]", "SL:RECIPIENT]", "IN:SEND_MESSAGE]"]}
{"loss": 0.9817073941230774, "class_log_probabilities": [-0.528078019618988, -5.6184515953063965, -5.895560264587402, -6.095014572143555], "predictions": [23, 8, 401, 9, 10, 403, 404, 11, 26, 4], "target_tokens": ["[IN:SEND_MESSAGE", "[SL:TYPE_CONTENT", "@ptr6", "SL:TYPE_CONTENT]", "[SL:RECIPIENT", "@ptr8", "@ptr9", "SL:RECIPIENT]", "IN:SEND_MESSAGE]"], "predicted_tokens": ["[IN:SEND_MESSAGE", "[SL:TYPE_CONTENT", "@ptr6", "SL:TYPE_CONTENT]", "[SL:RECIPIENT", "@ptr8", "@ptr9", "SL:RECIPIENT]", "IN:SEND_MESSAGE]"]}
{"loss": 1.3741681575775146, "class_log_probabilities": [-1.6643881797790527, -2.125124216079712, -3.1075987815856934, -3.1990468502044678], "predictions": [23, 8, 401, 9, 10, 70, 93, 403, 94, 71, 405, 72, 73, 11, 26, 4], "target_tokens": ["[IN:SEND_MESSAGE", "[SL:TYPE_CONTENT", "@ptr6", "SL:TYPE_CONTENT]", "[SL:RECIPIENT", "[IN:GET_CONTACT", "[SL:TYPE_RELATION", "@ptr9", "SL:TYPE_RELATION]", "IN:GET_CONTACT]", "SL:RECIPIENT]", "IN:SEND_MESSAGE]"], "predicted_tokens": ["[IN:SEND_MESSAGE", "[SL:TYPE_CONTENT", "@ptr6", "SL:TYPE_CONTENT]", "[SL:RECIPIENT", "[IN:GET_CONTACT", "[SL:CONTACT_RELATED", "@ptr8", "SL:CONTACT_RELATED]", "[SL:TYPE_RELATION", "@ptr10", "SL:TYPE_RELATION]", "IN:GET_CONTACT]", "SL:RECIPIENT]", "IN:SEND_MESSAGE]"]}
{"loss": 1.0071899890899658, "class_log_probabilities": [-1.7975075244903564, -3.6632673740386963, -3.7925407886505127, -4.422987937927246], "predictions": [23, 8, 401, 9, 10, 70, 93, 403, 94, 71, 404, 72, 6, 405, 406, 7, 73, 11, 26, 4], "target_tokens": ["[IN:SEND_MESSAGE", "[SL:TYPE_CONTENT", "@ptr6", "SL:TYPE_CONTENT]", "[SL:RECIPIENT", "[IN:GET_CONTACT", "[SL:CONTACT_RELATED", "@ptr8", "SL:CONTACT_RELATED]", "[SL:TYPE_RELATION", "@ptr9", "SL:TYPE_RELATION]", "[SL:CONTACT", "@ptr10", "@ptr11", "SL:CONTACT]", "IN:GET_CONTACT]", "SL:RECIPIENT]", "IN:SEND_MESSAGE]"], "predicted_tokens": ["[IN:SEND_MESSAGE", "[SL:TYPE_CONTENT", "@ptr6", "SL:TYPE_CONTENT]", "[SL:RECIPIENT", "[IN:GET_CONTACT", "[SL:CONTACT_RELATED", "@ptr8", "SL:CONTACT_RELATED]", "[SL:TYPE_RELATION", "@ptr9", "SL:TYPE_RELATION]", "[SL:CONTACT", "@ptr10", "@ptr11", "SL:CONTACT]", "IN:GET_CONTACT]", "SL:RECIPIENT]", "IN:SEND_MESSAGE]"]}
{"loss": 0.97772216796875, "class_log_probabilities": [-0.4042218327522278, -7.081982612609863, -8.043357849121094, -9.114996910095215], "predictions": [23, 8, 398, 9, 10, 401, 11, 26, 4, 4, 4], "target_tokens": ["[IN:SEND_MESSAGE", "[SL:TYPE_CONTENT", "@ptr3", "SL:TYPE_CONTENT]", "[SL:RECIPIENT", "@ptr6", "SL:RECIPIENT]", "IN:SEND_MESSAGE]"], "predicted_tokens": ["[IN:SEND_MESSAGE", "[SL:TYPE_CONTENT", "@ptr3", "SL:TYPE_CONTENT]", "[SL:RECIPIENT", "@ptr6", "SL:RECIPIENT]", "IN:SEND_MESSAGE]"]}
{"loss": 0.9734222888946533, "class_log_probabilities": [-0.5168131589889526, -6.75700044631958, -7.412843704223633, -7.630331516265869], "predictions": [23, 8, 397, 9, 10, 400, 401, 402, 11, 26, 4, 4], "target_tokens": ["[IN:SEND_MESSAGE", "[SL:TYPE_CONTENT", "@ptr2", "SL:TYPE_CONTENT]", "[SL:RECIPIENT", "@ptr5", "@ptr6", "@ptr7", "SL:RECIPIENT]", "IN:SEND_MESSAGE]"], "predicted_tokens": ["[IN:SEND_MESSAGE", "[SL:TYPE_CONTENT", "@ptr2", "SL:TYPE_CONTENT]", "[SL:RECIPIENT", "@ptr5", "@ptr6", "@ptr7", "SL:RECIPIENT]", "IN:SEND_MESSAGE]"]}
{"loss": 0.9709745645523071, "class_log_probabilities": [-0.39893782138824463, -7.349096775054932, -7.676154136657715, -7.711581230163574], "predictions": [23, 10, 397, 398, 399, 11, 26, 4], "target_tokens": ["[IN:SEND_MESSAGE", "[SL:RECIPIENT", "@ptr2", "@ptr3", "@ptr4", "SL:RECIPIENT]", "IN:SEND_MESSAGE]"], "predicted_tokens": ["[IN:SEND_MESSAGE", "[SL:RECIPIENT", "@ptr2", "@ptr3", "@ptr4", "SL:RECIPIENT]", "IN:SEND_MESSAGE]"]}
{"loss": 0.9657900929450989, "class_log_probabilities": [-0.44835782051086426, -5.940197944641113, -5.9505414962768555, -6.125964164733887], "predictions": [23, 10, 397, 398, 11, 26, 4], "target_tokens": ["[IN:SEND_MESSAGE", "[SL:RECIPIENT", "@ptr2", "@ptr3", "SL:RECIPIENT]", "IN:SEND_MESSAGE]"], "predicted_tokens": ["[IN:SEND_MESSAGE", "[SL:RECIPIENT", "@ptr2", "@ptr3", "SL:RECIPIENT]", "IN:SEND_MESSAGE]"]}
{"loss": 0.9668222665786743, "class_log_probabilities": [-0.4000051021575928, -6.1891045570373535, -6.495584964752197, -7.140222072601318], "predictions": [23, 10, 397, 398, 11, 26, 4], "target_tokens": ["[IN:SEND_MESSAGE", "[SL:RECIPIENT", "@ptr2", "@ptr3", "SL:RECIPIENT]", "IN:SEND_MESSAGE]"], "predicted_tokens": ["[IN:SEND_MESSAGE", "[SL:RECIPIENT", "@ptr2", "@ptr3", "SL:RECIPIENT]", "IN:SEND_MESSAGE]"]}
{"loss": 0.9685248732566833, "class_log_probabilities": [-0.36080408096313477, -7.0873308181762695, -7.276680946350098, -7.783121109008789], "predictions": [23, 10, 397, 398, 11, 26, 4], "target_tokens": ["[IN:SEND_MESSAGE", "[SL:RECIPIENT", "@ptr2", "@ptr3", "SL:RECIPIENT]", "IN:SEND_MESSAGE]"], "predicted_tokens": ["[IN:SEND_MESSAGE", "[SL:RECIPIENT", "@ptr2", "@ptr3", "SL:RECIPIENT]", "IN:SEND_MESSAGE]"]}
{"loss": 0.9724657535552979, "class_log_probabilities": [-0.42828506231307983, -8.088689804077148, -8.295525550842285, -8.325102806091309], "predictions": [23, 10, 397, 11, 8, 400, 9, 26, 4, 4, 4], "target_tokens": ["[IN:SEND_MESSAGE", "[SL:RECIPIENT", "@ptr2", "SL:RECIPIENT]", "[SL:TYPE_CONTENT", "@ptr5", "SL:TYPE_CONTENT]", "IN:SEND_MESSAGE]"], "predicted_tokens": ["[IN:SEND_MESSAGE", "[SL:RECIPIENT", "@ptr2", "SL:RECIPIENT]", "[SL:TYPE_CONTENT", "@ptr5", "SL:TYPE_CONTENT]", "IN:SEND_MESSAGE]"]}
{"loss": 0.975130558013916, "class_log_probabilities": [-0.27719882130622864, -8.043715476989746, -8.296884536743164, -8.41476058959961], "predictions": [23, 8, 398, 9, 26, 4, 4, 4], "target_tokens": ["[IN:SEND_MESSAGE", "[SL:TYPE_CONTENT", "@ptr3", "SL:TYPE_CONTENT]", "IN:SEND_MESSAGE]"], "predicted_tokens": ["[IN:SEND_MESSAGE", "[SL:TYPE_CONTENT", "@ptr3", "SL:TYPE_CONTENT]", "IN:SEND_MESSAGE]"]}
{"loss": 0.9781363606452942, "class_log_probabilities": [-0.44239354133605957, -5.3112616539001465, -6.274307727813721, -8.101011276245117], "predictions": [23, 8, 401, 9, 10, 403, 11, 26, 4], "target_tokens": ["[IN:SEND_MESSAGE", "[SL:TYPE_CONTENT", "@ptr6", "SL:TYPE_CONTENT]", "[SL:RECIPIENT", "@ptr8", "SL:RECIPIENT]", "IN:SEND_MESSAGE]"], "predicted_tokens": ["[IN:SEND_MESSAGE", "[SL:TYPE_CONTENT", "@ptr6", "SL:TYPE_CONTENT]", "[SL:RECIPIENT", "@ptr8", "SL:RECIPIENT]", "IN:SEND_MESSAGE]"]}
{"loss": 0.9736331105232239, "class_log_probabilities": [-0.43458566069602966, -7.5899176597595215, -7.7666239738464355, -8.238395690917969], "predictions": [23, 8, 399, 9, 10, 401, 11, 26, 4], "target_tokens": ["[IN:SEND_MESSAGE", "[SL:TYPE_CONTENT", "@ptr4", "SL:TYPE_CONTENT]", "[SL:RECIPIENT", "@ptr6", "SL:RECIPIENT]", "IN:SEND_MESSAGE]"], "predicted_tokens": ["[IN:SEND_MESSAGE", "[SL:TYPE_CONTENT", "@ptr4", "SL:TYPE_CONTENT]", "[SL:RECIPIENT", "@ptr6", "SL:RECIPIENT]", "IN:SEND_MESSAGE]"]}
{"loss": 0.9786697030067444, "class_log_probabilities": [-0.39432600140571594, -7.86944580078125, -8.027952194213867, -8.081343650817871], "predictions": [23, 10, 397, 11, 8, 400, 9, 26, 4], "target_tokens": ["[IN:SEND_MESSAGE", "[SL:RECIPIENT", "@ptr2", "SL:RECIPIENT]", "[SL:TYPE_CONTENT", "@ptr5", "SL:TYPE_CONTENT]", "IN:SEND_MESSAGE]"], "predicted_tokens": ["[IN:SEND_MESSAGE", "[SL:RECIPIENT", "@ptr2", "SL:RECIPIENT]", "[SL:TYPE_CONTENT", "@ptr5", "SL:TYPE_CONTENT]", "IN:SEND_MESSAGE]"]}
{"loss": 0.9743908643722534, "class_log_probabilities": [-0.41504746675491333, -8.059958457946777, -8.24283504486084, -8.292363166809082], "predictions": [23, 10, 397, 11, 8, 400, 9, 26, 4, 4, 4], "target_tokens": ["[IN:SEND_MESSAGE", "[SL:RECIPIENT", "@ptr2", "SL:RECIPIENT]", "[SL:TYPE_CONTENT", "@ptr5", "SL:TYPE_CONTENT]", "IN:SEND_MESSAGE]"], "predicted_tokens": ["[IN:SEND_MESSAGE", "[SL:RECIPIENT", "@ptr2", "SL:RECIPIENT]", "[SL:TYPE_CONTENT", "@ptr5", "SL:TYPE_CONTENT]", "IN:SEND_MESSAGE]"]}
{"loss": 0.9739261865615845, "class_log_probabilities": [-0.4689570665359497, -7.136341571807861, -8.117742538452148, -8.253418922424316], "predictions": [23, 8, 397, 9, 10, 401, 402, 11, 26, 4], "target_tokens": ["[IN:SEND_MESSAGE", "[SL:TYPE_CONTENT", "@ptr2", "SL:TYPE_CONTENT]", "[SL:RECIPIENT", "@ptr6", "@ptr7", "SL:RECIPIENT]", "IN:SEND_MESSAGE]"], "predicted_tokens": ["[IN:SEND_MESSAGE", "[SL:TYPE_CONTENT", "@ptr2", "SL:TYPE_CONTENT]", "[SL:RECIPIENT", "@ptr6", "@ptr7", "SL:RECIPIENT]", "IN:SEND_MESSAGE]"]}
{"loss": 1.7651169300079346, "class_log_probabilities": [-0.4258030354976654, -7.940471649169922, -8.25982666015625, -8.36319637298584], "predictions": [23, 8, 397, 9, 10, 400, 11, 26, 4], "target_tokens": ["[IN:SEND_MESSAGE", "[SL:TYPE_CONTENT", "@ptr2", "@ptr3", "SL:TYPE_CONTENT]", "[SL:RECIPIENT", "@ptr5", "SL:RECIPIENT]", "IN:SEND_MESSAGE]"], "predicted_tokens": ["[IN:SEND_MESSAGE", "[SL:TYPE_CONTENT", "@ptr2", "SL:TYPE_CONTENT]", "[SL:RECIPIENT", "@ptr5", "SL:RECIPIENT]", "IN:SEND_MESSAGE]"]}
{"loss": 0.9728872776031494, "class_log_probabilities": [-0.4301111102104187, -7.054354190826416, -8.317178726196289, -8.344233512878418], "predictions": [23, 8, 397, 9, 10, 400, 11, 26, 4], "target_tokens": ["[IN:SEND_MESSAGE", "[SL:TYPE_CONTENT", "@ptr2", "SL:TYPE_CONTENT]", "[SL:RECIPIENT", "@ptr5", "SL:RECIPIENT]", "IN:SEND_MESSAGE]"], "predicted_tokens": ["[IN:SEND_MESSAGE", "[SL:TYPE_CONTENT", "@ptr2", "SL:TYPE_CONTENT]", "[SL:RECIPIENT", "@ptr5", "SL:RECIPIENT]", "IN:SEND_MESSAGE]"]}
{"loss": 0.9724686741828918, "class_log_probabilities": [-0.42842936515808105, -8.353265762329102, -8.451546669006348, -9.103214263916016], "predictions": [23, 8, 399, 9, 10, 401, 11, 26, 4, 4, 4], "target_tokens": ["[IN:SEND_MESSAGE", "[SL:TYPE_CONTENT", "@ptr4", "SL:TYPE_CONTENT]", "[SL:RECIPIENT", "@ptr6", "SL:RECIPIENT]", "IN:SEND_MESSAGE]"], "predicted_tokens": ["[IN:SEND_MESSAGE", "[SL:TYPE_CONTENT", "@ptr4", "SL:TYPE_CONTENT]", "[SL:RECIPIENT", "@ptr6", "SL:RECIPIENT]", "IN:SEND_MESSAGE]"]}
{"loss": 1.3969517946243286, "class_log_probabilities": [-1.8120336532592773, -2.822986602783203, -2.932000160217285, -6.927267551422119], "predictions": [23, 8, 400, 9, 10, 70, 93, 402, 94, 71, 403, 72, 73, 11, 24, 405, 406, 407, 408, 409, 410, 411, 25, 26, 4], "target_tokens": ["[IN:SEND_MESSAGE", "[SL:TYPE_CONTENT", "@ptr5", "SL:TYPE_CONTENT]", "[SL:RECIPIENT", "[IN:GET_CONTACT", "[SL:CONTACT_RELATED", "@ptr7", "SL:CONTACT_RELATED]", "[SL:TYPE_RELATION", "@ptr8", "SL:TYPE_RELATION]", "IN:GET_CONTACT]", "SL:RECIPIENT]", "[SL:CONTENT_EXACT", "@ptr12", "@ptr13", "@ptr14", "@ptr15", "@ptr16", "SL:CONTENT_EXACT]", "IN:SEND_MESSAGE]"], "predicted_tokens": ["[IN:SEND_MESSAGE", "[SL:TYPE_CONTENT", "@ptr5", "SL:TYPE_CONTENT]", "[SL:RECIPIENT", "[IN:GET_CONTACT", "[SL:CONTACT_RELATED", "@ptr7", "SL:CONTACT_RELATED]", "[SL:TYPE_RELATION", "@ptr8", "SL:TYPE_RELATION]", "IN:GET_CONTACT]", "SL:RECIPIENT]", "[SL:CONTENT_EXACT", "@ptr10", "@ptr11", "@ptr12", "@ptr13", "@ptr14", "@ptr15", "@ptr16", "SL:CONTENT_EXACT]", "IN:SEND_MESSAGE]"]}
{"loss": 0.975759744644165, "class_log_probabilities": [-0.42563387751579285, -7.686992645263672, -7.933872699737549, -8.183425903320312], "predictions": [23, 8, 403, 9, 10, 405, 11, 26, 4], "target_tokens": ["[IN:SEND_MESSAGE", "[SL:TYPE_CONTENT", "@ptr8", "SL:TYPE_CONTENT]", "[SL:RECIPIENT", "@ptr10", "SL:RECIPIENT]", "IN:SEND_MESSAGE]"], "predicted_tokens": ["[IN:SEND_MESSAGE", "[SL:TYPE_CONTENT", "@ptr8", "SL:TYPE_CONTENT]", "[SL:RECIPIENT", "@ptr10", "SL:RECIPIENT]", "IN:SEND_MESSAGE]"]}
{"loss": 0.9907523989677429, "class_log_probabilities": [-0.12339555472135544, -8.163026809692383, -8.185578346252441, -8.484978675842285], "predictions": [5, 12, 4], "target_tokens": ["[IN:GET_MESSAGE", "IN:GET_MESSAGE]"], "predicted_tokens": ["[IN:GET_MESSAGE", "IN:GET_MESSAGE]"]}
{"loss": 0.9743781089782715, "class_log_probabilities": [-0.323112428188324, -4.111306190490723, -4.115179061889648, -4.259023189544678], "predictions": [5, 12, 4], "target_tokens": ["[IN:GET_MESSAGE", "IN:GET_MESSAGE]"], "predicted_tokens": ["[IN:GET_MESSAGE", "IN:GET_MESSAGE]"]}
{"loss": 1.653186559677124, "class_log_probabilities": [-0.5038666725158691, -5.589947700500488, -7.218439102172852, -7.341776371002197], "predictions": [23, 10, 401, 11, 24, 405, 406, 25, 26, 4, 4], "target_tokens": ["[IN:SEND_MESSAGE", "[SL:RECIPIENT", "@ptr6", "SL:RECIPIENT]", "[SL:CONTENT_EXACT", "@ptr10", "SL:CONTENT_EXACT]", "IN:SEND_MESSAGE]"], "predicted_tokens": ["[IN:SEND_MESSAGE", "[SL:RECIPIENT", "@ptr6", "SL:RECIPIENT]", "[SL:CONTENT_EXACT", "@ptr10", "@ptr11", "SL:CONTENT_EXACT]", "IN:SEND_MESSAGE]"]}
{"loss": 0.9677817225456238, "class_log_probabilities": [-0.3118228614330292, -7.562928199768066, -7.651925086975098, -7.895871639251709], "predictions": [23, 10, 400, 11, 26, 4], "target_tokens": ["[IN:SEND_MESSAGE", "[SL:RECIPIENT", "@ptr5", "SL:RECIPIENT]", "IN:SEND_MESSAGE]"], "predicted_tokens": ["[IN:SEND_MESSAGE", "[SL:RECIPIENT", "@ptr5", "SL:RECIPIENT]", "IN:SEND_MESSAGE]"]}
{"loss": 0.9701835513114929, "class_log_probabilities": [-0.29953959584236145, -8.26848030090332, -8.336610794067383, -9.036327362060547], "predictions": [23, 10, 400, 11, 26, 4, 4, 4], "target_tokens": ["[IN:SEND_MESSAGE", "[SL:RECIPIENT", "@ptr5", "SL:RECIPIENT]", "IN:SEND_MESSAGE]"], "predicted_tokens": ["[IN:SEND_MESSAGE", "[SL:RECIPIENT", "@ptr5", "SL:RECIPIENT]", "IN:SEND_MESSAGE]"]}
{"loss": 0.9754308462142944, "class_log_probabilities": [-0.6593871116638184, -5.206859588623047, -7.390416145324707, -7.865632057189941], "predictions": [23, 10, 399, 11, 24, 402, 403, 404, 405, 406, 407, 25, 26, 4, 4], "target_tokens": ["[IN:SEND_MESSAGE", "[SL:RECIPIENT", "@ptr4", "SL:RECIPIENT]", "[SL:CONTENT_EXACT", "@ptr7", "@ptr8", "@ptr9", "@ptr10", "@ptr11", "@ptr12", "SL:CONTENT_EXACT]", "IN:SEND_MESSAGE]"], "predicted_tokens": ["[IN:SEND_MESSAGE", "[SL:RECIPIENT", "@ptr4", "SL:RECIPIENT]", "[SL:CONTENT_EXACT", "@ptr7", "@ptr8", "@ptr9", "@ptr10", "@ptr11", "@ptr12", "SL:CONTENT_EXACT]", "IN:SEND_MESSAGE]"]}
{"loss": 0.9885683059692383, "class_log_probabilities": [-0.1254098117351532, -8.465333938598633, -8.487138748168945, -8.631906509399414], "predictions": [5, 12, 4, 4], "target_tokens": ["[IN:GET_MESSAGE", "IN:GET_MESSAGE]"], "predicted_tokens": ["[IN:GET_MESSAGE", "IN:GET_MESSAGE]"]}
{"loss": 0.9831123948097229, "class_log_probabilities": [-0.13592176139354706, -7.498836040496826, -7.973727226257324, -8.339470863342285], "predictions": [5, 12, 4], "target_tokens": ["[IN:GET_MESSAGE", "IN:GET_MESSAGE]"], "predicted_tokens": ["[IN:GET_MESSAGE", "IN:GET_MESSAGE]"]}
{"loss": 0.969535231590271, "class_log_probabilities": [-0.7505698204040527, -5.310037136077881, -6.391396522521973, -7.024021148681641], "predictions": [23, 24, 400, 401, 402, 403, 404, 405, 406, 407, 25, 26, 4], "target_tokens": ["[IN:SEND_MESSAGE", "[SL:CONTENT_EXACT", "@ptr5", "@ptr6", "@ptr7", "@ptr8", "@ptr9", "@ptr10", "@ptr11", "@ptr12", "SL:CONTENT_EXACT]", "IN:SEND_MESSAGE]"], "predicted_tokens": ["[IN:SEND_MESSAGE", "[SL:CONTENT_EXACT", "@ptr5", "@ptr6", "@ptr7", "@ptr8", "@ptr9", "@ptr10", "@ptr11", "@ptr12", "SL:CONTENT_EXACT]", "IN:SEND_MESSAGE]"]}
{"loss": 0.9901099801063538, "class_log_probabilities": [-0.795852780342102, -4.95281982421875, -5.409903526306152, -5.638491153717041], "predictions": [23, 10, 399, 11, 24, 403, 404, 405, 406, 407, 408, 409, 410, 411, 412, 413, 25, 26, 4, 4], "target_tokens": ["[IN:SEND_MESSAGE", "[SL:RECIPIENT", "@ptr4", "SL:RECIPIENT]", "[SL:CONTENT_EXACT", "@ptr8", "@ptr9", "@ptr10", "@ptr11", "@ptr12", "@ptr13", "@ptr14", "@ptr15", "@ptr16", "@ptr17", "@ptr18", "SL:CONTENT_EXACT]", "IN:SEND_MESSAGE]"], "predicted_tokens": ["[IN:SEND_MESSAGE", "[SL:RECIPIENT", "@ptr4", "SL:RECIPIENT]", "[SL:CONTENT_EXACT", "@ptr8", "@ptr9", "@ptr10", "@ptr11", "@ptr12", "@ptr13", "@ptr14", "@ptr15", "@ptr16", "@ptr17", "@ptr18", "SL:CONTENT_EXACT]", "IN:SEND_MESSAGE]"]}
{"loss": 1.0009281635284424, "class_log_probabilities": [-1.0567177534103394, -1.787844181060791, -7.305276393890381, -7.618522644042969], "predictions": [23, 10, 399, 11, 24, 403, 404, 405, 406, 407, 25, 26, 4, 4], "target_tokens": ["[IN:SEND_MESSAGE", "[SL:RECIPIENT", "@ptr4", "SL:RECIPIENT]", "[SL:CONTENT_EXACT", "@ptr8", "@ptr9", "@ptr10", "@ptr11", "@ptr12", "SL:CONTENT_EXACT]", "IN:SEND_MESSAGE]"], "predicted_tokens": ["[IN:SEND_MESSAGE", "[SL:RECIPIENT", "@ptr4", "SL:RECIPIENT]", "[SL:CONTENT_EXACT", "@ptr8", "@ptr9", "@ptr10", "@ptr11", "@ptr12", "SL:CONTENT_EXACT]", "IN:SEND_MESSAGE]"]}
{"loss": 1.3665622472763062, "class_log_probabilities": [-2.2636759281158447, -2.9040892124176025, -3.724167823791504, -4.083674430847168], "predictions": [23, 10, 70, 93, 399, 94, 71, 400, 72, 73, 11, 24, 403, 404, 405, 406, 407, 408, 409, 410, 411, 412, 413, 25, 26, 4], "target_tokens": ["[IN:SEND_MESSAGE", "[SL:RECIPIENT", "[IN:GET_CONTACT", "[SL:CONTACT_RELATED", "@ptr4", "SL:CONTACT_RELATED]", "[SL:TYPE_RELATION", "@ptr5", "SL:TYPE_RELATION]", "IN:GET_CONTACT]", "SL:RECIPIENT]", "[SL:CONTENT_EXACT", "@ptr9", "@ptr10", "@ptr11", "@ptr12", "@ptr13", "@ptr14", "@ptr15", "@ptr16", "@ptr17", "@ptr18", "SL:CONTENT_EXACT]", "IN:SEND_MESSAGE]"], "predicted_tokens": ["[IN:SEND_MESSAGE", "[SL:RECIPIENT", "[IN:GET_CONTACT", "[SL:CONTACT_RELATED", "@ptr4", "SL:CONTACT_RELATED]", "[SL:TYPE_RELATION", "@ptr5", "SL:TYPE_RELATION]", "IN:GET_CONTACT]", "SL:RECIPIENT]", "[SL:CONTENT_EXACT", "@ptr8", "@ptr9", "@ptr10", "@ptr11", "@ptr12", "@ptr13", "@ptr14", "@ptr15", "@ptr16", "@ptr17", "@ptr18", "SL:CONTENT_EXACT]", "IN:SEND_MESSAGE]"]}
{"loss": 0.9680914878845215, "class_log_probabilities": [-0.7172092795372009, -8.016097068786621, -8.211606979370117, -8.258977890014648], "predictions": [23, 10, 397, 11, 24, 399, 400, 401, 402, 403, 404, 25, 26, 4, 4, 4, 4, 4], "target_tokens": ["[IN:SEND_MESSAGE", "[SL:RECIPIENT", "@ptr2", "SL:RECIPIENT]", "[SL:CONTENT_EXACT", "@ptr4", "@ptr5", "@ptr6", "@ptr7", "@ptr8", "@ptr9", "SL:CONTENT_EXACT]", "IN:SEND_MESSAGE]"], "predicted_tokens": ["[IN:SEND_MESSAGE", "[SL:RECIPIENT", "@ptr2", "SL:RECIPIENT]", "[SL:CONTENT_EXACT", "@ptr4", "@ptr5", "@ptr6", "@ptr7", "@ptr8", "@ptr9", "SL:CONTENT_EXACT]", "IN:SEND_MESSAGE]"]}
{"loss": 1.2604234218597412, "class_log_probabilities": [-2.1526825428009033, -3.6643807888031006, -3.809818744659424, -4.74858283996582], "predictions": [23, 10, 70, 93, 399, 94, 71, 400, 72, 73, 11, 24, 404, 405, 406, 407, 408, 409, 410, 411, 412, 413, 414, 415, 416, 25, 26, 4, 4], "target_tokens": ["[IN:SEND_MESSAGE", "[SL:RECIPIENT", "[IN:GET_CONTACT", "[SL:CONTACT_RELATED", "@ptr4", "SL:CONTACT_RELATED]", "[SL:TYPE_RELATION", "@ptr5", "SL:TYPE_RELATION]", "IN:GET_CONTACT]", "SL:RECIPIENT]", "[SL:CONTENT_EXACT", "@ptr10", "@ptr11", "@ptr12", "@ptr13", "@ptr14", "@ptr15", "@ptr16", "@ptr17", "@ptr18", "@ptr19", "@ptr20", "@ptr21", "SL:CONTENT_EXACT]", "IN:SEND_MESSAGE]"], "predicted_tokens": ["[IN:SEND_MESSAGE", "[SL:RECIPIENT", "[IN:GET_CONTACT", "[SL:CONTACT_RELATED", "@ptr4", "SL:CONTACT_RELATED]", "[SL:TYPE_RELATION", "@ptr5", "SL:TYPE_RELATION]", "IN:GET_CONTACT]", "SL:RECIPIENT]", "[SL:CONTENT_EXACT", "@ptr9", "@ptr10", "@ptr11", "@ptr12", "@ptr13", "@ptr14", "@ptr15", "@ptr16", "@ptr17", "@ptr18", "@ptr19", "@ptr20", "@ptr21", "SL:CONTENT_EXACT]", "IN:SEND_MESSAGE]"]}
{"loss": 0.9734300971031189, "class_log_probabilities": [-1.1550099849700928, -5.864310264587402, -7.434364318847656, -7.719945907592773], "predictions": [23, 10, 70, 93, 397, 94, 71, 398, 72, 73, 11, 24, 400, 401, 402, 403, 404, 405, 406, 25, 26, 4], "target_tokens": ["[IN:SEND_MESSAGE", "[SL:RECIPIENT", "[IN:GET_CONTACT", "[SL:CONTACT_RELATED", "@ptr2", "SL:CONTACT_RELATED]", "[SL:TYPE_RELATION", "@ptr3", "SL:TYPE_RELATION]", "IN:GET_CONTACT]", "SL:RECIPIENT]", "[SL:CONTENT_EXACT", "@ptr5", "@ptr6", "@ptr7", "@ptr8", "@ptr9", "@ptr10", "@ptr11", "SL:CONTENT_EXACT]", "IN:SEND_MESSAGE]"], "predicted_tokens": ["[IN:SEND_MESSAGE", "[SL:RECIPIENT", "[IN:GET_CONTACT", "[SL:CONTACT_RELATED", "@ptr2", "SL:CONTACT_RELATED]", "[SL:TYPE_RELATION", "@ptr3", "SL:TYPE_RELATION]", "IN:GET_CONTACT]", "SL:RECIPIENT]", "[SL:CONTENT_EXACT", "@ptr5", "@ptr6", "@ptr7", "@ptr8", "@ptr9", "@ptr10", "@ptr11", "SL:CONTENT_EXACT]", "IN:SEND_MESSAGE]"]}
{"loss": 1.470053791999817, "class_log_probabilities": [-0.719896137714386, -6.6515374183654785, -7.761041641235352, -7.806604862213135], "predictions": [23, 10, 399, 11, 24, 402, 403, 404, 405, 406, 407, 408, 409, 25, 26, 4, 4], "target_tokens": ["[IN:SEND_MESSAGE", "[SL:RECIPIENT", "@ptr4", "SL:RECIPIENT]", "[SL:CONTENT_EXACT", "@ptr8", "@ptr9", "@ptr10", "@ptr11", "@ptr12", "@ptr13", "@ptr14", "SL:CONTENT_EXACT]", "IN:SEND_MESSAGE]"], "predicted_tokens": ["[IN:SEND_MESSAGE", "[SL:RECIPIENT", "@ptr4", "SL:RECIPIENT]", "[SL:CONTENT_EXACT", "@ptr7", "@ptr8", "@ptr9", "@ptr10", "@ptr11", "@ptr12", "@ptr13", "@ptr14", "SL:CONTENT_EXACT]", "IN:SEND_MESSAGE]"]}
{"loss": 1.4062947034835815, "class_log_probabilities": [-0.7489713430404663, -7.214277744293213, -7.447154521942139, -8.071412086486816], "predictions": [23, 10, 70, 71, 399, 72, 73, 11, 24, 403, 404, 405, 25, 26, 4], "target_tokens": ["[IN:SEND_MESSAGE", "[SL:RECIPIENT", "[IN:GET_CONTACT", "[SL:TYPE_RELATION", "@ptr4", "SL:TYPE_RELATION]", "IN:GET_CONTACT]", "SL:RECIPIENT]", "[SL:CONTENT_EXACT", "@ptr8", "@ptr9", "SL:CONTENT_EXACT]", "IN:SEND_MESSAGE]"], "predicted_tokens": ["[IN:SEND_MESSAGE", "[SL:RECIPIENT", "[IN:GET_CONTACT", "[SL:TYPE_RELATION", "@ptr4", "SL:TYPE_RELATION]", "IN:GET_CONTACT]", "SL:RECIPIENT]", "[SL:CONTENT_EXACT", "@ptr8", "@ptr9", "@ptr10", "SL:CONTENT_EXACT]", "IN:SEND_MESSAGE]"]}
{"loss": 0.973116397857666, "class_log_probabilities": [-0.4902527630329132, -6.98960018157959, -7.3441901206970215, -9.10427188873291], "predictions": [23, 24, 399, 400, 25, 10, 402, 11, 26, 4, 4, 4], "target_tokens": ["[IN:SEND_MESSAGE", "[SL:CONTENT_EXACT", "@ptr4", "@ptr5", "SL:CONTENT_EXACT]", "[SL:RECIPIENT", "@ptr7", "SL:RECIPIENT]", "IN:SEND_MESSAGE]"], "predicted_tokens": ["[IN:SEND_MESSAGE", "[SL:CONTENT_EXACT", "@ptr4", "@ptr5", "SL:CONTENT_EXACT]", "[SL:RECIPIENT", "@ptr7", "SL:RECIPIENT]", "IN:SEND_MESSAGE]"]}
{"loss": 1.0702636241912842, "class_log_probabilities": [-2.5930521488189697, -2.8258049488067627, -3.1502914428710938, -3.2477383613586426], "predictions": [23, 10, 70, 71, 400, 72, 73, 11, 24, 404, 405, 406, 407, 408, 409, 25, 26, 4, 4, 4, 4], "target_tokens": ["[IN:SEND_MESSAGE", "[SL:RECIPIENT", "[IN:GET_CONTACT", "[SL:CONTACT_RELATED", "@ptr4", "SL:CONTACT_RELATED]", "[SL:TYPE_RELATION", "@ptr5", "SL:TYPE_RELATION]", "IN:GET_CONTACT]", "SL:RECIPIENT]", "[SL:CONTENT_EXACT", "@ptr9", "@ptr10", "@ptr11", "@ptr12", "@ptr13", "SL:CONTENT_EXACT]", "IN:SEND_MESSAGE]"], "predicted_tokens": ["[IN:SEND_MESSAGE", "[SL:RECIPIENT", "[IN:GET_CONTACT", "[SL:TYPE_RELATION", "@ptr5", "SL:TYPE_RELATION]", "IN:GET_CONTACT]", "SL:RECIPIENT]", "[SL:CONTENT_EXACT", "@ptr9", "@ptr10", "@ptr11", "@ptr12", "@ptr13", "@ptr14", "SL:CONTENT_EXACT]", "IN:SEND_MESSAGE]"]}
{"loss": 1.582099199295044, "class_log_probabilities": [-3.2740609645843506, -3.843409299850464, -5.413280963897705, -6.650538921356201], "predictions": [23, 10, 401, 11, 24, 405, 406, 407, 408, 409, 410, 411, 412, 413, 414, 415, 416, 417, 25, 26, 4, 4, 4, 4, 4], "target_tokens": ["[IN:SEND_MESSAGE", "[SL:RECIPIENT", "@ptr6", "SL:RECIPIENT]", "[SL:CONTENT_EXACT", "@ptr11", "@ptr12", "@ptr13", "@ptr14", "@ptr15", "@ptr16", "@ptr17", "@ptr18", "@ptr19", "@ptr20", "@ptr21", "@ptr22", "@ptr23", "@ptr24", "@ptr25", "@ptr26", "@ptr27", "@ptr28", "SL:CONTENT_EXACT]", "IN:SEND_MESSAGE]"], "predicted_tokens": ["[IN:SEND_MESSAGE", "[SL:RECIPIENT", "@ptr6", "SL:RECIPIENT]", "[SL:CONTENT_EXACT", "@ptr10", "@ptr11", "@ptr12", "@ptr13", "@ptr14", "@ptr15", "@ptr16", "@ptr17", "@ptr18", "@ptr19", "@ptr20", "@ptr21", "@ptr22", "SL:CONTENT_EXACT]", "IN:SEND_MESSAGE]"]}
{"loss": 2.970334053039551, "class_log_probabilities": [-3.9290668964385986, -4.8280768394470215, -4.982676982879639, -6.114293098449707], "predictions": [171, 6, 395, 7, 172, 4, 4, 4, 4, 4, 4], "target_tokens": ["[IN:SEND_MESSAGE", "[SL:RECIPIENT", "@ptr0", "SL:RECIPIENT]", "[SL:CONTENT_EXACT", "@ptr1", "@ptr2", "@ptr3", "@ptr4", "@ptr5", "@ptr6", "@ptr7", "@ptr8", "@ptr9", "@ptr10", "@ptr11", "@ptr12", "@ptr13", "@ptr14", "@ptr15", "@ptr16", "@ptr17", "SL:CONTENT_EXACT]", "IN:SEND_MESSAGE]"], "predicted_tokens": ["[IN:GET_AVAILABILITY", "[SL:CONTACT", "@ptr0", "SL:CONTACT]", "IN:GET_AVAILABILITY]"]}
{"loss": 1.054839849472046, "class_log_probabilities": [-2.495285987854004, -3.7371532917022705, -3.8275606632232666, -4.541235446929932], "predictions": [23, 10, 401, 11, 24, 405, 406, 407, 408, 409, 410, 411, 412, 413, 414, 415, 416, 417, 418, 25, 26, 4, 4], "target_tokens": ["[IN:SEND_MESSAGE", "[SL:RECIPIENT", "@ptr6", "SL:RECIPIENT]", "[SL:CONTENT_EXACT", "@ptr10", "@ptr11", "@ptr12", "@ptr13", "@ptr14", "@ptr15", "@ptr16", "@ptr17", "@ptr18", "@ptr19", "@ptr20", "@ptr21", "@ptr22", "@ptr23", "SL:CONTENT_EXACT]", "IN:SEND_MESSAGE]"], "predicted_tokens": ["[IN:SEND_MESSAGE", "[SL:RECIPIENT", "@ptr6", "SL:RECIPIENT]", "[SL:CONTENT_EXACT", "@ptr10", "@ptr11", "@ptr12", "@ptr13", "@ptr14", "@ptr15", "@ptr16", "@ptr17", "@ptr18", "@ptr19", "@ptr20", "@ptr21", "@ptr22", "@ptr23", "SL:CONTENT_EXACT]", "IN:SEND_MESSAGE]"]}
{"loss": 0.9767764806747437, "class_log_probabilities": [-0.7127480506896973, -7.03564453125, -8.265765190124512, -8.950722694396973], "predictions": [23, 10, 398, 11, 24, 402, 403, 404, 405, 406, 407, 408, 409, 25, 26, 4, 4, 4], "target_tokens": ["[IN:SEND_MESSAGE", "[SL:RECIPIENT", "@ptr3", "SL:RECIPIENT]", "[SL:CONTENT_EXACT", "@ptr7", "@ptr8", "@ptr9", "@ptr10", "@ptr11", "@ptr12", "@ptr13", "@ptr14", "SL:CONTENT_EXACT]", "IN:SEND_MESSAGE]"], "predicted_tokens": ["[IN:SEND_MESSAGE", "[SL:RECIPIENT", "@ptr3", "SL:RECIPIENT]", "[SL:CONTENT_EXACT", "@ptr7", "@ptr8", "@ptr9", "@ptr10", "@ptr11", "@ptr12", "@ptr13", "@ptr14", "SL:CONTENT_EXACT]", "IN:SEND_MESSAGE]"]}
{"loss": 1.380213737487793, "class_log_probabilities": [-2.2173478603363037, -3.2632877826690674, -3.5545156002044678, -3.7597949504852295], "predictions": [23, 10, 399, 11, 24, 403, 404, 405, 406, 407, 408, 409, 410, 411, 412, 413, 414, 415, 416, 417, 25, 26, 4, 4], "target_tokens": ["[IN:SEND_MESSAGE", "[SL:RECIPIENT", "@ptr4", "SL:RECIPIENT]", "[SL:CONTENT_EXACT", "@ptr9", "@ptr10", "@ptr11", "@ptr12", "@ptr13", "@ptr14", "@ptr15", "@ptr16", "@ptr17", "@ptr18", "@ptr19", "@ptr20", "@ptr21", "@ptr22", "@ptr23", "SL:CONTENT_EXACT]", "IN:SEND_MESSAGE]"], "predicted_tokens": ["[IN:SEND_MESSAGE", "[SL:RECIPIENT", "@ptr4", "SL:RECIPIENT]", "[SL:CONTENT_EXACT", "@ptr8", "@ptr9", "@ptr10", "@ptr11", "@ptr12", "@ptr13", "@ptr14", "@ptr15", "@ptr16", "@ptr17", "@ptr18", "@ptr19", "@ptr20", "@ptr21", "@ptr22", "SL:CONTENT_EXACT]", "IN:SEND_MESSAGE]"]}
{"loss": 1.448264479637146, "class_log_probabilities": [-0.9324116110801697, -6.86756706237793, -7.944397926330566, -8.184224128723145], "predictions": [23, 10, 70, 71, 399, 72, 73, 11, 24, 401, 402, 403, 404, 405, 406, 407, 25, 26, 4], "target_tokens": ["[IN:SEND_MESSAGE", "[SL:RECIPIENT", "[IN:GET_CONTACT", "[SL:TYPE_RELATION", "@ptr4", "SL:TYPE_RELATION]", "IN:GET_CONTACT]", "SL:RECIPIENT]", "[SL:CONTENT_EXACT", "@ptr8", "@ptr9", "@ptr10", "@ptr11", "@ptr12", "SL:CONTENT_EXACT]", "IN:SEND_MESSAGE]"], "predicted_tokens": ["[IN:SEND_MESSAGE", "[SL:RECIPIENT", "[IN:GET_CONTACT", "[SL:TYPE_RELATION", "@ptr4", "SL:TYPE_RELATION]", "IN:GET_CONTACT]", "SL:RECIPIENT]", "[SL:CONTENT_EXACT", "@ptr6", "@ptr7", "@ptr8", "@ptr9", "@ptr10", "@ptr11", "@ptr12", "SL:CONTENT_EXACT]", "IN:SEND_MESSAGE]"]}
{"loss": 0.9676491618156433, "class_log_probabilities": [-0.5173758268356323, -7.871121406555176, -7.884334564208984, -7.910280704498291], "predictions": [23, 10, 397, 11, 24, 399, 400, 25, 26, 4], "target_tokens": ["[IN:SEND_MESSAGE", "[SL:RECIPIENT", "@ptr2", "SL:RECIPIENT]", "[SL:CONTENT_EXACT", "@ptr4", "@ptr5", "SL:CONTENT_EXACT]", "IN:SEND_MESSAGE]"], "predicted_tokens": ["[IN:SEND_MESSAGE", "[SL:RECIPIENT", "@ptr2", "SL:RECIPIENT]", "[SL:CONTENT_EXACT", "@ptr4", "@ptr5", "SL:CONTENT_EXACT]", "IN:SEND_MESSAGE]"]}
{"loss": 1.362107753753662, "class_log_probabilities": [-0.796733021736145, -3.424435615539551, -5.528144836425781, -7.086965560913086], "predictions": [23, 10, 399, 11, 24, 402, 403, 404, 405, 25, 26, 4, 4], "target_tokens": ["[IN:SEND_MESSAGE", "[SL:RECIPIENT", "@ptr4", "SL:RECIPIENT]", "[SL:CONTENT_EXACT", "@ptr8", "@ptr9", "@ptr10", "SL:CONTENT_EXACT]", "IN:SEND_MESSAGE]"], "predicted_tokens": ["[IN:SEND_MESSAGE", "[SL:RECIPIENT", "@ptr4", "SL:RECIPIENT]", "[SL:CONTENT_EXACT", "@ptr7", "@ptr8", "@ptr9", "@ptr10", "SL:CONTENT_EXACT]", "IN:SEND_MESSAGE]"]}
{"loss": 0.9697049260139465, "class_log_probabilities": [-0.7563063502311707, -7.982262134552002, -8.237306594848633, -8.46100902557373], "predictions": [23, 10, 397, 11, 24, 399, 400, 401, 402, 403, 404, 405, 25, 26, 4, 4, 4, 4, 4], "target_tokens": ["[IN:SEND_MESSAGE", "[SL:RECIPIENT", "@ptr2", "SL:RECIPIENT]", "[SL:CONTENT_EXACT", "@ptr4", "@ptr5", "@ptr6", "@ptr7", "@ptr8", "@ptr9", "@ptr10", "SL:CONTENT_EXACT]", "IN:SEND_MESSAGE]"], "predicted_tokens": ["[IN:SEND_MESSAGE", "[SL:RECIPIENT", "@ptr2", "SL:RECIPIENT]", "[SL:CONTENT_EXACT", "@ptr4", "@ptr5", "@ptr6", "@ptr7", "@ptr8", "@ptr9", "@ptr10", "SL:CONTENT_EXACT]", "IN:SEND_MESSAGE]"]}
{"loss": 0.9750816822052002, "class_log_probabilities": [-1.077864646911621, -5.333415985107422, -6.282630443572998, -6.611294269561768], "predictions": [23, 10, 398, 11, 24, 399, 400, 401, 402, 403, 404, 405, 406, 407, 408, 409, 410, 411, 25, 26, 4], "target_tokens": ["[IN:SEND_MESSAGE", "[SL:RECIPIENT", "@ptr3", "SL:RECIPIENT]", "[SL:CONTENT_EXACT", "@ptr4", "@ptr5", "@ptr6", "@ptr7", "@ptr8", "@ptr9", "@ptr10", "@ptr11", "@ptr12", "@ptr13", "@ptr14", "@ptr15", "@ptr16", "SL:CONTENT_EXACT]", "IN:SEND_MESSAGE]"], "predicted_tokens": ["[IN:SEND_MESSAGE", "[SL:RECIPIENT", "@ptr3", "SL:RECIPIENT]", "[SL:CONTENT_EXACT", "@ptr4", "@ptr5", "@ptr6", "@ptr7", "@ptr8", "@ptr9", "@ptr10", "@ptr11", "@ptr12", "@ptr13", "@ptr14", "@ptr15", "@ptr16", "SL:CONTENT_EXACT]", "IN:SEND_MESSAGE]"]}
{"loss": 1.250908374786377, "class_log_probabilities": [-1.8304282426834106, -2.392839193344116, -6.360610008239746, -7.0660080909729], "predictions": [23, 10, 70, 71, 397, 72, 93, 398, 94, 73, 11, 24, 399, 400, 401, 402, 403, 404, 405, 406, 407, 25, 26, 4], "target_tokens": ["[IN:SEND_MESSAGE", "[SL:RECIPIENT", "[IN:GET_CONTACT", "[SL:TYPE_RELATION", "@ptr2", "SL:TYPE_RELATION]", "[SL:CONTACT", "@ptr3", "SL:CONTACT]", "IN:GET_CONTACT]", "SL:RECIPIENT]", "[SL:CONTENT_EXACT", "@ptr4", "@ptr5", "@ptr6", "@ptr7", "@ptr8", "@ptr9", "@ptr10", "@ptr11", "@ptr12", "SL:CONTENT_EXACT]", "IN:SEND_MESSAGE]"], "predicted_tokens": ["[IN:SEND_MESSAGE", "[SL:RECIPIENT", "[IN:GET_CONTACT", "[SL:TYPE_RELATION", "@ptr2", "SL:TYPE_RELATION]", "[SL:CONTACT_RELATED", "@ptr3", "SL:CONTACT_RELATED]", "IN:GET_CONTACT]", "SL:RECIPIENT]", "[SL:CONTENT_EXACT", "@ptr4", "@ptr5", "@ptr6", "@ptr7", "@ptr8", "@ptr9", "@ptr10", "@ptr11", "@ptr12", "SL:CONTENT_EXACT]", "IN:SEND_MESSAGE]"]}
{"loss": 1.0444928407669067, "class_log_probabilities": [-2.5538573265075684, -3.503542900085449, -4.9700727462768555, -6.2875895500183105], "predictions": [23, 10, 399, 11, 24, 402, 403, 404, 405, 406, 407, 408, 409, 410, 411, 412, 413, 414, 415, 416, 25, 26, 4, 4, 4, 4, 4, 4, 4, 4, 4, 4, 4, 4, 4, 4], "target_tokens": ["[IN:SEND_MESSAGE", "[SL:RECIPIENT", "@ptr4", "SL:RECIPIENT]", "[SL:CONTENT_EXACT", "@ptr7", "@ptr8", "@ptr9", "@ptr10", "@ptr11", "@ptr12", "@ptr13", "@ptr14", "@ptr15", "@ptr16", "@ptr17", "@ptr18", "@ptr19", "@ptr20", "@ptr21", "SL:CONTENT_EXACT]", "IN:SEND_MESSAGE]"], "predicted_tokens": ["[IN:SEND_MESSAGE", "[SL:RECIPIENT", "@ptr4", "SL:RECIPIENT]", "[SL:CONTENT_EXACT", "@ptr7", "@ptr8", "@ptr9", "@ptr10", "@ptr11", "@ptr12", "@ptr13", "@ptr14", "@ptr15", "@ptr16", "@ptr17", "@ptr18", "@ptr19", "@ptr20", "@ptr21", "SL:CONTENT_EXACT]", "IN:SEND_MESSAGE]"]}
{"loss": 0.9743711948394775, "class_log_probabilities": [-0.9923820495605469, -5.341222763061523, -6.5621795654296875, -7.2768874168396], "predictions": [23, 10, 70, 93, 397, 94, 71, 398, 72, 73, 11, 24, 400, 401, 402, 25, 26, 4], "target_tokens": ["[IN:SEND_MESSAGE", "[SL:RECIPIENT", "[IN:GET_CONTACT", "[SL:CONTACT_RELATED", "@ptr2", "SL:CONTACT_RELATED]", "[SL:TYPE_RELATION", "@ptr3", "SL:TYPE_RELATION]", "IN:GET_CONTACT]", "SL:RECIPIENT]", "[SL:CONTENT_EXACT", "@ptr5", "@ptr6", "@ptr7", "SL:CONTENT_EXACT]", "IN:SEND_MESSAGE]"], "predicted_tokens": ["[IN:SEND_MESSAGE", "[SL:RECIPIENT", "[IN:GET_CONTACT", "[SL:CONTACT_RELATED", "@ptr2", "SL:CONTACT_RELATED]", "[SL:TYPE_RELATION", "@ptr3", "SL:TYPE_RELATION]", "IN:GET_CONTACT]", "SL:RECIPIENT]", "[SL:CONTENT_EXACT", "@ptr5", "@ptr6", "@ptr7", "SL:CONTENT_EXACT]", "IN:SEND_MESSAGE]"]}
{"loss": 1.5632680654525757, "class_log_probabilities": [-0.8847590684890747, -6.081954002380371, -7.126344680786133, -7.525277614593506], "predictions": [107, 108, 397, 109, 110, 4, 4, 4, 4, 4, 4, 4], "target_tokens": ["[IN:SEND_MESSAGE", "[SL:RECIPIENT", "@ptr2", "SL:RECIPIENT]", "[SL:CONTENT_EXACT", "@ptr5", "@ptr6", "@ptr7", "@ptr8", "SL:CONTENT_EXACT]", "IN:SEND_MESSAGE]"], "predicted_tokens": ["[IN:UPDATE_CALL", "[SL:CONTACT_ADDED", "@ptr2", "SL:CONTACT_ADDED]", "IN:UPDATE_CALL]"]}
{"loss": 0.9676023125648499, "class_log_probabilities": [-0.91132652759552, -4.404211044311523, -5.461460590362549, -6.44670295715332], "predictions": [23, 24, 397, 398, 399, 400, 401, 402, 403, 404, 25, 26, 4], "target_tokens": ["[IN:SEND_MESSAGE", "[SL:CONTENT_EXACT", "@ptr2", "@ptr3", "@ptr4", "@ptr5", "@ptr6", "@ptr7", "@ptr8", "@ptr9", "SL:CONTENT_EXACT]", "IN:SEND_MESSAGE]"], "predicted_tokens": ["[IN:SEND_MESSAGE", "[SL:CONTENT_EXACT", "@ptr2", "@ptr3", "@ptr4", "@ptr5", "@ptr6", "@ptr7", "@ptr8", "@ptr9", "SL:CONTENT_EXACT]", "IN:SEND_MESSAGE]"]}
{"loss": 0.9787736535072327, "class_log_probabilities": [-0.7920268774032593, -4.855309963226318, -7.033368110656738, -7.610414981842041], "predictions": [23, 10, 399, 11, 24, 402, 403, 404, 405, 406, 407, 408, 409, 410, 25, 26, 4], "target_tokens": ["[IN:SEND_MESSAGE", "[SL:RECIPIENT", "@ptr4", "SL:RECIPIENT]", "[SL:CONTENT_EXACT", "@ptr7", "@ptr8", "@ptr9", "@ptr10", "@ptr11", "@ptr12", "@ptr13", "@ptr14", "@ptr15", "SL:CONTENT_EXACT]", "IN:SEND_MESSAGE]"], "predicted_tokens": ["[IN:SEND_MESSAGE", "[SL:RECIPIENT", "@ptr4", "SL:RECIPIENT]", "[SL:CONTENT_EXACT", "@ptr7", "@ptr8", "@ptr9", "@ptr10", "@ptr11", "@ptr12", "@ptr13", "@ptr14", "@ptr15", "SL:CONTENT_EXACT]", "IN:SEND_MESSAGE]"]}
{"loss": 1.0010703802108765, "class_log_probabilities": [-1.523611307144165, -3.229283332824707, -3.239158868789673, -5.467985153198242], "predictions": [23, 10, 397, 11, 24, 400, 401, 402, 403, 404, 405, 406, 407, 408, 409, 410, 411, 412, 413, 414, 415, 25, 26, 4, 4], "target_tokens": ["[IN:SEND_MESSAGE", "[SL:RECIPIENT", "@ptr2", "SL:RECIPIENT]", "[SL:CONTENT_EXACT", "@ptr5", "@ptr6", "@ptr7", "@ptr8", "@ptr9", "@ptr10", "@ptr11", "@ptr12", "@ptr13", "@ptr14", "@ptr15", "@ptr16", "@ptr17", "@ptr18", "@ptr19", "@ptr20", "SL:CONTENT_EXACT]", "IN:SEND_MESSAGE]"], "predicted_tokens": ["[IN:SEND_MESSAGE", "[SL:RECIPIENT", "@ptr2", "SL:RECIPIENT]", "[SL:CONTENT_EXACT", "@ptr5", "@ptr6", "@ptr7", "@ptr8", "@ptr9", "@ptr10", "@ptr11", "@ptr12", "@ptr13", "@ptr14", "@ptr15", "@ptr16", "@ptr17", "@ptr18", "@ptr19", "@ptr20", "SL:CONTENT_EXACT]", "IN:SEND_MESSAGE]"]}
{"loss": 1.3452585935592651, "class_log_probabilities": [-0.7455344796180725, -3.9454257488250732, -6.766643047332764, -7.118862152099609], "predictions": [23, 10, 399, 11, 24, 402, 403, 404, 405, 406, 407, 408, 409, 25, 26, 4, 4], "target_tokens": ["[IN:SEND_MESSAGE", "[SL:RECIPIENT", "@ptr4", "SL:RECIPIENT]", "[SL:CONTENT_EXACT", "@ptr8", "@ptr9", "@ptr10", "@ptr11", "@ptr12", "@ptr13", "@ptr14", "SL:CONTENT_EXACT]", "IN:SEND_MESSAGE]"], "predicted_tokens": ["[IN:SEND_MESSAGE", "[SL:RECIPIENT", "@ptr4", "SL:RECIPIENT]", "[SL:CONTENT_EXACT", "@ptr7", "@ptr8", "@ptr9", "@ptr10", "@ptr11", "@ptr12", "@ptr13", "@ptr14", "SL:CONTENT_EXACT]", "IN:SEND_MESSAGE]"]}
{"loss": 1.5077180862426758, "class_log_probabilities": [-0.9057669639587402, -3.978189706802368, -4.4712700843811035, -6.032249927520752], "predictions": [23, 10, 399, 400, 11, 24, 403, 404, 405, 406, 407, 408, 409, 410, 25, 26, 4], "target_tokens": ["[IN:SEND_MESSAGE", "[SL:RECIPIENT", "@ptr4", "@ptr5", "SL:RECIPIENT]", "[SL:CONTENT_EXACT", "@ptr7", "@ptr8", "@ptr9", "@ptr10", "@ptr11", "@ptr12", "@ptr13", "@ptr14", "SL:CONTENT_EXACT]", "IN:SEND_MESSAGE]"], "predicted_tokens": ["[IN:SEND_MESSAGE", "[SL:RECIPIENT", "@ptr4", "@ptr5", "SL:RECIPIENT]", "[SL:CONTENT_EXACT", "@ptr8", "@ptr9", "@ptr10", "@ptr11", "@ptr12", "@ptr13", "@ptr14", "@ptr15", "SL:CONTENT_EXACT]", "IN:SEND_MESSAGE]"]}
{"loss": 1.420759916305542, "class_log_probabilities": [-0.8445965051651001, -6.4373908042907715, -8.30284595489502, -8.510376930236816], "predictions": [23, 10, 397, 11, 24, 399, 400, 401, 402, 403, 404, 405, 406, 407, 408, 409, 25, 26, 4, 4, 4, 4, 4], "target_tokens": ["[IN:SEND_MESSAGE", "[SL:RECIPIENT", "@ptr2", "SL:RECIPIENT]", "[SL:CONTENT_EXACT", "@ptr5", "@ptr6", "@ptr7", "@ptr8", "@ptr9", "@ptr10", "@ptr11", "@ptr12", "@ptr13", "@ptr14", "SL:CONTENT_EXACT]", "IN:SEND_MESSAGE]"], "predicted_tokens": ["[IN:SEND_MESSAGE", "[SL:RECIPIENT", "@ptr2", "SL:RECIPIENT]", "[SL:CONTENT_EXACT", "@ptr4", "@ptr5", "@ptr6", "@ptr7", "@ptr8", "@ptr9", "@ptr10", "@ptr11", "@ptr12", "@ptr13", "@ptr14", "SL:CONTENT_EXACT]", "IN:SEND_MESSAGE]"]}
{"loss": 1.3207329511642456, "class_log_probabilities": [-1.1787927150726318, -3.6004674434661865, -5.541302680969238, -6.191941261291504], "predictions": [23, 10, 397, 11, 24, 399, 400, 401, 402, 403, 404, 405, 406, 407, 408, 409, 410, 411, 412, 413, 414, 25, 26, 4], "target_tokens": ["[IN:SEND_MESSAGE", "[SL:RECIPIENT", "@ptr2", "SL:RECIPIENT]", "[SL:CONTENT_EXACT", "@ptr5", "@ptr6", "@ptr7", "@ptr8", "@ptr9", "@ptr10", "@ptr11", "@ptr12", "@ptr13", "@ptr14", "@ptr15", "@ptr16", "@ptr17", "@ptr18", "@ptr19", "SL:CONTENT_EXACT]", "IN:SEND_MESSAGE]"], "predicted_tokens": ["[IN:SEND_MESSAGE", "[SL:RECIPIENT", "@ptr2", "SL:RECIPIENT]", "[SL:CONTENT_EXACT", "@ptr4", "@ptr5", "@ptr6", "@ptr7", "@ptr8", "@ptr9", "@ptr10", "@ptr11", "@ptr12", "@ptr13", "@ptr14", "@ptr15", "@ptr16", "@ptr17", "@ptr18", "@ptr19", "SL:CONTENT_EXACT]", "IN:SEND_MESSAGE]"]}
{"loss": 1.6023973226547241, "class_log_probabilities": [-1.1370371580123901, -4.649184703826904, -5.201566696166992, -5.867557048797607], "predictions": [23, 10, 398, 399, 400, 401, 402, 403, 404, 405, 406, 407, 408, 409, 410, 25, 26, 4, 4, 4], "target_tokens": ["[IN:SEND_MESSAGE", "[SL:RECIPIENT", "@ptr3", "@ptr4", "SL:RECIPIENT]", "[SL:CONTENT_EXACT", "@ptr7", "@ptr8", "@ptr9", "@ptr10", "@ptr11", "@ptr12", "@ptr13", "@ptr14", "@ptr15", "SL:CONTENT_EXACT]", "IN:SEND_MESSAGE]"], "predicted_tokens": ["[IN:SEND_MESSAGE", "[SL:RECIPIENT", "@ptr3", "@ptr4", "@ptr5", "@ptr6", "@ptr7", "@ptr8", "@ptr9", "@ptr10", "@ptr11", "@ptr12", "@ptr13", "@ptr14", "@ptr15", "SL:CONTENT_EXACT]", "IN:SEND_MESSAGE]"]}
{"loss": 0.9940773844718933, "class_log_probabilities": [-0.8457819223403931, -3.9977357387542725, -5.570767879486084, -5.701171398162842], "predictions": [23, 10, 399, 11, 24, 403, 404, 405, 406, 407, 408, 409, 410, 411, 412, 25, 26, 4, 4], "target_tokens": ["[IN:SEND_MESSAGE", "[SL:RECIPIENT", "@ptr4", "SL:RECIPIENT]", "[SL:CONTENT_EXACT", "@ptr8", "@ptr9", "@ptr10", "@ptr11", "@ptr12", "@ptr13", "@ptr14", "@ptr15", "@ptr16", "@ptr17", "SL:CONTENT_EXACT]", "IN:SEND_MESSAGE]"], "predicted_tokens": ["[IN:SEND_MESSAGE", "[SL:RECIPIENT", "@ptr4", "SL:RECIPIENT]", "[SL:CONTENT_EXACT", "@ptr8", "@ptr9", "@ptr10", "@ptr11", "@ptr12", "@ptr13", "@ptr14", "@ptr15", "@ptr16", "@ptr17", "SL:CONTENT_EXACT]", "IN:SEND_MESSAGE]"]}
{"loss": 0.9930868744850159, "class_log_probabilities": [-0.919389545917511, -4.022599697113037, -5.393856525421143, -5.52459192276001], "predictions": [23, 10, 399, 11, 24, 403, 404, 405, 406, 407, 408, 409, 410, 411, 412, 413, 414, 415, 25, 26, 4, 4], "target_tokens": ["[IN:SEND_MESSAGE", "[SL:RECIPIENT", "@ptr4", "SL:RECIPIENT]", "[SL:CONTENT_EXACT", "@ptr8", "@ptr9", "@ptr10", "@ptr11", "@ptr12", "@ptr13", "@ptr14", "@ptr15", "@ptr16", "@ptr17", "@ptr18", "@ptr19", "@ptr20", "SL:CONTENT_EXACT]", "IN:SEND_MESSAGE]"], "predicted_tokens": ["[IN:SEND_MESSAGE", "[SL:RECIPIENT", "@ptr4", "SL:RECIPIENT]", "[SL:CONTENT_EXACT", "@ptr8", "@ptr9", "@ptr10", "@ptr11", "@ptr12", "@ptr13", "@ptr14", "@ptr15", "@ptr16", "@ptr17", "@ptr18", "@ptr19", "@ptr20", "SL:CONTENT_EXACT]", "IN:SEND_MESSAGE]"]}
{"loss": 1.343558430671692, "class_log_probabilities": [-1.1028200387954712, -3.8988218307495117, -4.656861305236816, -6.1877031326293945], "predictions": [23, 10, 397, 11, 24, 399, 400, 401, 402, 403, 404, 405, 406, 407, 408, 409, 410, 411, 412, 25, 26, 4, 4], "target_tokens": ["[IN:SEND_MESSAGE", "[SL:RECIPIENT", "@ptr2", "SL:RECIPIENT]", "[SL:CONTENT_EXACT", "@ptr5", "@ptr6", "@ptr7", "@ptr8", "@ptr9", "@ptr10", "@ptr11", "@ptr12", "@ptr13", "@ptr14", "@ptr15", "@ptr16", "@ptr17", "SL:CONTENT_EXACT]", "IN:SEND_MESSAGE]"], "predicted_tokens": ["[IN:SEND_MESSAGE", "[SL:RECIPIENT", "@ptr2", "SL:RECIPIENT]", "[SL:CONTENT_EXACT", "@ptr4", "@ptr5", "@ptr6", "@ptr7", "@ptr8", "@ptr9", "@ptr10", "@ptr11", "@ptr12", "@ptr13", "@ptr14", "@ptr15", "@ptr16", "@ptr17", "SL:CONTENT_EXACT]", "IN:SEND_MESSAGE]"]}
{"loss": 0.9658717513084412, "class_log_probabilities": [-0.9350182414054871, -5.2904863357543945, -6.62617826461792, -6.980226039886475], "predictions": [23, 10, 398, 11, 24, 399, 400, 401, 402, 403, 404, 405, 25, 26, 4, 4], "target_tokens": ["[IN:SEND_MESSAGE", "[SL:RECIPIENT", "@ptr3", "SL:RECIPIENT]", "[SL:CONTENT_EXACT", "@ptr4", "@ptr5", "@ptr6", "@ptr7", "@ptr8", "@ptr9", "@ptr10", "SL:CONTENT_EXACT]", "IN:SEND_MESSAGE]"], "predicted_tokens": ["[IN:SEND_MESSAGE", "[SL:RECIPIENT", "@ptr3", "SL:RECIPIENT]", "[SL:CONTENT_EXACT", "@ptr4", "@ptr5", "@ptr6", "@ptr7", "@ptr8", "@ptr9", "@ptr10", "SL:CONTENT_EXACT]", "IN:SEND_MESSAGE]"]}
{"loss": 0.9721059203147888, "class_log_probabilities": [-0.5364072918891907, -7.472414970397949, -7.740351676940918, -7.749743461608887], "predictions": [23, 10, 400, 11, 24, 403, 404, 405, 25, 26, 4], "target_tokens": ["[IN:SEND_MESSAGE", "[SL:RECIPIENT", "@ptr5", "SL:RECIPIENT]", "[SL:CONTENT_EXACT", "@ptr8", "@ptr9", "@ptr10", "SL:CONTENT_EXACT]", "IN:SEND_MESSAGE]"], "predicted_tokens": ["[IN:SEND_MESSAGE", "[SL:RECIPIENT", "@ptr5", "SL:RECIPIENT]", "[SL:CONTENT_EXACT", "@ptr8", "@ptr9", "@ptr10", "SL:CONTENT_EXACT]", "IN:SEND_MESSAGE]"]}
{"loss": 1.5075536966323853, "class_log_probabilities": [-0.7057749032974243, -3.9143288135528564, -5.963903427124023, -6.287365913391113], "predictions": [23, 10, 399, 11, 24, 403, 404, 405, 406, 407, 408, 25, 26, 4, 4], "target_tokens": ["[IN:SEND_MESSAGE", "[SL:RECIPIENT", "@ptr4", "SL:RECIPIENT]", "[SL:CONTENT_EXACT", "@ptr7", "@ptr8", "@ptr9", "@ptr10", "@ptr11", "@ptr12", "SL:CONTENT_EXACT]", "IN:SEND_MESSAGE]"], "predicted_tokens": ["[IN:SEND_MESSAGE", "[SL:RECIPIENT", "@ptr4", "SL:RECIPIENT]", "[SL:CONTENT_EXACT", "@ptr8", "@ptr9", "@ptr10", "@ptr11", "@ptr12", "@ptr13", "SL:CONTENT_EXACT]", "IN:SEND_MESSAGE]"]}
{"loss": 1.3870775699615479, "class_log_probabilities": [-0.7529649138450623, -7.146125316619873, -7.52421236038208, -7.720778465270996], "predictions": [23, 10, 70, 71, 399, 72, 73, 11, 24, 403, 404, 405, 25, 26, 4], "target_tokens": ["[IN:SEND_MESSAGE", "[SL:RECIPIENT", "[IN:GET_CONTACT", "[SL:TYPE_RELATION", "@ptr4", "SL:TYPE_RELATION]", "IN:GET_CONTACT]", "SL:RECIPIENT]", "[SL:CONTENT_EXACT", "@ptr8", "@ptr9", "SL:CONTENT_EXACT]", "IN:SEND_MESSAGE]"], "predicted_tokens": ["[IN:SEND_MESSAGE", "[SL:RECIPIENT", "[IN:GET_CONTACT", "[SL:TYPE_RELATION", "@ptr4", "SL:TYPE_RELATION]", "IN:GET_CONTACT]", "SL:RECIPIENT]", "[SL:CONTENT_EXACT", "@ptr8", "@ptr9", "@ptr10", "SL:CONTENT_EXACT]", "IN:SEND_MESSAGE]"]}
{"loss": 0.9834324717521667, "class_log_probabilities": [-0.5335716009140015, -7.960581302642822, -7.987650394439697, -8.025975227355957], "predictions": [23, 10, 401, 11, 24, 404, 405, 406, 407, 408, 25, 26, 4], "target_tokens": ["[IN:SEND_MESSAGE", "[SL:RECIPIENT", "@ptr6", "SL:RECIPIENT]", "[SL:CONTENT_EXACT", "@ptr9", "@ptr10", "@ptr11", "@ptr12", "@ptr13", "SL:CONTENT_EXACT]", "IN:SEND_MESSAGE]"], "predicted_tokens": ["[IN:SEND_MESSAGE", "[SL:RECIPIENT", "@ptr6", "SL:RECIPIENT]", "[SL:CONTENT_EXACT", "@ptr9", "@ptr10", "@ptr11", "@ptr12", "@ptr13", "SL:CONTENT_EXACT]", "IN:SEND_MESSAGE]"]}
{"loss": 1.225297212600708, "class_log_probabilities": [-1.1043938398361206, -5.692480564117432, -6.6677632331848145, -6.879296779632568], "predictions": [23, 10, 70, 93, 397, 94, 71, 398, 72, 73, 11, 24, 400, 401, 402, 403, 25, 26, 4], "target_tokens": ["[IN:SEND_MESSAGE", "[SL:RECIPIENT", "[IN:GET_CONTACT", "[SL:TYPE_RELATION", "@ptr3", "SL:TYPE_RELATION]", "IN:GET_CONTACT]", "SL:RECIPIENT]", "[SL:CONTENT_EXACT", "@ptr5", "@ptr6", "@ptr7", "@ptr8", "SL:CONTENT_EXACT]", "IN:SEND_MESSAGE]"], "predicted_tokens": ["[IN:SEND_MESSAGE", "[SL:RECIPIENT", "[IN:GET_CONTACT", "[SL:CONTACT_RELATED", "@ptr2", "SL:CONTACT_RELATED]", "[SL:TYPE_RELATION", "@ptr3", "SL:TYPE_RELATION]", "IN:GET_CONTACT]", "SL:RECIPIENT]", "[SL:CONTENT_EXACT", "@ptr5", "@ptr6", "@ptr7", "@ptr8", "SL:CONTENT_EXACT]", "IN:SEND_MESSAGE]"]}
{"loss": 1.9846066236495972, "class_log_probabilities": [-0.6880331635475159, -7.970111846923828, -8.075111389160156, -8.085576057434082], "predictions": [23, 10, 397, 11, 24, 399, 400, 401, 402, 403, 404, 25, 26, 4], "target_tokens": ["[IN:SEND_MESSAGE", "[SL:RECIPIENT", "@ptr1", "@ptr2", "SL:RECIPIENT]", "[SL:CONTENT_EXACT", "@ptr4", "@ptr5", "@ptr6", "@ptr7", "@ptr8", "@ptr9", "SL:CONTENT_EXACT]", "IN:SEND_MESSAGE]"], "predicted_tokens": ["[IN:SEND_MESSAGE", "[SL:RECIPIENT", "@ptr2", "SL:RECIPIENT]", "[SL:CONTENT_EXACT", "@ptr4", "@ptr5", "@ptr6", "@ptr7", "@ptr8", "@ptr9", "SL:CONTENT_EXACT]", "IN:SEND_MESSAGE]"]}
{"loss": 1.046631097793579, "class_log_probabilities": [-1.8191766738891602, -1.8479880094528198, -2.9341959953308105, -3.2635421752929688], "predictions": [5, 59, 401, 60, 16, 402, 403, 404, 17, 12, 4], "target_tokens": ["[IN:GET_MESSAGE", "[SL:SENDER", "@ptr6", "SL:SENDER]", "[SL:DATE_TIME", "@ptr7", "@ptr8", "@ptr9", "SL:DATE_TIME]", "IN:GET_MESSAGE]"], "predicted_tokens": ["[IN:GET_MESSAGE", "[SL:SENDER", "@ptr6", "SL:SENDER]", "[SL:DATE_TIME", "@ptr7", "@ptr8", "@ptr9", "SL:DATE_TIME]", "IN:GET_MESSAGE]"]}
{"loss": 1.0068825483322144, "class_log_probabilities": [-1.007649302482605, -2.3369829654693604, -5.424832344055176, -5.722346782684326], "predictions": [23, 10, 399, 11, 24, 403, 404, 405, 406, 407, 408, 409, 410, 411, 412, 25, 26, 4, 4], "target_tokens": ["[IN:SEND_MESSAGE", "[SL:RECIPIENT", "@ptr4", "SL:RECIPIENT]", "[SL:CONTENT_EXACT", "@ptr8", "@ptr9", "@ptr10", "@ptr11", "@ptr12", "@ptr13", "@ptr14", "@ptr15", "@ptr16", "@ptr17", "SL:CONTENT_EXACT]", "IN:SEND_MESSAGE]"], "predicted_tokens": ["[IN:SEND_MESSAGE", "[SL:RECIPIENT", "@ptr4", "SL:RECIPIENT]", "[SL:CONTENT_EXACT", "@ptr8", "@ptr9", "@ptr10", "@ptr11", "@ptr12", "@ptr13", "@ptr14", "@ptr15", "@ptr16", "@ptr17", "SL:CONTENT_EXACT]", "IN:SEND_MESSAGE]"]}
{"loss": 1.0268399715423584, "class_log_probabilities": [-1.6365050077438354, -1.96387779712677, -5.309720516204834, -5.481637477874756], "predictions": [23, 10, 70, 93, 401, 94, 71, 402, 72, 73, 11, 24, 405, 406, 407, 408, 25, 26, 4], "target_tokens": ["[IN:SEND_MESSAGE", "[SL:RECIPIENT", "[IN:GET_CONTACT", "[SL:CONTACT_RELATED", "@ptr6", "SL:CONTACT_RELATED]", "[SL:TYPE_RELATION", "@ptr7", "SL:TYPE_RELATION]", "IN:GET_CONTACT]", "SL:RECIPIENT]", "[SL:CONTENT_EXACT", "@ptr11", "@ptr12", "@ptr13", "SL:CONTENT_EXACT]", "IN:SEND_MESSAGE]"], "predicted_tokens": ["[IN:SEND_MESSAGE", "[SL:RECIPIENT", "[IN:GET_CONTACT", "[SL:CONTACT_RELATED", "@ptr6", "SL:CONTACT_RELATED]", "[SL:TYPE_RELATION", "@ptr7", "SL:TYPE_RELATION]", "IN:GET_CONTACT]", "SL:RECIPIENT]", "[SL:CONTENT_EXACT", "@ptr10", "@ptr11", "@ptr12", "@ptr13", "SL:CONTENT_EXACT]", "IN:SEND_MESSAGE]"]}
{"loss": 0.9748677611351013, "class_log_probabilities": [-0.6821924448013306, -4.645442008972168, -7.936263084411621, -9.511404991149902], "predictions": [23, 10, 70, 93, 399, 94, 71, 400, 72, 73, 11, 26, 4, 4, 4], "target_tokens": ["[IN:SEND_MESSAGE", "[SL:RECIPIENT", "[IN:GET_CONTACT", "[SL:CONTACT_RELATED", "@ptr4", "SL:CONTACT_RELATED]", "[SL:TYPE_RELATION", "@ptr5", "SL:TYPE_RELATION]", "IN:GET_CONTACT]", "SL:RECIPIENT]", "IN:SEND_MESSAGE]"], "predicted_tokens": ["[IN:SEND_MESSAGE", "[SL:RECIPIENT", "[IN:GET_CONTACT", "[SL:CONTACT_RELATED", "@ptr4", "SL:CONTACT_RELATED]", "[SL:TYPE_RELATION", "@ptr5", "SL:TYPE_RELATION]", "IN:GET_CONTACT]", "SL:RECIPIENT]", "IN:SEND_MESSAGE]"]}
{"loss": 1.0279451608657837, "class_log_probabilities": [-1.4210662841796875, -1.7717403173446655, -6.869699001312256, -7.261940956115723], "predictions": [23, 10, 70, 71, 398, 72, 73, 11, 24, 401, 402, 403, 404, 405, 25, 26, 4], "target_tokens": ["[IN:SEND_MESSAGE", "[SL:RECIPIENT", "[IN:GET_CONTACT", "[SL:TYPE_RELATION", "@ptr3", "SL:TYPE_RELATION]", "IN:GET_CONTACT]", "SL:RECIPIENT]", "[SL:CONTENT_EXACT", "@ptr6", "@ptr7", "@ptr8", "@ptr9", "SL:CONTENT_EXACT]", "IN:SEND_MESSAGE]"], "predicted_tokens": ["[IN:SEND_MESSAGE", "[SL:RECIPIENT", "[IN:GET_CONTACT", "[SL:TYPE_RELATION", "@ptr3", "SL:TYPE_RELATION]", "IN:GET_CONTACT]", "SL:RECIPIENT]", "[SL:CONTENT_EXACT", "@ptr6", "@ptr7", "@ptr8", "@ptr9", "@ptr10", "SL:CONTENT_EXACT]", "IN:SEND_MESSAGE]"]}
{"loss": 0.9697157144546509, "class_log_probabilities": [-0.5171620845794678, -7.054830074310303, -7.569650173187256, -7.624346733093262], "predictions": [5, 16, 401, 402, 403, 404, 405, 17, 12, 4, 4], "target_tokens": ["[IN:GET_MESSAGE", "[SL:DATE_TIME", "@ptr6", "@ptr7", "@ptr8", "@ptr9", "@ptr10", "SL:DATE_TIME]", "IN:GET_MESSAGE]"], "predicted_tokens": ["[IN:GET_MESSAGE", "[SL:DATE_TIME", "@ptr6", "@ptr7", "@ptr8", "@ptr9", "@ptr10", "SL:DATE_TIME]", "IN:GET_MESSAGE]"]}
{"loss": 0.9701114892959595, "class_log_probabilities": [-0.7907748222351074, -8.0222806930542, -8.349020957946777, -8.45316219329834], "predictions": [23, 10, 397, 11, 24, 399, 400, 401, 402, 403, 404, 405, 406, 25, 26, 4, 4, 4, 4, 4], "target_tokens": ["[IN:SEND_MESSAGE", "[SL:RECIPIENT", "@ptr2", "SL:RECIPIENT]", "[SL:CONTENT_EXACT", "@ptr4", "@ptr5", "@ptr6", "@ptr7", "@ptr8", "@ptr9", "@ptr10", "@ptr11", "SL:CONTENT_EXACT]", "IN:SEND_MESSAGE]"], "predicted_tokens": ["[IN:SEND_MESSAGE", "[SL:RECIPIENT", "@ptr2", "SL:RECIPIENT]", "[SL:CONTENT_EXACT", "@ptr4", "@ptr5", "@ptr6", "@ptr7", "@ptr8", "@ptr9", "@ptr10", "@ptr11", "SL:CONTENT_EXACT]", "IN:SEND_MESSAGE]"]}
{"loss": 0.9944154620170593, "class_log_probabilities": [-0.9033710360527039, -3.8253297805786133, -6.8612775802612305, -7.480339050292969], "predictions": [23, 10, 399, 400, 11, 24, 404, 405, 406, 407, 408, 409, 25, 26, 4, 4], "target_tokens": ["[IN:SEND_MESSAGE", "[SL:RECIPIENT", "@ptr4", "@ptr5", "SL:RECIPIENT]", "[SL:CONTENT_EXACT", "@ptr9", "@ptr10", "@ptr11", "@ptr12", "@ptr13", "@ptr14", "SL:CONTENT_EXACT]", "IN:SEND_MESSAGE]"], "predicted_tokens": ["[IN:SEND_MESSAGE", "[SL:RECIPIENT", "@ptr4", "@ptr5", "SL:RECIPIENT]", "[SL:CONTENT_EXACT", "@ptr9", "@ptr10", "@ptr11", "@ptr12", "@ptr13", "@ptr14", "SL:CONTENT_EXACT]", "IN:SEND_MESSAGE]"]}
{"loss": 1.3703267574310303, "class_log_probabilities": [-0.8457603454589844, -5.578665733337402, -6.17453145980835, -6.267508029937744], "predictions": [23, 10, 70, 93, 401, 94, 71, 402, 72, 73, 11, 24, 406, 407, 408, 25, 26, 4], "target_tokens": ["[IN:SEND_MESSAGE", "[SL:RECIPIENT", "[IN:GET_CONTACT", "[SL:CONTACT_RELATED", "@ptr6", "SL:CONTACT_RELATED]", "[SL:TYPE_RELATION", "@ptr7", "SL:TYPE_RELATION]", "IN:GET_CONTACT]", "SL:RECIPIENT]", "[SL:CONTENT_EXACT", "@ptr11", "@ptr12", "SL:CONTENT_EXACT]", "IN:SEND_MESSAGE]"], "predicted_tokens": ["[IN:SEND_MESSAGE", "[SL:RECIPIENT", "[IN:GET_CONTACT", "[SL:CONTACT_RELATED", "@ptr6", "SL:CONTACT_RELATED]", "[SL:TYPE_RELATION", "@ptr7", "SL:TYPE_RELATION]", "IN:GET_CONTACT]", "SL:RECIPIENT]", "[SL:CONTENT_EXACT", "@ptr11", "@ptr12", "@ptr13", "SL:CONTENT_EXACT]", "IN:SEND_MESSAGE]"]}
{"loss": 1.5249160528182983, "class_log_probabilities": [-0.5987522602081299, -7.375132083892822, -7.633554458618164, -7.65648078918457], "predictions": [23, 10, 399, 11, 24, 402, 403, 404, 405, 25, 26, 4, 4], "target_tokens": ["[IN:SEND_MESSAGE", "[SL:RECIPIENT", "@ptr4", "SL:RECIPIENT]", "[SL:CONTENT_EXACT", "@ptr8", "@ptr9", "@ptr10", "SL:CONTENT_EXACT]", "IN:SEND_MESSAGE]"], "predicted_tokens": ["[IN:SEND_MESSAGE", "[SL:RECIPIENT", "@ptr4", "SL:RECIPIENT]", "[SL:CONTENT_EXACT", "@ptr7", "@ptr8", "@ptr9", "@ptr10", "SL:CONTENT_EXACT]", "IN:SEND_MESSAGE]"]}
{"loss": 0.9785965085029602, "class_log_probabilities": [-0.5982711315155029, -6.159611225128174, -6.7154154777526855, -7.322031021118164], "predictions": [5, 59, 396, 60, 10, 397, 11, 16, 402, 17, 12, 4], "target_tokens": ["[IN:GET_MESSAGE", "[SL:SENDER", "@ptr1", "SL:SENDER]", "[SL:RECIPIENT", "@ptr2", "SL:RECIPIENT]", "[SL:DATE_TIME", "@ptr7", "SL:DATE_TIME]", "IN:GET_MESSAGE]"], "predicted_tokens": ["[IN:GET_MESSAGE", "[SL:SENDER", "@ptr1", "SL:SENDER]", "[SL:RECIPIENT", "@ptr2", "SL:RECIPIENT]", "[SL:DATE_TIME", "@ptr7", "SL:DATE_TIME]", "IN:GET_MESSAGE]"]}
{"loss": 1.5117441415786743, "class_log_probabilities": [-0.7349705696105957, -2.91745924949646, -7.717116832733154, -8.12116527557373], "predictions": [23, 10, 397, 11, 24, 400, 401, 402, 403, 404, 25, 26, 4, 4], "target_tokens": ["[IN:SEND_MESSAGE", "[SL:RECIPIENT", "@ptr2", "SL:RECIPIENT]", "[SL:CONTENT_EXACT", "@ptr4", "@ptr5", "@ptr6", "@ptr7", "@ptr8", "@ptr9", "SL:CONTENT_EXACT]", "IN:SEND_MESSAGE]"], "predicted_tokens": ["[IN:SEND_MESSAGE", "[SL:RECIPIENT", "@ptr2", "SL:RECIPIENT]", "[SL:CONTENT_EXACT", "@ptr5", "@ptr6", "@ptr7", "@ptr8", "@ptr9", "SL:CONTENT_EXACT]", "IN:SEND_MESSAGE]"]}
{"loss": 2.4073100090026855, "class_log_probabilities": [-0.5428885221481323, -4.502236843109131, -5.170713901519775, -5.827025890350342], "predictions": [5, 16, 401, 402, 17, 12, 4], "target_tokens": ["[IN:GET_MESSAGE", "[SL:SENDER", "@ptr1", "SL:SENDER]", "[SL:DATE_TIME", "@ptr6", "@ptr7", "SL:DATE_TIME]", "IN:GET_MESSAGE]"], "predicted_tokens": ["[IN:GET_MESSAGE", "[SL:DATE_TIME", "@ptr6", "@ptr7", "SL:DATE_TIME]", "IN:GET_MESSAGE]"]}
{"loss": 0.9721675515174866, "class_log_probabilities": [-0.5252347588539124, -7.7443742752075195, -7.972393989562988, -7.982565402984619], "predictions": [23, 10, 399, 11, 24, 401, 402, 403, 25, 26, 4, 4], "target_tokens": ["[IN:SEND_MESSAGE", "[SL:RECIPIENT", "@ptr4", "SL:RECIPIENT]", "[SL:CONTENT_EXACT", "@ptr6", "@ptr7", "@ptr8", "SL:CONTENT_EXACT]", "IN:SEND_MESSAGE]"], "predicted_tokens": ["[IN:SEND_MESSAGE", "[SL:RECIPIENT", "@ptr4", "SL:RECIPIENT]", "[SL:CONTENT_EXACT", "@ptr6", "@ptr7", "@ptr8", "SL:CONTENT_EXACT]", "IN:SEND_MESSAGE]"]}
